0.3578	0.6415	0.0000	0.0000	0.0007	0.0000
1.0000	0.0000	0.0000	0.0000	0.0000	0.0000
0.0341	0.9629	0.0000	0.0000	0.0030	0.0000
0.0001	0.1782	0.0000	0.0000	0.8217	0.0000
0.9947	0.0053	0.0000	0.0000	0.0000	0.0000
0.2245	0.7751	0.0000	0.0000	0.0004	0.0000
0.9992	0.0000	0.0000	0.0000	0.0008	0.0000
0.9994	0.0005	0.0000	0.0000	0.0001	0.0000
0.8507	0.1492	0.0000	0.0000	0.0000	0.0000
0.0002	0.9998	0.0000	0.0000	0.0000	0.0000
0.0006	0.0000	0.0000	0.9993	0.0000	0.0000
0.0000	0.0000	1.0000	0.0000	0.0000	0.0000
0.0000	0.0000	1.0000	0.0000	0.0000	0.0000
0.0000	0.0000	0.1315	0.8685	0.0000	0.0000
0.7765	0.0000	0.0000	0.2234	0.0001	0.0000
0.0000	0.0000	0.0000	1.0000	0.0000	0.0000
0.0003	0.0000	0.0000	0.9997	0.0000	0.0000
0.0000	0.0000	1.0000	0.0000	0.0000	0.0000
0.0000	0.0000	1.0000	0.0000	0.0000	0.0000
0.0000	0.0000	1.0000	0.0000	0.0000	0.0000
0.0000	0.0000	1.0000	0.0000	0.0000	0.0000
0.0000	0.0000	0.3383	0.6617	0.0000	0.0000
0.0000	0.0005	0.0000	0.0000	0.9994	0.0000
0.0000	0.0000	0.0000	0.0000	0.0000	1.0000
0.0137	0.0000	0.0000	0.0000	0.9863	0.0000
0.0000	0.0015	0.0000	0.0000	0.9830	0.0155
0.0000	0.0000	0.0000	0.0000	0.0000	1.0000
0.0000	0.0000	0.0000	0.0001	0.9815	0.0184
0.0001	0.0000	0.0000	0.0000	0.9999	0.0000
0.0000	0.0000	0.0000	0.0001	0.9971	0.0028
0.0000	0.0000	0.0000	0.0000	0.9990	0.0010
0.0000	0.0000	0.0000	0.0000	0.0000	1.0000
0.0004	0.9569	0.0000	0.0000	0.0427	0.0000
