0.6411	0.3580	0.0000	0.0000	0.0008	0.0000
1.0000	0.0000	0.0000	0.0000	0.0000	0.0000
0.0498	0.9431	0.0000	0.0000	0.0071	0.0000
0.0002	0.0094	0.0000	0.0000	0.9904	0.0000
0.9750	0.0250	0.0000	0.0000	0.0000	0.0000
0.6462	0.3528	0.0000	0.0000	0.0010	0.0000
0.9997	0.0000	0.0000	0.0000	0.0003	0.0000
0.9999	0.0000	0.0000	0.0000	0.0000	0.0000
0.4526	0.5474	0.0000	0.0000	0.0000	0.0000
0.0003	0.9996	0.0000	0.0000	0.0000	0.0000
0.0000	0.0000	0.0000	1.0000	0.0000	0.0000
0.0000	0.0000	1.0000	0.0000	0.0000	0.0000
0.0000	0.0000	1.0000	0.0000	0.0000	0.0000
0.0000	0.0000	0.1943	0.8057	0.0000	0.0000
0.6539	0.0000	0.0000	0.3461	0.0000	0.0000
0.0000	0.0000	0.0000	0.9978	0.0000	0.0022
0.0021	0.0000	0.0000	0.9979	0.0000	0.0000
0.0000	0.0000	1.0000	0.0000	0.0000	0.0000
0.0000	0.0000	1.0000	0.0000	0.0000	0.0000
0.0000	0.0000	1.0000	0.0000	0.0000	0.0000
0.0000	0.0000	1.0000	0.0000	0.0000	0.0000
0.0000	0.0000	0.9683	0.0317	0.0000	0.0000
0.0000	0.0000	0.0000	0.0000	0.9999	0.0001
0.0000	0.0000	0.0000	0.0000	0.0000	1.0000
0.0009	0.0000	0.0000	0.0000	0.9991	0.0000
0.0000	0.0002	0.0000	0.0000	0.9998	0.0001
0.0000	0.0000	0.0000	0.0000	0.0000	1.0000
0.0000	0.0000	0.0000	0.0004	0.3072	0.6924
0.0000	0.0000	0.0000	0.0000	1.0000	0.0000
0.0000	0.0000	0.0000	0.0004	0.9028	0.0968
0.0000	0.0000	0.0000	0.0000	0.9974	0.0026
0.0000	0.0000	0.0000	0.0000	0.0000	1.0000
0.0009	0.7394	0.0000	0.0000	0.2597	0.0000
