0.2227	0.7772	0.0000	0.0000	0.0001	0.0000
1.0000	0.0000	0.0000	0.0000	0.0000	0.0000
0.6093	0.3757	0.0000	0.0000	0.0149	0.0000
0.0038	0.0663	0.0000	0.0000	0.9299	0.0000
0.9945	0.0054	0.0000	0.0000	0.0001	0.0000
0.8056	0.1938	0.0000	0.0000	0.0006	0.0000
0.9952	0.0000	0.0000	0.0000	0.0048	0.0000
0.9986	0.0012	0.0000	0.0000	0.0002	0.0000
0.9324	0.0676	0.0000	0.0000	0.0000	0.0000
0.0011	0.9989	0.0000	0.0000	0.0000	0.0000
0.0019	0.0000	0.0000	0.9980	0.0000	0.0000
0.0000	0.0000	1.0000	0.0000	0.0000	0.0000
0.0000	0.0000	1.0000	0.0000	0.0000	0.0000
0.0000	0.0000	0.0122	0.9878	0.0000	0.0000
0.0402	0.0000	0.0040	0.9557	0.0000	0.0000
0.0000	0.0000	0.0000	0.9998	0.0000	0.0001
0.0000	0.0000	0.0001	0.9999	0.0000	0.0000
0.0000	0.0000	0.9999	0.0001	0.0000	0.0000
0.0000	0.0000	1.0000	0.0000	0.0000	0.0000
0.0000	0.0000	1.0000	0.0000	0.0000	0.0000
0.0000	0.0000	1.0000	0.0000	0.0000	0.0000
0.0000	0.0000	0.2899	0.7101	0.0000	0.0000
0.0027	0.0000	0.0000	0.0000	0.9973	0.0000
0.0000	0.0000	0.0000	0.0000	0.0000	1.0000
0.0698	0.0000	0.0000	0.0000	0.9302	0.0000
0.0000	0.0004	0.0000	0.0000	0.9983	0.0012
0.0000	0.0000	0.0000	0.0000	0.0000	1.0000
0.0000	0.0000	0.0000	0.0001	0.4413	0.5586
0.0002	0.0000	0.0000	0.0000	0.9998	0.0000
0.0000	0.0000	0.0000	0.0002	0.9644	0.0354
0.0000	0.0000	0.0000	0.0000	0.9982	0.0018
0.0000	0.0000	0.0000	0.0000	0.0001	0.9999
0.0183	0.9181	0.0000	0.0000	0.0635	0.0000
