0.7356	0.2644	0.0000	0.0000	0.0000	0.0000
1.0000	0.0000	0.0000	0.0000	0.0000	0.0000
0.9930	0.0070	0.0000	0.0000	0.0000	0.0000
0.9981	0.0019	0.0000	0.0000	0.0000	0.0000
1.0000	0.0000	0.0000	0.0000	0.0000	0.0000
0.9131	0.0867	0.0000	0.0003	0.0000	0.0000
1.0000	0.0000	0.0000	0.0000	0.0000	0.0000
0.4096	0.5904	0.0000	0.0000	0.0000	0.0000
0.0065	0.9935	0.0000	0.0000	0.0000	0.0000
0.0020	0.9980	0.0000	0.0000	0.0000	0.0000
0.0000	0.0000	1.0000	0.0000	0.0000	0.0000
0.0000	0.0000	0.0231	0.9769	0.0000	0.0000
0.0000	0.0000	0.0016	0.9984	0.0000	0.0000
0.9736	0.0000	0.0000	0.0263	0.0000	0.0000
0.0000	0.0000	0.0000	1.0000	0.0000	0.0000
0.0000	0.0000	0.1081	0.8919	0.0000	0.0000
0.0000	0.0000	1.0000	0.0000	0.0000	0.0000
0.0000	0.0000	0.9997	0.0003	0.0000	0.0000
0.0000	0.0000	1.0000	0.0000	0.0000	0.0000
0.0000	0.0000	1.0000	0.0000	0.0000	0.0000
0.0000	0.0000	1.0000	0.0000	0.0000	0.0000
0.0000	0.0000	0.0000	1.0000	0.0000	0.0000
0.0000	0.0190	0.0000	0.0000	0.9637	0.0172
0.0000	0.0000	0.0000	0.0000	0.9728	0.0272
0.0000	0.0000	0.0000	0.0000	0.0003	0.9997
0.0000	0.0002	0.0000	0.0000	0.9988	0.0011
0.0000	0.1059	0.0000	0.0000	0.8940	0.0002
0.0000	0.0000	0.0000	0.0000	0.8232	0.1768
0.0000	0.0000	0.0000	0.0000	0.6332	0.3668
0.0000	0.0000	0.0000	0.0000	1.0000	0.0000
0.0000	0.9900	0.0000	0.0000	0.0100	0.0000
0.0000	0.9675	0.0000	0.0000	0.0325	0.0000
0.0000	0.0000	0.0000	0.0000	0.0001	0.9999
