0.9745	0.0255	0.0000	0.0000	0.0000	0.0000
1.0000	0.0000	0.0000	0.0000	0.0000	0.0000
0.2636	0.7364	0.0000	0.0000	0.0000	0.0000
0.9993	0.0007	0.0000	0.0000	0.0000	0.0000
0.9975	0.0025	0.0000	0.0000	0.0000	0.0000
0.0564	0.9436	0.0000	0.0000	0.0000	0.0000
1.0000	0.0000	0.0000	0.0000	0.0000	0.0000
0.7858	0.2142	0.0000	0.0000	0.0000	0.0000
0.0001	0.9998	0.0000	0.0000	0.0000	0.0000
0.1893	0.8107	0.0000	0.0000	0.0000	0.0000
0.0000	0.0000	1.0000	0.0000	0.0000	0.0000
0.0000	0.0000	0.1818	0.8182	0.0000	0.0000
0.0000	0.0000	0.4461	0.5513	0.0000	0.0026
0.0066	0.0000	0.0000	0.9933	0.0000	0.0000
0.0000	0.0000	0.0372	0.9628	0.0000	0.0000
0.0000	0.0000	0.9384	0.0616	0.0000	0.0000
0.0000	0.0000	1.0000	0.0000	0.0000	0.0000
0.0000	0.0000	1.0000	0.0000	0.0000	0.0000
0.0000	0.0000	0.9994	0.0006	0.0000	0.0000
0.0000	0.0000	1.0000	0.0000	0.0000	0.0000
0.0000	0.0000	1.0000	0.0000	0.0000	0.0000
0.0000	0.0000	0.0000	0.9999	0.0000	0.0000
0.0000	0.0031	0.0000	0.0000	0.9969	0.0000
0.0000	0.0000	0.0000	0.0000	0.5864	0.4136
0.0000	0.0000	0.0000	0.0000	0.0002	0.9998
0.0000	0.0003	0.0000	0.0000	0.9997	0.0000
0.0000	0.0001	0.0000	0.0000	0.9998	0.0002
0.0000	0.0000	0.0000	0.0000	0.0007	0.9993
0.0000	0.0000	0.0000	0.0000	0.0002	0.9998
0.0000	0.0000	0.0000	0.0000	0.9996	0.0004
0.0000	0.9023	0.0000	0.0000	0.0977	0.0000
0.0000	0.7212	0.0000	0.0000	0.2788	0.0000
0.0000	0.0000	0.0000	0.0000	0.0414	0.9586
