0.0429	0.9571	0.0000	0.0000	0.0000	0.0000
1.0000	0.0000	0.0000	0.0000	0.0000	0.0000
1.0000	0.0000	0.0000	0.0000	0.0000	0.0000
0.9957	0.0043	0.0000	0.0000	0.0000	0.0000
1.0000	0.0000	0.0000	0.0000	0.0000	0.0000
0.9981	0.0001	0.0000	0.0000	0.0018	0.0000
1.0000	0.0000	0.0000	0.0000	0.0000	0.0000
0.2254	0.7746	0.0000	0.0000	0.0000	0.0000
0.0000	1.0000	0.0000	0.0000	0.0000	0.0000
0.0000	1.0000	0.0000	0.0000	0.0000	0.0000
0.0000	0.0000	1.0000	0.0000	0.0000	0.0000
0.0000	0.0000	0.0031	0.9969	0.0000	0.0000
0.0000	0.0000	0.2058	0.7941	0.0000	0.0001
0.8792	0.0000	0.0000	0.1208	0.0000	0.0000
0.0000	0.0000	0.0057	0.9942	0.0000	0.0001
0.0000	0.0000	0.7677	0.2323	0.0000	0.0000
0.0000	0.0000	1.0000	0.0000	0.0000	0.0000
0.0000	0.0000	1.0000	0.0000	0.0000	0.0000
0.0000	0.0000	1.0000	0.0000	0.0000	0.0000
0.0000	0.0000	1.0000	0.0000	0.0000	0.0000
0.0000	0.0000	1.0000	0.0000	0.0000	0.0000
0.0000	0.0000	0.0000	1.0000	0.0000	0.0000
0.0009	0.0000	0.0000	0.0000	0.9987	0.0004
0.0000	0.0000	0.0000	0.0000	0.5529	0.4471
0.0000	0.0000	0.0000	0.0000	0.0023	0.9977
0.0000	0.0000	0.0000	0.0000	0.9999	0.0001
0.0000	0.0066	0.0000	0.0000	0.9933	0.0000
0.0000	0.0000	0.0000	0.0000	0.9828	0.0172
0.0000	0.0000	0.0000	0.0000	0.5293	0.4707
0.0000	0.0000	0.0000	0.0000	1.0000	0.0000
0.0474	0.0683	0.0000	0.0000	0.8843	0.0000
0.0122	0.0036	0.0000	0.0000	0.9842	0.0000
0.0000	0.0000	0.0000	0.0000	0.0000	1.0000
