0.7102	0.2898	0.0000	0.0000	0.0000	0.0000
1.0000	0.0000	0.0000	0.0000	0.0000	0.0000
0.6611	0.3389	0.0000	0.0000	0.0000	0.0000
0.9999	0.0001	0.0000	0.0000	0.0000	0.0000
1.0000	0.0000	0.0000	0.0000	0.0000	0.0000
0.8704	0.0398	0.0000	0.0000	0.0898	0.0000
1.0000	0.0000	0.0000	0.0000	0.0000	0.0000
0.9852	0.0148	0.0000	0.0000	0.0000	0.0000
0.0030	0.9970	0.0000	0.0000	0.0000	0.0000
0.0006	0.9994	0.0000	0.0000	0.0000	0.0000
0.0000	0.0000	1.0000	0.0000	0.0000	0.0000
0.0000	0.0000	0.4671	0.5329	0.0000	0.0000
0.0000	0.0000	0.0337	0.9639	0.0000	0.0024
0.2391	0.0000	0.0000	0.7609	0.0000	0.0000
0.0000	0.0000	0.0741	0.9257	0.0000	0.0002
0.0000	0.0000	0.9362	0.0638	0.0000	0.0000
0.0000	0.0000	1.0000	0.0000	0.0000	0.0000
0.0000	0.0000	1.0000	0.0000	0.0000	0.0000
0.0000	0.0000	0.9998	0.0002	0.0000	0.0000
0.0000	0.0000	1.0000	0.0000	0.0000	0.0000
0.0000	0.0000	1.0000	0.0000	0.0000	0.0000
0.0000	0.0000	0.0000	1.0000	0.0000	0.0000
0.0001	0.0000	0.0000	0.0000	0.9999	0.0000
0.0000	0.0000	0.0000	0.0000	0.9195	0.0804
0.0000	0.0000	0.0000	0.0000	0.0000	1.0000
0.0000	0.0000	0.0000	0.0000	1.0000	0.0000
0.0001	0.0045	0.0000	0.0000	0.9954	0.0000
0.0000	0.0000	0.0000	0.0000	0.1436	0.8564
0.0000	0.0000	0.0000	0.0000	0.0062	0.9938
0.0000	0.0009	0.0000	0.0000	0.9991	0.0000
0.0047	0.5647	0.0000	0.0000	0.4306	0.0000
0.0068	0.0109	0.0000	0.0000	0.9823	0.0000
0.0000	0.0000	0.0000	0.0000	0.2726	0.7273
