0.7423	0.2575	0.0000	0.0000	0.0002	0.0000
1.0000	0.0000	0.0000	0.0000	0.0000	0.0000
0.8193	0.1766	0.0000	0.0000	0.0041	0.0000
0.9984	0.0016	0.0000	0.0000	0.0000	0.0000
0.9991	0.0008	0.0000	0.0000	0.0001	0.0000
0.8850	0.0126	0.0000	0.0000	0.1025	0.0000
1.0000	0.0000	0.0000	0.0000	0.0000	0.0000
0.9904	0.0095	0.0000	0.0000	0.0001	0.0000
0.0010	0.9989	0.0000	0.0000	0.0001	0.0000
0.0134	0.9866	0.0000	0.0000	0.0000	0.0000
0.0000	0.0000	1.0000	0.0000	0.0000	0.0000
0.0000	0.0000	0.2305	0.7695	0.0000	0.0000
0.0000	0.0000	0.1281	0.8710	0.0000	0.0009
0.4579	0.0000	0.0000	0.5419	0.0001	0.0000
0.0000	0.0000	0.1814	0.8186	0.0000	0.0000
0.0000	0.0000	0.9967	0.0033	0.0000	0.0000
0.0000	0.0000	1.0000	0.0000	0.0000	0.0000
0.0000	0.0000	1.0000	0.0000	0.0000	0.0000
0.0000	0.0000	1.0000	0.0000	0.0000	0.0000
0.0000	0.0000	1.0000	0.0000	0.0000	0.0000
0.0000	0.0000	1.0000	0.0000	0.0000	0.0000
0.0000	0.0000	0.0000	1.0000	0.0000	0.0000
0.0000	0.0000	0.0000	0.0000	1.0000	0.0000
0.0000	0.0000	0.0000	0.0000	0.8780	0.1219
0.0000	0.0000	0.0000	0.0000	0.0001	0.9999
0.0001	0.0000	0.0000	0.0000	0.9999	0.0000
0.0000	0.0001	0.0000	0.0000	0.9998	0.0001
0.0000	0.0000	0.0000	0.0000	0.0314	0.9686
0.0000	0.0000	0.0000	0.0000	0.0018	0.9982
0.0000	0.0023	0.0000	0.0000	0.9975	0.0001
0.0179	0.5159	0.0000	0.0000	0.4662	0.0000
0.0029	0.0260	0.0000	0.0000	0.9711	0.0000
0.0000	0.0000	0.0000	0.0000	0.0015	0.9985
