0.1480	0.8519	0.0000	0.0000	0.0001	0.0000
1.0000	0.0000	0.0000	0.0000	0.0000	0.0000
0.0168	0.9832	0.0000	0.0000	0.0000	0.0000
0.9855	0.0144	0.0000	0.0000	0.0000	0.0000
0.9999	0.0001	0.0000	0.0000	0.0000	0.0000
0.7690	0.1895	0.0000	0.0000	0.0415	0.0000
1.0000	0.0000	0.0000	0.0000	0.0000	0.0000
0.0162	0.9838	0.0000	0.0000	0.0000	0.0000
0.0004	0.9996	0.0000	0.0000	0.0000	0.0000
0.0003	0.9997	0.0000	0.0000	0.0000	0.0000
0.0000	0.0000	1.0000	0.0000	0.0000	0.0000
0.0000	0.0000	0.3893	0.6107	0.0000	0.0000
0.0000	0.0000	0.5906	0.1888	0.0000	0.2206
0.0056	0.0000	0.0000	0.9944	0.0000	0.0000
0.0000	0.0000	0.6011	0.3769	0.0000	0.0219
0.0000	0.0000	0.9980	0.0020	0.0000	0.0000
0.0000	0.0000	1.0000	0.0000	0.0000	0.0000
0.0000	0.0000	1.0000	0.0000	0.0000	0.0000
0.0000	0.0000	0.9992	0.0008	0.0000	0.0000
0.0000	0.0000	1.0000	0.0000	0.0000	0.0000
0.0000	0.0000	1.0000	0.0000	0.0000	0.0000
0.0000	0.0000	0.0000	1.0000	0.0000	0.0000
0.0001	0.0000	0.0000	0.0000	0.9998	0.0000
0.0000	0.0000	0.0000	0.0000	0.9945	0.0055
0.0000	0.0000	0.0000	0.0000	0.0010	0.9990
0.0000	0.0001	0.0000	0.0000	0.9999	0.0000
0.0001	0.0003	0.0000	0.0000	0.9996	0.0000
0.0000	0.0000	0.0000	0.0000	0.9298	0.0702
0.0000	0.0000	0.0000	0.0000	0.0132	0.9868
0.0000	0.0005	0.0000	0.0000	0.9994	0.0000
0.0068	0.2116	0.0000	0.0000	0.7816	0.0000
0.0115	0.1308	0.0000	0.0000	0.8577	0.0000
0.0000	0.0000	0.0000	0.0000	0.0198	0.9802
