0.9554	0.0446	0.0000	0.0000	0.0000	0.0000
1.0000	0.0000	0.0000	0.0000	0.0000	0.0000
0.9816	0.0183	0.0000	0.0001	0.0000	0.0000
0.9995	0.0005	0.0000	0.0000	0.0000	0.0000
0.9999	0.0001	0.0000	0.0000	0.0000	0.0000
0.9924	0.0069	0.0000	0.0005	0.0002	0.0000
1.0000	0.0000	0.0000	0.0000	0.0000	0.0000
0.7881	0.2117	0.0000	0.0000	0.0001	0.0000
0.0072	0.9925	0.0000	0.0000	0.0003	0.0000
0.0077	0.9922	0.0000	0.0000	0.0000	0.0000
0.0000	0.0000	1.0000	0.0000	0.0000	0.0000
0.0000	0.0000	0.0003	0.9997	0.0000	0.0000
0.0000	0.0000	0.7829	0.1805	0.0000	0.0366
0.0320	0.0000	0.0018	0.9662	0.0000	0.0000
0.0000	0.0000	0.0009	0.9982	0.0000	0.0009
0.0000	0.0000	0.9990	0.0010	0.0000	0.0000
0.0000	0.0000	1.0000	0.0000	0.0000	0.0000
0.0000	0.0000	1.0000	0.0000	0.0000	0.0000
0.0000	0.0000	1.0000	0.0000	0.0000	0.0000
0.0000	0.0000	1.0000	0.0000	0.0000	0.0000
0.0000	0.0000	1.0000	0.0000	0.0000	0.0000
0.0000	0.0001	0.0004	0.9631	0.0000	0.0364
0.0002	0.0016	0.0000	0.0002	0.9962	0.0019
0.0000	0.0000	0.0000	0.0003	0.1904	0.8093
0.0000	0.0000	0.0000	0.0000	0.0002	0.9998
0.0000	0.0001	0.0000	0.0000	0.9993	0.0005
0.0002	0.0848	0.0000	0.0001	0.9112	0.0037
0.0000	0.0000	0.0000	0.0000	0.0686	0.9314
0.0000	0.0000	0.0000	0.0000	0.2757	0.7243
0.0000	0.0001	0.0000	0.0000	0.9992	0.0007
0.0365	0.7532	0.0000	0.0003	0.2095	0.0004
0.0092	0.3500	0.0000	0.0003	0.6396	0.0009
0.0000	0.0000	0.0000	0.0000	0.0037	0.9963
