0.9784	0.0216	0.0000	0.0000	0.0000	0.0000
1.0000	0.0000	0.0000	0.0000	0.0000	0.0000
0.7385	0.2615	0.0000	0.0000	0.0000	0.0000
0.9990	0.0010	0.0000	0.0000	0.0000	0.0000
0.9993	0.0007	0.0000	0.0000	0.0000	0.0000
0.9039	0.0959	0.0000	0.0001	0.0002	0.0000
1.0000	0.0000	0.0000	0.0000	0.0000	0.0000
0.9861	0.0139	0.0000	0.0000	0.0000	0.0000
0.0010	0.9989	0.0000	0.0000	0.0002	0.0000
0.0345	0.9654	0.0000	0.0000	0.0000	0.0000
0.0000	0.0000	1.0000	0.0000	0.0000	0.0000
0.0000	0.0000	0.1854	0.8146	0.0000	0.0000
0.0000	0.0000	0.9092	0.0908	0.0000	0.0000
0.0003	0.0000	0.0171	0.9826	0.0000	0.0000
0.0000	0.0000	0.0168	0.9832	0.0000	0.0000
0.0000	0.0000	0.9955	0.0045	0.0000	0.0000
0.0000	0.0000	1.0000	0.0000	0.0000	0.0000
0.0000	0.0000	1.0000	0.0000	0.0000	0.0000
0.0000	0.0000	1.0000	0.0000	0.0000	0.0000
0.0000	0.0000	1.0000	0.0000	0.0000	0.0000
0.0000	0.0000	1.0000	0.0000	0.0000	0.0000
0.0000	0.0000	0.0002	0.9998	0.0000	0.0000
0.0000	0.0005	0.0000	0.0000	0.9985	0.0011
0.0000	0.0000	0.0000	0.0002	0.3801	0.6198
0.0000	0.0000	0.0000	0.0000	0.0005	0.9994
0.0000	0.0001	0.0000	0.0000	0.9996	0.0003
0.0000	0.0162	0.0000	0.0000	0.9768	0.0069
0.0000	0.0000	0.0000	0.0000	0.0239	0.9760
0.0000	0.0000	0.0000	0.0000	0.0776	0.9224
0.0000	0.0001	0.0000	0.0000	0.9992	0.0006
0.0016	0.7518	0.0000	0.0000	0.2465	0.0001
0.0003	0.4247	0.0000	0.0000	0.5747	0.0002
0.0000	0.0000	0.0000	0.0000	0.0091	0.9909
