0.4249	0.5751	0.0000	0.0000	0.0000	0.0000
0.0565	0.9425	0.0000	0.0000	0.0010	0.0000
0.2749	0.7248	0.0000	0.0000	0.0002	0.0000
0.0000	0.9999	0.0000	0.0000	0.0001	0.0000
0.9063	0.0474	0.0000	0.0000	0.0463	0.0000
0.0000	0.9997	0.0000	0.0000	0.0003	0.0000
0.1306	0.8692	0.0000	0.0000	0.0002	0.0000
0.0872	0.9002	0.0000	0.0000	0.0126	0.0000
1.0000	0.0000	0.0000	0.0000	0.0000	0.0000
0.0000	0.9976	0.0000	0.0000	0.0024	0.0000
0.0000	0.0000	0.7287	0.2713	0.0000	0.0000
0.0000	0.0000	1.0000	0.0000	0.0000	0.0000
0.0000	0.0000	0.0001	0.9999	0.0000	0.0000
0.0000	0.0000	0.0002	0.9998	0.0000	0.0000
0.0000	0.0000	0.0000	1.0000	0.0000	0.0000
0.0000	0.0000	0.0000	1.0000	0.0000	0.0000
0.0000	0.0000	0.1424	0.8576	0.0000	0.0000
0.0000	0.0000	1.0000	0.0000	0.0000	0.0000
0.0000	0.0000	0.9398	0.0602	0.0000	0.0000
0.0000	0.0000	0.0000	1.0000	0.0000	0.0000
0.0000	0.0000	0.9513	0.0487	0.0000	0.0000
0.0000	0.0000	0.0000	1.0000	0.0000	0.0000
0.0002	0.0000	0.0000	0.0000	0.9997	0.0000
0.4966	0.0002	0.0000	0.0000	0.5032	0.0000
0.0000	0.0000	0.0000	0.0002	0.3811	0.6187
0.0000	0.0000	0.0000	0.0000	1.0000	0.0000
0.0000	0.0000	0.0000	0.0000	0.5493	0.4507
0.0000	0.0000	0.0000	0.1215	0.8219	0.0566
0.0000	0.0000	0.0000	0.0002	0.0004	0.9994
0.0000	0.0000	0.0000	0.0000	0.9999	0.0001
0.0021	0.0001	0.0000	0.0000	0.9977	0.0000
0.0275	0.6220	0.0000	0.0000	0.3506	0.0000
0.0000	0.0000	0.0000	0.0000	0.0000	1.0000
