0.6262	0.3736	0.0000	0.0000	0.0002	0.0000
0.0287	0.9711	0.0000	0.0000	0.0002	0.0000
0.1798	0.8199	0.0000	0.0000	0.0004	0.0000
0.0000	1.0000	0.0000	0.0000	0.0000	0.0000
0.5505	0.1357	0.0000	0.0000	0.3138	0.0000
0.0000	1.0000	0.0000	0.0000	0.0000	0.0000
0.9789	0.0210	0.0000	0.0000	0.0001	0.0000
0.0933	0.9008	0.0000	0.0000	0.0059	0.0000
1.0000	0.0000	0.0000	0.0000	0.0000	0.0000
0.0000	0.9998	0.0000	0.0000	0.0002	0.0000
0.0000	0.0000	0.9073	0.0927	0.0000	0.0000
0.0000	0.0000	1.0000	0.0000	0.0000	0.0000
0.0000	0.0000	0.0000	1.0000	0.0000	0.0000
0.0000	0.0000	0.0000	0.9999	0.0000	0.0001
0.0000	0.0000	0.0000	0.9897	0.0103	0.0000
0.0000	0.0000	0.0000	1.0000	0.0000	0.0000
0.0000	0.0000	0.0295	0.9705	0.0000	0.0000
0.0000	0.0000	1.0000	0.0000	0.0000	0.0000
0.0000	0.0000	0.8769	0.1231	0.0000	0.0000
0.0000	0.0000	0.0000	1.0000	0.0000	0.0000
0.0000	0.0000	0.9819	0.0181	0.0000	0.0000
0.0000	0.0000	0.0000	1.0000	0.0000	0.0000
0.0000	0.0000	0.0000	0.0000	1.0000	0.0000
0.7659	0.0000	0.0000	0.0000	0.2341	0.0000
0.0000	0.0000	0.0000	0.0000	0.8885	0.1115
0.0000	0.0000	0.0000	0.0000	1.0000	0.0000
0.0000	0.0000	0.0000	0.0000	0.9481	0.0519
0.0000	0.0000	0.0000	0.0000	1.0000	0.0000
0.0000	0.0000	0.0000	0.0000	0.0001	0.9999
0.0000	0.0000	0.0000	0.0000	1.0000	0.0000
0.0000	0.0000	0.0000	0.0000	0.9999	0.0000
0.0016	0.8183	0.0000	0.0000	0.1801	0.0000
0.0000	0.0000	0.0000	0.0000	0.0000	1.0000
