0.7083	0.2915	0.0000	0.0000	0.0002	0.0000
0.0135	0.9855	0.0000	0.0000	0.0010	0.0000
0.0597	0.9400	0.0000	0.0000	0.0003	0.0000
0.0000	0.9999	0.0000	0.0000	0.0001	0.0000
0.5715	0.0339	0.0000	0.0000	0.3945	0.0000
0.0000	0.9999	0.0000	0.0000	0.0001	0.0000
0.8428	0.1567	0.0000	0.0000	0.0005	0.0000
0.0689	0.9090	0.0000	0.0000	0.0221	0.0000
1.0000	0.0000	0.0000	0.0000	0.0000	0.0000
0.0000	0.9881	0.0000	0.0000	0.0119	0.0000
0.0000	0.0000	0.9053	0.0947	0.0000	0.0000
0.0000	0.0000	1.0000	0.0000	0.0000	0.0000
0.0000	0.0000	0.0005	0.9995	0.0000	0.0000
0.0000	0.0000	0.0003	0.9997	0.0000	0.0000
0.0002	0.0000	0.0000	0.9989	0.0010	0.0000
0.0000	0.0000	0.0000	1.0000	0.0000	0.0000
0.0000	0.0000	0.0694	0.9306	0.0000	0.0000
0.0000	0.0000	1.0000	0.0000	0.0000	0.0000
0.0000	0.0000	0.7914	0.2086	0.0000	0.0000
0.0000	0.0000	0.0000	1.0000	0.0000	0.0000
0.0000	0.0000	0.8832	0.1168	0.0000	0.0000
0.0000	0.0000	0.0000	1.0000	0.0000	0.0000
0.0000	0.0000	0.0000	0.0000	1.0000	0.0000
0.8661	0.0000	0.0000	0.0000	0.1339	0.0000
0.0000	0.0001	0.0000	0.0001	0.7824	0.2175
0.0000	0.0000	0.0000	0.0000	1.0000	0.0000
0.0000	0.0000	0.0000	0.0003	0.6779	0.3218
0.0000	0.0000	0.0000	0.0000	1.0000	0.0000
0.0000	0.0000	0.0000	0.0000	0.0003	0.9997
0.0000	0.0000	0.0000	0.0000	1.0000	0.0000
0.0002	0.0003	0.0000	0.0000	0.9995	0.0000
0.0041	0.9356	0.0000	0.0000	0.0603	0.0000
0.0000	0.0000	0.0000	0.0000	0.0000	1.0000
