0.9528	0.0472	0.0000	0.0000	0.0000	0.0000
0.0003	0.9991	0.0000	0.0000	0.0005	0.0000
0.0549	0.9451	0.0000	0.0000	0.0000	0.0000
0.0000	0.9993	0.0000	0.0000	0.0007	0.0000
0.0010	0.9853	0.0000	0.0000	0.0137	0.0000
0.0000	0.9988	0.0000	0.0000	0.0012	0.0000
0.3056	0.6944	0.0000	0.0000	0.0000	0.0000
0.0004	0.9990	0.0000	0.0000	0.0006	0.0000
1.0000	0.0000	0.0000	0.0000	0.0000	0.0000
0.0000	0.7140	0.0000	0.0000	0.2860	0.0000
0.0000	0.0000	0.6431	0.3569	0.0000	0.0000
0.0000	0.0000	1.0000	0.0000	0.0000	0.0000
0.0000	0.0000	0.0017	0.9983	0.0000	0.0000
0.0000	0.0000	0.0001	0.9999	0.0000	0.0000
0.0000	0.0000	0.0000	0.9988	0.0012	0.0000
0.0000	0.0000	0.0000	1.0000	0.0000	0.0000
0.0000	0.0000	0.0852	0.9148	0.0000	0.0000
0.0000	0.0000	1.0000	0.0000	0.0000	0.0000
0.0000	0.0000	0.7544	0.2456	0.0000	0.0000
0.0000	0.0000	0.0000	1.0000	0.0000	0.0000
0.0000	0.0000	0.9935	0.0065	0.0000	0.0000
0.0000	0.0000	0.0000	1.0000	0.0000	0.0000
0.0000	0.0020	0.0000	0.0000	0.9980	0.0000
0.1453	0.8300	0.0000	0.0000	0.0247	0.0000
0.0000	0.0000	0.0000	0.0000	0.9710	0.0290
0.0000	0.0005	0.0000	0.0000	0.9995	0.0000
0.0000	0.0000	0.0000	0.0000	0.9433	0.0567
0.0000	0.0000	0.0000	0.0000	1.0000	0.0000
0.0000	0.0000	0.0000	0.0001	0.0034	0.9966
0.0000	0.0005	0.0000	0.0000	0.9995	0.0000
0.0000	0.1192	0.0000	0.0000	0.8808	0.0000
0.0000	0.9954	0.0000	0.0000	0.0045	0.0000
0.0000	0.0000	0.0000	0.0038	0.0000	0.9962
