0.6219	0.3780	0.0000	0.0000	0.0002	0.0000
0.1604	0.8358	0.0000	0.0000	0.0037	0.0000
0.2899	0.7095	0.0000	0.0000	0.0006	0.0000
0.0001	0.9997	0.0000	0.0000	0.0003	0.0000
0.8499	0.0600	0.0000	0.0000	0.0901	0.0000
0.0018	0.9967	0.0000	0.0000	0.0015	0.0000
0.6454	0.3539	0.0000	0.0000	0.0007	0.0000
0.1089	0.8617	0.0000	0.0000	0.0294	0.0000
1.0000	0.0000	0.0000	0.0000	0.0000	0.0000
0.0002	0.9824	0.0000	0.0000	0.0174	0.0000
0.0000	0.0000	0.9213	0.0787	0.0000	0.0000
0.0000	0.0000	1.0000	0.0000	0.0000	0.0000
0.0001	0.0000	0.0018	0.9981	0.0000	0.0000
0.0000	0.0000	0.0004	0.9996	0.0000	0.0000
0.8846	0.0000	0.0000	0.1154	0.0000	0.0000
0.0002	0.0000	0.0000	0.9998	0.0000	0.0000
0.0000	0.0000	0.0624	0.9376	0.0000	0.0000
0.0000	0.0000	0.9999	0.0001	0.0000	0.0000
0.0000	0.0000	0.9597	0.0403	0.0000	0.0000
0.0001	0.0000	0.0000	0.9999	0.0000	0.0000
0.0000	0.0000	0.9580	0.0420	0.0000	0.0000
0.0000	0.0000	0.0000	1.0000	0.0000	0.0000
0.0001	0.0001	0.0000	0.0000	0.9998	0.0000
0.2333	0.0004	0.0000	0.0000	0.7662	0.0000
0.0000	0.0000	0.0000	0.0001	0.6765	0.3234
0.0000	0.0001	0.0000	0.0000	0.9998	0.0000
0.0000	0.0000	0.0000	0.0001	0.5707	0.4292
0.0000	0.0000	0.0000	0.0044	0.9738	0.0219
0.0000	0.0000	0.0000	0.0004	0.0147	0.9849
0.0000	0.0000	0.0000	0.0000	0.9998	0.0001
0.0009	0.0006	0.0000	0.0000	0.9984	0.0000
0.0544	0.6648	0.0000	0.0000	0.2808	0.0000
0.0000	0.0000	0.0000	0.0000	0.0000	1.0000
