0.8002	0.1996	0.0000	0.0000	0.0002	0.0000
0.0221	0.9758	0.0000	0.0000	0.0021	0.0000
0.2116	0.7872	0.0000	0.0000	0.0012	0.0000
0.0003	0.9986	0.0000	0.0000	0.0011	0.0000
0.5977	0.3805	0.0000	0.0011	0.0207	0.0000
0.0009	0.9922	0.0000	0.0000	0.0069	0.0000
0.8792	0.1196	0.0000	0.0000	0.0012	0.0000
0.0087	0.9826	0.0000	0.0000	0.0086	0.0000
1.0000	0.0000	0.0000	0.0000	0.0000	0.0000
0.0000	0.9892	0.0000	0.0000	0.0107	0.0000
0.0000	0.0000	0.9998	0.0002	0.0000	0.0000
0.0000	0.0000	1.0000	0.0000	0.0000	0.0000
0.0000	0.0000	0.0000	1.0000	0.0000	0.0000
0.0000	0.0000	0.0000	1.0000	0.0000	0.0000
0.0000	0.0000	0.0000	1.0000	0.0000	0.0000
0.0000	0.0000	0.0001	0.9999	0.0000	0.0000
0.0000	0.0000	0.0373	0.9627	0.0000	0.0000
0.0000	0.0000	1.0000	0.0000	0.0000	0.0000
0.0000	0.0000	0.9993	0.0007	0.0000	0.0000
0.0000	0.0000	0.0000	1.0000	0.0000	0.0000
0.0000	0.0000	0.9984	0.0016	0.0000	0.0000
0.0000	0.0000	0.0000	1.0000	0.0000	0.0000
0.0000	0.0009	0.0000	0.0000	0.9975	0.0015
0.0556	0.0028	0.0000	0.0001	0.9415	0.0000
0.0000	0.0000	0.0001	0.0007	0.0771	0.9221
0.0000	0.0013	0.0000	0.0000	0.9975	0.0013
0.0000	0.0000	0.0000	0.0000	0.3443	0.6556
0.0000	0.0000	0.0000	0.0000	0.9993	0.0006
0.0000	0.0000	0.0000	0.0003	0.0004	0.9993
0.0000	0.0001	0.0000	0.0000	0.9990	0.0008
0.0003	0.0119	0.0000	0.0002	0.9868	0.0008
0.0164	0.8289	0.0000	0.0001	0.1546	0.0000
0.0000	0.0000	0.0000	0.0000	0.0000	1.0000
