0.3905	0.6092	0.0000	0.0000	0.0002	0.0000
0.2054	0.7919	0.0000	0.0000	0.0028	0.0000
0.3129	0.6864	0.0000	0.0000	0.0007	0.0000
0.0000	0.9999	0.0000	0.0000	0.0001	0.0000
0.9594	0.0081	0.0000	0.0000	0.0325	0.0000
0.0004	0.9994	0.0000	0.0000	0.0002	0.0000
0.0548	0.9450	0.0000	0.0000	0.0002	0.0000
0.0753	0.9066	0.0000	0.0000	0.0181	0.0000
1.0000	0.0000	0.0000	0.0000	0.0000	0.0000
0.0004	0.9982	0.0000	0.0000	0.0014	0.0000
0.0000	0.0000	0.6185	0.3815	0.0000	0.0000
0.0000	0.0000	1.0000	0.0000	0.0000	0.0000
0.0000	0.0000	0.0000	1.0000	0.0000	0.0000
0.0000	0.0000	0.0003	0.9997	0.0000	0.0001
0.0019	0.0000	0.0000	0.9981	0.0000	0.0000
0.0000	0.0000	0.0000	1.0000	0.0000	0.0000
0.0000	0.0000	0.1458	0.8542	0.0000	0.0000
0.0000	0.0000	1.0000	0.0000	0.0000	0.0000
0.0000	0.0000	0.9369	0.0631	0.0000	0.0000
0.0000	0.0000	0.0000	1.0000	0.0000	0.0000
0.0000	0.0000	0.9471	0.0529	0.0000	0.0000
0.0000	0.0000	0.0000	1.0000	0.0000	0.0000
0.0001	0.0000	0.0000	0.0000	0.9999	0.0000
0.3037	0.0000	0.0000	0.0000	0.6963	0.0000
0.0000	0.0000	0.0000	0.0001	0.4511	0.5488
0.0001	0.0001	0.0000	0.0000	0.9998	0.0000
0.0000	0.0000	0.0000	0.0000	0.4718	0.5282
0.0000	0.0000	0.0000	0.0019	0.4379	0.5602
0.0000	0.0000	0.0000	0.0009	0.0012	0.9979
0.0001	0.0000	0.0000	0.0000	0.9999	0.0001
0.0023	0.0000	0.0000	0.0000	0.9976	0.0000
0.0581	0.4273	0.0000	0.0000	0.5146	0.0000
0.0000	0.0000	0.0000	0.0000	0.0000	1.0000
