0.2761	0.7239	0.0000	0.0000	0.0000	0.0000
0.5286	0.4714	0.0000	0.0000	0.0000	0.0000
0.9711	0.0289	0.0000	0.0000	0.0000	0.0000
0.0065	0.9935	0.0000	0.0000	0.0000	0.0000
0.0003	0.9997	0.0000	0.0000	0.0000	0.0000
0.0000	0.9869	0.0000	0.0000	0.0131	0.0000
0.0080	0.9920	0.0000	0.0000	0.0000	0.0000
0.8816	0.1184	0.0000	0.0000	0.0000	0.0000
0.0004	0.9995	0.0000	0.0000	0.0001	0.0000
1.0000	0.0000	0.0000	0.0000	0.0000	0.0000
0.0002	0.0000	0.0000	0.9998	0.0000	0.0000
0.0000	0.0000	1.0000	0.0000	0.0000	0.0000
0.0000	0.0000	0.0091	0.9909	0.0000	0.0000
0.0000	0.0000	0.0006	0.9994	0.0000	0.0000
0.0000	0.0000	0.0000	1.0000	0.0000	0.0000
0.0000	0.0000	0.5074	0.4926	0.0000	0.0000
0.0000	0.0000	1.0000	0.0000	0.0000	0.0000
0.0000	0.0000	1.0000	0.0000	0.0000	0.0000
0.0000	0.0000	0.9928	0.0072	0.0000	0.0000
0.0000	0.0000	0.0000	1.0000	0.0000	0.0000
0.0000	0.0000	1.0000	0.0000	0.0000	0.0000
0.0000	0.0000	0.0000	1.0000	0.0000	0.0000
0.0000	0.0000	0.0000	0.0000	0.9801	0.0199
0.0000	0.0000	0.0000	0.0000	0.4194	0.5806
0.0000	0.0000	0.0000	0.0000	0.9340	0.0660
0.0002	0.0000	0.0000	0.0000	0.0000	0.9997
0.0000	0.0000	0.0000	0.0000	0.9946	0.0054
0.0000	0.0000	0.0000	0.0003	0.0000	0.9997
0.0000	0.0000	0.0000	0.0000	0.7544	0.2456
0.0000	0.0000	0.0000	0.0000	0.1633	0.8367
0.0000	0.0001	0.0000	0.0000	0.9989	0.0010
0.0000	0.8359	0.0000	0.0000	0.1641	0.0000
0.0053	0.2208	0.0000	0.0000	0.7730	0.0009
