0.2615	0.7384	0.0000	0.0000	0.0001	0.0000
0.2390	0.7610	0.0000	0.0000	0.0000	0.0000
0.9770	0.0229	0.0000	0.0000	0.0001	0.0000
0.1803	0.8197	0.0000	0.0000	0.0001	0.0000
0.0142	0.9858	0.0000	0.0000	0.0000	0.0000
0.0008	0.9788	0.0000	0.0000	0.0204	0.0000
0.6745	0.3254	0.0000	0.0000	0.0001	0.0000
0.9697	0.0303	0.0000	0.0000	0.0000	0.0000
0.0000	0.9999	0.0000	0.0000	0.0001	0.0000
1.0000	0.0000	0.0000	0.0000	0.0000	0.0000
0.0325	0.0000	0.0000	0.9675	0.0000	0.0000
0.0000	0.0000	1.0000	0.0000	0.0000	0.0000
0.0000	0.0000	0.0000	1.0000	0.0000	0.0000
0.0000	0.0000	0.0000	1.0000	0.0000	0.0000
0.0000	0.0000	0.0000	1.0000	0.0000	0.0000
0.0000	0.0000	0.0336	0.9664	0.0000	0.0000
0.0000	0.0000	1.0000	0.0000	0.0000	0.0000
0.0000	0.0000	1.0000	0.0000	0.0000	0.0000
0.0000	0.0000	0.9698	0.0302	0.0000	0.0000
0.0000	0.0000	0.0000	1.0000	0.0000	0.0000
0.0000	0.0000	1.0000	0.0000	0.0000	0.0000
0.0000	0.0000	0.0000	1.0000	0.0000	0.0000
0.0000	0.0000	0.0000	0.0000	0.9999	0.0001
0.0000	0.0000	0.0000	0.0000	0.0018	0.9982
0.0000	0.0000	0.0000	0.0000	0.9971	0.0029
0.0000	0.0000	0.0000	0.0001	0.0025	0.9973
0.0000	0.0000	0.0000	0.0000	0.9995	0.0005
0.0000	0.0000	0.0000	0.0121	0.0000	0.9879
0.0000	0.0000	0.0000	0.0000	0.9791	0.0209
0.0000	0.0000	0.0000	0.0000	0.0135	0.9865
0.0000	0.0000	0.0000	0.0000	0.9992	0.0008
0.0002	0.3749	0.0000	0.0000	0.6249	0.0000
0.0005	0.0001	0.0000	0.0000	0.9994	0.0000
