0.8340	0.1660	0.0000	0.0000	0.0000	0.0000
0.9165	0.0835	0.0000	0.0000	0.0000	0.0000
0.9903	0.0097	0.0000	0.0000	0.0000	0.0000
0.0454	0.9546	0.0000	0.0000	0.0000	0.0000
0.0007	0.9993	0.0000	0.0000	0.0000	0.0000
0.0000	0.9960	0.0000	0.0000	0.0040	0.0000
0.0317	0.9682	0.0000	0.0000	0.0000	0.0000
0.8460	0.1540	0.0000	0.0000	0.0000	0.0000
0.0000	0.9999	0.0000	0.0000	0.0000	0.0000
1.0000	0.0000	0.0000	0.0000	0.0000	0.0000
0.0010	0.0000	0.0000	0.9990	0.0000	0.0000
0.0000	0.0000	1.0000	0.0000	0.0000	0.0000
0.0000	0.0000	0.0054	0.9946	0.0000	0.0000
0.0000	0.0000	0.0021	0.9979	0.0000	0.0000
0.0000	0.0000	0.0000	1.0000	0.0000	0.0000
0.0000	0.0000	0.9178	0.0822	0.0000	0.0000
0.0000	0.0000	1.0000	0.0000	0.0000	0.0000
0.0000	0.0000	1.0000	0.0000	0.0000	0.0000
0.0000	0.0000	0.9941	0.0059	0.0000	0.0000
0.0000	0.0000	0.0000	1.0000	0.0000	0.0000
0.0000	0.0000	1.0000	0.0000	0.0000	0.0000
0.0000	0.0000	0.0000	1.0000	0.0000	0.0000
0.0000	0.0000	0.0000	0.0000	0.9945	0.0055
0.0000	0.0000	0.0000	0.0000	0.4313	0.5687
0.0000	0.0000	0.0000	0.0000	0.9974	0.0026
0.0000	0.0000	0.0000	0.0000	0.0000	0.9999
0.0001	0.0000	0.0000	0.0000	0.9654	0.0345
0.0000	0.0000	0.0000	0.0000	0.0000	1.0000
0.0000	0.0000	0.0000	0.0000	0.7053	0.2947
0.0000	0.0000	0.0000	0.0000	0.0577	0.9423
0.0000	0.0000	0.0000	0.0000	0.9998	0.0002
0.0001	0.8527	0.0000	0.0000	0.1472	0.0000
0.0385	0.0047	0.0000	0.0000	0.9564	0.0004
