0.2522	0.7477	0.0000	0.0000	0.0000	0.0000
0.9939	0.0061	0.0000	0.0000	0.0000	0.0000
0.9800	0.0200	0.0000	0.0000	0.0000	0.0000
0.0471	0.9528	0.0000	0.0000	0.0000	0.0000
0.0987	0.9012	0.0000	0.0000	0.0001	0.0000
0.0003	0.9885	0.0000	0.0000	0.0113	0.0000
0.6975	0.3024	0.0000	0.0000	0.0001	0.0000
0.9925	0.0075	0.0000	0.0000	0.0000	0.0000
0.0002	0.9997	0.0000	0.0000	0.0001	0.0000
1.0000	0.0000	0.0000	0.0000	0.0000	0.0000
0.0000	0.0000	0.0000	1.0000	0.0000	0.0000
0.0000	0.0000	1.0000	0.0000	0.0000	0.0000
0.0000	0.0000	0.0000	1.0000	0.0000	0.0000
0.0000	0.0000	0.0007	0.9993	0.0000	0.0000
0.0000	0.0000	0.0000	1.0000	0.0000	0.0000
0.0000	0.0000	0.9932	0.0068	0.0000	0.0000
0.0000	0.0000	1.0000	0.0000	0.0000	0.0000
0.0000	0.0000	1.0000	0.0000	0.0000	0.0000
0.0000	0.0000	1.0000	0.0000	0.0000	0.0000
0.0000	0.0000	0.0000	1.0000	0.0000	0.0000
0.0000	0.0000	1.0000	0.0000	0.0000	0.0000
0.0000	0.0000	0.0000	1.0000	0.0000	0.0000
0.0000	0.0000	0.0000	0.0000	0.8217	0.1783
0.0000	0.0000	0.0000	0.0000	0.0001	0.9999
0.0000	0.0000	0.0000	0.0000	0.0000	1.0000
0.0000	0.0000	0.0000	0.0001	0.0001	0.9998
0.0000	0.0000	0.0000	0.0000	0.9974	0.0025
0.0000	0.0000	0.0002	0.0200	0.0000	0.9798
0.0000	0.0000	0.0000	0.0000	0.2761	0.7239
0.0000	0.0000	0.0000	0.0000	0.0002	0.9998
0.0000	0.0000	0.0000	0.0000	0.9994	0.0006
0.0001	0.6909	0.0000	0.0000	0.3090	0.0000
0.0001	0.0244	0.0000	0.0000	0.9752	0.0003
