0.0952	0.9048	0.0000	0.0000	0.0001	0.0000
0.6393	0.3607	0.0000	0.0000	0.0000	0.0000
0.9348	0.0649	0.0000	0.0000	0.0003	0.0000
0.0287	0.9712	0.0000	0.0000	0.0001	0.0000
0.0000	1.0000	0.0000	0.0000	0.0000	0.0000
0.0000	0.9964	0.0000	0.0000	0.0036	0.0000
0.0794	0.9204	0.0000	0.0000	0.0002	0.0000
0.8512	0.1487	0.0000	0.0000	0.0001	0.0000
0.0000	1.0000	0.0000	0.0000	0.0000	0.0000
1.0000	0.0000	0.0000	0.0000	0.0000	0.0000
0.0509	0.0000	0.0000	0.9491	0.0000	0.0000
0.0000	0.0000	1.0000	0.0000	0.0000	0.0000
0.0000	0.0000	0.0000	1.0000	0.0000	0.0000
0.0000	0.0000	0.0029	0.9971	0.0000	0.0000
0.0000	0.0000	0.0000	1.0000	0.0000	0.0000
0.0000	0.0000	0.8276	0.1724	0.0000	0.0000
0.0000	0.0000	1.0000	0.0000	0.0000	0.0000
0.0000	0.0000	1.0000	0.0000	0.0000	0.0000
0.0000	0.0000	0.9833	0.0167	0.0000	0.0000
0.0000	0.0000	0.0000	1.0000	0.0000	0.0000
0.0000	0.0000	1.0000	0.0000	0.0000	0.0000
0.0000	0.0000	0.0000	1.0000	0.0000	0.0000
0.0000	0.0000	0.0000	0.0000	0.9999	0.0001
0.0000	0.0000	0.0000	0.0000	0.0031	0.9969
0.0000	0.0000	0.0000	0.0000	0.9941	0.0059
0.0000	0.0000	0.0000	0.0000	0.0000	1.0000
0.0000	0.0000	0.0000	0.0000	0.9994	0.0006
0.0000	0.0000	0.0000	0.0058	0.0000	0.9942
0.0000	0.0000	0.0000	0.0000	0.9935	0.0065
0.0000	0.0000	0.0000	0.0000	0.0343	0.9657
0.0000	0.0000	0.0000	0.0000	0.9999	0.0001
0.0000	0.3020	0.0000	0.0000	0.6980	0.0000
0.0005	0.0001	0.0000	0.0000	0.9994	0.0000
