0.4619	0.5380	0.0000	0.0000	0.0001	0.0000
0.9815	0.0185	0.0000	0.0000	0.0000	0.0000
0.9489	0.0511	0.0000	0.0000	0.0000	0.0000
0.0936	0.9063	0.0000	0.0000	0.0001	0.0000
0.4057	0.5941	0.0000	0.0000	0.0001	0.0000
0.0014	0.9942	0.0000	0.0000	0.0043	0.0000
0.9032	0.0967	0.0000	0.0000	0.0000	0.0000
0.9785	0.0215	0.0000	0.0000	0.0000	0.0000
0.0008	0.9986	0.0000	0.0000	0.0006	0.0000
1.0000	0.0000	0.0000	0.0000	0.0000	0.0000
0.0000	0.0000	0.0000	1.0000	0.0000	0.0000
0.0000	0.0000	1.0000	0.0000	0.0000	0.0000
0.0000	0.0000	0.0000	1.0000	0.0000	0.0000
0.0000	0.0000	0.0002	0.9998	0.0000	0.0000
0.0000	0.0000	0.0000	1.0000	0.0000	0.0000
0.0000	0.0000	0.7360	0.2640	0.0000	0.0000
0.0000	0.0000	1.0000	0.0000	0.0000	0.0000
0.0000	0.0000	1.0000	0.0000	0.0000	0.0000
0.0000	0.0000	0.9999	0.0001	0.0000	0.0000
0.0000	0.0000	0.0000	1.0000	0.0000	0.0000
0.0000	0.0000	1.0000	0.0000	0.0000	0.0000
0.0000	0.0000	0.0000	1.0000	0.0000	0.0000
0.0000	0.0000	0.0000	0.0000	0.9599	0.0401
0.0000	0.0000	0.0000	0.0000	0.0003	0.9997
0.0000	0.0000	0.0000	0.0000	0.0010	0.9990
0.0000	0.0000	0.0000	0.0002	0.0673	0.9325
0.0000	0.0003	0.0000	0.0000	0.9993	0.0005
0.0000	0.0000	0.0000	0.0044	0.0001	0.9955
0.0000	0.0000	0.0000	0.0000	0.3820	0.6180
0.0000	0.0000	0.0000	0.0000	0.0007	0.9993
0.0000	0.0001	0.0000	0.0000	0.9991	0.0007
0.0004	0.9005	0.0000	0.0000	0.0991	0.0000
0.0006	0.1324	0.0000	0.0000	0.8663	0.0008
