0.5483	0.4514	0.0000	0.0000	0.0002	0.0000
0.8902	0.1098	0.0000	0.0000	0.0001	0.0000
0.8988	0.1010	0.0000	0.0000	0.0002	0.0000
0.0913	0.9086	0.0000	0.0000	0.0001	0.0000
0.0386	0.9613	0.0000	0.0000	0.0000	0.0000
0.0000	0.9993	0.0000	0.0000	0.0006	0.0000
0.0385	0.9614	0.0000	0.0000	0.0000	0.0000
0.8940	0.1060	0.0000	0.0000	0.0000	0.0000
0.0000	0.9997	0.0000	0.0000	0.0003	0.0000
1.0000	0.0000	0.0000	0.0000	0.0000	0.0000
0.0006	0.0000	0.0000	0.9994	0.0000	0.0000
0.0000	0.0000	1.0000	0.0000	0.0000	0.0000
0.0000	0.0000	0.1186	0.8814	0.0000	0.0000
0.0000	0.0000	0.0179	0.9821	0.0000	0.0000
0.0000	0.0000	0.0000	1.0000	0.0000	0.0000
0.0000	0.0000	0.9427	0.0573	0.0000	0.0000
0.0000	0.0000	1.0000	0.0000	0.0000	0.0000
0.0000	0.0000	1.0000	0.0000	0.0000	0.0000
0.0000	0.0000	0.9989	0.0011	0.0000	0.0000
0.0000	0.0000	0.0000	1.0000	0.0000	0.0000
0.0000	0.0000	1.0000	0.0000	0.0000	0.0000
0.0000	0.0000	0.0000	1.0000	0.0000	0.0000
0.0000	0.0000	0.0000	0.0000	0.9963	0.0037
0.0000	0.0000	0.0000	0.0000	0.0002	0.9998
0.0000	0.0000	0.0000	0.0000	0.0010	0.9990
0.0000	0.0000	0.0000	0.0000	0.0010	0.9990
0.0000	0.0000	0.0000	0.0000	0.9995	0.0004
0.0000	0.0000	0.0000	0.0002	0.0000	0.9998
0.0000	0.0000	0.0000	0.0000	0.9878	0.0122
0.0000	0.0000	0.0000	0.0000	0.0060	0.9940
0.0000	0.0000	0.0000	0.0000	0.9999	0.0000
0.0000	0.9870	0.0000	0.0000	0.0130	0.0000
0.0036	0.0458	0.0000	0.0000	0.9506	0.0000
