0.3008	0.6992	0.0000	0.0000	0.0000	0.0000
0.6929	0.3071	0.0000	0.0000	0.0000	0.0000
0.8983	0.1017	0.0000	0.0000	0.0000	0.0000
0.0018	0.9982	0.0000	0.0000	0.0000	0.0000
0.0001	0.9998	0.0000	0.0000	0.0000	0.0000
0.0000	0.9986	0.0000	0.0000	0.0014	0.0000
0.0151	0.9849	0.0000	0.0000	0.0000	0.0000
0.7920	0.2079	0.0000	0.0000	0.0000	0.0000
0.0000	0.9997	0.0000	0.0000	0.0003	0.0000
1.0000	0.0000	0.0000	0.0000	0.0000	0.0000
0.0015	0.0000	0.0000	0.9985	0.0000	0.0000
0.0000	0.0000	1.0000	0.0000	0.0000	0.0000
0.0000	0.0000	0.0017	0.9983	0.0000	0.0000
0.0000	0.0000	0.0025	0.9975	0.0000	0.0000
0.0000	0.0000	0.0000	1.0000	0.0000	0.0000
0.0000	0.0000	0.8174	0.1826	0.0000	0.0000
0.0000	0.0000	1.0000	0.0000	0.0000	0.0000
0.0000	0.0000	1.0000	0.0000	0.0000	0.0000
0.0000	0.0000	0.9950	0.0050	0.0000	0.0000
0.0000	0.0000	0.0000	1.0000	0.0000	0.0000
0.0000	0.0000	1.0000	0.0000	0.0000	0.0000
0.0000	0.0000	0.0000	1.0000	0.0000	0.0000
0.0000	0.0000	0.0000	0.0000	0.9995	0.0005
0.0000	0.0000	0.0000	0.0000	0.2071	0.7929
0.0000	0.0000	0.0000	0.0000	0.9907	0.0093
0.0000	0.0000	0.0000	0.0002	0.0003	0.9994
0.0000	0.0001	0.0000	0.0000	0.9992	0.0006
0.0000	0.0000	0.0000	0.0021	0.0000	0.9979
0.0000	0.0000	0.0000	0.0000	0.9659	0.0340
0.0000	0.0000	0.0000	0.0000	0.0515	0.9485
0.0000	0.0001	0.0000	0.0000	0.9999	0.0000
0.0000	0.9508	0.0000	0.0000	0.0492	0.0000
0.0016	0.2020	0.0000	0.0000	0.7963	0.0000
