0.9477	0.0523	0.0000	0.0000	0.0000	0.0000
0.0620	0.9371	0.0000	0.0000	0.0009	0.0000
0.9816	0.0184	0.0000	0.0000	0.0000	0.0000
0.0137	0.9861	0.0000	0.0000	0.0002	0.0000
0.0007	0.9796	0.0000	0.0000	0.0197	0.0000
0.9999	0.0001	0.0000	0.0000	0.0000	0.0000
0.0289	0.9710	0.0000	0.0000	0.0001	0.0000
1.0000	0.0000	0.0000	0.0000	0.0000	0.0000
0.2256	0.7744	0.0000	0.0000	0.0000	0.0000
0.9893	0.0107	0.0000	0.0000	0.0000	0.0000
0.0000	0.0000	0.9996	0.0004	0.0000	0.0000
0.0016	0.0000	0.0000	0.9984	0.0000	0.0000
0.0000	0.0000	1.0000	0.0000	0.0000	0.0000
0.0000	0.0000	0.1422	0.8578	0.0000	0.0000
0.0000	0.0000	0.0000	1.0000	0.0000	0.0000
0.0000	0.0000	0.0000	1.0000	0.0000	0.0000
0.0000	0.0000	1.0000	0.0000	0.0000	0.0000
0.0000	0.0000	1.0000	0.0000	0.0000	0.0000
0.0000	0.0000	1.0000	0.0000	0.0000	0.0000
0.0000	0.0000	0.0000	1.0000	0.0000	0.0000
0.0001	0.0000	0.0000	0.9999	0.0000	0.0000
0.0000	0.0000	1.0000	0.0000	0.0000	0.0000
0.0000	0.0000	0.0000	0.0000	0.9995	0.0005
0.0000	0.0000	0.0000	0.0000	0.9998	0.0002
0.0000	0.0000	0.0000	0.0000	0.0049	0.9951
0.0000	0.0000	0.0000	0.0000	0.0135	0.9864
0.0000	0.0000	0.0000	0.0000	0.0036	0.9964
0.0000	0.0000	0.0000	0.0000	0.0000	0.9999
0.0000	0.0000	0.0000	0.0000	0.8961	0.1039
0.0004	0.0000	0.0116	0.5495	0.0177	0.4208
0.0000	0.0000	0.0000	0.0000	0.0011	0.9989
0.0000	0.0000	0.0000	0.0000	0.0000	1.0000
0.0000	0.0000	0.0000	0.0000	0.0000	1.0000
