0.1624	0.8374	0.0000	0.0000	0.0002	0.0000
0.5534	0.4239	0.0000	0.0000	0.0226	0.0000
0.5428	0.4571	0.0000	0.0000	0.0001	0.0000
0.0002	0.9998	0.0000	0.0000	0.0000	0.0000
0.0052	0.9069	0.0000	0.0000	0.0879	0.0000
1.0000	0.0000	0.0000	0.0000	0.0000	0.0000
0.0006	0.9993	0.0000	0.0000	0.0000	0.0000
1.0000	0.0000	0.0000	0.0000	0.0000	0.0000
0.0078	0.9922	0.0000	0.0000	0.0000	0.0000
0.9980	0.0020	0.0000	0.0000	0.0000	0.0000
0.0000	0.0000	0.9747	0.0253	0.0000	0.0000
0.1737	0.0000	0.0000	0.8263	0.0000	0.0000
0.0000	0.0000	1.0000	0.0000	0.0000	0.0000
0.0000	0.0000	0.9612	0.0388	0.0000	0.0000
0.0000	0.0000	0.0000	1.0000	0.0000	0.0000
0.0000	0.0000	0.0002	0.9998	0.0000	0.0000
0.0000	0.0000	1.0000	0.0000	0.0000	0.0000
0.0000	0.0000	0.9945	0.0055	0.0000	0.0000
0.0000	0.0000	1.0000	0.0000	0.0000	0.0000
0.0000	0.0000	0.0000	1.0000	0.0000	0.0000
0.0000	0.0000	0.0000	1.0000	0.0000	0.0000
0.0000	0.0000	1.0000	0.0000	0.0000	0.0000
0.0003	0.0000	0.0000	0.0000	0.9993	0.0004
0.0003	0.0000	0.0000	0.0000	0.9993	0.0004
0.0000	0.0000	0.0000	0.0000	0.0606	0.9394
0.0000	0.0000	0.0000	0.0000	0.0227	0.9773
0.0000	0.0000	0.0000	0.0000	0.0016	0.9984
0.0000	0.0000	0.0000	0.0000	0.0002	0.9998
0.0000	0.0000	0.0000	0.0000	0.5283	0.4717
0.0000	0.0000	0.0000	0.0057	0.0000	0.9943
0.0000	0.0000	0.0000	0.0000	0.0004	0.9996
0.0000	0.0000	0.0000	0.0000	0.0000	1.0000
0.0000	0.0000	0.0000	0.0000	0.0000	1.0000
