0.1765	0.8232	0.0000	0.0000	0.0003	0.0000
0.6907	0.2744	0.0000	0.0000	0.0349	0.0000
0.6324	0.3675	0.0000	0.0000	0.0001	0.0000
0.0005	0.9994	0.0000	0.0000	0.0000	0.0000
0.0092	0.9426	0.0000	0.0000	0.0482	0.0000
1.0000	0.0000	0.0000	0.0000	0.0000	0.0000
0.0053	0.9947	0.0000	0.0000	0.0000	0.0000
1.0000	0.0000	0.0000	0.0000	0.0000	0.0000
0.0053	0.9947	0.0000	0.0000	0.0000	0.0000
0.9587	0.0412	0.0000	0.0000	0.0001	0.0000
0.0000	0.0000	0.9654	0.0346	0.0000	0.0000
0.9194	0.0000	0.0000	0.0806	0.0000	0.0000
0.0000	0.0000	1.0000	0.0000	0.0000	0.0000
0.0000	0.0000	0.9808	0.0192	0.0000	0.0000
0.0000	0.0000	0.0000	1.0000	0.0000	0.0000
0.0000	0.0000	0.0001	0.9999	0.0000	0.0000
0.0000	0.0000	1.0000	0.0000	0.0000	0.0000
0.0000	0.0000	0.9997	0.0003	0.0000	0.0000
0.0000	0.0000	1.0000	0.0000	0.0000	0.0000
0.0000	0.0000	0.0000	1.0000	0.0000	0.0000
0.0000	0.0000	0.0000	1.0000	0.0000	0.0000
0.0000	0.0000	1.0000	0.0000	0.0000	0.0000
0.0000	0.0000	0.0000	0.0000	0.9999	0.0001
0.0000	0.0000	0.0000	0.0000	0.9999	0.0000
0.0000	0.0000	0.0000	0.0000	0.0001	0.9999
0.0000	0.0000	0.0000	0.0001	0.0078	0.9921
0.0000	0.0000	0.0000	0.0001	0.0342	0.9657
0.0000	0.0000	0.0000	0.0000	0.0016	0.9984
0.0000	0.0000	0.0000	0.0000	0.9343	0.0657
0.0002	0.0000	0.0000	0.0488	0.0722	0.8788
0.0000	0.0000	0.0000	0.0000	0.0000	1.0000
0.0000	0.0000	0.0000	0.0001	0.0000	0.9999
0.0000	0.0000	0.0000	0.0000	0.0000	1.0000
