0.0832	0.9168	0.0000	0.0000	0.0000	0.0000
0.9793	0.0207	0.0000	0.0000	0.0000	0.0000
1.0000	0.0000	0.0000	0.0000	0.0000	0.0000
0.0678	0.9322	0.0000	0.0000	0.0000	0.0000
0.2480	0.7440	0.0000	0.0000	0.0081	0.0000
0.0318	0.0011	0.0000	0.0000	0.9670	0.0001
0.0123	0.9876	0.0000	0.0000	0.0001	0.0000
0.9667	0.0332	0.0000	0.0000	0.0001	0.0000
1.0000	0.0000	0.0000	0.0000	0.0000	0.0000
0.0704	0.9294	0.0000	0.0000	0.0001	0.0000
0.0000	0.0000	0.9998	0.0002	0.0000	0.0000
0.0000	0.0000	1.0000	0.0000	0.0000	0.0000
0.0000	0.0000	1.0000	0.0000	0.0000	0.0000
0.0000	0.0000	1.0000	0.0000	0.0000	0.0000
0.0000	0.0000	0.9997	0.0003	0.0000	0.0000
0.0000	0.0000	0.0000	1.0000	0.0000	0.0000
0.0000	0.0000	0.0000	1.0000	0.0000	0.0000
0.0000	0.0000	0.0003	0.9997	0.0000	0.0000
0.0000	0.0000	0.0035	0.9965	0.0000	0.0000
0.0000	0.0000	1.0000	0.0000	0.0000	0.0000
0.0000	0.0000	0.7772	0.2228	0.0000	0.0000
0.0000	0.0000	0.0003	0.9997	0.0000	0.0000
0.0000	0.0000	0.0000	0.0001	0.0189	0.9810
0.0014	0.0000	0.0000	0.0040	0.0031	0.9915
0.0000	0.0000	0.0000	0.0008	0.0001	0.9992
0.0118	0.0000	0.0000	0.0000	0.9845	0.0037
0.0000	0.0000	0.0000	0.0001	0.0035	0.9964
0.0004	0.0000	0.0000	0.0000	0.9991	0.0005
0.0000	0.0000	0.0000	0.0000	0.0192	0.9808
0.0000	0.0000	0.0000	0.0000	0.1557	0.8443
0.0000	0.0000	0.0000	0.0002	0.0000	0.9998
0.0194	0.0910	0.0000	0.0000	0.8896	0.0000
0.0000	0.0000	0.0000	0.0000	0.0000	1.0000
