0.0745	0.9255	0.0000	0.0000	0.0000	0.0000
0.9928	0.0072	0.0000	0.0000	0.0000	0.0000
1.0000	0.0000	0.0000	0.0000	0.0000	0.0000
0.0274	0.9726	0.0000	0.0000	0.0000	0.0000
0.2587	0.7377	0.0000	0.0000	0.0036	0.0000
0.0428	0.0003	0.0000	0.0000	0.9569	0.0000
0.0034	0.9965	0.0000	0.0000	0.0000	0.0000
0.9993	0.0007	0.0000	0.0000	0.0000	0.0000
0.9999	0.0001	0.0000	0.0000	0.0000	0.0000
0.5410	0.4589	0.0000	0.0000	0.0001	0.0000
0.0000	0.0000	0.9997	0.0003	0.0000	0.0000
0.0000	0.0000	1.0000	0.0000	0.0000	0.0000
0.0000	0.0000	1.0000	0.0000	0.0000	0.0000
0.0000	0.0000	1.0000	0.0000	0.0000	0.0000
0.0000	0.0000	0.9998	0.0002	0.0000	0.0000
0.0000	0.0000	0.0000	1.0000	0.0000	0.0000
0.0000	0.0000	0.0000	1.0000	0.0000	0.0000
0.0000	0.0000	0.0000	1.0000	0.0000	0.0000
0.0000	0.0000	0.0018	0.9982	0.0000	0.0000
0.0000	0.0000	1.0000	0.0000	0.0000	0.0000
0.0000	0.0000	0.4698	0.5302	0.0000	0.0000
0.0000	0.0000	0.0002	0.9998	0.0000	0.0000
0.0000	0.0000	0.0000	0.0000	0.0107	0.9892
0.0024	0.0000	0.0000	0.0063	0.0014	0.9900
0.0000	0.0000	0.0000	0.0001	0.0000	0.9999
0.0625	0.0000	0.0000	0.0000	0.9368	0.0007
0.0000	0.0000	0.0000	0.0000	0.0016	0.9984
0.0002	0.0000	0.0000	0.0000	0.9997	0.0001
0.0000	0.0000	0.0000	0.0000	0.0028	0.9972
0.0000	0.0000	0.0000	0.0000	0.0150	0.9850
0.0000	0.0000	0.0000	0.0000	0.0000	1.0000
0.0093	0.0321	0.0000	0.0000	0.9585	0.0000
0.0000	0.0000	0.0000	0.0000	0.0000	1.0000
