0.0113	0.9887	0.0000	0.0000	0.0000	0.0000
0.9773	0.0227	0.0000	0.0000	0.0000	0.0000
1.0000	0.0000	0.0000	0.0000	0.0000	0.0000
0.0154	0.9846	0.0000	0.0000	0.0000	0.0000
0.0006	0.9994	0.0000	0.0000	0.0000	0.0000
0.0245	0.4018	0.0000	0.0009	0.5725	0.0003
0.0005	0.9995	0.0000	0.0000	0.0000	0.0000
0.7208	0.2792	0.0000	0.0000	0.0000	0.0000
0.9852	0.0147	0.0000	0.0000	0.0000	0.0000
0.0083	0.9917	0.0000	0.0000	0.0000	0.0000
0.0000	0.0000	1.0000	0.0000	0.0000	0.0000
0.0000	0.0000	1.0000	0.0000	0.0000	0.0000
0.0000	0.0000	1.0000	0.0000	0.0000	0.0000
0.0000	0.0000	1.0000	0.0000	0.0000	0.0000
0.0000	0.0000	1.0000	0.0000	0.0000	0.0000
0.0000	0.0000	0.0000	1.0000	0.0000	0.0000
0.0001	0.0000	0.0002	0.9997	0.0000	0.0000
0.0000	0.0000	0.0002	0.9998	0.0000	0.0000
0.0093	0.0000	0.9075	0.0832	0.0000	0.0000
0.0000	0.0000	1.0000	0.0000	0.0000	0.0000
0.0000	0.0000	0.9984	0.0016	0.0000	0.0000
0.0000	0.0000	0.0000	1.0000	0.0000	0.0000
0.0000	0.0000	0.0000	0.0000	0.0005	0.9995
0.0572	0.0000	0.0003	0.0008	0.9418	0.0000
0.0000	0.0000	0.0000	0.0000	0.0000	1.0000
0.0009	0.0081	0.0000	0.0000	0.9907	0.0002
0.0000	0.0000	0.0000	0.0000	0.0296	0.9704
0.0000	0.0000	0.0000	0.0000	1.0000	0.0000
0.0000	0.0000	0.0000	0.0000	0.0572	0.9428
0.0000	0.0000	0.0000	0.0000	0.0105	0.9895
0.0000	0.0000	0.0000	0.0000	0.0000	1.0000
0.0006	0.6349	0.0000	0.0000	0.3645	0.0000
0.0000	0.0000	0.0000	0.0000	0.0000	1.0000
