0.3562	0.6437	0.0000	0.0000	0.0002	0.0000
0.9954	0.0046	0.0000	0.0000	0.0000	0.0000
1.0000	0.0000	0.0000	0.0000	0.0000	0.0000
0.0878	0.9122	0.0000	0.0000	0.0000	0.0000
0.4560	0.5400	0.0000	0.0000	0.0039	0.0000
0.0015	0.0263	0.0000	0.0000	0.9721	0.0000
0.0896	0.9103	0.0000	0.0000	0.0001	0.0000
0.9670	0.0328	0.0000	0.0000	0.0002	0.0000
0.9993	0.0001	0.0000	0.0000	0.0006	0.0000
0.6575	0.3423	0.0000	0.0000	0.0002	0.0000
0.0000	0.0000	0.9993	0.0007	0.0000	0.0000
0.0000	0.0000	1.0000	0.0000	0.0000	0.0000
0.0000	0.0000	1.0000	0.0000	0.0000	0.0000
0.0000	0.0000	1.0000	0.0000	0.0000	0.0000
0.0000	0.0000	1.0000	0.0000	0.0000	0.0000
0.0000	0.0000	0.0003	0.9992	0.0000	0.0005
0.0000	0.0000	0.0000	1.0000	0.0000	0.0000
0.0000	0.0000	0.0034	0.9966	0.0000	0.0000
0.0000	0.0000	0.0155	0.9845	0.0000	0.0000
0.0000	0.0000	1.0000	0.0000	0.0000	0.0000
0.0000	0.0000	0.5838	0.4162	0.0000	0.0000
0.0000	0.0000	0.0008	0.9992	0.0000	0.0000
0.0000	0.0000	0.0000	0.0000	0.0120	0.9880
0.0031	0.0000	0.0000	0.1514	0.8448	0.0007
0.0000	0.0000	0.0000	0.0001	0.0003	0.9996
0.0001	0.0000	0.0000	0.0002	0.9939	0.0058
0.0000	0.0000	0.0000	0.0015	0.1376	0.8609
0.0001	0.0000	0.0000	0.0000	0.9998	0.0001
0.0000	0.0000	0.0000	0.0000	0.0012	0.9988
0.0000	0.0000	0.0000	0.0000	0.0003	0.9997
0.0000	0.0000	0.0000	0.0006	0.0003	0.9991
0.0087	0.2593	0.0000	0.0000	0.7320	0.0000
0.0000	0.0000	0.0000	0.0000	0.0000	1.0000
