1.0000	0.0000	0.0000	0.0000	0.0000	0.0000
0.8592	0.1404	0.0000	0.0000	0.0004	0.0000
0.8074	0.1923	0.0000	0.0000	0.0003	0.0000
0.7799	0.2200	0.0000	0.0000	0.0001	0.0000
0.0008	0.9985	0.0000	0.0000	0.0007	0.0000
0.0040	0.8026	0.0000	0.0000	0.1934	0.0000
1.0000	0.0000	0.0000	0.0000	0.0000	0.0000
0.0392	0.9486	0.0000	0.0000	0.0121	0.0000
0.4772	0.5202	0.0000	0.0000	0.0026	0.0000
0.0891	0.9018	0.0000	0.0000	0.0091	0.0000
0.0000	0.0000	1.0000	0.0000	0.0000	0.0000
0.0000	0.0000	1.0000	0.0000	0.0000	0.0000
0.0000	0.0000	0.0000	1.0000	0.0000	0.0000
0.0001	0.0000	0.0000	0.9999	0.0000	0.0000
0.0000	0.0000	0.0000	1.0000	0.0000	0.0000
0.0000	0.0000	0.0857	0.9143	0.0000	0.0000
0.0000	0.0000	0.9998	0.0002	0.0000	0.0000
0.0000	0.0000	1.0000	0.0000	0.0000	0.0000
0.0000	0.0000	0.0001	0.9999	0.0000	0.0000
0.0000	0.0000	1.0000	0.0000	0.0000	0.0000
0.0000	0.0000	0.0000	1.0000	0.0000	0.0000
0.0000	0.0000	0.0000	1.0000	0.0000	0.0000
0.0000	0.0000	0.0000	0.0000	0.9447	0.0552
0.0000	0.0000	0.0000	0.0000	0.9950	0.0050
0.0000	0.0000	0.0001	0.0002	0.1287	0.8709
0.0000	0.0000	0.0000	0.0000	0.9995	0.0005
0.0000	0.0000	0.0000	0.0000	0.9998	0.0002
0.0000	0.0000	0.0013	0.9156	0.0829	0.0002
0.0000	0.0000	0.0000	0.0000	1.0000	0.0000
0.0000	0.0000	0.0000	0.0000	0.9991	0.0009
0.0596	0.0000	0.0001	0.0032	0.9371	0.0000
0.0000	0.0000	0.0000	0.0000	0.0000	1.0000
0.0000	0.0000	0.0000	0.0000	0.0000	1.0000
