1.0000	0.0000	0.0000	0.0000	0.0000	0.0000
0.7503	0.2497	0.0000	0.0000	0.0000	0.0000
0.2178	0.7822	0.0000	0.0000	0.0000	0.0000
0.8635	0.1365	0.0000	0.0000	0.0000	0.0000
0.0001	0.9999	0.0000	0.0000	0.0000	0.0000
0.0000	0.9742	0.0000	0.0000	0.0258	0.0000
0.9999	0.0001	0.0000	0.0000	0.0000	0.0000
0.0078	0.9918	0.0000	0.0000	0.0003	0.0000
0.1487	0.8512	0.0000	0.0000	0.0000	0.0000
0.0074	0.9925	0.0000	0.0000	0.0001	0.0000
0.0000	0.0000	1.0000	0.0000	0.0000	0.0000
0.0000	0.0000	1.0000	0.0000	0.0000	0.0000
0.0000	0.0000	0.0003	0.9997	0.0000	0.0000
0.0704	0.0004	0.0000	0.9292	0.0000	0.0000
0.0000	0.0000	0.0000	1.0000	0.0000	0.0000
0.0000	0.0000	0.0000	1.0000	0.0000	0.0000
0.0000	0.0000	0.9830	0.0170	0.0000	0.0000
0.0000	0.0000	1.0000	0.0000	0.0000	0.0000
0.0000	0.0000	0.0000	1.0000	0.0000	0.0000
0.0000	0.0000	1.0000	0.0000	0.0000	0.0000
0.0000	0.0000	0.0000	1.0000	0.0000	0.0000
0.0000	0.0000	0.0000	1.0000	0.0000	0.0000
0.0000	0.0000	0.0000	0.0000	0.9707	0.0293
0.0000	0.0000	0.0000	0.0000	0.9988	0.0012
0.0000	0.0000	0.0000	0.0001	0.0257	0.9741
0.0000	0.0000	0.0000	0.0000	0.9999	0.0000
0.0000	0.0000	0.0000	0.0000	0.9997	0.0003
0.0000	0.0000	0.0000	0.2436	0.7374	0.0190
0.0000	0.0003	0.0000	0.0000	0.9997	0.0000
0.0000	0.0000	0.0000	0.0000	0.9954	0.0046
0.0000	0.0000	0.0000	0.0004	0.9996	0.0000
0.0000	0.0000	0.0000	0.0000	0.0000	1.0000
0.0000	0.0000	0.0000	0.0000	0.0000	1.0000
