0.0027	0.0005	0.0000	0.0000	0.9968	0.0000
0.1226	0.8760	0.0000	0.0000	0.0014	0.0000
0.0748	0.9244	0.0000	0.0000	0.0008	0.0000
0.3257	0.3565	0.0000	0.0000	0.3178	0.0000
1.0000	0.0000	0.0000	0.0000	0.0000	0.0000
0.9273	0.0724	0.0000	0.0000	0.0003	0.0000
0.9724	0.0274	0.0000	0.0000	0.0002	0.0000
0.9992	0.0005	0.0000	0.0000	0.0003	0.0000
0.0204	0.9770	0.0000	0.0000	0.0026	0.0000
0.0054	0.9946	0.0000	0.0000	0.0000	0.0000
0.0000	0.0000	0.0062	0.9938	0.0000	0.0000
0.0000	0.0000	0.0006	0.9628	0.0000	0.0367
0.0000	0.0000	0.0000	1.0000	0.0000	0.0000
0.0000	0.0000	1.0000	0.0000	0.0000	0.0000
0.0000	0.0000	1.0000	0.0000	0.0000	0.0000
0.0000	0.0000	0.9917	0.0083	0.0000	0.0000
0.0000	0.0000	0.0000	1.0000	0.0000	0.0000
0.0000	0.0000	0.0000	1.0000	0.0000	0.0000
0.0000	0.0000	0.0000	1.0000	0.0000	0.0000
0.0000	0.0000	1.0000	0.0000	0.0000	0.0000
0.0000	0.0000	1.0000	0.0000	0.0000	0.0000
0.0000	0.0000	0.0000	1.0000	0.0000	0.0000
0.0024	0.0002	0.0000	0.0000	0.9974	0.0000
0.0000	0.0000	0.0000	0.0000	0.8595	0.1405
0.0000	0.0000	0.0000	0.0000	0.0196	0.9804
0.0000	0.0000	0.0000	0.0000	0.9998	0.0002
0.0000	0.0000	0.0000	0.0000	0.0004	0.9996
0.0000	0.0000	0.0000	0.0000	0.0648	0.9352
0.0005	0.0000	0.0000	0.0004	0.6241	0.3750
0.0000	0.0000	0.0000	0.0003	0.0665	0.9332
0.0000	0.0000	0.0000	0.0000	0.7179	0.2821
0.0000	0.0000	0.0000	0.0000	0.9992	0.0008
0.0000	0.0000	0.0000	0.0000	0.0568	0.9432
