0.0008	0.0002	0.0000	0.0000	0.9990	0.0000
0.4682	0.5306	0.0000	0.0000	0.0011	0.0000
0.0873	0.9114	0.0000	0.0000	0.0013	0.0000
0.1071	0.6618	0.0000	0.0000	0.2310	0.0000
1.0000	0.0000	0.0000	0.0000	0.0000	0.0000
0.9866	0.0133	0.0000	0.0000	0.0001	0.0000
0.9996	0.0003	0.0000	0.0000	0.0000	0.0000
0.9997	0.0001	0.0000	0.0000	0.0002	0.0000
0.0226	0.9758	0.0000	0.0000	0.0016	0.0000
0.0002	0.9998	0.0000	0.0000	0.0000	0.0000
0.0000	0.0000	0.0004	0.9996	0.0000	0.0000
0.0000	0.0000	0.0043	0.9940	0.0000	0.0017
0.0000	0.0000	0.0000	1.0000	0.0000	0.0000
0.0000	0.0000	1.0000	0.0000	0.0000	0.0000
0.0000	0.0000	1.0000	0.0000	0.0000	0.0000
0.0000	0.0000	0.9929	0.0071	0.0000	0.0000
0.0000	0.0000	0.0000	1.0000	0.0000	0.0000
0.0000	0.0000	0.0000	1.0000	0.0000	0.0000
0.0000	0.0000	0.0000	1.0000	0.0000	0.0000
0.0000	0.0000	1.0000	0.0000	0.0000	0.0000
0.0000	0.0000	1.0000	0.0000	0.0000	0.0000
0.0000	0.0000	0.0000	1.0000	0.0000	0.0000
0.0001	0.0001	0.0000	0.0000	0.9998	0.0000
0.0000	0.0000	0.0000	0.0000	0.9890	0.0110
0.0000	0.0000	0.0000	0.0000	0.0723	0.9277
0.0000	0.0000	0.0000	0.0000	0.9991	0.0009
0.0000	0.0000	0.0000	0.0000	0.0000	1.0000
0.0000	0.0000	0.0000	0.0000	0.0765	0.9235
0.0000	0.0000	0.0000	0.0004	0.9911	0.0085
0.0000	0.0000	0.0000	0.0111	0.7110	0.2778
0.0000	0.0000	0.0000	0.0000	0.1845	0.8155
0.0000	0.0000	0.0000	0.0000	0.9985	0.0015
0.0000	0.0000	0.0000	0.0000	0.0003	0.9997
