0.0030	0.0010	0.0001	0.0002	0.9910	0.0047
0.3119	0.6872	0.0000	0.0000	0.0010	0.0000
0.0188	0.9808	0.0000	0.0000	0.0004	0.0000
0.3726	0.5160	0.0000	0.0001	0.1112	0.0001
1.0000	0.0000	0.0000	0.0000	0.0000	0.0000
0.9983	0.0017	0.0000	0.0000	0.0000	0.0000
0.9902	0.0098	0.0000	0.0000	0.0000	0.0000
0.9984	0.0015	0.0000	0.0001	0.0000	0.0000
0.0092	0.9886	0.0000	0.0000	0.0021	0.0000
0.0082	0.9917	0.0000	0.0000	0.0000	0.0000
0.0000	0.0000	0.0069	0.9931	0.0000	0.0000
0.0000	0.0000	0.0002	0.9978	0.0000	0.0019
0.0000	0.0000	0.0000	1.0000	0.0000	0.0000
0.0000	0.0000	1.0000	0.0000	0.0000	0.0000
0.0000	0.0000	1.0000	0.0000	0.0000	0.0000
0.0000	0.0000	1.0000	0.0000	0.0000	0.0000
0.0000	0.0000	0.0001	0.9999	0.0000	0.0000
0.0000	0.0000	0.0000	1.0000	0.0000	0.0000
0.0000	0.0000	0.0000	1.0000	0.0000	0.0000
0.0000	0.0000	1.0000	0.0000	0.0000	0.0000
0.0000	0.0000	1.0000	0.0000	0.0000	0.0000
0.0000	0.0000	0.0000	1.0000	0.0000	0.0000
0.0001	0.0001	0.0000	0.0000	0.9990	0.0008
0.0000	0.0000	0.0000	0.0000	0.9774	0.0226
0.0000	0.0000	0.0000	0.0000	0.0001	0.9999
0.0000	0.0000	0.0000	0.0000	0.9963	0.0037
0.0000	0.0000	0.0000	0.0000	0.0000	1.0000
0.0000	0.0000	0.0000	0.0000	0.2459	0.7541
0.0001	0.0000	0.0001	0.0004	0.5373	0.4621
0.0000	0.0000	0.0001	0.0001	0.4399	0.5599
0.0000	0.0000	0.0000	0.0000	0.9419	0.0581
0.0000	0.0000	0.0000	0.0000	0.9995	0.0005
0.0000	0.0000	0.0000	0.0000	0.0025	0.9975
