0.7792	0.2207	0.0000	0.0000	0.0001	0.0000
1.0000	0.0000	0.0000	0.0000	0.0000	0.0000
0.8783	0.1029	0.0000	0.0000	0.0188	0.0000
0.0010	0.0383	0.0000	0.0000	0.9607	0.0000
0.3878	0.6110	0.0000	0.0000	0.0011	0.0000
0.6091	0.3903	0.0000	0.0000	0.0006	0.0000
1.0000	0.0000	0.0000	0.0000	0.0000	0.0000
0.9818	0.0182	0.0000	0.0000	0.0000	0.0000
0.0000	1.0000	0.0000	0.0000	0.0000	0.0000
0.0000	1.0000	0.0000	0.0000	0.0000	0.0000
0.0000	0.0000	1.0000	0.0000	0.0000	0.0000
0.0000	0.0000	0.0006	0.9994	0.0000	0.0000
0.0000	0.0000	0.0003	0.9997	0.0000	0.0000
0.0000	0.0000	0.0000	1.0000	0.0000	0.0000
0.0000	0.0000	1.0000	0.0000	0.0000	0.0000
0.0000	0.0000	0.0001	0.9999	0.0000	0.0000
0.0000	0.0000	0.9978	0.0022	0.0000	0.0000
0.0000	0.0000	1.0000	0.0000	0.0000	0.0000
0.0000	0.0000	0.0055	0.9945	0.0000	0.0000
0.0000	0.0000	1.0000	0.0000	0.0000	0.0000
0.0000	0.0000	0.9992	0.0008	0.0000	0.0000
0.0000	0.0000	0.0000	1.0000	0.0000	0.0000
0.0000	0.0000	0.0000	0.0000	0.3521	0.6478
0.0132	0.0002	0.0000	0.0000	0.9865	0.0000
0.0000	0.0000	0.0000	0.0000	0.0002	0.9998
0.0000	0.0000	0.0000	0.0034	0.0175	0.9791
0.0000	0.0000	0.0000	0.0000	0.9990	0.0009
0.0000	0.0000	0.0000	0.0001	0.5448	0.4550
0.0000	0.0000	0.0000	0.0000	0.0001	0.9999
0.0000	0.0000	0.0000	0.0000	0.9968	0.0032
0.0000	0.0000	0.0000	0.0000	0.9702	0.0298
0.0000	0.0000	0.0000	0.0000	0.0000	1.0000
0.0074	0.0457	0.0000	0.0000	0.9469	0.0000
