0.0023	0.9977	0.0000	0.0000	0.0000	0.0000
0.9986	0.0014	0.0000	0.0000	0.0000	0.0000
0.0494	0.9465	0.0000	0.0000	0.0041	0.0000
0.0000	0.0216	0.0000	0.0000	0.9736	0.0048
0.9991	0.0009	0.0000	0.0000	0.0000	0.0000
0.3351	0.6649	0.0000	0.0000	0.0000	0.0000
0.0000	0.0032	0.0000	0.0000	0.9968	0.0000
0.9552	0.0447	0.0000	0.0000	0.0001	0.0000
0.9982	0.0018	0.0000	0.0000	0.0000	0.0000
0.0034	0.9966	0.0000	0.0000	0.0000	0.0000
0.0000	0.0000	0.0000	1.0000	0.0000	0.0000
0.0000	0.0000	1.0000	0.0000	0.0000	0.0000
0.0000	0.0000	1.0000	0.0000	0.0000	0.0000
0.0000	0.0000	0.0000	1.0000	0.0000	0.0000
0.0000	0.0000	0.0514	0.9486	0.0000	0.0000
0.0000	0.0000	0.0000	1.0000	0.0000	0.0000
0.0000	0.0000	0.0000	1.0000	0.0000	0.0000
0.0000	0.0000	0.9997	0.0003	0.0000	0.0000
0.0000	0.0000	1.0000	0.0000	0.0000	0.0000
0.0000	0.0000	1.0000	0.0000	0.0000	0.0000
0.0000	0.0000	1.0000	0.0000	0.0000	0.0000
0.0000	0.0000	0.0000	1.0000	0.0000	0.0000
0.0000	0.0000	0.0000	0.0000	0.9935	0.0065
0.0000	0.0000	0.0000	0.0000	0.0000	1.0000
0.0808	0.0001	0.0000	0.0000	0.9185	0.0006
0.0000	0.0033	0.0000	0.0000	0.1516	0.8451
0.0000	0.0000	0.0000	0.0000	0.4989	0.5011
0.0000	0.0000	0.0000	0.0000	0.9913	0.0087
0.0000	0.0000	0.0000	0.0000	1.0000	0.0000
0.0000	0.0000	0.0000	0.0000	1.0000	0.0000
0.0000	0.0000	0.0000	0.0000	0.9412	0.0588
0.0000	0.0000	0.0000	0.0000	0.5738	0.4262
0.0000	0.0103	0.0000	0.0000	0.4177	0.5720
