0.0004	0.9996	0.0000	0.0000	0.0000	0.0000
0.9947	0.0053	0.0000	0.0000	0.0000	0.0000
0.7567	0.2432	0.0000	0.0000	0.0001	0.0000
0.0000	0.9749	0.0000	0.0000	0.0249	0.0002
0.9999	0.0001	0.0000	0.0000	0.0000	0.0000
0.0865	0.9135	0.0000	0.0000	0.0000	0.0000
0.0000	0.9976	0.0000	0.0000	0.0024	0.0000
0.9756	0.0244	0.0000	0.0000	0.0000	0.0000
0.9824	0.0176	0.0000	0.0000	0.0000	0.0000
0.0202	0.9798	0.0000	0.0000	0.0000	0.0000
0.0000	0.0000	0.0000	1.0000	0.0000	0.0000
0.0000	0.0000	1.0000	0.0000	0.0000	0.0000
0.0000	0.0000	1.0000	0.0000	0.0000	0.0000
0.0000	0.0000	0.0000	1.0000	0.0000	0.0000
0.0000	0.0000	0.0925	0.9075	0.0000	0.0000
0.0000	0.0000	0.0000	1.0000	0.0000	0.0000
0.0000	0.0000	0.0000	1.0000	0.0000	0.0000
0.0000	0.0000	1.0000	0.0000	0.0000	0.0000
0.0000	0.0000	1.0000	0.0000	0.0000	0.0000
0.0000	0.0000	1.0000	0.0000	0.0000	0.0000
0.0000	0.0000	1.0000	0.0000	0.0000	0.0000
0.0000	0.0000	0.0029	0.9971	0.0000	0.0000
0.0000	0.0000	0.0000	0.0000	0.6561	0.3439
0.0000	0.0000	0.0000	0.0000	0.0000	1.0000
0.9045	0.0000	0.0000	0.0000	0.0945	0.0010
0.0000	0.0006	0.0000	0.0000	0.5005	0.4989
0.0000	0.0000	0.0000	0.0000	0.7992	0.2008
0.0000	0.0000	0.0000	0.0000	0.9999	0.0001
0.0000	0.0000	0.0000	0.0000	1.0000	0.0000
0.0000	0.0000	0.0000	0.0000	1.0000	0.0000
0.0000	0.0000	0.0000	0.0000	0.9587	0.0413
0.0000	0.0000	0.0000	0.0000	0.0063	0.9937
0.0000	0.0149	0.0000	0.0000	0.9764	0.0087
