0.9338	0.0649	0.0000	0.0000	0.0013	0.0000
0.9973	0.0023	0.0000	0.0000	0.0005	0.0000
0.8656	0.0950	0.0000	0.0000	0.0388	0.0007
0.0011	0.0020	0.0000	0.0000	0.7707	0.2262
0.6289	0.3658	0.0000	0.0000	0.0052	0.0001
0.8617	0.1365	0.0000	0.0000	0.0018	0.0000
0.6895	0.1846	0.0000	0.0000	0.1246	0.0012
0.8449	0.1302	0.0000	0.0000	0.0248	0.0001
0.7958	0.1247	0.0000	0.0000	0.0779	0.0015
0.0494	0.9285	0.0000	0.0001	0.0103	0.0116
0.0000	0.0000	0.0000	1.0000	0.0000	0.0000
0.0000	0.0000	1.0000	0.0000	0.0000	0.0000
0.0000	0.0000	1.0000	0.0000	0.0000	0.0000
0.0000	0.0000	0.0503	0.9497	0.0000	0.0000
0.0015	0.0000	0.9806	0.0179	0.0000	0.0000
0.0000	0.0000	0.0005	0.9995	0.0001	0.0000
0.0003	0.0000	0.0075	0.9889	0.0032	0.0000
0.0000	0.0000	1.0000	0.0000	0.0000	0.0000
0.0000	0.0000	1.0000	0.0000	0.0000	0.0000
0.0000	0.0000	1.0000	0.0000	0.0000	0.0000
0.0000	0.0000	1.0000	0.0000	0.0000	0.0000
0.0000	0.0000	0.9375	0.0625	0.0000	0.0000
0.1242	0.1348	0.0000	0.0000	0.6781	0.0629
0.0000	0.0001	0.0000	0.0001	0.0085	0.9913
0.6358	0.2412	0.0000	0.0000	0.1220	0.0009
0.0005	0.0066	0.0000	0.0000	0.4602	0.5327
0.0000	0.0000	0.0000	0.0000	0.0579	0.9421
0.0022	0.0017	0.0000	0.0000	0.9184	0.0777
0.0008	0.0018	0.0000	0.0000	0.6473	0.3501
0.0000	0.0000	0.0000	0.0000	0.5127	0.4873
0.0000	0.0000	0.0000	0.0000	0.8715	0.1285
0.0000	0.0001	0.0000	0.0001	0.0787	0.9211
0.0791	0.0901	0.0000	0.0000	0.8188	0.0120
