0.3141	0.6593	0.0000	0.0000	0.0265	0.0001
0.9987	0.0011	0.0000	0.0000	0.0002	0.0000
0.2739	0.6416	0.0000	0.0000	0.0842	0.0003
0.0000	0.0001	0.0000	0.0000	0.9056	0.0943
0.2554	0.7436	0.0000	0.0000	0.0009	0.0000
0.6240	0.3751	0.0000	0.0000	0.0009	0.0000
0.5171	0.4599	0.0000	0.0000	0.0230	0.0001
0.6354	0.3618	0.0000	0.0000	0.0028	0.0000
0.8403	0.0820	0.0000	0.0000	0.0777	0.0000
0.0068	0.9800	0.0000	0.0000	0.0120	0.0012
0.0000	0.0000	0.0000	1.0000	0.0000	0.0000
0.0000	0.0000	1.0000	0.0000	0.0000	0.0000
0.0000	0.0000	1.0000	0.0000	0.0000	0.0000
0.0000	0.0000	0.8720	0.1280	0.0000	0.0000
0.0000	0.0000	0.0526	0.9473	0.0000	0.0000
0.0000	0.0000	0.0000	1.0000	0.0000	0.0000
0.0000	0.0000	0.0098	0.9901	0.0002	0.0000
0.0000	0.0000	0.9985	0.0015	0.0000	0.0000
0.0000	0.0000	0.9998	0.0002	0.0000	0.0000
0.0000	0.0000	1.0000	0.0000	0.0000	0.0000
0.0000	0.0000	1.0000	0.0000	0.0000	0.0000
0.0000	0.0000	0.6419	0.3581	0.0000	0.0000
0.0372	0.4833	0.0000	0.0000	0.4402	0.0393
0.0000	0.0000	0.0000	0.0000	0.0003	0.9996
0.7631	0.2105	0.0000	0.0000	0.0263	0.0001
0.0000	0.0037	0.0000	0.0000	0.5047	0.4916
0.0000	0.0000	0.0000	0.0000	0.0254	0.9746
0.0000	0.0001	0.0000	0.0000	0.9285	0.0714
0.0000	0.0003	0.0000	0.0000	0.7835	0.2162
0.0000	0.0000	0.0000	0.0000	0.7398	0.2602
0.0000	0.0000	0.0000	0.0000	0.9388	0.0612
0.0000	0.0000	0.0000	0.0000	0.0437	0.9563
0.0136	0.4828	0.0000	0.0000	0.4997	0.0039
