0.3666	0.5847	0.0000	0.0000	0.0464	0.0023
0.9797	0.0176	0.0000	0.0000	0.0026	0.0000
0.4742	0.4568	0.0000	0.0000	0.0639	0.0051
0.0000	0.0040	0.0000	0.0000	0.6558	0.3402
0.5523	0.4425	0.0000	0.0000	0.0050	0.0001
0.8010	0.1976	0.0000	0.0000	0.0013	0.0001
0.6496	0.3318	0.0000	0.0000	0.0182	0.0004
0.7091	0.2726	0.0000	0.0000	0.0181	0.0002
0.6728	0.2936	0.0000	0.0000	0.0333	0.0003
0.0766	0.9201	0.0000	0.0000	0.0026	0.0008
0.0000	0.0000	0.0000	1.0000	0.0000	0.0000
0.0000	0.0000	1.0000	0.0000	0.0000	0.0000
0.0000	0.0000	0.9999	0.0000	0.0000	0.0000
0.0000	0.0000	0.3664	0.6336	0.0000	0.0000
0.2217	0.0002	0.1449	0.6332	0.0000	0.0000
0.0000	0.0000	0.0003	0.9989	0.0007	0.0001
0.0020	0.0063	0.0130	0.9783	0.0004	0.0000
0.0000	0.0000	0.9676	0.0323	0.0000	0.0000
0.0000	0.0000	0.9999	0.0000	0.0000	0.0000
0.0000	0.0000	1.0000	0.0000	0.0000	0.0000
0.0000	0.0000	0.9999	0.0001	0.0000	0.0000
0.0000	0.0000	0.7227	0.2773	0.0000	0.0000
0.0134	0.2196	0.0000	0.0000	0.3895	0.3776
0.0000	0.0000	0.0000	0.0000	0.0000	1.0000
0.3581	0.5076	0.0000	0.0000	0.1221	0.0123
0.0000	0.0086	0.0000	0.0000	0.3864	0.6050
0.0000	0.0000	0.0000	0.0000	0.0901	0.9099
0.0001	0.0054	0.0000	0.0000	0.7826	0.2120
0.0001	0.0112	0.0000	0.0000	0.2861	0.7027
0.0000	0.0004	0.0000	0.0000	0.5729	0.4267
0.0000	0.0012	0.0000	0.0000	0.7119	0.2869
0.0000	0.0000	0.0000	0.0000	0.0183	0.9817
0.0032	0.0828	0.0000	0.0000	0.8486	0.0654
