0.7987	0.1938	0.0000	0.0000	0.0073	0.0002
0.9970	0.0024	0.0000	0.0000	0.0006	0.0000
0.5560	0.2608	0.0000	0.0000	0.1807	0.0025
0.0003	0.0016	0.0000	0.0000	0.6867	0.3114
0.2833	0.7134	0.0000	0.0000	0.0032	0.0002
0.6849	0.3098	0.0000	0.0000	0.0052	0.0001
0.4467	0.4589	0.0000	0.0000	0.0899	0.0044
0.6623	0.3116	0.0000	0.0000	0.0259	0.0002
0.7577	0.1659	0.0000	0.0000	0.0747	0.0016
0.0421	0.9317	0.0000	0.0001	0.0166	0.0095
0.0000	0.0000	0.0000	1.0000	0.0000	0.0000
0.0000	0.0000	1.0000	0.0000	0.0000	0.0000
0.0000	0.0000	0.9999	0.0001	0.0000	0.0000
0.0000	0.0000	0.1934	0.8066	0.0000	0.0000
0.0000	0.0000	0.9999	0.0001	0.0000	0.0000
0.0000	0.0000	0.0001	0.9999	0.0000	0.0000
0.0001	0.0000	0.0002	0.9994	0.0003	0.0000
0.0000	0.0000	0.9998	0.0002	0.0000	0.0000
0.0000	0.0000	1.0000	0.0000	0.0000	0.0000
0.0000	0.0000	1.0000	0.0000	0.0000	0.0000
0.0000	0.0000	1.0000	0.0000	0.0000	0.0000
0.0000	0.0000	0.9866	0.0134	0.0000	0.0000
0.1056	0.2981	0.0000	0.0000	0.4890	0.1072
0.0000	0.0000	0.0000	0.0001	0.0114	0.9885
0.4382	0.4913	0.0000	0.0000	0.0686	0.0019
0.0006	0.0160	0.0000	0.0000	0.5568	0.4266
0.0000	0.0000	0.0000	0.0000	0.0889	0.9111
0.0017	0.0111	0.0000	0.0000	0.7777	0.2094
0.0011	0.0051	0.0000	0.0000	0.4363	0.5574
0.0000	0.0000	0.0000	0.0000	0.5235	0.4765
0.0000	0.0000	0.0000	0.0000	0.7405	0.2595
0.0000	0.0000	0.0000	0.0003	0.0498	0.9499
0.0547	0.3793	0.0000	0.0000	0.5502	0.0158
