0.1159	0.8841	0.0000	0.0000	0.0000	0.0000
1.0000	0.0000	0.0000	0.0000	0.0000	0.0000
0.8082	0.1853	0.0000	0.0000	0.0064	0.0000
0.0000	0.0005	0.0000	0.0000	0.9986	0.0009
0.0394	0.9606	0.0000	0.0000	0.0000	0.0000
0.9401	0.0599	0.0000	0.0000	0.0000	0.0000
0.7812	0.1873	0.0000	0.0000	0.0315	0.0000
0.6567	0.3391	0.0000	0.0000	0.0042	0.0000
0.6224	0.3434	0.0000	0.0000	0.0342	0.0000
0.0000	1.0000	0.0000	0.0000	0.0000	0.0000
0.0000	0.0000	0.0000	1.0000	0.0000	0.0000
0.0000	0.0000	1.0000	0.0000	0.0000	0.0000
0.0000	0.0000	1.0000	0.0000	0.0000	0.0000
0.0000	0.0000	0.0479	0.9521	0.0000	0.0000
0.0000	0.0000	1.0000	0.0000	0.0000	0.0000
0.0000	0.0000	0.0000	1.0000	0.0000	0.0000
0.0000	0.0000	0.0000	1.0000	0.0000	0.0000
0.0000	0.0000	1.0000	0.0000	0.0000	0.0000
0.0000	0.0000	1.0000	0.0000	0.0000	0.0000
0.0000	0.0000	1.0000	0.0000	0.0000	0.0000
0.0000	0.0000	1.0000	0.0000	0.0000	0.0000
0.0000	0.0000	0.9864	0.0136	0.0000	0.0000
0.0011	0.0326	0.0000	0.0000	0.9294	0.0368
0.0000	0.0000	0.0000	0.0000	0.0000	1.0000
0.8360	0.0711	0.0000	0.0000	0.0929	0.0000
0.0000	0.0088	0.0000	0.0000	0.4398	0.5514
0.0000	0.0000	0.0000	0.0000	0.0010	0.9990
0.0000	0.0000	0.0000	0.0000	0.9999	0.0000
0.0000	0.0009	0.0000	0.0000	0.8816	0.1175
0.0000	0.0000	0.0000	0.0000	0.9738	0.0262
0.0000	0.0000	0.0000	0.0000	0.9926	0.0074
0.0000	0.0000	0.0000	0.0000	0.0024	0.9976
0.0000	0.0023	0.0000	0.0000	0.9977	0.0000
