0.0062	0.9938	0.0000	0.0000	0.0000	0.0000
0.9496	0.0504	0.0000	0.0000	0.0000	0.0000
0.0450	0.9481	0.0000	0.0000	0.0069	0.0000
0.0000	0.0844	0.0000	0.0000	0.8367	0.0789
0.9499	0.0501	0.0000	0.0000	0.0000	0.0000
0.8355	0.1645	0.0000	0.0000	0.0000	0.0000
0.5104	0.2294	0.0000	0.0000	0.2601	0.0001
0.7077	0.2889	0.0000	0.0000	0.0034	0.0000
0.9715	0.0261	0.0000	0.0000	0.0024	0.0000
0.0020	0.9979	0.0000	0.0000	0.0000	0.0001
0.0000	0.0000	0.0000	1.0000	0.0000	0.0000
0.0000	0.0000	1.0000	0.0000	0.0000	0.0000
0.0000	0.0000	1.0000	0.0000	0.0000	0.0000
0.0000	0.0000	0.0007	0.9993	0.0000	0.0000
0.0000	0.0000	0.8730	0.1270	0.0000	0.0000
0.0000	0.0000	0.0000	1.0000	0.0000	0.0000
0.0000	0.0000	0.0007	0.9993	0.0000	0.0000
0.0000	0.0000	0.9935	0.0065	0.0000	0.0000
0.0000	0.0000	1.0000	0.0000	0.0000	0.0000
0.0000	0.0000	1.0000	0.0000	0.0000	0.0000
0.0000	0.0000	1.0000	0.0000	0.0000	0.0000
0.0000	0.0000	0.0268	0.9732	0.0000	0.0000
0.0000	0.0269	0.0000	0.0000	0.8471	0.1260
0.0000	0.0000	0.0000	0.0000	0.0002	0.9998
0.4706	0.3971	0.0000	0.0000	0.1254	0.0070
0.0000	0.0103	0.0000	0.0000	0.4267	0.5630
0.0000	0.0000	0.0000	0.0000	0.2755	0.7245
0.0000	0.0000	0.0000	0.0000	0.9968	0.0032
0.0000	0.0002	0.0000	0.0000	0.9627	0.0371
0.0000	0.0000	0.0000	0.0000	0.9507	0.0493
0.0000	0.0000	0.0000	0.0000	0.4239	0.5761
0.0000	0.0000	0.0000	0.0000	0.0442	0.9558
0.0001	0.0702	0.0000	0.0000	0.8741	0.0556
