0.1347	0.8559	0.0000	0.0000	0.0094	0.0000
0.9993	0.0005	0.0000	0.0000	0.0001	0.0000
0.4232	0.5040	0.0000	0.0000	0.0727	0.0001
0.0000	0.0008	0.0000	0.0000	0.4940	0.5052
0.0940	0.9057	0.0000	0.0000	0.0003	0.0000
0.7771	0.2221	0.0000	0.0000	0.0008	0.0000
0.4658	0.5031	0.0000	0.0000	0.0310	0.0000
0.6219	0.3752	0.0000	0.0000	0.0030	0.0000
0.8254	0.0581	0.0000	0.0000	0.1166	0.0000
0.0022	0.9967	0.0000	0.0000	0.0011	0.0000
0.0000	0.0000	0.0000	1.0000	0.0000	0.0000
0.0000	0.0000	1.0000	0.0000	0.0000	0.0000
0.0000	0.0000	0.9993	0.0007	0.0000	0.0000
0.0000	0.0000	0.9407	0.0593	0.0000	0.0000
0.0009	0.0000	0.9898	0.0092	0.0001	0.0000
0.0000	0.0000	0.0024	0.9974	0.0001	0.0002
0.0000	0.0000	0.0008	0.9986	0.0006	0.0000
0.0000	0.0000	0.9997	0.0003	0.0000	0.0000
0.0000	0.0000	1.0000	0.0000	0.0000	0.0000
0.0000	0.0000	1.0000	0.0000	0.0000	0.0000
0.0000	0.0000	1.0000	0.0000	0.0000	0.0000
0.0000	0.0000	0.9867	0.0133	0.0000	0.0000
0.1556	0.1976	0.0000	0.0000	0.6219	0.0249
0.0000	0.0000	0.0000	0.0000	0.0000	1.0000
0.4411	0.5226	0.0000	0.0000	0.0363	0.0001
0.0000	0.0057	0.0000	0.0000	0.2598	0.7346
0.0000	0.0000	0.0000	0.0000	0.0007	0.9993
0.0000	0.0004	0.0000	0.0000	0.8470	0.1526
0.0001	0.0013	0.0000	0.0000	0.4050	0.5936
0.0000	0.0000	0.0000	0.0000	0.2958	0.7042
0.0000	0.0000	0.0000	0.0000	0.9569	0.0431
0.0000	0.0000	0.0000	0.0000	0.0004	0.9996
0.0055	0.0610	0.0000	0.0000	0.9319	0.0016
