0.1001	0.7534	0.0000	0.0000	0.1461	0.0004
0.9898	0.0070	0.0000	0.0000	0.0033	0.0000
0.3634	0.4899	0.0000	0.0000	0.1458	0.0009
0.0001	0.0155	0.0000	0.0000	0.8080	0.1765
0.2423	0.7514	0.0000	0.0000	0.0063	0.0000
0.4304	0.5526	0.0000	0.0000	0.0170	0.0001
0.4229	0.4887	0.0000	0.0000	0.0880	0.0004
0.7448	0.2430	0.0000	0.0000	0.0122	0.0000
0.7613	0.0711	0.0000	0.0000	0.1676	0.0001
0.0647	0.8546	0.0000	0.0000	0.0790	0.0017
0.0000	0.0000	0.0001	0.9999	0.0000	0.0000
0.0000	0.0000	1.0000	0.0000	0.0000	0.0000
0.0000	0.0000	0.9983	0.0017	0.0000	0.0000
0.0000	0.0000	0.9226	0.0774	0.0000	0.0000
0.0006	0.0000	0.2741	0.7243	0.0011	0.0000
0.0000	0.0000	0.0000	0.9998	0.0000	0.0002
0.0002	0.0000	0.0670	0.9316	0.0011	0.0000
0.0000	0.0000	0.9800	0.0200	0.0000	0.0000
0.0000	0.0000	0.9963	0.0009	0.0001	0.0028
0.0000	0.0000	1.0000	0.0000	0.0000	0.0000
0.0000	0.0000	1.0000	0.0000	0.0000	0.0000
0.0000	0.0000	0.8497	0.1503	0.0000	0.0000
0.0318	0.1414	0.0000	0.0000	0.8103	0.0165
0.0000	0.0000	0.0000	0.0000	0.0000	1.0000
0.6033	0.2441	0.0000	0.0000	0.1522	0.0005
0.0001	0.0367	0.0000	0.0000	0.7397	0.2234
0.0000	0.0000	0.0000	0.0000	0.0077	0.9923
0.0001	0.0027	0.0000	0.0000	0.7865	0.2107
0.0007	0.0067	0.0000	0.0000	0.6075	0.3852
0.0003	0.0004	0.0000	0.0000	0.6837	0.3156
0.0001	0.0005	0.0000	0.0000	0.9338	0.0656
0.0000	0.0000	0.0000	0.0000	0.0061	0.9939
0.0173	0.4880	0.0000	0.0000	0.4918	0.0029
