0.0424	0.9521	0.0000	0.0000	0.0053	0.0002
0.9985	0.0014	0.0000	0.0000	0.0001	0.0000
0.2230	0.7328	0.0000	0.0000	0.0437	0.0006
0.0000	0.0038	0.0000	0.0000	0.6958	0.3004
0.0525	0.9470	0.0000	0.0000	0.0005	0.0000
0.2576	0.7412	0.0000	0.0000	0.0013	0.0000
0.1695	0.8046	0.0000	0.0000	0.0258	0.0001
0.5764	0.4203	0.0000	0.0000	0.0033	0.0000
0.6862	0.2512	0.0000	0.0000	0.0626	0.0000
0.0008	0.9985	0.0000	0.0000	0.0006	0.0001
0.0000	0.0000	0.0000	1.0000	0.0000	0.0000
0.0000	0.0000	1.0000	0.0000	0.0000	0.0000
0.0000	0.0000	1.0000	0.0000	0.0000	0.0000
0.0000	0.0000	0.9534	0.0466	0.0000	0.0000
0.0043	0.0000	0.8091	0.1866	0.0000	0.0000
0.0000	0.0000	0.0001	0.9998	0.0001	0.0000
0.0000	0.0000	0.0008	0.9981	0.0011	0.0000
0.0000	0.0000	1.0000	0.0000	0.0000	0.0000
0.0000	0.0000	1.0000	0.0000	0.0000	0.0000
0.0000	0.0000	1.0000	0.0000	0.0000	0.0000
0.0000	0.0000	1.0000	0.0000	0.0000	0.0000
0.0000	0.0000	0.9317	0.0683	0.0000	0.0000
0.0059	0.3159	0.0000	0.0000	0.3849	0.2934
0.0000	0.0000	0.0000	0.0000	0.0000	1.0000
0.1142	0.8417	0.0000	0.0000	0.0435	0.0006
0.0000	0.0084	0.0000	0.0000	0.2664	0.7252
0.0000	0.0000	0.0000	0.0000	0.0020	0.9980
0.0000	0.0010	0.0000	0.0000	0.8979	0.1011
0.0000	0.0052	0.0000	0.0000	0.2296	0.7652
0.0000	0.0001	0.0000	0.0000	0.1685	0.8315
0.0000	0.0000	0.0000	0.0000	0.9824	0.0176
0.0000	0.0000	0.0000	0.0000	0.0004	0.9996
0.0012	0.0319	0.0000	0.0000	0.9652	0.0018
