0.5444	0.4299	0.0000	0.0000	0.0230	0.0027
0.9463	0.0418	0.0000	0.0000	0.0114	0.0005
0.4804	0.3826	0.0000	0.0000	0.1199	0.0170
0.0044	0.0743	0.0000	0.0000	0.5874	0.3340
0.4919	0.4943	0.0000	0.0000	0.0122	0.0016
0.6390	0.3553	0.0000	0.0000	0.0050	0.0007
0.4183	0.4941	0.0000	0.0000	0.0814	0.0061
0.5147	0.3455	0.0000	0.0000	0.1321	0.0077
0.5662	0.2945	0.0000	0.0000	0.1295	0.0098
0.1122	0.8743	0.0000	0.0001	0.0089	0.0046
0.0000	0.0000	0.0002	0.9998	0.0000	0.0000
0.0001	0.0000	0.9995	0.0003	0.0000	0.0000
0.0000	0.0000	0.9990	0.0009	0.0001	0.0000
0.0000	0.0000	0.0659	0.9325	0.0016	0.0000
0.1933	0.0002	0.4445	0.3620	0.0000	0.0000
0.0000	0.0000	0.0003	0.9974	0.0020	0.0003
0.0013	0.0003	0.0685	0.9266	0.0033	0.0000
0.0000	0.0000	0.8547	0.1445	0.0008	0.0000
0.0000	0.0000	0.9999	0.0000	0.0000	0.0000
0.0000	0.0000	0.9995	0.0004	0.0000	0.0000
0.0000	0.0000	0.9983	0.0017	0.0000	0.0000
0.0000	0.0000	0.6758	0.3241	0.0000	0.0000
0.0147	0.0603	0.0000	0.0000	0.4569	0.4680
0.0000	0.0000	0.0000	0.0002	0.0017	0.9981
0.1567	0.2785	0.0000	0.0000	0.4960	0.0688
0.0007	0.0231	0.0000	0.0000	0.3056	0.6706
0.0000	0.0000	0.0000	0.0000	0.0790	0.9210
0.0019	0.0162	0.0000	0.0000	0.6442	0.3376
0.0048	0.0438	0.0000	0.0000	0.3945	0.5569
0.0019	0.0036	0.0000	0.0000	0.4818	0.5127
0.0007	0.0018	0.0000	0.0000	0.7577	0.2398
0.0000	0.0003	0.0000	0.0002	0.0597	0.9398
0.0080	0.0554	0.0000	0.0000	0.7400	0.1966
