0.0001	0.9999	0.0000	0.0000	0.0000	0.0000
1.0000	0.0000	0.0000	0.0000	0.0000	0.0000
0.0002	0.9983	0.0000	0.0000	0.0015	0.0000
0.0000	0.0000	0.0000	0.0000	0.9384	0.0615
0.0325	0.9675	0.0000	0.0000	0.0000	0.0000
0.7733	0.2267	0.0000	0.0000	0.0000	0.0000
0.1737	0.8262	0.0000	0.0000	0.0001	0.0000
0.1234	0.8766	0.0000	0.0000	0.0000	0.0000
0.9868	0.0120	0.0000	0.0000	0.0012	0.0000
0.0000	1.0000	0.0000	0.0000	0.0000	0.0000
0.0000	0.0000	0.0000	1.0000	0.0000	0.0000
0.0000	0.0000	1.0000	0.0000	0.0000	0.0000
0.0000	0.0000	1.0000	0.0000	0.0000	0.0000
0.0000	0.0000	0.0057	0.9943	0.0000	0.0000
0.0000	0.0000	1.0000	0.0000	0.0000	0.0000
0.0000	0.0000	0.0000	1.0000	0.0000	0.0000
0.0000	0.0000	0.0002	0.9998	0.0000	0.0000
0.0000	0.0000	1.0000	0.0000	0.0000	0.0000
0.0000	0.0000	1.0000	0.0000	0.0000	0.0000
0.0008	0.0000	0.9992	0.0000	0.0000	0.0000
0.0000	0.0000	1.0000	0.0000	0.0000	0.0000
0.0000	0.0000	0.9996	0.0004	0.0000	0.0000
0.0000	0.0049	0.0000	0.0000	0.1107	0.8844
0.0000	0.0000	0.0000	0.0000	0.0000	1.0000
0.9732	0.0206	0.0000	0.0000	0.0062	0.0001
0.0000	0.0000	0.0000	0.0000	0.1006	0.8994
0.0000	0.0000	0.0000	0.0000	0.0029	0.9971
0.0000	0.0000	0.0000	0.0000	0.9999	0.0001
0.0000	0.0000	0.0000	0.0000	0.9434	0.0566
0.0000	0.0000	0.0000	0.0000	0.9830	0.0170
0.0000	0.0000	0.0000	0.0000	0.9082	0.0918
0.0000	0.0000	0.0000	0.0000	0.0002	0.9998
0.0000	0.0002	0.0000	0.0000	0.9996	0.0002
