0.5650	0.3681	0.0000	0.0015	0.0479	0.0175
0.8536	0.0990	0.0000	0.0001	0.0416	0.0057
0.5709	0.2922	0.0000	0.0012	0.1070	0.0286
0.0073	0.0390	0.0000	0.0008	0.5924	0.3604
0.6230	0.3327	0.0000	0.0001	0.0363	0.0079
0.7194	0.2662	0.0000	0.0002	0.0118	0.0025
0.6659	0.2204	0.0000	0.0005	0.0989	0.0144
0.6062	0.2811	0.0000	0.0002	0.0963	0.0163
0.6036	0.2488	0.0000	0.0011	0.1266	0.0200
0.2627	0.7030	0.0000	0.0016	0.0135	0.0192
0.0000	0.0000	0.0020	0.9980	0.0000	0.0000
0.0000	0.0000	0.9990	0.0010	0.0000	0.0000
0.0000	0.0000	0.9994	0.0006	0.0000	0.0000
0.0001	0.0001	0.2119	0.7853	0.0024	0.0002
0.1129	0.0008	0.0640	0.8219	0.0003	0.0000
0.0000	0.0001	0.0477	0.9482	0.0030	0.0010
0.0123	0.0062	0.2273	0.7327	0.0202	0.0013
0.0000	0.0000	0.9260	0.0737	0.0002	0.0001
0.0000	0.0000	0.9990	0.0010	0.0000	0.0000
0.0000	0.0000	0.9960	0.0040	0.0000	0.0000
0.0000	0.0000	0.9809	0.0191	0.0000	0.0000
0.0000	0.0000	0.5202	0.4798	0.0000	0.0000
0.0551	0.2337	0.0000	0.0004	0.3558	0.3550
0.0000	0.0031	0.0000	0.0038	0.0174	0.9756
0.3302	0.3357	0.0000	0.0002	0.2489	0.0850
0.0032	0.0477	0.0000	0.0006	0.3746	0.5739
0.0000	0.0000	0.0000	0.0004	0.2130	0.7865
0.0194	0.0305	0.0000	0.0031	0.6474	0.2996
0.0093	0.0324	0.0000	0.0009	0.4903	0.4672
0.0013	0.0024	0.0000	0.0004	0.5028	0.4931
0.0019	0.0055	0.0000	0.0002	0.6936	0.2987
0.0001	0.0027	0.0000	0.0047	0.1974	0.7950
0.0590	0.1575	0.0000	0.0001	0.6067	0.1767
