0.4007	0.3818	0.0000	0.0001	0.1660	0.0515
0.7810	0.1055	0.0000	0.0000	0.1036	0.0100
0.3912	0.3266	0.0000	0.0000	0.2096	0.0726
0.0219	0.0985	0.0000	0.0000	0.3928	0.4868
0.4103	0.4919	0.0000	0.0000	0.0764	0.0213
0.3992	0.4821	0.0000	0.0000	0.0937	0.0250
0.3786	0.4600	0.0000	0.0000	0.1237	0.0376
0.5883	0.2905	0.0000	0.0000	0.1061	0.0151
0.5453	0.2483	0.0000	0.0001	0.1752	0.0312
0.3542	0.5297	0.0000	0.0003	0.0750	0.0408
0.0004	0.0000	0.0154	0.9841	0.0000	0.0000
0.0002	0.0000	0.9931	0.0063	0.0003	0.0000
0.0004	0.0001	0.9819	0.0174	0.0002	0.0000
0.0009	0.0001	0.4156	0.5817	0.0016	0.0002
0.1719	0.0025	0.4103	0.4042	0.0102	0.0008
0.0011	0.0016	0.0632	0.9096	0.0099	0.0147
0.2053	0.0152	0.1366	0.6123	0.0280	0.0027
0.0003	0.0001	0.9029	0.0958	0.0005	0.0003
0.0000	0.0000	0.9991	0.0009	0.0000	0.0000
0.0000	0.0000	0.9969	0.0031	0.0000	0.0000
0.0000	0.0000	0.9861	0.0139	0.0000	0.0000
0.0002	0.0000	0.7811	0.2187	0.0000	0.0000
0.1471	0.2573	0.0000	0.0000	0.3616	0.2339
0.0016	0.0103	0.0000	0.0004	0.0259	0.9619
0.3232	0.3481	0.0000	0.0000	0.2630	0.0657
0.0300	0.1252	0.0000	0.0000	0.3496	0.4952
0.0005	0.0026	0.0000	0.0000	0.1415	0.8553
0.0458	0.1363	0.0000	0.0001	0.4423	0.3755
0.0450	0.1161	0.0000	0.0001	0.3428	0.4960
0.0270	0.0362	0.0000	0.0000	0.3981	0.5387
0.0295	0.0482	0.0000	0.0000	0.5226	0.3997
0.0015	0.0161	0.0000	0.0004	0.1355	0.8465
0.1252	0.2992	0.0000	0.0000	0.4136	0.1621
