0.1618	0.8005	0.0000	0.0000	0.0353	0.0023
0.9822	0.0138	0.0000	0.0000	0.0040	0.0000
0.1398	0.5892	0.0000	0.0000	0.2590	0.0120
0.0000	0.0009	0.0000	0.0000	0.6933	0.3057
0.6705	0.3137	0.0000	0.0000	0.0152	0.0006
0.5713	0.4110	0.0000	0.0000	0.0165	0.0012
0.6991	0.1933	0.0000	0.0000	0.1050	0.0027
0.8019	0.1622	0.0000	0.0000	0.0355	0.0003
0.7179	0.1866	0.0000	0.0000	0.0950	0.0005
0.0629	0.8907	0.0000	0.0000	0.0288	0.0176
0.0000	0.0000	0.0001	0.9999	0.0000	0.0000
0.0000	0.0000	1.0000	0.0000	0.0000	0.0000
0.0000	0.0000	0.9999	0.0001	0.0000	0.0000
0.0000	0.0000	0.1402	0.8598	0.0000	0.0000
0.0004	0.0000	0.1403	0.8593	0.0000	0.0000
0.0000	0.0000	0.0000	1.0000	0.0000	0.0000
0.0003	0.0000	0.0106	0.9887	0.0003	0.0000
0.0000	0.0000	0.9798	0.0202	0.0000	0.0000
0.0000	0.0000	0.9999	0.0001	0.0000	0.0000
0.0000	0.0000	1.0000	0.0000	0.0000	0.0000
0.0000	0.0000	1.0000	0.0000	0.0000	0.0000
0.0000	0.0000	0.6723	0.3277	0.0000	0.0000
0.0070	0.1386	0.0000	0.0000	0.5584	0.2960
0.0000	0.0000	0.0000	0.0000	0.0000	1.0000
0.4618	0.2427	0.0000	0.0000	0.2810	0.0145
0.0000	0.0116	0.0000	0.0000	0.4131	0.5753
0.0000	0.0000	0.0000	0.0000	0.0601	0.9399
0.0000	0.0026	0.0000	0.0000	0.8031	0.1943
0.0001	0.0033	0.0000	0.0000	0.6332	0.3635
0.0000	0.0000	0.0000	0.0000	0.4804	0.5196
0.0000	0.0000	0.0000	0.0000	0.7517	0.2483
0.0000	0.0000	0.0000	0.0000	0.0158	0.9842
0.0023	0.1219	0.0000	0.0000	0.8049	0.0708
