0.2762	0.6012	0.0000	0.0000	0.1217	0.0010
0.9934	0.0051	0.0000	0.0000	0.0016	0.0000
0.3496	0.4413	0.0000	0.0000	0.2077	0.0015
0.0000	0.0028	0.0000	0.0000	0.8643	0.1329
0.1711	0.8250	0.0000	0.0000	0.0039	0.0000
0.4303	0.5607	0.0000	0.0000	0.0090	0.0001
0.3114	0.6517	0.0000	0.0000	0.0366	0.0003
0.6731	0.3138	0.0000	0.0000	0.0131	0.0000
0.6932	0.2128	0.0000	0.0000	0.0939	0.0001
0.0337	0.9499	0.0000	0.0000	0.0156	0.0007
0.0000	0.0000	0.0000	1.0000	0.0000	0.0000
0.0000	0.0000	1.0000	0.0000	0.0000	0.0000
0.0000	0.0000	0.9995	0.0005	0.0000	0.0000
0.0000	0.0000	0.9348	0.0652	0.0000	0.0000
0.0042	0.0000	0.6953	0.3002	0.0002	0.0000
0.0000	0.0000	0.0003	0.9996	0.0001	0.0000
0.0005	0.0000	0.0328	0.9661	0.0005	0.0000
0.0000	0.0000	0.9981	0.0019	0.0000	0.0000
0.0000	0.0000	1.0000	0.0000	0.0000	0.0000
0.0000	0.0000	1.0000	0.0000	0.0000	0.0000
0.0000	0.0000	1.0000	0.0000	0.0000	0.0000
0.0000	0.0000	0.7197	0.2803	0.0000	0.0000
0.0434	0.3231	0.0000	0.0000	0.5946	0.0389
0.0000	0.0000	0.0000	0.0000	0.0002	0.9997
0.3978	0.4988	0.0000	0.0000	0.1025	0.0009
0.0001	0.0207	0.0000	0.0000	0.7981	0.1811
0.0000	0.0000	0.0000	0.0000	0.0411	0.9589
0.0002	0.0034	0.0000	0.0000	0.9095	0.0869
0.0006	0.0148	0.0000	0.0000	0.5993	0.3853
0.0001	0.0004	0.0000	0.0000	0.5866	0.4130
0.0001	0.0008	0.0000	0.0000	0.9032	0.0960
0.0000	0.0000	0.0000	0.0000	0.0590	0.9410
0.0102	0.1967	0.0000	0.0000	0.7889	0.0041
