0.0027	0.9973	0.0000	0.0000	0.0000	0.0000
0.9853	0.0147	0.0000	0.0000	0.0000	0.0000
0.0293	0.9644	0.0000	0.0000	0.0064	0.0000
0.0000	0.0106	0.0000	0.0000	0.9153	0.0741
0.8135	0.1865	0.0000	0.0000	0.0000	0.0000
0.7181	0.2819	0.0000	0.0000	0.0000	0.0000
0.8746	0.1040	0.0000	0.0000	0.0213	0.0000
0.7472	0.2483	0.0000	0.0000	0.0045	0.0000
0.9077	0.0896	0.0000	0.0000	0.0027	0.0000
0.0004	0.9996	0.0000	0.0000	0.0000	0.0000
0.0000	0.0000	0.0000	1.0000	0.0000	0.0000
0.0000	0.0000	1.0000	0.0000	0.0000	0.0000
0.0000	0.0000	1.0000	0.0000	0.0000	0.0000
0.0000	0.0000	0.0128	0.9872	0.0000	0.0000
0.0002	0.0000	0.9908	0.0091	0.0000	0.0000
0.0000	0.0000	0.0000	1.0000	0.0000	0.0000
0.0000	0.0000	0.0012	0.9988	0.0000	0.0000
0.0000	0.0000	0.9999	0.0001	0.0000	0.0000
0.0000	0.0000	1.0000	0.0000	0.0000	0.0000
0.0000	0.0000	1.0000	0.0000	0.0000	0.0000
0.0000	0.0000	1.0000	0.0000	0.0000	0.0000
0.0000	0.0000	0.1092	0.8908	0.0000	0.0000
0.0001	0.0306	0.0000	0.0000	0.3923	0.5769
0.0000	0.0000	0.0000	0.0000	0.0000	1.0000
0.2235	0.6440	0.0000	0.0000	0.1315	0.0011
0.0000	0.0012	0.0000	0.0000	0.0922	0.9066
0.0000	0.0000	0.0000	0.0000	0.1633	0.8367
0.0000	0.0000	0.0000	0.0000	0.9863	0.0137
0.0000	0.0015	0.0000	0.0000	0.7455	0.2530
0.0000	0.0000	0.0000	0.0000	0.7794	0.2206
0.0000	0.0000	0.0000	0.0000	0.6451	0.3549
0.0000	0.0000	0.0000	0.0000	0.0106	0.9894
0.0000	0.0107	0.0000	0.0000	0.9236	0.0657
