0.0013	0.9987	0.0000	0.0000	0.0000	0.0000
0.9993	0.0007	0.0000	0.0000	0.0000	0.0000
0.0562	0.9434	0.0000	0.0000	0.0005	0.0000
0.0000	0.1291	0.0000	0.0000	0.8687	0.0022
0.9917	0.0083	0.0000	0.0000	0.0000	0.0000
0.8725	0.1275	0.0000	0.0000	0.0000	0.0000
0.7815	0.0820	0.0000	0.0000	0.1365	0.0000
0.9161	0.0828	0.0000	0.0000	0.0011	0.0000
0.9971	0.0028	0.0000	0.0000	0.0001	0.0000
0.0003	0.9997	0.0000	0.0000	0.0000	0.0000
0.0000	0.0000	0.0000	1.0000	0.0000	0.0000
0.0000	0.0000	1.0000	0.0000	0.0000	0.0000
0.0000	0.0000	1.0000	0.0000	0.0000	0.0000
0.0000	0.0000	0.0000	1.0000	0.0000	0.0000
0.0342	0.0000	0.0887	0.8771	0.0000	0.0000
0.0000	0.0000	0.0000	1.0000	0.0000	0.0000
0.0000	0.0000	0.0000	0.9999	0.0000	0.0000
0.0000	0.0000	1.0000	0.0000	0.0000	0.0000
0.0000	0.0000	1.0000	0.0000	0.0000	0.0000
0.0000	0.0000	1.0000	0.0000	0.0000	0.0000
0.0000	0.0000	1.0000	0.0000	0.0000	0.0000
0.0000	0.0000	0.3974	0.6026	0.0000	0.0000
0.0000	0.0064	0.0000	0.0000	0.6915	0.3021
0.0000	0.0000	0.0000	0.0000	0.0000	1.0000
0.2279	0.2746	0.0000	0.0000	0.4664	0.0310
0.0000	0.0095	0.0000	0.0000	0.1472	0.8433
0.0000	0.0000	0.0000	0.0000	0.7837	0.2163
0.0000	0.0000	0.0000	0.0000	0.9996	0.0004
0.0000	0.0000	0.0000	0.0000	0.9998	0.0001
0.0000	0.0000	0.0000	0.0000	0.9983	0.0017
0.0000	0.0000	0.0000	0.0000	0.9515	0.0485
0.0000	0.0000	0.0000	0.0000	0.0540	0.9460
0.0000	0.0022	0.0000	0.0000	0.9936	0.0042
