0.0000	1.0000	0.0000	0.0000	0.0000	0.0000
0.9996	0.0004	0.0000	0.0000	0.0000	0.0000
0.0002	0.9982	0.0000	0.0000	0.0016	0.0000
0.0000	0.0122	0.0000	0.0000	0.9805	0.0073
0.9678	0.0322	0.0000	0.0000	0.0000	0.0000
0.6086	0.3912	0.0000	0.0000	0.0001	0.0001
0.6536	0.2131	0.0000	0.0000	0.1333	0.0000
0.9004	0.0550	0.0000	0.0000	0.0446	0.0000
0.9998	0.0001	0.0000	0.0000	0.0000	0.0000
0.0005	0.9995	0.0000	0.0000	0.0000	0.0000
0.0000	0.0000	0.0000	1.0000	0.0000	0.0000
0.0000	0.0000	1.0000	0.0000	0.0000	0.0000
0.0000	0.0000	1.0000	0.0000	0.0000	0.0000
0.0000	0.0000	0.0000	1.0000	0.0000	0.0000
0.9514	0.0000	0.0002	0.0485	0.0000	0.0000
0.0000	0.0000	0.0000	1.0000	0.0000	0.0000
0.0000	0.0000	0.0003	0.9997	0.0000	0.0000
0.0000	0.0000	0.4258	0.5742	0.0000	0.0000
0.0000	0.0000	1.0000	0.0000	0.0000	0.0000
0.0000	0.0000	1.0000	0.0000	0.0000	0.0000
0.0000	0.0000	1.0000	0.0000	0.0000	0.0000
0.0000	0.0000	0.0265	0.9735	0.0000	0.0000
0.0000	0.0000	0.0000	0.0000	0.8906	0.1094
0.0000	0.0000	0.0000	0.0000	0.0000	1.0000
0.0013	0.0000	0.0000	0.0000	0.9832	0.0155
0.0000	0.0000	0.0000	0.0000	0.2455	0.7545
0.0000	0.0000	0.0000	0.0000	0.7726	0.2274
0.0000	0.0000	0.0000	0.0000	0.9553	0.0446
0.0000	0.0000	0.0000	0.0000	0.9984	0.0016
0.0000	0.0000	0.0000	0.0000	0.9812	0.0188
0.0000	0.0000	0.0000	0.0000	0.9274	0.0726
0.0000	0.0000	0.0000	0.0000	0.0344	0.9656
0.0000	0.0049	0.0000	0.0000	0.9475	0.0476
