0.0000	1.0000	0.0000	0.0000	0.0000	0.0000
0.6774	0.3226	0.0000	0.0000	0.0000	0.0000
0.5854	0.4116	0.0000	0.0000	0.0030	0.0000
0.0000	0.7627	0.0000	0.0000	0.2370	0.0003
0.9864	0.0136	0.0000	0.0000	0.0000	0.0000
0.2517	0.7476	0.0000	0.0000	0.0000	0.0008
0.0000	0.0021	0.0000	0.0000	0.9979	0.0000
0.9989	0.0011	0.0000	0.0000	0.0000	0.0000
1.0000	0.0000	0.0000	0.0000	0.0000	0.0000
0.0010	0.9990	0.0000	0.0000	0.0000	0.0000
0.0000	0.0000	0.0000	1.0000	0.0000	0.0000
0.0000	0.0000	1.0000	0.0000	0.0000	0.0000
0.0000	0.0000	1.0000	0.0000	0.0000	0.0000
0.0000	0.0000	0.0000	1.0000	0.0000	0.0000
0.0000	0.0000	0.9999	0.0001	0.0000	0.0000
0.0000	0.0000	0.0000	1.0000	0.0000	0.0000
0.0000	0.0000	0.0000	1.0000	0.0000	0.0000
0.0000	0.0000	1.0000	0.0000	0.0000	0.0000
0.0000	0.0000	1.0000	0.0000	0.0000	0.0000
0.0000	0.0000	1.0000	0.0000	0.0000	0.0000
0.0000	0.0000	1.0000	0.0000	0.0000	0.0000
0.0000	0.0000	0.0019	0.9981	0.0000	0.0000
0.0000	0.0000	0.0000	0.0000	0.7370	0.2630
0.0000	0.0000	0.0000	0.0000	0.0000	1.0000
0.0896	0.0000	0.0000	0.0000	0.8960	0.0144
0.0000	0.0011	0.0000	0.0000	0.0283	0.9706
0.0000	0.0000	0.0000	0.0000	0.9844	0.0156
0.0000	0.0000	0.0000	0.0000	0.9849	0.0151
0.0000	0.0000	0.0000	0.0000	0.9981	0.0019
0.0000	0.0000	0.0000	0.0000	0.9987	0.0013
0.0000	0.0000	0.0000	0.0000	0.9633	0.0367
0.0000	0.0000	0.0000	0.0000	0.0282	0.9718
0.0000	0.0044	0.0000	0.0000	0.9935	0.0021
