0.4325	0.5638	0.0000	0.0000	0.0035	0.0002
0.9819	0.0163	0.0000	0.0000	0.0018	0.0000
0.6406	0.3048	0.0000	0.0000	0.0515	0.0031
0.0001	0.0193	0.0000	0.0000	0.6901	0.2904
0.7224	0.2751	0.0000	0.0000	0.0023	0.0001
0.8116	0.1875	0.0000	0.0000	0.0008	0.0001
0.7918	0.1736	0.0000	0.0000	0.0339	0.0007
0.8393	0.1411	0.0000	0.0000	0.0194	0.0003
0.7351	0.1994	0.0000	0.0000	0.0650	0.0005
0.0453	0.9521	0.0000	0.0000	0.0014	0.0011
0.0000	0.0000	0.0000	1.0000	0.0000	0.0000
0.0000	0.0000	1.0000	0.0000	0.0000	0.0000
0.0000	0.0000	1.0000	0.0000	0.0000	0.0000
0.0000	0.0000	0.5248	0.4752	0.0000	0.0000
0.0255	0.0000	0.5339	0.4406	0.0000	0.0000
0.0000	0.0000	0.0002	0.9987	0.0011	0.0000
0.0016	0.0005	0.0015	0.9919	0.0044	0.0000
0.0000	0.0000	0.9994	0.0006	0.0000	0.0000
0.0000	0.0000	1.0000	0.0000	0.0000	0.0000
0.0000	0.0000	1.0000	0.0000	0.0000	0.0000
0.0000	0.0000	1.0000	0.0000	0.0000	0.0000
0.0000	0.0000	0.3136	0.6864	0.0000	0.0000
0.0463	0.2281	0.0000	0.0000	0.4168	0.3088
0.0000	0.0006	0.0000	0.0002	0.0016	0.9976
0.5617	0.3086	0.0000	0.0000	0.1203	0.0094
0.0000	0.0162	0.0000	0.0000	0.2550	0.7287
0.0000	0.0000	0.0000	0.0000	0.1151	0.8849
0.0011	0.0044	0.0000	0.0000	0.9044	0.0901
0.0003	0.0178	0.0000	0.0000	0.3997	0.5822
0.0000	0.0000	0.0000	0.0000	0.5925	0.4075
0.0000	0.0000	0.0000	0.0000	0.7551	0.2448
0.0000	0.0001	0.0000	0.0000	0.0469	0.9529
0.0213	0.0356	0.0000	0.0000	0.8592	0.0839
