0.0000	0.9999	0.0000	0.0000	0.0001	0.0000
1.0000	0.0000	0.0000	0.0000	0.0000	0.0000
0.0004	0.9958	0.0000	0.0000	0.0038	0.0000
0.0000	0.0000	0.0000	0.0000	0.9977	0.0023
0.0139	0.9861	0.0000	0.0000	0.0000	0.0000
0.9209	0.0791	0.0000	0.0000	0.0000	0.0000
0.6678	0.3142	0.0000	0.0000	0.0180	0.0000
0.5421	0.4576	0.0000	0.0000	0.0003	0.0000
0.9902	0.0015	0.0000	0.0000	0.0083	0.0000
0.0000	1.0000	0.0000	0.0000	0.0000	0.0000
0.0000	0.0000	0.0000	1.0000	0.0000	0.0000
0.0000	0.0000	1.0000	0.0000	0.0000	0.0000
0.0000	0.0000	1.0000	0.0000	0.0000	0.0000
0.0000	0.0000	0.0383	0.9617	0.0000	0.0000
0.0000	0.0000	0.9990	0.0010	0.0000	0.0000
0.0000	0.0000	0.0000	1.0000	0.0000	0.0000
0.0000	0.0000	0.2656	0.7344	0.0000	0.0000
0.0000	0.0000	1.0000	0.0000	0.0000	0.0000
0.0000	0.0000	0.8145	0.0000	0.0000	0.1855
0.0000	0.0000	1.0000	0.0000	0.0000	0.0000
0.0000	0.0000	1.0000	0.0000	0.0000	0.0000
0.0000	0.0000	0.9901	0.0099	0.0000	0.0000
0.0000	0.0182	0.0000	0.0000	0.0283	0.9535
0.0000	0.0000	0.0000	0.0000	0.0000	1.0000
0.8540	0.1289	0.0000	0.0000	0.0170	0.0001
0.0000	0.0009	0.0000	0.0000	0.0524	0.9467
0.0000	0.0000	0.0000	0.0000	0.0030	0.9970
0.0000	0.0000	0.0000	0.0000	0.9744	0.0256
0.0000	0.0000	0.0000	0.0000	0.9390	0.0609
0.0000	0.0000	0.0000	0.0000	0.9761	0.0239
0.0000	0.0000	0.0000	0.0000	0.9871	0.0129
0.0000	0.0000	0.0000	0.0000	0.0000	1.0000
0.0000	0.0011	0.0000	0.0000	0.9988	0.0001
