0.0000	1.0000	0.0000	0.0000	0.0000	0.0000
1.0000	0.0000	0.0000	0.0000	0.0000	0.0000
0.0000	1.0000	0.0000	0.0000	0.0000	0.0000
0.0000	0.7290	0.0000	0.0000	0.2667	0.0043
0.0155	0.9845	0.0000	0.0000	0.0000	0.0000
0.0259	0.9741	0.0000	0.0000	0.0000	0.0000
0.1148	0.8850	0.0000	0.0000	0.0001	0.0000
0.0059	0.9940	0.0000	0.0000	0.0001	0.0000
0.9660	0.0330	0.0000	0.0000	0.0010	0.0000
0.0000	1.0000	0.0000	0.0000	0.0000	0.0000
0.0000	0.0000	0.0000	1.0000	0.0000	0.0000
0.0014	0.0000	0.9986	0.0000	0.0000	0.0000
0.0000	0.0000	1.0000	0.0000	0.0000	0.0000
0.0000	0.0000	0.0000	1.0000	0.0000	0.0000
0.0678	0.0000	0.9321	0.0000	0.0000	0.0000
0.0000	0.0000	0.0000	1.0000	0.0000	0.0000
0.0000	0.0000	0.0042	0.9958	0.0000	0.0000
0.0000	0.0000	0.9997	0.0003	0.0000	0.0000
0.0000	0.0000	1.0000	0.0000	0.0000	0.0000
0.0000	0.0000	1.0000	0.0000	0.0000	0.0000
0.0000	0.0000	1.0000	0.0000	0.0000	0.0000
0.0000	0.0000	0.9786	0.0214	0.0000	0.0000
0.0000	0.0000	0.0000	0.0000	0.0006	0.9994
0.0000	0.0000	0.0000	0.0000	0.0000	1.0000
0.9890	0.0000	0.0000	0.0000	0.0110	0.0000
0.0000	0.0002	0.0000	0.0000	0.0428	0.9570
0.0000	0.0000	0.0000	0.0000	0.4220	0.5780
0.0000	0.0000	0.0000	0.0000	1.0000	0.0000
0.0000	0.0001	0.0000	0.0000	0.9108	0.0892
0.0000	0.0000	0.0000	0.0000	0.9998	0.0002
0.0000	0.0000	0.0000	0.0000	0.9638	0.0362
0.0000	0.0000	0.0000	0.0000	0.0000	1.0000
0.0000	0.0000	0.0000	0.0000	1.0000	0.0000
