0.0223	0.9768	0.0000	0.0000	0.0009	0.0000
0.9621	0.0374	0.0000	0.0000	0.0005	0.0000
0.0705	0.9171	0.0000	0.0000	0.0122	0.0001
0.0000	0.0111	0.0000	0.0000	0.9215	0.0674
0.6133	0.3858	0.0000	0.0000	0.0009	0.0000
0.5225	0.4773	0.0000	0.0000	0.0002	0.0000
0.7626	0.2143	0.0000	0.0000	0.0231	0.0000
0.5934	0.3992	0.0000	0.0000	0.0074	0.0000
0.8687	0.1184	0.0000	0.0000	0.0128	0.0000
0.0082	0.9916	0.0000	0.0000	0.0001	0.0001
0.0000	0.0000	0.0000	1.0000	0.0000	0.0000
0.0000	0.0000	1.0000	0.0000	0.0000	0.0000
0.0000	0.0000	1.0000	0.0000	0.0000	0.0000
0.0000	0.0000	0.0730	0.9270	0.0000	0.0000
0.0333	0.0000	0.0227	0.9439	0.0000	0.0000
0.0000	0.0000	0.0000	0.9999	0.0001	0.0000
0.0233	0.0002	0.0044	0.9717	0.0004	0.0000
0.0000	0.0000	0.9986	0.0014	0.0000	0.0000
0.0000	0.0000	1.0000	0.0000	0.0000	0.0000
0.0000	0.0000	1.0000	0.0000	0.0000	0.0000
0.0000	0.0000	1.0000	0.0000	0.0000	0.0000
0.0000	0.0000	0.4607	0.5393	0.0000	0.0000
0.0066	0.1881	0.0000	0.0000	0.6736	0.1316
0.0000	0.0000	0.0000	0.0000	0.0000	1.0000
0.4895	0.4314	0.0000	0.0000	0.0781	0.0010
0.0000	0.0084	0.0000	0.0000	0.5008	0.4907
0.0000	0.0000	0.0000	0.0000	0.2461	0.7539
0.0000	0.0006	0.0000	0.0000	0.9778	0.0216
0.0000	0.0043	0.0000	0.0000	0.7801	0.2157
0.0000	0.0000	0.0000	0.0000	0.9144	0.0856
0.0000	0.0000	0.0000	0.0000	0.8668	0.1331
0.0000	0.0000	0.0000	0.0000	0.0155	0.9845
0.0007	0.0490	0.0000	0.0000	0.9372	0.0131
