0.0000	1.0000	0.0000	0.0000	0.0000	0.0000
0.9941	0.0059	0.0000	0.0000	0.0000	0.0000
0.0000	0.9996	0.0000	0.0000	0.0004	0.0000
0.0000	0.0005	0.0000	0.0000	0.9757	0.0237
0.8850	0.1150	0.0000	0.0000	0.0000	0.0000
0.7448	0.2552	0.0000	0.0000	0.0000	0.0000
0.5634	0.2614	0.0000	0.0000	0.1752	0.0000
0.9501	0.0444	0.0000	0.0000	0.0054	0.0000
0.9978	0.0021	0.0000	0.0000	0.0001	0.0000
0.0000	1.0000	0.0000	0.0000	0.0000	0.0000
0.0000	0.0000	0.0000	1.0000	0.0000	0.0000
0.0000	0.0000	1.0000	0.0000	0.0000	0.0000
0.0000	0.0000	1.0000	0.0000	0.0000	0.0000
0.0000	0.0000	0.0000	1.0000	0.0000	0.0000
0.0000	0.0000	0.9999	0.0001	0.0000	0.0000
0.0000	0.0000	0.0000	1.0000	0.0000	0.0000
0.0000	0.0000	0.0000	1.0000	0.0000	0.0000
0.0000	0.0000	0.9786	0.0214	0.0000	0.0000
0.0000	0.0000	1.0000	0.0000	0.0000	0.0000
0.0000	0.0000	1.0000	0.0000	0.0000	0.0000
0.0000	0.0000	1.0000	0.0000	0.0000	0.0000
0.0000	0.0000	0.0865	0.9135	0.0000	0.0000
0.0000	0.0002	0.0000	0.0000	0.4950	0.5048
0.0000	0.0000	0.0000	0.0000	0.0000	1.0000
0.2509	0.0096	0.0000	0.0000	0.7377	0.0019
0.0000	0.0003	0.0000	0.0000	0.1660	0.8337
0.0000	0.0000	0.0000	0.0000	0.6426	0.3574
0.0000	0.0000	0.0000	0.0000	0.9996	0.0004
0.0000	0.0004	0.0000	0.0000	0.9933	0.0063
0.0000	0.0000	0.0000	0.0000	0.6692	0.3308
0.0000	0.0000	0.0000	0.0000	0.9819	0.0181
0.0000	0.0000	0.0000	0.0000	0.0245	0.9755
0.0000	0.0002	0.0000	0.0000	0.9973	0.0025
