0.0028	0.9971	0.0000	0.0000	0.0001	0.0000
1.0000	0.0000	0.0000	0.0000	0.0000	0.0000
0.0652	0.9318	0.0000	0.0000	0.0031	0.0000
0.0000	0.0012	0.0000	0.0000	0.9898	0.0091
0.0516	0.9484	0.0000	0.0000	0.0000	0.0000
0.8959	0.1041	0.0000	0.0000	0.0000	0.0000
0.1666	0.8247	0.0000	0.0000	0.0087	0.0000
0.3591	0.6404	0.0000	0.0000	0.0005	0.0000
0.9730	0.0202	0.0000	0.0000	0.0068	0.0000
0.0000	1.0000	0.0000	0.0000	0.0000	0.0000
0.0000	0.0000	0.0000	1.0000	0.0000	0.0000
0.0000	0.0000	1.0000	0.0000	0.0000	0.0000
0.0000	0.0000	1.0000	0.0000	0.0000	0.0000
0.0000	0.0000	0.3850	0.6150	0.0000	0.0000
0.0001	0.0000	0.9999	0.0000	0.0000	0.0000
0.0000	0.0000	0.0000	1.0000	0.0000	0.0000
0.0000	0.0000	0.0002	0.9998	0.0000	0.0000
0.0000	0.0000	1.0000	0.0000	0.0000	0.0000
0.0000	0.0000	1.0000	0.0000	0.0000	0.0000
0.0000	0.0000	1.0000	0.0000	0.0000	0.0000
0.0000	0.0000	1.0000	0.0000	0.0000	0.0000
0.0000	0.0000	0.9999	0.0001	0.0000	0.0000
0.0120	0.1144	0.0000	0.0000	0.1298	0.7437
0.0000	0.0000	0.0000	0.0000	0.0000	1.0000
0.3743	0.5949	0.0000	0.0000	0.0305	0.0002
0.0000	0.0173	0.0000	0.0000	0.1022	0.8805
0.0000	0.0000	0.0000	0.0000	0.0029	0.9971
0.0000	0.0028	0.0000	0.0000	0.8129	0.1843
0.0000	0.0050	0.0000	0.0000	0.4443	0.5507
0.0000	0.0000	0.0000	0.0000	0.3765	0.6235
0.0000	0.0000	0.0000	0.0000	0.9975	0.0025
0.0000	0.0000	0.0000	0.0000	0.0001	0.9999
0.0002	0.0386	0.0000	0.0000	0.9606	0.0006
