0.0012	0.9988	0.0000	0.0000	0.0000	0.0000
0.9929	0.0071	0.0000	0.0000	0.0000	0.0000
0.0176	0.9775	0.0000	0.0000	0.0049	0.0000
0.0000	0.0161	0.0000	0.0000	0.9736	0.0103
0.7434	0.2566	0.0000	0.0000	0.0000	0.0000
0.4474	0.5526	0.0000	0.0000	0.0000	0.0000
0.7176	0.1639	0.0000	0.0000	0.1185	0.0000
0.8982	0.0947	0.0000	0.0000	0.0071	0.0000
0.9696	0.0282	0.0000	0.0000	0.0021	0.0000
0.0038	0.9962	0.0000	0.0000	0.0000	0.0000
0.0000	0.0000	0.0000	1.0000	0.0000	0.0000
0.0000	0.0000	1.0000	0.0000	0.0000	0.0000
0.0000	0.0000	1.0000	0.0000	0.0000	0.0000
0.0000	0.0000	0.0337	0.9663	0.0000	0.0000
0.0000	0.0000	0.8908	0.1092	0.0000	0.0000
0.0000	0.0000	0.0000	1.0000	0.0000	0.0000
0.0000	0.0000	0.0001	0.9999	0.0000	0.0000
0.0000	0.0000	0.9986	0.0014	0.0000	0.0000
0.0000	0.0000	1.0000	0.0000	0.0000	0.0000
0.0000	0.0000	1.0000	0.0000	0.0000	0.0000
0.0000	0.0000	1.0000	0.0000	0.0000	0.0000
0.0000	0.0000	0.8072	0.1928	0.0000	0.0000
0.0000	0.0219	0.0000	0.0000	0.5590	0.4191
0.0000	0.0000	0.0000	0.0000	0.0000	1.0000
0.1758	0.3811	0.0000	0.0000	0.4311	0.0120
0.0000	0.0091	0.0000	0.0000	0.2759	0.7150
0.0000	0.0000	0.0000	0.0000	0.1025	0.8975
0.0000	0.0001	0.0000	0.0000	0.9980	0.0019
0.0000	0.0018	0.0000	0.0000	0.9281	0.0701
0.0000	0.0000	0.0000	0.0000	0.8785	0.1215
0.0000	0.0000	0.0000	0.0000	0.8360	0.1640
0.0000	0.0000	0.0000	0.0000	0.0054	0.9946
0.0000	0.0158	0.0000	0.0000	0.9773	0.0069
