0.3619	0.6270	0.0000	0.0000	0.0110	0.0001
0.9943	0.0046	0.0000	0.0000	0.0011	0.0000
0.6459	0.3108	0.0000	0.0000	0.0431	0.0002
0.0001	0.0061	0.0000	0.0000	0.7506	0.2433
0.2157	0.7826	0.0000	0.0000	0.0016	0.0000
0.5489	0.4498	0.0000	0.0000	0.0012	0.0000
0.5382	0.4483	0.0000	0.0000	0.0134	0.0000
0.7737	0.2203	0.0000	0.0000	0.0060	0.0000
0.7501	0.1815	0.0000	0.0000	0.0684	0.0000
0.0080	0.9898	0.0000	0.0000	0.0020	0.0002
0.0000	0.0000	0.0000	1.0000	0.0000	0.0000
0.0000	0.0000	1.0000	0.0000	0.0000	0.0000
0.0000	0.0000	1.0000	0.0000	0.0000	0.0000
0.0000	0.0000	0.7748	0.2251	0.0000	0.0000
0.0695	0.0000	0.8911	0.0393	0.0001	0.0000
0.0000	0.0000	0.0035	0.9954	0.0009	0.0001
0.0020	0.0001	0.0028	0.9840	0.0111	0.0000
0.0000	0.0000	0.9996	0.0004	0.0000	0.0000
0.0000	0.0000	0.9997	0.0000	0.0000	0.0003
0.0000	0.0000	1.0000	0.0000	0.0000	0.0000
0.0000	0.0000	1.0000	0.0000	0.0000	0.0000
0.0000	0.0000	0.4894	0.5106	0.0000	0.0000
0.0900	0.5447	0.0000	0.0000	0.3566	0.0086
0.0000	0.0003	0.0000	0.0002	0.0008	0.9988
0.4000	0.5627	0.0000	0.0000	0.0372	0.0001
0.0001	0.0289	0.0000	0.0000	0.6190	0.3520
0.0000	0.0000	0.0000	0.0000	0.0078	0.9922
0.0016	0.0086	0.0000	0.0000	0.9337	0.0561
0.0004	0.0140	0.0000	0.0000	0.7860	0.1995
0.0000	0.0000	0.0000	0.0000	0.4599	0.5401
0.0000	0.0001	0.0000	0.0000	0.9529	0.0470
0.0000	0.0000	0.0000	0.0000	0.0215	0.9785
0.0525	0.2098	0.0000	0.0000	0.7354	0.0022
