0.0039	0.9959	0.0000	0.0000	0.0003	0.0000
0.9832	0.0167	0.0000	0.0000	0.0001	0.0000
0.0300	0.9601	0.0000	0.0000	0.0099	0.0000
0.0000	0.4368	0.0000	0.0000	0.4820	0.0812
0.5706	0.4292	0.0000	0.0000	0.0002	0.0000
0.6427	0.3572	0.0000	0.0000	0.0000	0.0000
0.8687	0.1136	0.0000	0.0000	0.0176	0.0000
0.9252	0.0666	0.0000	0.0000	0.0082	0.0000
0.9772	0.0155	0.0000	0.0000	0.0073	0.0000
0.0009	0.9991	0.0000	0.0000	0.0000	0.0000
0.0000	0.0000	0.0000	1.0000	0.0000	0.0000
0.0000	0.0000	1.0000	0.0000	0.0000	0.0000
0.0000	0.0000	1.0000	0.0000	0.0000	0.0000
0.0000	0.0000	0.0026	0.9974	0.0000	0.0000
0.0000	0.0000	0.0024	0.9976	0.0000	0.0000
0.0000	0.0000	0.0000	1.0000	0.0000	0.0000
0.0000	0.0000	0.0007	0.9991	0.0002	0.0000
0.0000	0.0000	0.9629	0.0371	0.0000	0.0000
0.0000	0.0000	1.0000	0.0000	0.0000	0.0000
0.0000	0.0000	0.9999	0.0001	0.0000	0.0000
0.0000	0.0000	1.0000	0.0000	0.0000	0.0000
0.0000	0.0000	0.0571	0.9429	0.0000	0.0000
0.0000	0.0035	0.0000	0.0000	0.7173	0.2791
0.0000	0.0000	0.0000	0.0000	0.0000	1.0000
0.1980	0.6254	0.0000	0.0000	0.1599	0.0167
0.0000	0.0152	0.0000	0.0000	0.4866	0.4982
0.0000	0.0000	0.0000	0.0000	0.0775	0.9225
0.0000	0.0069	0.0000	0.0000	0.9726	0.0204
0.0000	0.1364	0.0000	0.0000	0.7362	0.1274
0.0000	0.0001	0.0000	0.0000	0.6938	0.3061
0.0000	0.0000	0.0000	0.0000	0.9662	0.0338
0.0000	0.0000	0.0000	0.0000	0.0152	0.9848
0.0000	0.0098	0.0000	0.0000	0.9846	0.0056
