0.0002	0.9998	0.0000	0.0000	0.0000	0.0000
0.9533	0.0467	0.0000	0.0000	0.0000	0.0000
0.0069	0.9912	0.0000	0.0000	0.0019	0.0000
0.0000	0.7548	0.0000	0.0000	0.2441	0.0010
0.9273	0.0727	0.0000	0.0000	0.0000	0.0000
0.7656	0.2344	0.0000	0.0000	0.0000	0.0000
0.0029	0.9898	0.0000	0.0000	0.0073	0.0000
0.8623	0.1374	0.0000	0.0000	0.0003	0.0000
0.9954	0.0046	0.0000	0.0000	0.0000	0.0000
0.0022	0.9978	0.0000	0.0000	0.0000	0.0000
0.0000	0.0000	0.0000	1.0000	0.0000	0.0000
0.0000	0.0000	1.0000	0.0000	0.0000	0.0000
0.0000	0.0000	1.0000	0.0000	0.0000	0.0000
0.0000	0.0000	0.0000	1.0000	0.0000	0.0000
0.0004	0.0000	0.0173	0.9823	0.0000	0.0000
0.0000	0.0000	0.0000	1.0000	0.0000	0.0000
0.0000	0.0000	0.0002	0.9998	0.0000	0.0000
0.0000	0.0000	0.9995	0.0005	0.0000	0.0000
0.0000	0.0000	1.0000	0.0000	0.0000	0.0000
0.0000	0.0000	1.0000	0.0000	0.0000	0.0000
0.0000	0.0000	1.0000	0.0000	0.0000	0.0000
0.0000	0.0000	0.0578	0.9422	0.0000	0.0000
0.0000	0.0003	0.0000	0.0000	0.9166	0.0831
0.0000	0.0000	0.0000	0.0000	0.0000	1.0000
0.1861	0.0014	0.0000	0.0000	0.8051	0.0073
0.0000	0.0163	0.0000	0.0000	0.3147	0.6691
0.0000	0.0000	0.0000	0.0000	0.6003	0.3997
0.0000	0.0000	0.0000	0.0000	0.9999	0.0001
0.0000	0.0004	0.0000	0.0000	0.9977	0.0020
0.0000	0.0000	0.0000	0.0000	0.9987	0.0013
0.0000	0.0000	0.0000	0.0000	0.9296	0.0704
0.0000	0.0000	0.0000	0.0000	0.0039	0.9961
0.0000	0.1918	0.0000	0.0000	0.7961	0.0121
