0.3521	0.5230	0.0000	0.0000	0.1165	0.0084
0.8846	0.0486	0.0000	0.0000	0.0657	0.0011
0.6844	0.2663	0.0000	0.0001	0.0394	0.0098
0.3583	0.6111	0.0000	0.0000	0.0276	0.0031
0.6200	0.3429	0.0000	0.0000	0.0303	0.0068
0.2455	0.2984	0.0000	0.0001	0.3440	0.1120
0.8861	0.0904	0.0000	0.0001	0.0205	0.0029
0.4779	0.2802	0.0000	0.0004	0.2352	0.0063
0.1600	0.5745	0.0000	0.0000	0.2318	0.0336
0.2214	0.6032	0.0000	0.0001	0.1692	0.0061
0.0000	0.0000	0.9998	0.0001	0.0000	0.0000
0.0000	0.0000	0.6713	0.3287	0.0001	0.0000
0.0000	0.0000	0.1634	0.8364	0.0001	0.0000
0.0183	0.0001	0.2134	0.7675	0.0007	0.0000
0.0000	0.0000	0.0224	0.9730	0.0013	0.0033
0.0000	0.0001	0.3192	0.6794	0.0008	0.0005
0.0000	0.0000	0.9846	0.0153	0.0001	0.0000
0.0000	0.0000	0.9849	0.0113	0.0000	0.0038
0.0000	0.0000	0.8734	0.1266	0.0000	0.0000
0.0000	0.0000	0.9938	0.0060	0.0000	0.0003
0.0000	0.0000	0.9995	0.0005	0.0000	0.0000
0.0005	0.0002	0.0463	0.9529	0.0000	0.0000
0.0231	0.1285	0.0000	0.0001	0.6694	0.1790
0.0013	0.0169	0.0000	0.0001	0.6262	0.3556
0.0000	0.0007	0.0000	0.0000	0.2184	0.7809
0.0021	0.0811	0.0000	0.0001	0.4243	0.4925
0.0059	0.0243	0.0000	0.0011	0.4046	0.5641
0.0001	0.0114	0.0000	0.0001	0.4632	0.5252
0.0001	0.0051	0.0000	0.0002	0.4302	0.5645
0.0009	0.0232	0.0000	0.0000	0.8881	0.0877
0.0196	0.2117	0.0000	0.0000	0.6546	0.1141
0.0683	0.2863	0.0000	0.0001	0.5278	0.1176
0.0000	0.0113	0.0000	0.0002	0.1041	0.8843
