0.4834	0.4863	0.0000	0.0000	0.0303	0.0000
0.9956	0.0012	0.0000	0.0000	0.0033	0.0000
0.9739	0.0238	0.0000	0.0000	0.0023	0.0000
0.3129	0.6850	0.0000	0.0000	0.0022	0.0000
0.8807	0.1179	0.0000	0.0000	0.0014	0.0000
0.6992	0.1372	0.0000	0.0000	0.1586	0.0050
0.9971	0.0020	0.0000	0.0000	0.0008	0.0000
0.7623	0.0415	0.0000	0.0000	0.1961	0.0000
0.1678	0.4589	0.0000	0.0000	0.3726	0.0007
0.2263	0.6946	0.0000	0.0000	0.0791	0.0000
0.0000	0.0000	1.0000	0.0000	0.0000	0.0000
0.0000	0.0000	0.8963	0.1037	0.0000	0.0000
0.0000	0.0000	0.9626	0.0374	0.0000	0.0000
0.0000	0.0000	0.9925	0.0075	0.0000	0.0000
0.0000	0.0000	0.0176	0.9822	0.0000	0.0002
0.0000	0.0000	0.9680	0.0320	0.0000	0.0000
0.0000	0.0000	0.9999	0.0001	0.0000	0.0000
0.0000	0.0000	0.9629	0.0000	0.0000	0.0370
0.0000	0.0000	0.9702	0.0298	0.0000	0.0000
0.0000	0.0000	1.0000	0.0000	0.0000	0.0000
0.0000	0.0000	1.0000	0.0000	0.0000	0.0000
0.0000	0.0000	0.0103	0.9897	0.0000	0.0000
0.0140	0.0246	0.0000	0.0000	0.9450	0.0164
0.0000	0.0002	0.0000	0.0000	0.8015	0.1983
0.0000	0.0000	0.0000	0.0000	0.0202	0.9798
0.0001	0.0177	0.0000	0.0000	0.6937	0.2885
0.0001	0.0002	0.0000	0.0000	0.0512	0.9485
0.0000	0.0003	0.0000	0.0000	0.2189	0.7808
0.0000	0.0001	0.0000	0.0000	0.4719	0.5281
0.0000	0.0012	0.0000	0.0000	0.9850	0.0138
0.0210	0.2467	0.0000	0.0000	0.7313	0.0010
0.0612	0.3653	0.0000	0.0000	0.5678	0.0057
0.0000	0.0043	0.0000	0.0000	0.1296	0.8661
