0.5532	0.3734	0.0000	0.0000	0.0730	0.0003
0.9501	0.0077	0.0000	0.0000	0.0421	0.0001
0.5896	0.3786	0.0000	0.0000	0.0306	0.0013
0.2925	0.6977	0.0000	0.0000	0.0095	0.0003
0.6278	0.3360	0.0000	0.0000	0.0354	0.0008
0.3025	0.3208	0.0000	0.0000	0.3594	0.0172
0.8807	0.0642	0.0000	0.0000	0.0536	0.0015
0.6733	0.0812	0.0000	0.0000	0.2435	0.0020
0.3250	0.3678	0.0000	0.0000	0.3026	0.0046
0.6045	0.2445	0.0000	0.0000	0.1498	0.0013
0.0000	0.0000	0.9994	0.0006	0.0000	0.0000
0.0000	0.0000	0.9686	0.0314	0.0000	0.0000
0.0000	0.0000	0.5575	0.4424	0.0000	0.0001
0.0012	0.0000	0.2529	0.7453	0.0005	0.0001
0.0000	0.0000	0.1225	0.8215	0.0000	0.0560
0.0000	0.0000	0.7757	0.2240	0.0000	0.0002
0.0000	0.0000	0.9337	0.0659	0.0000	0.0004
0.0000	0.0000	0.9125	0.0014	0.0000	0.0861
0.0000	0.0000	0.8471	0.1527	0.0000	0.0002
0.0000	0.0000	0.9974	0.0016	0.0000	0.0010
0.0000	0.0000	0.9987	0.0013	0.0000	0.0000
0.0000	0.0000	0.0163	0.9836	0.0000	0.0001
0.0417	0.0889	0.0000	0.0000	0.8506	0.0189
0.0026	0.0112	0.0000	0.0000	0.7779	0.2083
0.0000	0.0005	0.0000	0.0000	0.1671	0.8324
0.0047	0.0448	0.0000	0.0000	0.6802	0.2703
0.0043	0.0128	0.0000	0.0000	0.5529	0.4300
0.0007	0.0078	0.0000	0.0000	0.4960	0.4954
0.0011	0.0067	0.0000	0.0000	0.6335	0.3586
0.0063	0.0361	0.0000	0.0000	0.8992	0.0584
0.0742	0.3837	0.0000	0.0000	0.5288	0.0132
0.1990	0.2560	0.0000	0.0000	0.5243	0.0208
0.0003	0.0131	0.0000	0.0000	0.5455	0.4411
