0.2699	0.7199	0.0000	0.0000	0.0100	0.0002
0.9835	0.0136	0.0000	0.0000	0.0029	0.0000
0.9977	0.0019	0.0000	0.0000	0.0004	0.0000
0.6221	0.3724	0.0000	0.0000	0.0054	0.0001
0.8322	0.1661	0.0000	0.0000	0.0013	0.0004
0.8879	0.0552	0.0000	0.0001	0.0512	0.0056
0.9979	0.0020	0.0000	0.0000	0.0000	0.0000
0.4209	0.3805	0.0000	0.0005	0.1975	0.0006
0.0438	0.8885	0.0000	0.0000	0.0639	0.0038
0.0054	0.9912	0.0000	0.0000	0.0033	0.0001
0.0000	0.0000	1.0000	0.0000	0.0000	0.0000
0.0000	0.0000	0.0840	0.9159	0.0000	0.0000
0.0000	0.0000	0.7576	0.2423	0.0000	0.0000
0.0000	0.0000	0.9974	0.0026	0.0000	0.0000
0.0000	0.0000	0.0006	0.9992	0.0000	0.0001
0.0000	0.0000	0.7297	0.2702	0.0000	0.0000
0.0000	0.0000	1.0000	0.0000	0.0000	0.0000
0.0000	0.0000	0.9996	0.0002	0.0000	0.0002
0.0000	0.0000	0.9959	0.0041	0.0000	0.0000
0.0000	0.0000	0.9999	0.0001	0.0000	0.0000
0.0000	0.0000	1.0000	0.0000	0.0000	0.0000
0.0000	0.0000	0.1565	0.8435	0.0000	0.0000
0.0072	0.0203	0.0000	0.0001	0.8678	0.1046
0.0000	0.0004	0.0000	0.0000	0.6145	0.3851
0.0000	0.0000	0.0000	0.0000	0.2076	0.7924
0.0000	0.0414	0.0000	0.0000	0.4097	0.5488
0.0001	0.0068	0.0000	0.0567	0.0839	0.8525
0.0000	0.0007	0.0000	0.0000	0.1141	0.8853
0.0000	0.0001	0.0000	0.0000	0.4154	0.5845
0.0000	0.0012	0.0000	0.0000	0.9451	0.0537
0.0057	0.0788	0.0000	0.0000	0.8857	0.0298
0.0121	0.1851	0.0000	0.0000	0.7105	0.0922
0.0000	0.0028	0.0000	0.0000	0.0188	0.9785
