0.4496	0.3437	0.0000	0.0005	0.1585	0.0477
0.7491	0.1047	0.0000	0.0008	0.1362	0.0093
0.4088	0.4355	0.0000	0.0011	0.1047	0.0499
0.3956	0.4893	0.0000	0.0006	0.0767	0.0378
0.4638	0.3629	0.0000	0.0008	0.1267	0.0458
0.2369	0.2885	0.0000	0.0012	0.3028	0.1706
0.6155	0.2326	0.0000	0.0017	0.1250	0.0252
0.5568	0.2519	0.0000	0.0031	0.1586	0.0295
0.3324	0.3157	0.0000	0.0011	0.2577	0.0932
0.4916	0.3483	0.0000	0.0017	0.1242	0.0342
0.0003	0.0001	0.9937	0.0057	0.0002	0.0000
0.0022	0.0003	0.5402	0.4555	0.0018	0.0001
0.0029	0.0090	0.3803	0.6014	0.0026	0.0038
0.1853	0.0062	0.2674	0.5303	0.0105	0.0002
0.0061	0.0146	0.1752	0.7575	0.0122	0.0345
0.0040	0.0082	0.3311	0.6409	0.0071	0.0087
0.0003	0.0001	0.9891	0.0104	0.0001	0.0000
0.0000	0.0000	0.9800	0.0194	0.0003	0.0002
0.0022	0.0013	0.8698	0.1257	0.0007	0.0002
0.0001	0.0002	0.9448	0.0542	0.0003	0.0003
0.0001	0.0002	0.9645	0.0351	0.0001	0.0000
0.0287	0.0786	0.1253	0.7651	0.0008	0.0015
0.1600	0.2211	0.0000	0.0012	0.3817	0.2361
0.0246	0.0503	0.0000	0.0015	0.5116	0.4120
0.0009	0.0068	0.0000	0.0007	0.2323	0.7593
0.0477	0.1252	0.0000	0.0020	0.3318	0.4933
0.0602	0.1099	0.0000	0.0061	0.4894	0.3343
0.0051	0.0212	0.0000	0.0016	0.4728	0.4993
0.0090	0.0292	0.0000	0.0023	0.3945	0.5650
0.0265	0.0562	0.0000	0.0008	0.6219	0.2946
0.1596	0.2714	0.0000	0.0005	0.3317	0.2368
0.2341	0.2873	0.0000	0.0015	0.3021	0.1750
0.0119	0.0716	0.0000	0.0021	0.0904	0.8240
