0.1674	0.8212	0.0000	0.0000	0.0113	0.0001
0.9923	0.0063	0.0000	0.0000	0.0015	0.0000
0.9919	0.0036	0.0000	0.0000	0.0044	0.0000
0.7771	0.2177	0.0000	0.0000	0.0051	0.0000
0.9114	0.0863	0.0000	0.0000	0.0020	0.0003
0.6726	0.1177	0.0000	0.0000	0.2042	0.0055
0.9970	0.0029	0.0000	0.0000	0.0000	0.0000
0.3661	0.5866	0.0000	0.0000	0.0468	0.0005
0.0104	0.9641	0.0000	0.0000	0.0245	0.0010
0.0018	0.9959	0.0000	0.0000	0.0023	0.0000
0.0000	0.0000	1.0000	0.0000	0.0000	0.0000
0.0000	0.0000	0.0518	0.9482	0.0000	0.0000
0.0000	0.0000	0.3121	0.6879	0.0000	0.0000
0.0000	0.0022	0.2573	0.7405	0.0000	0.0000
0.0000	0.0000	0.0000	0.9999	0.0000	0.0001
0.0000	0.0000	0.7815	0.2185	0.0000	0.0000
0.0000	0.0000	1.0000	0.0000	0.0000	0.0000
0.0000	0.0000	0.9998	0.0000	0.0000	0.0002
0.0000	0.0000	0.9974	0.0026	0.0000	0.0000
0.0000	0.0000	1.0000	0.0000	0.0000	0.0000
0.0000	0.0000	1.0000	0.0000	0.0000	0.0000
0.0000	0.0000	0.0044	0.9956	0.0000	0.0000
0.0015	0.0239	0.0000	0.0000	0.9047	0.0700
0.0000	0.0002	0.0000	0.0000	0.6047	0.3950
0.0000	0.0000	0.0000	0.0000	0.3804	0.6196
0.0000	0.0304	0.0000	0.0000	0.5164	0.4533
0.0000	0.0008	0.0000	0.0000	0.0115	0.9878
0.0000	0.0002	0.0000	0.0000	0.0108	0.9890
0.0000	0.0001	0.0000	0.0000	0.5815	0.4184
0.0000	0.0013	0.0000	0.0000	0.9465	0.0522
0.0054	0.0799	0.0000	0.0000	0.9033	0.0114
0.0049	0.1434	0.0000	0.0000	0.8052	0.0465
0.0000	0.0006	0.0000	0.0000	0.0054	0.9940
