0.0988	0.9012	0.0000	0.0000	0.0000	0.0000
0.9820	0.0179	0.0000	0.0000	0.0001	0.0000
1.0000	0.0000	0.0000	0.0000	0.0000	0.0000
0.9268	0.0732	0.0000	0.0000	0.0000	0.0000
0.9975	0.0025	0.0000	0.0000	0.0000	0.0000
0.9941	0.0056	0.0000	0.0000	0.0003	0.0000
0.9999	0.0001	0.0000	0.0000	0.0000	0.0000
0.0043	0.9955	0.0000	0.0000	0.0000	0.0001
0.0071	0.9898	0.0000	0.0000	0.0029	0.0002
0.0000	1.0000	0.0000	0.0000	0.0000	0.0000
0.0000	0.0000	1.0000	0.0000	0.0000	0.0000
0.0000	0.0000	0.0000	1.0000	0.0000	0.0000
0.0000	0.0000	0.3116	0.6884	0.0000	0.0000
0.0000	0.0000	1.0000	0.0000	0.0000	0.0000
0.0000	0.0000	0.0001	0.9999	0.0000	0.0000
0.0000	0.0000	0.8558	0.1442	0.0000	0.0000
0.0000	0.0000	1.0000	0.0000	0.0000	0.0000
0.0000	0.0000	1.0000	0.0000	0.0000	0.0000
0.0000	0.0000	1.0000	0.0000	0.0000	0.0000
0.0000	0.0000	1.0000	0.0000	0.0000	0.0000
0.0000	0.0000	1.0000	0.0000	0.0000	0.0000
0.0000	0.0000	0.0891	0.9109	0.0000	0.0000
0.0000	0.0000	0.0000	0.0000	0.9700	0.0299
0.0000	0.0000	0.0000	0.0000	0.7156	0.2844
0.0000	0.0000	0.0000	0.0000	0.8217	0.1783
0.0000	0.0093	0.0000	0.0000	0.1118	0.8790
0.0000	0.4515	0.0000	0.4741	0.0000	0.0745
0.0000	0.0000	0.0000	0.0000	0.0003	0.9997
0.0000	0.0000	0.0000	0.0000	0.1676	0.8324
0.0000	0.0000	0.0000	0.0000	0.9992	0.0008
0.0000	0.0080	0.0000	0.0000	0.9353	0.0567
0.0000	0.0010	0.0000	0.0000	0.0110	0.9880
0.0000	0.0000	0.0000	0.0000	0.0017	0.9983
