0.0225	0.9774	0.0000	0.0000	0.0001	0.0000
0.9978	0.0022	0.0000	0.0000	0.0000	0.0000
1.0000	0.0000	0.0000	0.0000	0.0000	0.0000
0.8853	0.1147	0.0000	0.0000	0.0000	0.0000
0.9652	0.0348	0.0000	0.0000	0.0000	0.0000
0.9992	0.0008	0.0000	0.0000	0.0000	0.0000
1.0000	0.0000	0.0000	0.0000	0.0000	0.0000
0.7098	0.2901	0.0000	0.0000	0.0001	0.0000
0.0065	0.9931	0.0000	0.0000	0.0003	0.0000
0.0000	1.0000	0.0000	0.0000	0.0000	0.0000
0.0000	0.0000	1.0000	0.0000	0.0000	0.0000
0.0000	0.0000	0.0027	0.9973	0.0000	0.0000
0.0000	0.0000	0.0001	0.9999	0.0000	0.0000
0.0000	0.0000	1.0000	0.0000	0.0000	0.0000
0.0000	0.0000	0.0000	1.0000	0.0000	0.0000
0.0000	0.0000	0.7250	0.2750	0.0000	0.0000
0.0000	0.0000	1.0000	0.0000	0.0000	0.0000
0.0000	0.0000	1.0000	0.0000	0.0000	0.0000
0.0000	0.0000	1.0000	0.0000	0.0000	0.0000
0.0000	0.0000	1.0000	0.0000	0.0000	0.0000
0.0000	0.0000	1.0000	0.0000	0.0000	0.0000
0.0000	0.0000	0.0055	0.9945	0.0000	0.0000
0.0001	0.0000	0.0000	0.0000	0.1727	0.8272
0.0000	0.0000	0.0000	0.0000	0.0006	0.9994
0.0000	0.0000	0.0000	0.0000	0.2949	0.7051
0.0000	0.0179	0.0000	0.0000	0.2411	0.7410
0.0000	0.9998	0.0000	0.0001	0.0000	0.0001
0.0000	0.0000	0.0000	0.0000	0.0000	0.9999
0.0000	0.0000	0.0000	0.0000	0.3902	0.6098
0.0000	0.0000	0.0000	0.0000	0.9959	0.0040
0.0001	0.0065	0.0000	0.0000	0.9497	0.0437
0.0002	0.0399	0.0000	0.0000	0.0367	0.9232
0.0000	0.0000	0.0000	0.0000	0.0486	0.9514
