0.5272	0.4653	0.0000	0.0000	0.0075	0.0000
0.9979	0.0011	0.0000	0.0000	0.0011	0.0000
0.9717	0.0277	0.0000	0.0000	0.0006	0.0000
0.6223	0.3768	0.0000	0.0000	0.0009	0.0000
0.9231	0.0761	0.0000	0.0000	0.0008	0.0000
0.8861	0.0813	0.0000	0.0000	0.0323	0.0003
0.9984	0.0011	0.0000	0.0000	0.0005	0.0000
0.8035	0.1082	0.0000	0.0000	0.0883	0.0000
0.1171	0.6569	0.0000	0.0000	0.2259	0.0001
0.0796	0.9181	0.0000	0.0000	0.0024	0.0000
0.0000	0.0000	1.0000	0.0000	0.0000	0.0000
0.0000	0.0000	0.9750	0.0250	0.0000	0.0000
0.0000	0.0000	0.5079	0.4921	0.0000	0.0000
0.0000	0.0000	0.9506	0.0494	0.0000	0.0000
0.0000	0.0000	0.0007	0.9978	0.0000	0.0015
0.0000	0.0000	0.8629	0.1370	0.0000	0.0000
0.0000	0.0000	1.0000	0.0000	0.0000	0.0000
0.0000	0.0000	0.5832	0.0000	0.0000	0.4168
0.0000	0.0000	0.9777	0.0223	0.0000	0.0000
0.0000	0.0000	0.9992	0.0000	0.0000	0.0008
0.0000	0.0000	1.0000	0.0000	0.0000	0.0000
0.0000	0.0000	0.0001	0.9999	0.0000	0.0000
0.0088	0.0049	0.0000	0.0000	0.9855	0.0007
0.0000	0.0000	0.0000	0.0000	0.8732	0.1267
0.0000	0.0000	0.0000	0.0000	0.0419	0.9581
0.0004	0.0171	0.0000	0.0000	0.6884	0.2941
0.0000	0.0000	0.0000	0.0011	0.3873	0.6116
0.0000	0.0000	0.0000	0.0000	0.0364	0.9636
0.0000	0.0000	0.0000	0.0000	0.6802	0.3198
0.0000	0.0000	0.0000	0.0000	0.9963	0.0037
0.0204	0.3256	0.0000	0.0000	0.6534	0.0006
0.1235	0.3461	0.0000	0.0000	0.5277	0.0027
0.0001	0.0004	0.0000	0.0000	0.6148	0.3847
