0.4837	0.4486	0.0000	0.0000	0.0619	0.0058
0.9418	0.0360	0.0000	0.0000	0.0218	0.0004
0.9364	0.0526	0.0000	0.0000	0.0063	0.0047
0.6466	0.3314	0.0000	0.0000	0.0196	0.0025
0.7601	0.2273	0.0000	0.0000	0.0091	0.0035
0.6597	0.1733	0.0000	0.0001	0.0999	0.0670
0.9725	0.0249	0.0000	0.0001	0.0020	0.0005
0.6384	0.1894	0.0000	0.0004	0.1619	0.0099
0.1574	0.6072	0.0000	0.0001	0.1973	0.0380
0.2379	0.7079	0.0000	0.0000	0.0487	0.0054
0.0000	0.0000	0.9999	0.0001	0.0000	0.0000
0.0000	0.0000	0.2229	0.7770	0.0001	0.0000
0.0000	0.0000	0.2548	0.7450	0.0000	0.0002
0.0003	0.0000	0.7544	0.2452	0.0000	0.0000
0.0000	0.0000	0.0013	0.9979	0.0001	0.0007
0.0000	0.0000	0.3126	0.6862	0.0003	0.0009
0.0000	0.0000	0.9916	0.0084	0.0000	0.0000
0.0000	0.0000	0.9905	0.0095	0.0000	0.0000
0.0000	0.0000	0.8760	0.1240	0.0000	0.0000
0.0000	0.0000	0.9918	0.0082	0.0000	0.0000
0.0000	0.0000	0.9984	0.0016	0.0000	0.0000
0.0000	0.0000	0.0348	0.9652	0.0000	0.0000
0.0214	0.0540	0.0000	0.0001	0.7422	0.1824
0.0047	0.0096	0.0000	0.0002	0.6151	0.3703
0.0000	0.0006	0.0000	0.0001	0.3055	0.6939
0.0040	0.1000	0.0000	0.0002	0.4096	0.4861
0.0326	0.2776	0.0000	0.1333	0.1908	0.3658
0.0000	0.0049	0.0000	0.0001	0.2755	0.7196
0.0000	0.0007	0.0000	0.0003	0.5398	0.4593
0.0012	0.0062	0.0000	0.0000	0.9107	0.0818
0.0202	0.1223	0.0000	0.0000	0.7308	0.1267
0.0884	0.2032	0.0000	0.0001	0.5384	0.1699
0.0000	0.0112	0.0000	0.0002	0.1544	0.8342
