0.3655	0.6236	0.0000	0.0000	0.0100	0.0009
0.9143	0.0774	0.0000	0.0000	0.0083	0.0000
0.9925	0.0050	0.0000	0.0000	0.0019	0.0006
0.8633	0.1304	0.0000	0.0000	0.0056	0.0007
0.8784	0.1183	0.0000	0.0000	0.0012	0.0022
0.7984	0.0967	0.0000	0.0000	0.0938	0.0111
0.9513	0.0487	0.0000	0.0000	0.0000	0.0000
0.2887	0.6786	0.0000	0.0001	0.0159	0.0167
0.2423	0.6138	0.0000	0.0000	0.0339	0.1099
0.0156	0.9795	0.0000	0.0000	0.0014	0.0035
0.0000	0.0000	1.0000	0.0000	0.0000	0.0000
0.0000	0.0000	0.0851	0.9149	0.0000	0.0000
0.0000	0.0000	0.0194	0.9804	0.0000	0.0001
0.0000	0.0000	0.9968	0.0032	0.0000	0.0000
0.0000	0.0000	0.0161	0.9820	0.0012	0.0007
0.0000	0.0000	0.4180	0.5818	0.0000	0.0002
0.0000	0.0000	0.9999	0.0001	0.0000	0.0000
0.0000	0.0000	0.9993	0.0007	0.0000	0.0000
0.0000	0.0000	0.9933	0.0067	0.0000	0.0000
0.0000	0.0000	0.9995	0.0005	0.0000	0.0000
0.0000	0.0000	0.9993	0.0007	0.0000	0.0000
0.0000	0.0004	0.4264	0.5733	0.0000	0.0000
0.0011	0.0047	0.0000	0.0000	0.8874	0.1068
0.0000	0.0001	0.0000	0.0000	0.6131	0.3868
0.0000	0.0000	0.0000	0.0000	0.6355	0.3645
0.0002	0.0149	0.0000	0.0000	0.3344	0.6506
0.0002	0.8245	0.0000	0.0078	0.0073	0.1602
0.0000	0.0000	0.0000	0.0000	0.0132	0.9868
0.0000	0.0001	0.0000	0.0000	0.3386	0.6613
0.0000	0.0010	0.0000	0.0000	0.8568	0.1422
0.0228	0.0435	0.0000	0.0000	0.6487	0.2851
0.0012	0.0402	0.0000	0.0000	0.5537	0.4048
0.0000	0.0002	0.0000	0.0000	0.0750	0.9248
