0.0528	0.9468	0.0000	0.0000	0.0004	0.0000
0.9857	0.0142	0.0000	0.0000	0.0000	0.0000
0.9995	0.0004	0.0000	0.0000	0.0000	0.0000
0.8029	0.1969	0.0000	0.0000	0.0001	0.0000
0.8302	0.1698	0.0000	0.0000	0.0000	0.0000
0.9513	0.0476	0.0000	0.0000	0.0000	0.0011
0.9997	0.0003	0.0000	0.0000	0.0000	0.0000
0.4481	0.5515	0.0000	0.0001	0.0003	0.0001
0.0088	0.9902	0.0000	0.0000	0.0005	0.0004
0.0000	1.0000	0.0000	0.0000	0.0000	0.0000
0.0000	0.0000	1.0000	0.0000	0.0000	0.0000
0.0000	0.0000	0.0016	0.9984	0.0000	0.0000
0.0000	0.0000	0.0002	0.9998	0.0000	0.0000
0.0000	0.0012	0.9943	0.0045	0.0000	0.0000
0.0000	0.0000	0.0000	1.0000	0.0000	0.0000
0.0000	0.0000	0.3744	0.6255	0.0000	0.0000
0.0000	0.0000	1.0000	0.0000	0.0000	0.0000
0.0000	0.0000	0.9999	0.0001	0.0000	0.0000
0.0000	0.0000	0.9994	0.0006	0.0000	0.0000
0.0000	0.0000	1.0000	0.0000	0.0000	0.0000
0.0000	0.0000	1.0000	0.0000	0.0000	0.0000
0.0000	0.0000	0.0143	0.9857	0.0000	0.0000
0.0005	0.0015	0.0000	0.0000	0.2173	0.7807
0.0000	0.0000	0.0000	0.0000	0.0053	0.9947
0.0000	0.0000	0.0000	0.0000	0.3235	0.6765
0.0000	0.0503	0.0000	0.0000	0.1202	0.8295
0.0000	0.5121	0.0000	0.3589	0.0002	0.1287
0.0000	0.0001	0.0000	0.0000	0.0014	0.9986
0.0000	0.0000	0.0000	0.0000	0.4228	0.5772
0.0000	0.0001	0.0000	0.0000	0.9298	0.0701
0.0017	0.0606	0.0000	0.0000	0.7657	0.1720
0.0033	0.1537	0.0000	0.0001	0.0936	0.7494
0.0000	0.0000	0.0000	0.0000	0.0199	0.9801
