0.1777	0.8221	0.0000	0.0000	0.0002	0.0000
0.9999	0.0001	0.0000	0.0000	0.0000	0.0000
0.9981	0.0019	0.0000	0.0000	0.0000	0.0000
0.2231	0.7769	0.0000	0.0000	0.0000	0.0000
0.9849	0.0151	0.0000	0.0000	0.0000	0.0000
0.9897	0.0101	0.0000	0.0000	0.0002	0.0000
0.9999	0.0001	0.0000	0.0000	0.0000	0.0000
0.8565	0.1178	0.0000	0.0000	0.0257	0.0000
0.1371	0.8048	0.0000	0.0000	0.0580	0.0000
0.0004	0.9996	0.0000	0.0000	0.0000	0.0000
0.0000	0.0000	1.0000	0.0000	0.0000	0.0000
0.0000	0.0000	0.0218	0.9782	0.0000	0.0000
0.0000	0.0000	0.0684	0.9316	0.0000	0.0000
0.0000	0.0000	0.9982	0.0018	0.0000	0.0000
0.0000	0.0000	0.0001	0.9999	0.0000	0.0000
0.0000	0.0000	0.9790	0.0210	0.0000	0.0000
0.0000	0.0000	1.0000	0.0000	0.0000	0.0000
0.0000	0.0000	0.6492	0.0000	0.0000	0.3508
0.0000	0.0000	0.9991	0.0009	0.0000	0.0000
0.0000	0.0000	1.0000	0.0000	0.0000	0.0000
0.0000	0.0000	1.0000	0.0000	0.0000	0.0000
0.0000	0.0000	0.0057	0.9943	0.0000	0.0000
0.0000	0.0001	0.0000	0.0000	0.9986	0.0013
0.0000	0.0000	0.0000	0.0000	0.3559	0.6441
0.0000	0.0000	0.0000	0.0000	0.0015	0.9985
0.0000	0.0032	0.0000	0.0000	0.7294	0.2673
0.0000	0.0000	0.0000	0.0000	0.0179	0.9821
0.0000	0.0000	0.0000	0.0000	0.0463	0.9537
0.0000	0.0000	0.0000	0.0000	0.0953	0.9047
0.0000	0.0000	0.0000	0.0000	1.0000	0.0000
0.0000	0.1023	0.0000	0.0000	0.8976	0.0001
0.0024	0.2973	0.0000	0.0000	0.6928	0.0075
0.0000	0.0001	0.0000	0.0000	0.6780	0.3219
