0.1949	0.8010	0.0000	0.0000	0.0041	0.0000
0.9998	0.0000	0.0000	0.0000	0.0002	0.0000
0.7289	0.2709	0.0000	0.0000	0.0002	0.0000
0.3832	0.6158	0.0000	0.0000	0.0011	0.0000
0.9032	0.0880	0.0000	0.0000	0.0088	0.0000
0.3807	0.5091	0.0000	0.0000	0.1099	0.0004
0.9943	0.0015	0.0000	0.0000	0.0041	0.0000
0.6050	0.3060	0.0000	0.0000	0.0890	0.0000
0.0026	0.8454	0.0000	0.0000	0.1520	0.0000
0.4641	0.5356	0.0000	0.0000	0.0002	0.0000
0.0000	0.0000	1.0000	0.0000	0.0000	0.0000
0.0000	0.0000	0.3388	0.6612	0.0000	0.0000
0.0000	0.0000	0.0506	0.9494	0.0000	0.0000
0.0003	0.0000	0.0041	0.9956	0.0000	0.0000
0.0000	0.0000	0.0000	0.9999	0.0000	0.0001
0.0000	0.0000	0.0375	0.9623	0.0000	0.0002
0.0000	0.0000	1.0000	0.0000	0.0000	0.0000
0.0000	0.0000	0.9825	0.0000	0.0175	0.0000
0.0000	0.0000	0.9992	0.0008	0.0000	0.0000
0.0000	0.0000	1.0000	0.0000	0.0000	0.0000
0.0000	0.0000	1.0000	0.0000	0.0000	0.0000
0.0000	0.0000	0.0000	1.0000	0.0000	0.0000
0.0000	0.0015	0.0000	0.0000	0.9977	0.0008
0.0000	0.0000	0.0000	0.0000	0.8155	0.1845
0.0000	0.0000	0.0000	0.0000	0.0030	0.9970
0.0000	0.0015	0.0000	0.0000	0.7617	0.2369
0.0000	0.0000	0.0000	0.0000	0.9859	0.0141
0.0000	0.0000	0.0000	0.0000	0.0040	0.9960
0.0000	0.0000	0.0000	0.0000	0.8217	0.1783
0.0000	0.0000	0.0000	0.0000	0.9978	0.0022
0.0119	0.7796	0.0000	0.0000	0.2084	0.0001
0.0117	0.6756	0.0000	0.0000	0.3082	0.0045
0.0000	0.0009	0.0000	0.0000	0.9709	0.0282
