0.4160	0.5636	0.0000	0.0000	0.0203	0.0001
0.9848	0.0078	0.0000	0.0000	0.0075	0.0000
0.8043	0.1900	0.0000	0.0000	0.0055	0.0003
0.2483	0.7464	0.0000	0.0000	0.0053	0.0001
0.6948	0.2987	0.0000	0.0000	0.0063	0.0002
0.4016	0.4055	0.0000	0.0000	0.1803	0.0126
0.9745	0.0193	0.0000	0.0000	0.0061	0.0001
0.6626	0.1284	0.0000	0.0000	0.2082	0.0008
0.1288	0.6744	0.0000	0.0000	0.1953	0.0016
0.2564	0.6989	0.0000	0.0000	0.0444	0.0004
0.0000	0.0000	1.0000	0.0000	0.0000	0.0000
0.0000	0.0000	0.7740	0.2260	0.0000	0.0000
0.0000	0.0000	0.4956	0.5043	0.0000	0.0001
0.0000	0.0000	0.9723	0.0275	0.0001	0.0000
0.0000	0.0000	0.0061	0.9812	0.0000	0.0127
0.0000	0.0000	0.5153	0.4845	0.0000	0.0002
0.0000	0.0000	0.9996	0.0004	0.0000	0.0000
0.0000	0.0000	0.8863	0.0001	0.0000	0.1135
0.0000	0.0000	0.9600	0.0400	0.0000	0.0000
0.0000	0.0000	0.9984	0.0003	0.0000	0.0013
0.0000	0.0000	0.9997	0.0003	0.0000	0.0000
0.0000	0.0000	0.0014	0.9986	0.0000	0.0000
0.0333	0.1489	0.0000	0.0000	0.7984	0.0193
0.0000	0.0011	0.0000	0.0000	0.8240	0.1748
0.0000	0.0000	0.0000	0.0000	0.1757	0.8243
0.0003	0.0400	0.0000	0.0000	0.6641	0.2956
0.0001	0.0058	0.0000	0.0001	0.3553	0.6387
0.0000	0.0006	0.0000	0.0000	0.3825	0.6169
0.0000	0.0001	0.0000	0.0000	0.8499	0.1500
0.0000	0.0020	0.0000	0.0000	0.9711	0.0269
0.0189	0.3481	0.0000	0.0000	0.6283	0.0047
0.0719	0.4621	0.0000	0.0000	0.4479	0.0181
0.0003	0.0478	0.0000	0.0000	0.4540	0.4978
