0.0639	0.9300	0.0000	0.0000	0.0061	0.0000
0.9985	0.0012	0.0000	0.0000	0.0003	0.0000
0.9994	0.0006	0.0000	0.0000	0.0000	0.0000
0.7044	0.2932	0.0000	0.0000	0.0024	0.0000
0.9632	0.0368	0.0000	0.0000	0.0001	0.0000
0.9611	0.0325	0.0000	0.0000	0.0028	0.0035
0.9997	0.0003	0.0000	0.0000	0.0000	0.0000
0.6500	0.2975	0.0000	0.0000	0.0523	0.0002
0.0015	0.9857	0.0000	0.0000	0.0118	0.0010
0.0003	0.9986	0.0000	0.0000	0.0011	0.0000
0.0000	0.0000	1.0000	0.0000	0.0000	0.0000
0.0000	0.0000	0.9559	0.0441	0.0000	0.0000
0.0000	0.0000	0.9975	0.0025	0.0000	0.0000
0.0000	0.0000	0.9999	0.0001	0.0000	0.0000
0.0000	0.0000	0.0000	1.0000	0.0000	0.0000
0.0000	0.0000	0.9912	0.0088	0.0000	0.0000
0.0000	0.0000	1.0000	0.0000	0.0000	0.0000
0.0000	0.0000	1.0000	0.0000	0.0000	0.0000
0.0000	0.0000	1.0000	0.0000	0.0000	0.0000
0.0000	0.0000	1.0000	0.0000	0.0000	0.0000
0.0000	0.0000	1.0000	0.0000	0.0000	0.0000
0.0000	0.0000	0.0260	0.9740	0.0000	0.0000
0.0006	0.0040	0.0000	0.0000	0.8495	0.1460
0.0000	0.0001	0.0000	0.0000	0.2684	0.7316
0.0000	0.0000	0.0000	0.0000	0.1617	0.8383
0.0000	0.0206	0.0000	0.0000	0.5725	0.4069
0.0000	0.0006	0.0000	0.0000	0.0001	0.9993
0.0000	0.0002	0.0000	0.0000	0.0048	0.9950
0.0000	0.0000	0.0000	0.0000	0.3796	0.6204
0.0000	0.0004	0.0000	0.0000	0.9842	0.0153
0.0011	0.0729	0.0000	0.0000	0.9045	0.0215
0.0019	0.3065	0.0000	0.0000	0.4485	0.2430
0.0000	0.0002	0.0000	0.0000	0.1434	0.8564
