0.5548	0.4448	0.0000	0.0000	0.0004	0.0000
0.9997	0.0003	0.0000	0.0000	0.0000	0.0000
0.9593	0.0407	0.0000	0.0000	0.0000	0.0000
0.8830	0.1168	0.0000	0.0000	0.0001	0.0000
0.6082	0.3917	0.0000	0.0000	0.0000	0.0000
0.7719	0.1714	0.0000	0.0000	0.0567	0.0000
0.9995	0.0005	0.0000	0.0000	0.0000	0.0000
0.5752	0.3651	0.0000	0.0000	0.0597	0.0000
0.0015	0.9850	0.0000	0.0000	0.0135	0.0000
0.0171	0.9828	0.0000	0.0000	0.0000	0.0000
0.0000	0.0000	1.0000	0.0000	0.0000	0.0000
0.0000	0.0000	0.7596	0.2404	0.0000	0.0000
0.0000	0.0000	0.0000	1.0000	0.0000	0.0000
0.0000	0.0000	0.0001	0.9999	0.0000	0.0000
0.0000	0.0000	0.0000	1.0000	0.0000	0.0000
0.0000	0.0000	0.0002	0.9998	0.0000	0.0000
0.0000	0.0000	1.0000	0.0000	0.0000	0.0000
0.0000	0.0000	0.0000	0.0000	0.0000	1.0000
0.0000	0.0000	0.9991	0.0009	0.0000	0.0000
0.0000	0.0000	0.9875	0.0000	0.0000	0.0125
0.0000	0.0000	1.0000	0.0000	0.0000	0.0000
0.0000	0.0000	0.0000	1.0000	0.0000	0.0000
0.0000	0.0001	0.0000	0.0000	0.9999	0.0000
0.0000	0.0000	0.0000	0.0000	0.8497	0.1503
0.0000	0.0000	0.0000	0.0000	0.0233	0.9767
0.0000	0.0056	0.0000	0.0000	0.2113	0.7831
0.0000	0.0000	0.0000	0.0000	0.3620	0.6380
0.0000	0.0000	0.0000	0.0000	0.0002	0.9998
0.0000	0.0000	0.0000	0.0000	0.0025	0.9975
0.0000	0.0000	0.0000	0.0000	1.0000	0.0000
0.0008	0.1344	0.0000	0.0000	0.8647	0.0001
0.0006	0.7088	0.0000	0.0000	0.2906	0.0001
0.0000	0.0000	0.0000	0.0000	0.9614	0.0386
