0.1298	0.8529	0.0000	0.0000	0.0167	0.0006
0.9694	0.0267	0.0000	0.0000	0.0039	0.0000
0.9936	0.0039	0.0000	0.0001	0.0005	0.0019
0.5752	0.4193	0.0000	0.0000	0.0054	0.0001
0.6255	0.3704	0.0000	0.0000	0.0034	0.0007
0.8355	0.0840	0.0000	0.0003	0.0287	0.0515
0.9985	0.0015	0.0000	0.0000	0.0000	0.0000
0.5060	0.4120	0.0000	0.0009	0.0741	0.0070
0.0187	0.9136	0.0000	0.0001	0.0592	0.0084
0.0036	0.9948	0.0000	0.0000	0.0013	0.0003
0.0000	0.0000	1.0000	0.0000	0.0000	0.0000
0.0000	0.0000	0.0525	0.9475	0.0000	0.0000
0.0000	0.0000	0.2979	0.7010	0.0003	0.0008
0.0011	0.0036	0.9306	0.0647	0.0000	0.0000
0.0000	0.0000	0.0001	0.9995	0.0000	0.0004
0.0000	0.0000	0.7679	0.2319	0.0000	0.0001
0.0000	0.0000	1.0000	0.0000	0.0000	0.0000
0.0000	0.0000	1.0000	0.0000	0.0000	0.0000
0.0000	0.0000	0.9994	0.0006	0.0000	0.0000
0.0000	0.0000	0.9999	0.0001	0.0000	0.0000
0.0000	0.0000	1.0000	0.0000	0.0000	0.0000
0.0000	0.0000	0.0290	0.9709	0.0000	0.0000
0.0007	0.0020	0.0000	0.0002	0.5745	0.4227
0.0000	0.0001	0.0000	0.0000	0.1591	0.8407
0.0000	0.0001	0.0000	0.0000	0.2025	0.7973
0.0002	0.0189	0.0000	0.0001	0.3753	0.6056
0.0049	0.3029	0.0000	0.6586	0.0110	0.0226
0.0000	0.0025	0.0000	0.0000	0.1252	0.8723
0.0000	0.0001	0.0000	0.0001	0.4095	0.5904
0.0000	0.0005	0.0000	0.0000	0.8509	0.1486
0.0017	0.0204	0.0000	0.0000	0.7725	0.2054
0.0074	0.0368	0.0000	0.0003	0.6110	0.3445
0.0000	0.0004	0.0000	0.0000	0.1503	0.8493
