0.0098	0.9883	0.0000	0.0000	0.0019	0.0000
0.9897	0.0101	0.0000	0.0000	0.0002	0.0000
0.9993	0.0004	0.0000	0.0000	0.0003	0.0000
0.7951	0.2016	0.0000	0.0000	0.0034	0.0000
0.9790	0.0210	0.0000	0.0000	0.0000	0.0000
0.9255	0.0492	0.0000	0.0000	0.0233	0.0020
0.9988	0.0012	0.0000	0.0000	0.0000	0.0000
0.3075	0.6740	0.0000	0.0000	0.0186	0.0000
0.0032	0.9901	0.0000	0.0000	0.0066	0.0000
0.0000	0.9999	0.0000	0.0000	0.0001	0.0000
0.0000	0.0000	1.0000	0.0000	0.0000	0.0000
0.0000	0.0000	0.4545	0.5455	0.0000	0.0000
0.0000	0.0000	0.2276	0.7724	0.0000	0.0000
0.0000	0.0002	0.8368	0.1630	0.0000	0.0000
0.0000	0.0000	0.0000	1.0000	0.0000	0.0000
0.0000	0.0000	0.6660	0.3340	0.0000	0.0000
0.0000	0.0000	1.0000	0.0000	0.0000	0.0000
0.0000	0.0000	1.0000	0.0000	0.0000	0.0000
0.0000	0.0000	0.9998	0.0002	0.0000	0.0000
0.0000	0.0000	1.0000	0.0000	0.0000	0.0000
0.0000	0.0000	1.0000	0.0000	0.0000	0.0000
0.0000	0.0000	0.0013	0.9987	0.0000	0.0000
0.0007	0.0008	0.0000	0.0000	0.9633	0.0352
0.0000	0.0000	0.0000	0.0000	0.7359	0.2641
0.0000	0.0000	0.0000	0.0000	0.1454	0.8546
0.0000	0.0054	0.0000	0.0000	0.7975	0.1971
0.0000	0.0001	0.0000	0.0000	0.0000	0.9999
0.0000	0.0002	0.0000	0.0000	0.0007	0.9991
0.0000	0.0000	0.0000	0.0000	0.6890	0.3110
0.0000	0.0012	0.0000	0.0000	0.9880	0.0108
0.0002	0.1452	0.0000	0.0000	0.8482	0.0064
0.0002	0.5021	0.0000	0.0000	0.4754	0.0223
0.0000	0.0000	0.0000	0.0000	0.0146	0.9854
