0.2182	0.7591	0.0000	0.0000	0.0220	0.0007
0.9693	0.0255	0.0000	0.0000	0.0052	0.0000
0.9776	0.0182	0.0000	0.0000	0.0041	0.0001
0.5479	0.4449	0.0000	0.0000	0.0070	0.0002
0.9177	0.0809	0.0000	0.0000	0.0011	0.0003
0.6334	0.2281	0.0000	0.0000	0.1216	0.0169
0.9186	0.0807	0.0000	0.0000	0.0007	0.0000
0.5656	0.3381	0.0000	0.0000	0.0958	0.0005
0.0915	0.8547	0.0000	0.0000	0.0488	0.0050
0.0474	0.9266	0.0000	0.0000	0.0252	0.0008
0.0000	0.0000	1.0000	0.0000	0.0000	0.0000
0.0000	0.0000	0.6981	0.3019	0.0000	0.0000
0.0000	0.0000	0.4681	0.5319	0.0000	0.0000
0.0040	0.0001	0.2040	0.7920	0.0000	0.0000
0.0000	0.0000	0.0017	0.9979	0.0000	0.0003
0.0000	0.0000	0.6453	0.3547	0.0000	0.0000
0.0000	0.0000	0.9976	0.0024	0.0000	0.0000
0.0000	0.0000	0.9957	0.0004	0.0000	0.0039
0.0000	0.0000	0.9709	0.0291	0.0000	0.0000
0.0000	0.0000	0.9999	0.0000	0.0000	0.0000
0.0000	0.0000	1.0000	0.0000	0.0000	0.0000
0.0000	0.0000	0.0055	0.9945	0.0000	0.0000
0.0073	0.0660	0.0000	0.0000	0.7502	0.1765
0.0000	0.0022	0.0000	0.0000	0.7118	0.2859
0.0000	0.0000	0.0000	0.0000	0.1797	0.8203
0.0000	0.0332	0.0000	0.0000	0.4220	0.5448
0.0000	0.0001	0.0000	0.0000	0.0012	0.9988
0.0000	0.0008	0.0000	0.0000	0.0516	0.9476
0.0000	0.0023	0.0000	0.0000	0.3160	0.6817
0.0000	0.0129	0.0000	0.0000	0.8989	0.0882
0.0176	0.4821	0.0000	0.0000	0.4611	0.0393
0.0268	0.5185	0.0000	0.0000	0.3020	0.1526
0.0000	0.0099	0.0000	0.0000	0.0379	0.9522
