0.4005	0.5726	0.0000	0.0000	0.0255	0.0013
0.9054	0.0854	0.0000	0.0000	0.0091	0.0001
0.9532	0.0403	0.0000	0.0000	0.0052	0.0013
0.7355	0.2540	0.0000	0.0000	0.0093	0.0011
0.8165	0.1814	0.0000	0.0000	0.0013	0.0008
0.5409	0.2897	0.0000	0.0002	0.1124	0.0569
0.9111	0.0879	0.0000	0.0000	0.0008	0.0001
0.7052	0.2305	0.0000	0.0004	0.0617	0.0022
0.1663	0.7733	0.0000	0.0000	0.0520	0.0083
0.1012	0.8858	0.0000	0.0000	0.0122	0.0008
0.0000	0.0000	1.0000	0.0000	0.0000	0.0000
0.0000	0.0000	0.0635	0.9365	0.0000	0.0000
0.0000	0.0000	0.0008	0.9991	0.0000	0.0000
0.0024	0.0001	0.0735	0.9239	0.0000	0.0000
0.0000	0.0000	0.0001	0.9981	0.0003	0.0014
0.0000	0.0000	0.1264	0.8730	0.0001	0.0004
0.0000	0.0000	0.9997	0.0003	0.0000	0.0000
0.0000	0.0000	0.9991	0.0004	0.0000	0.0006
0.0000	0.0000	0.9702	0.0298	0.0000	0.0000
0.0000	0.0000	0.9989	0.0009	0.0000	0.0002
0.0000	0.0000	1.0000	0.0000	0.0000	0.0000
0.0006	0.0002	0.0392	0.9599	0.0000	0.0001
0.0174	0.0562	0.0000	0.0001	0.7970	0.1293
0.0001	0.0034	0.0000	0.0002	0.4844	0.5120
0.0000	0.0000	0.0000	0.0000	0.2431	0.7568
0.0007	0.0969	0.0000	0.0003	0.3293	0.5727
0.0028	0.0127	0.0000	0.0071	0.0620	0.9154
0.0000	0.0001	0.0000	0.0000	0.0905	0.9094
0.0000	0.0004	0.0000	0.0001	0.4128	0.5867
0.0000	0.0016	0.0000	0.0000	0.8840	0.1144
0.0500	0.3585	0.0000	0.0000	0.5060	0.0855
0.0680	0.3341	0.0000	0.0001	0.4845	0.1133
0.0000	0.0011	0.0000	0.0001	0.0770	0.9218
