0.0164	0.9836	0.0000	0.0000	0.0000	0.0000
0.9868	0.0132	0.0000	0.0000	0.0000	0.0000
1.0000	0.0000	0.0000	0.0000	0.0000	0.0000
0.6821	0.3179	0.0000	0.0000	0.0000	0.0000
0.9388	0.0612	0.0000	0.0000	0.0000	0.0000
0.9963	0.0032	0.0000	0.0000	0.0005	0.0000
0.9991	0.0009	0.0000	0.0000	0.0000	0.0000
0.0344	0.9655	0.0000	0.0000	0.0001	0.0000
0.0221	0.9759	0.0000	0.0000	0.0017	0.0003
0.0000	1.0000	0.0000	0.0000	0.0000	0.0000
0.0000	0.0000	1.0000	0.0000	0.0000	0.0000
0.0000	0.0000	0.0013	0.9987	0.0000	0.0000
0.0000	0.0000	0.3187	0.6813	0.0000	0.0000
0.0000	0.0009	0.9991	0.0000	0.0000	0.0000
0.0000	0.0000	0.0000	1.0000	0.0000	0.0000
0.0000	0.0000	0.9276	0.0724	0.0000	0.0000
0.0000	0.0000	1.0000	0.0000	0.0000	0.0000
0.0000	0.0000	1.0000	0.0000	0.0000	0.0000
0.0000	0.0000	1.0000	0.0000	0.0000	0.0000
0.0000	0.0000	1.0000	0.0000	0.0000	0.0000
0.0000	0.0000	1.0000	0.0000	0.0000	0.0000
0.0000	0.0000	0.0112	0.9888	0.0000	0.0000
0.0000	0.0000	0.0000	0.0000	0.2259	0.7741
0.0000	0.0000	0.0000	0.0000	0.2291	0.7709
0.0000	0.0000	0.0000	0.0000	0.0779	0.9221
0.0000	0.0041	0.0000	0.0000	0.6117	0.3842
0.0000	0.1578	0.0000	0.8422	0.0000	0.0000
0.0000	0.0000	0.0000	0.0000	0.0001	0.9999
0.0000	0.0000	0.0000	0.0000	0.1892	0.8108
0.0000	0.0000	0.0000	0.0000	0.9939	0.0061
0.0002	0.0076	0.0000	0.0000	0.6873	0.3049
0.0000	0.0016	0.0000	0.0000	0.2500	0.7483
0.0000	0.0000	0.0000	0.0000	0.0017	0.9983
