0.6961	0.3039	0.0000	0.0000	0.0000	0.0000
0.9959	0.0041	0.0000	0.0000	0.0000	0.0000
1.0000	0.0000	0.0000	0.0000	0.0000	0.0000
0.9964	0.0036	0.0000	0.0000	0.0000	0.0000
0.9983	0.0017	0.0000	0.0000	0.0000	0.0000
0.9982	0.0018	0.0000	0.0000	0.0000	0.0000
0.9996	0.0004	0.0000	0.0000	0.0000	0.0000
0.3581	0.6419	0.0000	0.0000	0.0000	0.0000
0.0340	0.9660	0.0000	0.0000	0.0000	0.0000
0.0004	0.9996	0.0000	0.0000	0.0000	0.0000
0.0000	0.0000	1.0000	0.0000	0.0000	0.0000
0.0000	0.0000	0.0000	1.0000	0.0000	0.0000
0.0000	0.0000	0.0000	1.0000	0.0000	0.0000
0.0000	0.0000	1.0000	0.0000	0.0000	0.0000
0.0000	0.0000	0.0000	1.0000	0.0000	0.0000
0.0000	0.0000	0.4329	0.5671	0.0000	0.0000
0.0000	0.0000	1.0000	0.0000	0.0000	0.0000
0.0000	0.0000	1.0000	0.0000	0.0000	0.0000
0.0000	0.0000	1.0000	0.0000	0.0000	0.0000
0.0000	0.0000	1.0000	0.0000	0.0000	0.0000
0.0000	0.0000	1.0000	0.0000	0.0000	0.0000
0.0000	0.0000	0.0022	0.9978	0.0000	0.0000
0.0000	0.0001	0.0000	0.0000	0.9038	0.0961
0.0000	0.0000	0.0000	0.0000	0.3133	0.6867
0.0000	0.0000	0.0000	0.0000	0.6285	0.3715
0.0000	0.0466	0.0000	0.0000	0.0808	0.8725
0.0000	0.9999	0.0000	0.0000	0.0000	0.0001
0.0000	0.0000	0.0000	0.0000	0.0027	0.9973
0.0000	0.0000	0.0000	0.0000	0.1644	0.8356
0.0000	0.0000	0.0000	0.0000	0.9973	0.0027
0.0001	0.0073	0.0000	0.0000	0.9749	0.0178
0.0004	0.1275	0.0000	0.0000	0.1727	0.6994
0.0000	0.0000	0.0000	0.0000	0.0102	0.9897
