0.3859	0.5730	0.0000	0.0000	0.0411	0.0000
0.9945	0.0018	0.0000	0.0000	0.0037	0.0000
0.9364	0.0582	0.0000	0.0000	0.0053	0.0001
0.3995	0.5953	0.0000	0.0000	0.0052	0.0000
0.8747	0.1204	0.0000	0.0000	0.0048	0.0001
0.5439	0.2385	0.0000	0.0000	0.2051	0.0125
0.9932	0.0052	0.0000	0.0000	0.0015	0.0000
0.7389	0.0814	0.0000	0.0000	0.1796	0.0000
0.0891	0.6923	0.0000	0.0000	0.2179	0.0007
0.2224	0.6842	0.0000	0.0000	0.0933	0.0000
0.0000	0.0000	1.0000	0.0000	0.0000	0.0000
0.0000	0.0000	0.8084	0.1916	0.0000	0.0000
0.0000	0.0000	0.0721	0.9279	0.0000	0.0000
0.0005	0.0000	0.9735	0.0260	0.0000	0.0000
0.0000	0.0000	0.0003	0.9995	0.0000	0.0002
0.0000	0.0000	0.3228	0.6772	0.0000	0.0000
0.0000	0.0000	1.0000	0.0000	0.0000	0.0000
0.0000	0.0000	0.9688	0.0001	0.0000	0.0311
0.0000	0.0000	0.9268	0.0732	0.0000	0.0000
0.0000	0.0000	0.9996	0.0001	0.0000	0.0002
0.0000	0.0000	0.9998	0.0002	0.0000	0.0000
0.0000	0.0000	0.0003	0.9997	0.0000	0.0000
0.0020	0.0330	0.0000	0.0000	0.9562	0.0088
0.0000	0.0007	0.0000	0.0000	0.5985	0.4008
0.0000	0.0000	0.0000	0.0000	0.0228	0.9772
0.0001	0.0472	0.0000	0.0000	0.7722	0.1804
0.0000	0.0005	0.0000	0.0001	0.0287	0.9707
0.0000	0.0005	0.0000	0.0000	0.0921	0.9075
0.0000	0.0002	0.0000	0.0000	0.6649	0.3349
0.0000	0.0031	0.0000	0.0000	0.9710	0.0259
0.0174	0.2664	0.0000	0.0000	0.7112	0.0051
0.0480	0.3467	0.0000	0.0000	0.5924	0.0129
0.0000	0.0279	0.0000	0.0000	0.5982	0.3739
