0.2224	0.7752	0.0000	0.0000	0.0025	0.0000
1.0000	0.0000	0.0000	0.0000	0.0000	0.0000
0.9999	0.0001	0.0000	0.0000	0.0000	0.0000
0.7721	0.2278	0.0000	0.0000	0.0000	0.0000
0.5442	0.4557	0.0000	0.0000	0.0000	0.0000
0.9990	0.0008	0.0000	0.0000	0.0002	0.0000
1.0000	0.0000	0.0000	0.0000	0.0000	0.0000
0.6839	0.0715	0.0000	0.0000	0.2446	0.0000
0.0020	0.8783	0.0000	0.0000	0.1198	0.0000
0.0080	0.9918	0.0000	0.0000	0.0003	0.0000
0.0000	0.0000	1.0000	0.0000	0.0000	0.0000
0.0000	0.0000	0.1892	0.8108	0.0000	0.0000
0.0000	0.0000	0.0200	0.9800	0.0000	0.0000
0.0000	0.0000	0.0765	0.9235	0.0000	0.0000
0.0000	0.0000	0.0000	1.0000	0.0000	0.0000
0.0000	0.0000	0.9825	0.0175	0.0000	0.0000
0.0000	0.0000	0.9802	0.0197	0.0000	0.0002
0.0000	0.0000	0.8724	0.0000	0.0000	0.1276
0.0000	0.0000	0.9986	0.0014	0.0000	0.0000
0.0000	0.0000	1.0000	0.0000	0.0000	0.0000
0.0000	0.0000	1.0000	0.0000	0.0000	0.0000
0.0000	0.0000	0.0000	1.0000	0.0000	0.0000
0.0000	0.0000	0.0000	0.0000	0.9951	0.0049
0.0000	0.0000	0.0000	0.0000	0.4719	0.5281
0.0000	0.0000	0.0000	0.0000	0.0050	0.9950
0.0000	0.0004	0.0000	0.0000	0.3974	0.6023
0.0000	0.0000	0.0000	0.0000	0.0175	0.9825
0.0000	0.0000	0.0000	0.0000	0.0136	0.9864
0.0000	0.0000	0.0000	0.0000	0.0005	0.9995
0.0000	0.0000	0.0000	0.0000	0.9999	0.0001
0.0044	0.5284	0.0000	0.0000	0.4671	0.0001
0.0224	0.5435	0.0000	0.0000	0.4306	0.0035
0.0000	0.0000	0.0000	0.0000	0.0028	0.9972
