0.5052	0.4271	0.0000	0.0000	0.0677	0.0000
0.9817	0.0019	0.0000	0.0000	0.0164	0.0000
0.8522	0.0951	0.0000	0.0000	0.0526	0.0001
0.3715	0.6204	0.0000	0.0000	0.0080	0.0001
0.8684	0.1156	0.0000	0.0000	0.0159	0.0001
0.2367	0.1628	0.0000	0.0000	0.5922	0.0083
0.9570	0.0150	0.0000	0.0000	0.0278	0.0001
0.5960	0.0521	0.0000	0.0000	0.3516	0.0002
0.1689	0.3554	0.0000	0.0000	0.4746	0.0011
0.4233	0.3863	0.0000	0.0000	0.1901	0.0003
0.0000	0.0000	1.0000	0.0000	0.0000	0.0000
0.0000	0.0000	0.9980	0.0020	0.0000	0.0000
0.0000	0.0000	0.5575	0.4424	0.0000	0.0000
0.0001	0.0000	0.6648	0.3350	0.0001	0.0000
0.0000	0.0000	0.0236	0.9566	0.0000	0.0199
0.0000	0.0000	0.8874	0.1125	0.0000	0.0001
0.0000	0.0000	0.9987	0.0013	0.0000	0.0000
0.0000	0.0000	0.0313	0.0000	0.0000	0.9687
0.0000	0.0000	0.9874	0.0125	0.0000	0.0000
0.0000	0.0000	0.9929	0.0000	0.0000	0.0071
0.0000	0.0000	1.0000	0.0000	0.0000	0.0000
0.0000	0.0000	0.0007	0.9993	0.0000	0.0000
0.0054	0.0225	0.0000	0.0000	0.9652	0.0068
0.0000	0.0005	0.0000	0.0000	0.8317	0.1678
0.0000	0.0000	0.0000	0.0000	0.0127	0.9873
0.0001	0.0059	0.0000	0.0000	0.7465	0.2475
0.0000	0.0002	0.0000	0.0000	0.1270	0.8727
0.0000	0.0001	0.0000	0.0000	0.1105	0.8894
0.0000	0.0004	0.0000	0.0000	0.4023	0.5973
0.0000	0.0047	0.0000	0.0000	0.9500	0.0452
0.0207	0.3212	0.0000	0.0000	0.6547	0.0034
0.0512	0.1999	0.0000	0.0000	0.7380	0.0109
0.0000	0.0051	0.0000	0.0001	0.4442	0.5506
