0.6698	0.3113	0.0000	0.0000	0.0188	0.0001
0.8577	0.1171	0.0000	0.0000	0.0249	0.0003
0.8626	0.1321	0.0000	0.0000	0.0050	0.0002
0.5728	0.3789	0.0000	0.0000	0.0446	0.0036
0.9189	0.0742	0.0000	0.0000	0.0062	0.0007
0.0231	0.3892	0.0000	0.0000	0.5755	0.0122
0.4564	0.4607	0.0000	0.0000	0.0802	0.0028
0.2070	0.6260	0.0000	0.0000	0.1631	0.0039
0.1132	0.6996	0.0000	0.0000	0.1812	0.0060
0.3934	0.5820	0.0000	0.0000	0.0242	0.0003
0.0000	0.0000	1.0000	0.0000	0.0000	0.0000
0.0000	0.0000	0.2143	0.7857	0.0000	0.0000
0.0000	0.0000	0.5102	0.4898	0.0000	0.0000
0.0009	0.0002	0.4285	0.5698	0.0004	0.0002
0.0000	0.0000	0.0017	0.9970	0.0001	0.0012
0.0000	0.0000	0.0126	0.9874	0.0000	0.0000
0.0000	0.0000	1.0000	0.0000	0.0000	0.0000
0.0000	0.0000	0.9910	0.0077	0.0000	0.0013
0.0000	0.0000	0.9404	0.0596	0.0000	0.0000
0.0000	0.0000	0.9976	0.0024	0.0000	0.0000
0.0000	0.0000	0.9999	0.0001	0.0000	0.0000
0.0000	0.0000	0.0143	0.9854	0.0000	0.0002
0.1007	0.4550	0.0000	0.0000	0.4393	0.0049
0.0000	0.0017	0.0000	0.0000	0.7467	0.2517
0.0000	0.0000	0.0000	0.0000	0.0319	0.9681
0.0001	0.0276	0.0000	0.0000	0.7794	0.1929
0.0000	0.0008	0.0000	0.0000	0.1299	0.8692
0.0000	0.0000	0.0000	0.0000	0.0122	0.9878
0.0000	0.0004	0.0000	0.0000	0.2963	0.7033
0.0000	0.0026	0.0000	0.0000	0.7485	0.2489
0.0307	0.6334	0.0000	0.0000	0.3310	0.0049
0.0058	0.4460	0.0000	0.0000	0.5114	0.0369
0.1417	0.5252	0.0000	0.0000	0.2647	0.0684
