0.1845	0.8086	0.0000	0.0000	0.0069	0.0000
0.9999	0.0000	0.0000	0.0000	0.0000	0.0000
0.9925	0.0064	0.0000	0.0000	0.0011	0.0000
0.1211	0.8786	0.0000	0.0000	0.0002	0.0000
0.9188	0.0810	0.0000	0.0000	0.0002	0.0000
0.8455	0.0708	0.0000	0.0000	0.0826	0.0012
0.9999	0.0001	0.0000	0.0000	0.0001	0.0000
0.6831	0.0212	0.0000	0.0000	0.2957	0.0000
0.0131	0.6713	0.0000	0.0000	0.3155	0.0001
0.0826	0.8986	0.0000	0.0000	0.0188	0.0000
0.0000	0.0000	1.0000	0.0000	0.0000	0.0000
0.0000	0.0000	0.9859	0.0141	0.0000	0.0000
0.0000	0.0000	0.7798	0.2202	0.0000	0.0000
0.0000	0.0000	1.0000	0.0000	0.0000	0.0000
0.0000	0.0000	0.0003	0.9996	0.0000	0.0000
0.0000	0.0000	0.9615	0.0385	0.0000	0.0000
0.0000	0.0000	0.9999	0.0001	0.0000	0.0000
0.0000	0.0000	0.9970	0.0000	0.0000	0.0030
0.0000	0.0000	0.9585	0.0415	0.0000	0.0000
0.0000	0.0000	1.0000	0.0000	0.0000	0.0000
0.0000	0.0000	1.0000	0.0000	0.0000	0.0000
0.0000	0.0000	0.0001	0.9999	0.0000	0.0000
0.0000	0.0006	0.0000	0.0000	0.9987	0.0007
0.0000	0.0000	0.0000	0.0000	0.8626	0.1374
0.0000	0.0000	0.0000	0.0000	0.0097	0.9903
0.0000	0.0053	0.0000	0.0000	0.7381	0.2566
0.0000	0.0000	0.0000	0.0000	0.0115	0.9885
0.0000	0.0000	0.0000	0.0000	0.0396	0.9604
0.0000	0.0000	0.0000	0.0000	0.8520	0.1480
0.0000	0.0000	0.0000	0.0000	0.9973	0.0027
0.0007	0.1875	0.0000	0.0000	0.8115	0.0003
0.0091	0.1554	0.0000	0.0000	0.8290	0.0065
0.0000	0.0001	0.0000	0.0000	0.8969	0.1030
