0.1000	0.8904	0.0000	0.0000	0.0095	0.0002
0.6463	0.3500	0.0000	0.0000	0.0037	0.0000
0.1546	0.8431	0.0000	0.0000	0.0021	0.0001
0.0012	0.9567	0.0000	0.0000	0.0379	0.0042
0.7953	0.2023	0.0000	0.0000	0.0021	0.0002
0.5234	0.3649	0.0000	0.0000	0.1099	0.0018
0.9056	0.0463	0.0000	0.0000	0.0479	0.0002
0.5382	0.4197	0.0000	0.0000	0.0394	0.0027
0.9995	0.0005	0.0000	0.0000	0.0000	0.0000
0.2452	0.7538	0.0000	0.0000	0.0008	0.0002
0.0000	0.0000	0.9902	0.0098	0.0000	0.0000
0.0000	0.0000	1.0000	0.0000	0.0000	0.0000
0.0000	0.0000	0.0067	0.9933	0.0000	0.0000
0.0000	0.0002	0.0007	0.9991	0.0000	0.0000
0.0037	0.0002	0.0065	0.9894	0.0002	0.0000
0.0037	0.0004	0.0064	0.9827	0.0069	0.0000
0.0000	0.0000	0.0150	0.9841	0.0009	0.0000
0.0000	0.0000	0.9892	0.0108	0.0000	0.0000
0.0000	0.0000	0.9306	0.0694	0.0000	0.0000
0.0000	0.0000	0.0002	0.9998	0.0000	0.0000
0.0116	0.0000	0.0553	0.9331	0.0000	0.0000
0.0000	0.0000	0.0000	1.0000	0.0000	0.0000
0.0066	0.0324	0.0000	0.0000	0.9047	0.0562
0.6202	0.2896	0.0000	0.0000	0.0884	0.0017
0.0000	0.0545	0.0000	0.0000	0.3605	0.5851
0.3572	0.5650	0.0000	0.0000	0.0655	0.0122
0.0000	0.0000	0.0000	0.0000	0.9607	0.0393
0.0000	0.0065	0.0000	0.0000	0.0472	0.9463
0.0000	0.0868	0.0000	0.0000	0.2378	0.6754
0.0001	0.0179	0.0000	0.0000	0.3166	0.6654
0.0026	0.1116	0.0000	0.0000	0.8748	0.0110
0.0015	0.7184	0.0000	0.0000	0.2610	0.0191
0.0000	0.0000	0.0000	0.0000	0.0000	1.0000
