0.0018	0.9981	0.0000	0.0000	0.0000	0.0000
0.5972	0.4011	0.0000	0.0000	0.0017	0.0000
0.2569	0.7393	0.0000	0.0000	0.0038	0.0001
0.0000	0.9966	0.0000	0.0000	0.0023	0.0012
0.7452	0.2532	0.0000	0.0000	0.0014	0.0002
0.0007	0.9752	0.0000	0.0000	0.0084	0.0158
0.8513	0.0465	0.0000	0.0000	0.1003	0.0019
0.0123	0.9767	0.0000	0.0000	0.0105	0.0006
0.9814	0.0186	0.0000	0.0000	0.0000	0.0000
0.0000	1.0000	0.0000	0.0000	0.0000	0.0000
0.0000	0.0000	0.9998	0.0002	0.0000	0.0000
0.0000	0.0000	1.0000	0.0000	0.0000	0.0000
0.0000	0.0000	0.5153	0.4847	0.0000	0.0000
0.0000	0.0000	0.0000	1.0000	0.0000	0.0000
0.0035	0.0001	0.1063	0.8901	0.0000	0.0000
0.0001	0.0000	0.0021	0.9765	0.0213	0.0000
0.0000	0.0000	0.0578	0.9422	0.0000	0.0000
0.0000	0.0000	0.9999	0.0001	0.0000	0.0000
0.0000	0.0000	0.9995	0.0005	0.0000	0.0000
0.0001	0.0000	0.0000	0.9999	0.0000	0.0000
0.0002	0.0000	0.7206	0.2792	0.0000	0.0000
0.0000	0.0000	0.0000	1.0000	0.0000	0.0000
0.0001	0.0004	0.0000	0.0000	0.9907	0.0088
0.3503	0.3161	0.0000	0.0000	0.3269	0.0067
0.0000	0.0138	0.0000	0.0000	0.3935	0.5928
0.0131	0.0006	0.0000	0.0000	0.9734	0.0129
0.0000	0.0000	0.0000	0.0000	0.9180	0.0820
0.0000	0.0000	0.0000	0.0000	1.0000	0.0000
0.0000	0.0007	0.0000	0.0000	0.8871	0.1122
0.0000	0.0618	0.0000	0.0000	0.6937	0.2445
0.0000	0.0008	0.0000	0.0000	0.9608	0.0384
0.0002	0.0082	0.0000	0.0000	0.9048	0.0868
0.0000	0.0000	0.0000	0.0000	0.0000	1.0000
