0.2002	0.7212	0.0000	0.0000	0.0734	0.0052
0.4798	0.4834	0.0000	0.0000	0.0353	0.0015
0.1646	0.8127	0.0000	0.0000	0.0207	0.0021
0.0187	0.8024	0.0000	0.0000	0.1343	0.0445
0.4082	0.5572	0.0000	0.0000	0.0305	0.0041
0.5169	0.2884	0.0000	0.0000	0.1832	0.0115
0.7992	0.0988	0.0000	0.0000	0.0987	0.0033
0.3937	0.3257	0.0000	0.0000	0.2610	0.0196
0.9891	0.0081	0.0000	0.0000	0.0028	0.0000
0.2319	0.7547	0.0000	0.0000	0.0104	0.0029
0.0000	0.0000	0.9739	0.0261	0.0000	0.0000
0.0000	0.0000	0.9999	0.0001	0.0000	0.0000
0.0000	0.0000	0.1685	0.8314	0.0000	0.0000
0.0000	0.0000	0.0153	0.9847	0.0000	0.0000
0.0520	0.0000	0.0685	0.8767	0.0028	0.0000
0.0183	0.0001	0.0211	0.9510	0.0095	0.0000
0.0000	0.0000	0.1561	0.8434	0.0004	0.0000
0.0000	0.0000	0.9729	0.0270	0.0000	0.0000
0.0001	0.0000	0.7950	0.2048	0.0001	0.0000
0.0050	0.0000	0.0066	0.9879	0.0006	0.0000
0.0025	0.0000	0.2216	0.7758	0.0001	0.0000
0.0000	0.0000	0.0020	0.9980	0.0000	0.0000
0.0398	0.0603	0.0000	0.0000	0.7281	0.1719
0.3493	0.2945	0.0000	0.0000	0.3341	0.0221
0.0010	0.0786	0.0000	0.0000	0.5173	0.4031
0.2608	0.6194	0.0000	0.0000	0.1018	0.0180
0.0002	0.0008	0.0000	0.0000	0.8902	0.1088
0.0018	0.0722	0.0000	0.0000	0.3376	0.5884
0.0032	0.1989	0.0000	0.0000	0.5209	0.2770
0.0052	0.0830	0.0000	0.0000	0.4229	0.4889
0.0477	0.1329	0.0000	0.0000	0.7492	0.0702
0.0251	0.4485	0.0000	0.0000	0.4665	0.0599
0.0000	0.0000	0.0000	0.0000	0.0000	1.0000
