0.0011	0.9989	0.0000	0.0000	0.0000	0.0000
0.8539	0.1461	0.0000	0.0000	0.0000	0.0000
0.0426	0.9569	0.0000	0.0000	0.0005	0.0000
0.0000	0.9940	0.0000	0.0002	0.0058	0.0000
0.0113	0.9887	0.0000	0.0000	0.0000	0.0000
0.0000	0.9965	0.0000	0.0000	0.0030	0.0005
0.0148	0.1610	0.0000	0.0000	0.8084	0.0157
0.0001	0.1880	0.0000	0.0000	0.8119	0.0000
0.9986	0.0014	0.0000	0.0000	0.0000	0.0000
0.0000	1.0000	0.0000	0.0000	0.0000	0.0000
0.0000	0.0000	0.9999	0.0001	0.0000	0.0000
0.0000	0.0000	1.0000	0.0000	0.0000	0.0000
0.0000	0.0000	0.1635	0.8365	0.0000	0.0000
0.0000	0.0000	0.0000	1.0000	0.0000	0.0000
0.0001	0.0000	0.0000	0.9999	0.0000	0.0000
0.0000	0.0000	0.0004	0.9996	0.0000	0.0000
0.0000	0.0000	0.0000	1.0000	0.0000	0.0000
0.0000	0.0000	1.0000	0.0000	0.0000	0.0000
0.0000	0.0000	0.9999	0.0001	0.0000	0.0000
0.0000	0.0000	0.0000	1.0000	0.0000	0.0000
0.0000	0.0000	0.8534	0.1466	0.0000	0.0000
0.0000	0.0000	0.0000	1.0000	0.0000	0.0000
0.0000	0.0000	0.0000	0.0000	0.9983	0.0017
0.2353	0.0084	0.0000	0.0000	0.7528	0.0035
0.0000	0.0051	0.0000	0.0000	0.1221	0.8728
0.0000	0.0000	0.0000	0.0000	0.9999	0.0001
0.0000	0.0000	0.0000	0.0000	0.7076	0.2924
0.0000	0.0000	0.0000	0.0000	0.9983	0.0017
0.0000	0.0000	0.0000	0.0000	0.9969	0.0031
0.0000	0.0000	0.0000	0.0000	0.2448	0.7552
0.0000	0.0001	0.0000	0.0000	0.9968	0.0031
0.0000	0.0000	0.0000	0.0000	0.9926	0.0074
0.0000	0.0000	0.0000	0.0000	0.0000	1.0000
