0.0948	0.9035	0.0000	0.0000	0.0016	0.0000
0.5958	0.3983	0.0000	0.0000	0.0059	0.0000
0.0920	0.9049	0.0000	0.0000	0.0029	0.0002
0.0051	0.9172	0.0000	0.0000	0.0588	0.0189
0.6212	0.3724	0.0000	0.0000	0.0061	0.0003
0.1271	0.7185	0.0000	0.0000	0.1227	0.0318
0.5715	0.1164	0.0000	0.0000	0.3059	0.0062
0.2875	0.4845	0.0000	0.0000	0.2097	0.0183
0.9972	0.0028	0.0000	0.0000	0.0000	0.0000
0.0220	0.9778	0.0000	0.0000	0.0001	0.0001
0.0000	0.0000	0.8348	0.1652	0.0000	0.0000
0.0000	0.0000	1.0000	0.0000	0.0000	0.0000
0.0015	0.0000	0.1640	0.8345	0.0000	0.0000
0.0000	0.0000	0.0201	0.9799	0.0000	0.0000
0.7582	0.0001	0.0221	0.2196	0.0000	0.0000
0.0037	0.0000	0.0104	0.9817	0.0042	0.0000
0.0000	0.0000	0.2191	0.7766	0.0040	0.0002
0.0000	0.0000	0.9489	0.0510	0.0001	0.0000
0.0000	0.0000	0.9629	0.0371	0.0000	0.0000
0.0053	0.0000	0.0004	0.9942	0.0002	0.0000
0.0286	0.0000	0.8211	0.1504	0.0000	0.0000
0.0000	0.0000	0.0000	1.0000	0.0000	0.0000
0.0012	0.0028	0.0000	0.0000	0.8905	0.1055
0.1857	0.1633	0.0000	0.0000	0.6027	0.0484
0.0000	0.0445	0.0000	0.0000	0.3931	0.5624
0.2773	0.1728	0.0000	0.0000	0.5189	0.0310
0.0000	0.0001	0.0000	0.0000	0.9156	0.0842
0.0000	0.0004	0.0000	0.0000	0.7318	0.2678
0.0008	0.1045	0.0000	0.0000	0.6182	0.2764
0.0009	0.0726	0.0000	0.0000	0.6732	0.2533
0.0075	0.0514	0.0000	0.0000	0.8625	0.0786
0.0025	0.1914	0.0000	0.0000	0.6728	0.1334
0.0000	0.0000	0.0000	0.0000	0.0000	1.0000
