0.0026	0.9974	0.0000	0.0000	0.0000	0.0000
0.9145	0.0851	0.0000	0.0000	0.0004	0.0000
0.0576	0.9423	0.0000	0.0000	0.0001	0.0000
0.0000	0.9909	0.0000	0.0000	0.0091	0.0000
0.1535	0.8465	0.0000	0.0000	0.0000	0.0000
0.0119	0.9867	0.0000	0.0000	0.0013	0.0000
0.9865	0.0039	0.0000	0.0000	0.0096	0.0000
0.0545	0.9284	0.0000	0.0000	0.0171	0.0000
0.9994	0.0006	0.0000	0.0000	0.0000	0.0000
0.0000	1.0000	0.0000	0.0000	0.0000	0.0000
0.0000	0.0000	0.9999	0.0001	0.0000	0.0000
0.0000	0.0000	1.0000	0.0000	0.0000	0.0000
0.0000	0.0000	0.0060	0.9940	0.0000	0.0000
0.0000	0.0000	0.0026	0.9974	0.0000	0.0000
0.0000	0.0000	0.5016	0.4984	0.0000	0.0000
0.0000	0.0000	0.0000	0.9999	0.0001	0.0000
0.0000	0.0000	0.5680	0.4320	0.0000	0.0000
0.0000	0.0000	1.0000	0.0000	0.0000	0.0000
0.0000	0.0000	0.9986	0.0014	0.0000	0.0000
0.0000	0.0000	0.0000	1.0000	0.0000	0.0000
0.0000	0.0000	0.0477	0.9523	0.0000	0.0000
0.0000	0.0000	0.0000	1.0000	0.0000	0.0000
0.0003	0.0002	0.0000	0.0000	0.9990	0.0005
0.8802	0.0164	0.0000	0.0000	0.1033	0.0000
0.0000	0.0074	0.0000	0.0000	0.8055	0.1871
0.0890	0.0044	0.0000	0.0000	0.9066	0.0000
0.0000	0.0000	0.0000	0.0000	0.9643	0.0357
0.0000	0.0000	0.0000	0.0000	0.8977	0.1023
0.0000	0.0000	0.0000	0.0000	0.9994	0.0006
0.0000	0.0263	0.0000	0.0000	0.8462	0.1275
0.0002	0.0002	0.0000	0.0000	0.9994	0.0001
0.0002	0.0001	0.0000	0.0000	0.9997	0.0000
0.0000	0.0000	0.0000	0.0000	0.0000	1.0000
