0.0000	1.0000	0.0000	0.0000	0.0000	0.0000
0.3282	0.6717	0.0000	0.0000	0.0001	0.0000
0.0006	0.9994	0.0000	0.0000	0.0000	0.0000
0.0000	1.0000	0.0000	0.0000	0.0000	0.0000
0.0437	0.9563	0.0000	0.0000	0.0000	0.0000
0.0890	0.8614	0.0000	0.0000	0.0496	0.0000
0.9695	0.0098	0.0000	0.0000	0.0207	0.0000
0.7833	0.0814	0.0000	0.0000	0.1352	0.0000
1.0000	0.0000	0.0000	0.0000	0.0000	0.0000
0.0000	1.0000	0.0000	0.0000	0.0000	0.0000
0.0000	0.0000	1.0000	0.0000	0.0000	0.0000
0.0000	0.0000	1.0000	0.0000	0.0000	0.0000
0.0001	0.0000	0.3294	0.6704	0.0000	0.0000
0.0000	0.0000	0.0001	0.9999	0.0000	0.0000
0.0073	0.0000	0.0002	0.9924	0.0000	0.0000
0.0958	0.0000	0.0005	0.9037	0.0000	0.0000
0.0000	0.0000	0.0642	0.9358	0.0000	0.0000
0.0000	0.0000	1.0000	0.0000	0.0000	0.0000
0.0002	0.0000	0.9857	0.0141	0.0000	0.0000
0.0071	0.0000	0.0000	0.9929	0.0000	0.0000
0.0003	0.0000	0.0314	0.9683	0.0000	0.0000
0.0000	0.0000	0.0000	1.0000	0.0000	0.0000
0.0009	0.0000	0.0000	0.0000	0.9990	0.0001
0.9978	0.0004	0.0000	0.0000	0.0018	0.0000
0.0000	0.0114	0.0000	0.0000	0.5577	0.4309
0.3661	0.2324	0.0000	0.0000	0.4015	0.0000
0.0000	0.0000	0.0000	0.0000	0.9980	0.0020
0.0000	0.4963	0.0000	0.0000	0.3501	0.1536
0.0000	0.3405	0.0000	0.0000	0.5086	0.1509
0.0000	0.0036	0.0000	0.0000	0.4864	0.5100
0.0057	0.0766	0.0000	0.0000	0.9141	0.0035
0.0004	0.5560	0.0000	0.0000	0.4433	0.0002
0.0000	0.0000	0.0000	0.0000	0.0000	1.0000
