0.0079	0.9856	0.0000	0.0000	0.0065	0.0000
0.2433	0.7542	0.0000	0.0000	0.0026	0.0000
0.0034	0.9965	0.0000	0.0000	0.0001	0.0000
0.0003	0.9710	0.0000	0.0000	0.0271	0.0016
0.2622	0.7338	0.0000	0.0000	0.0040	0.0000
0.5688	0.2878	0.0000	0.0000	0.1432	0.0002
0.8022	0.1474	0.0000	0.0000	0.0503	0.0000
0.5362	0.2669	0.0000	0.0000	0.1964	0.0005
0.9995	0.0005	0.0000	0.0000	0.0000	0.0000
0.0009	0.9990	0.0000	0.0000	0.0000	0.0000
0.0000	0.0000	0.9806	0.0194	0.0000	0.0000
0.0000	0.0000	1.0000	0.0000	0.0000	0.0000
0.0000	0.0000	0.0036	0.9964	0.0000	0.0000
0.0000	0.0000	0.0008	0.9992	0.0000	0.0000
0.0023	0.0000	0.0001	0.9975	0.0000	0.0000
0.0019	0.0000	0.0952	0.9016	0.0013	0.0000
0.0000	0.0000	0.4679	0.5321	0.0000	0.0000
0.0000	0.0000	0.9896	0.0104	0.0000	0.0000
0.0000	0.0000	0.9579	0.0421	0.0000	0.0000
0.0003	0.0000	0.0022	0.9974	0.0000	0.0000
0.0000	0.0000	0.0892	0.9108	0.0000	0.0000
0.0000	0.0000	0.0000	1.0000	0.0000	0.0000
0.0031	0.0085	0.0000	0.0000	0.9591	0.0293
0.5848	0.1231	0.0000	0.0000	0.2910	0.0011
0.0000	0.0225	0.0000	0.0000	0.6665	0.3111
0.0013	0.9968	0.0000	0.0000	0.0019	0.0001
0.0000	0.0000	0.0000	0.0000	0.8050	0.1950
0.0000	0.0102	0.0000	0.0000	0.7216	0.2681
0.0000	0.1072	0.0000	0.0000	0.7581	0.1347
0.0000	0.0207	0.0000	0.0000	0.5124	0.4669
0.0024	0.0829	0.0000	0.0000	0.9098	0.0049
0.0020	0.4931	0.0000	0.0000	0.5014	0.0035
0.0000	0.0000	0.0000	0.0000	0.0000	1.0000
