0.0076	0.9924	0.0000	0.0000	0.0000	0.0000
0.7483	0.2503	0.0000	0.0000	0.0014	0.0000
0.4695	0.5296	0.0000	0.0000	0.0009	0.0000
0.0001	0.9990	0.0000	0.0000	0.0005	0.0004
0.9635	0.0362	0.0000	0.0000	0.0003	0.0000
0.0021	0.9589	0.0000	0.0000	0.0210	0.0179
0.8086	0.0492	0.0000	0.0000	0.1409	0.0012
0.0349	0.9386	0.0000	0.0000	0.0254	0.0011
0.9993	0.0007	0.0000	0.0000	0.0000	0.0000
0.0000	1.0000	0.0000	0.0000	0.0000	0.0000
0.0000	0.0000	0.9994	0.0006	0.0000	0.0000
0.0000	0.0000	1.0000	0.0000	0.0000	0.0000
0.0000	0.0000	0.0850	0.9150	0.0000	0.0000
0.0000	0.0000	0.0001	0.9999	0.0000	0.0000
0.0000	0.0000	0.9879	0.0121	0.0000	0.0000
0.0000	0.0000	0.0280	0.9719	0.0000	0.0000
0.0000	0.0000	0.1253	0.8747	0.0000	0.0000
0.0000	0.0000	1.0000	0.0000	0.0000	0.0000
0.0000	0.0000	0.9990	0.0010	0.0000	0.0000
0.0001	0.0000	0.0000	0.9999	0.0000	0.0000
0.0000	0.0000	0.4816	0.5184	0.0000	0.0000
0.0000	0.0000	0.0000	1.0000	0.0000	0.0000
0.0014	0.0001	0.0000	0.0000	0.9797	0.0188
0.2593	0.2197	0.0000	0.0000	0.5183	0.0027
0.0000	0.0043	0.0000	0.0000	0.5867	0.4090
0.0209	0.0000	0.0000	0.0000	0.9758	0.0032
0.0000	0.0000	0.0000	0.0000	0.9698	0.0302
0.0000	0.0000	0.0000	0.0000	0.9998	0.0001
0.0000	0.0000	0.0000	0.0000	0.8775	0.1225
0.0000	0.0060	0.0000	0.0000	0.9673	0.0267
0.0001	0.0000	0.0000	0.0000	0.9836	0.0163
0.0010	0.0009	0.0000	0.0000	0.8733	0.1248
0.0000	0.0000	0.0000	0.0000	0.0000	1.0000
