0.2387	0.6852	0.0000	0.0000	0.0744	0.0017
0.3929	0.5853	0.0000	0.0000	0.0215	0.0002
0.0589	0.9351	0.0000	0.0000	0.0059	0.0001
0.0203	0.7657	0.0000	0.0000	0.1910	0.0230
0.2372	0.7462	0.0000	0.0000	0.0160	0.0006
0.7704	0.1428	0.0000	0.0000	0.0865	0.0003
0.9101	0.0512	0.0000	0.0000	0.0385	0.0002
0.6003	0.1830	0.0000	0.0000	0.2153	0.0015
0.9972	0.0016	0.0000	0.0000	0.0012	0.0000
0.0387	0.9587	0.0000	0.0000	0.0019	0.0006
0.0000	0.0000	0.9202	0.0798	0.0000	0.0000
0.0000	0.0000	0.9998	0.0002	0.0000	0.0000
0.0001	0.0000	0.0692	0.9307	0.0000	0.0000
0.0000	0.0000	0.0054	0.9946	0.0000	0.0000
0.0216	0.0000	0.0170	0.9594	0.0020	0.0000
0.0115	0.0000	0.0502	0.9358	0.0025	0.0000
0.0000	0.0000	0.1233	0.8765	0.0000	0.0003
0.0000	0.0000	0.9606	0.0393	0.0000	0.0000
0.0000	0.0000	0.8733	0.1267	0.0000	0.0000
0.0077	0.0000	0.0441	0.9477	0.0005	0.0000
0.0002	0.0000	0.3081	0.6916	0.0000	0.0000
0.0000	0.0000	0.0042	0.9958	0.0000	0.0000
0.0692	0.0641	0.0000	0.0000	0.8319	0.0348
0.5430	0.1659	0.0000	0.0000	0.2892	0.0018
0.0004	0.0239	0.0000	0.0000	0.7095	0.2662
0.0448	0.9195	0.0000	0.0000	0.0318	0.0039
0.0000	0.0002	0.0000	0.0000	0.7880	0.2118
0.0004	0.0377	0.0000	0.0001	0.2346	0.7272
0.0011	0.0781	0.0000	0.0000	0.7248	0.1959
0.0021	0.0432	0.0000	0.0000	0.6383	0.3163
0.0452	0.0792	0.0000	0.0000	0.8537	0.0218
0.0364	0.3131	0.0000	0.0000	0.6414	0.0091
0.0000	0.0000	0.0000	0.0000	0.0000	1.0000
