0.0138	0.9855	0.0000	0.0000	0.0008	0.0000
0.8800	0.1177	0.0000	0.0000	0.0023	0.0000
0.1729	0.8244	0.0000	0.0000	0.0027	0.0000
0.0001	0.9744	0.0000	0.0000	0.0250	0.0005
0.9123	0.0854	0.0000	0.0000	0.0023	0.0000
0.0414	0.8288	0.0000	0.0000	0.1248	0.0050
0.7376	0.0094	0.0000	0.0000	0.2529	0.0001
0.2240	0.7238	0.0000	0.0000	0.0519	0.0003
0.9986	0.0014	0.0000	0.0000	0.0000	0.0000
0.0016	0.9984	0.0000	0.0000	0.0000	0.0000
0.0000	0.0000	0.9968	0.0032	0.0000	0.0000
0.0000	0.0000	1.0000	0.0000	0.0000	0.0000
0.0000	0.0000	0.1670	0.8330	0.0000	0.0000
0.0000	0.0000	0.0019	0.9981	0.0000	0.0000
0.0034	0.0000	0.0860	0.9106	0.0000	0.0000
0.0005	0.0000	0.0223	0.9444	0.0328	0.0000
0.0000	0.0000	0.1058	0.8942	0.0000	0.0000
0.0000	0.0000	0.9998	0.0002	0.0000	0.0000
0.0000	0.0000	0.9854	0.0146	0.0000	0.0000
0.0001	0.0000	0.0001	0.9999	0.0000	0.0000
0.0013	0.0000	0.4016	0.5971	0.0000	0.0000
0.0000	0.0000	0.0000	1.0000	0.0000	0.0000
0.0001	0.0001	0.0000	0.0000	0.9966	0.0031
0.3206	0.1171	0.0000	0.0000	0.5577	0.0045
0.0000	0.0041	0.0000	0.0000	0.7668	0.2291
0.2002	0.0016	0.0000	0.0000	0.7978	0.0004
0.0000	0.0000	0.0000	0.0000	0.9982	0.0018
0.0000	0.0000	0.0000	0.0000	0.9999	0.0001
0.0000	0.0045	0.0000	0.0000	0.9644	0.0311
0.0000	0.0097	0.0000	0.0000	0.9255	0.0648
0.0001	0.0004	0.0000	0.0000	0.9980	0.0015
0.0001	0.0099	0.0000	0.0000	0.9850	0.0050
0.0000	0.0000	0.0000	0.0000	0.0000	1.0000
