0.0000	1.0000	0.0000	0.0000	0.0000	0.0000
0.2476	0.7524	0.0000	0.0000	0.0000	0.0000
0.0000	1.0000	0.0000	0.0000	0.0000	0.0000
0.0000	1.0000	0.0000	0.0000	0.0000	0.0000
0.5078	0.4922	0.0000	0.0000	0.0000	0.0000
0.7527	0.0938	0.0000	0.0000	0.1535	0.0000
0.9895	0.0100	0.0000	0.0000	0.0005	0.0000
0.8848	0.0002	0.0000	0.0000	0.1150	0.0000
0.9998	0.0002	0.0000	0.0000	0.0000	0.0000
0.0000	1.0000	0.0000	0.0000	0.0000	0.0000
0.0000	0.0000	1.0000	0.0000	0.0000	0.0000
0.0000	0.0000	1.0000	0.0000	0.0000	0.0000
0.0003	0.0000	0.0000	0.9997	0.0000	0.0000
0.0000	0.0000	0.0000	1.0000	0.0000	0.0000
0.0011	0.0000	0.0000	0.9989	0.0000	0.0000
0.9997	0.0000	0.0000	0.0003	0.0000	0.0000
0.0000	0.0000	0.0153	0.9847	0.0000	0.0000
0.0000	0.0000	0.9975	0.0025	0.0000	0.0000
0.0000	0.0000	0.9986	0.0014	0.0000	0.0000
0.1438	0.0000	0.0001	0.8562	0.0000	0.0000
0.0238	0.0000	0.0013	0.9750	0.0000	0.0000
0.0000	0.0000	0.0000	1.0000	0.0000	0.0000
0.0000	0.0000	0.0000	0.0000	1.0000	0.0000
0.9999	0.0000	0.0000	0.0000	0.0001	0.0000
0.0000	0.0002	0.0000	0.0000	0.0141	0.9857
0.0031	0.9969	0.0000	0.0000	0.0000	0.0000
0.0000	0.0000	0.0000	0.0000	0.0725	0.9275
0.0000	0.0000	0.0000	0.0000	0.9005	0.0995
0.0000	0.2337	0.0000	0.0000	0.4521	0.3142
0.0000	0.0000	0.0000	0.0000	0.8634	0.1366
0.0004	0.0774	0.0000	0.0000	0.9189	0.0032
0.0000	0.8277	0.0000	0.0000	0.1659	0.0064
0.0000	0.0000	0.0000	0.0000	0.0000	1.0000
