0.0000	1.0000	0.0000	0.0000	0.0000	0.0000
0.7058	0.2942	0.0000	0.0000	0.0000	0.0000
0.1632	0.8362	0.0000	0.0000	0.0006	0.0000
0.0000	0.9938	0.0000	0.0001	0.0061	0.0000
0.5354	0.4622	0.0000	0.0000	0.0022	0.0001
0.0000	0.9596	0.0000	0.0000	0.0058	0.0346
0.0300	0.2140	0.0000	0.0000	0.7513	0.0047
0.1162	0.5048	0.0000	0.0000	0.3789	0.0000
1.0000	0.0000	0.0000	0.0000	0.0000	0.0000
0.0000	1.0000	0.0000	0.0000	0.0000	0.0000
0.0000	0.0000	0.9823	0.0177	0.0000	0.0000
0.0000	0.0000	1.0000	0.0000	0.0000	0.0000
0.0000	0.0000	0.2940	0.7060	0.0000	0.0000
0.0000	0.0000	0.0000	1.0000	0.0000	0.0000
0.0000	0.0000	0.0000	1.0000	0.0000	0.0000
0.0000	0.0000	0.0848	0.9151	0.0000	0.0000
0.0000	0.0000	0.0439	0.9561	0.0000	0.0000
0.0000	0.0000	1.0000	0.0000	0.0000	0.0000
0.0000	0.0000	0.9989	0.0011	0.0000	0.0000
0.0000	0.0000	0.0000	1.0000	0.0000	0.0000
0.0000	0.0000	0.8046	0.1954	0.0000	0.0000
0.0000	0.0000	0.0000	1.0000	0.0000	0.0000
0.0000	0.0000	0.0000	0.0000	1.0000	0.0000
0.3948	0.0307	0.0000	0.0001	0.5616	0.0129
0.0000	0.0176	0.0000	0.0000	0.4021	0.5804
0.0006	0.0000	0.0000	0.0000	0.9447	0.0547
0.0000	0.0000	0.0000	0.0000	0.7675	0.2325
0.0000	0.0000	0.0000	0.0000	1.0000	0.0000
0.0000	0.0000	0.0000	0.0000	0.9976	0.0023
0.0000	0.0002	0.0000	0.0000	0.9886	0.0112
0.0000	0.0001	0.0000	0.0000	0.8229	0.1770
0.0000	0.0000	0.0000	0.0000	0.9446	0.0554
0.0000	0.0000	0.0000	0.0000	0.0000	1.0000
