0.0053	0.9940	0.0000	0.0000	0.0007	0.0000
0.9498	0.0475	0.0000	0.0000	0.0027	0.0000
0.6781	0.3136	0.0000	0.0000	0.0079	0.0004
0.0000	0.9812	0.0000	0.0000	0.0111	0.0076
0.8470	0.1495	0.0000	0.0000	0.0033	0.0003
0.0377	0.8097	0.0000	0.0000	0.1241	0.0285
0.7866	0.0229	0.0000	0.0000	0.1888	0.0017
0.1752	0.7792	0.0000	0.0000	0.0395	0.0061
0.9998	0.0002	0.0000	0.0000	0.0000	0.0000
0.0003	0.9995	0.0000	0.0000	0.0000	0.0001
0.0000	0.0000	0.9993	0.0007	0.0000	0.0000
0.0000	0.0000	1.0000	0.0000	0.0000	0.0000
0.0000	0.0000	0.1738	0.8262	0.0000	0.0000
0.0000	0.0000	0.0019	0.9981	0.0000	0.0000
0.0017	0.0000	0.3930	0.6052	0.0000	0.0000
0.0002	0.0000	0.0617	0.9338	0.0043	0.0000
0.0000	0.0000	0.1200	0.8799	0.0000	0.0000
0.0000	0.0000	0.9998	0.0002	0.0000	0.0000
0.0000	0.0000	0.9860	0.0140	0.0000	0.0000
0.0001	0.0000	0.0001	0.9998	0.0000	0.0000
0.0047	0.0000	0.3345	0.6608	0.0000	0.0000
0.0000	0.0000	0.0000	1.0000	0.0000	0.0000
0.0001	0.0004	0.0000	0.0000	0.9621	0.0373
0.3537	0.3020	0.0000	0.0000	0.3250	0.0193
0.0000	0.0195	0.0000	0.0000	0.4285	0.5520
0.2949	0.0040	0.0000	0.0000	0.6869	0.0142
0.0000	0.0000	0.0000	0.0000	0.9158	0.0842
0.0000	0.0000	0.0000	0.0000	0.9988	0.0012
0.0000	0.0020	0.0000	0.0000	0.7430	0.2549
0.0000	0.0362	0.0000	0.0000	0.6452	0.3187
0.0005	0.0022	0.0000	0.0000	0.9682	0.0291
0.0005	0.0143	0.0000	0.0000	0.9016	0.0836
0.0000	0.0000	0.0000	0.0000	0.0000	1.0000
