0.0054	0.9944	0.0000	0.0000	0.0002	0.0000
0.3217	0.6768	0.0000	0.0000	0.0015	0.0000
0.1347	0.8630	0.0000	0.0000	0.0023	0.0001
0.0001	0.9956	0.0000	0.0000	0.0030	0.0014
0.5258	0.4653	0.0000	0.0000	0.0088	0.0002
0.0003	0.9972	0.0000	0.0000	0.0006	0.0019
0.5399	0.3372	0.0000	0.0000	0.0892	0.0336
0.1022	0.8846	0.0000	0.0000	0.0121	0.0011
0.9847	0.0153	0.0000	0.0000	0.0000	0.0000
0.0000	1.0000	0.0000	0.0000	0.0000	0.0000
0.0000	0.0000	0.4879	0.5121	0.0000	0.0000
0.0000	0.0000	1.0000	0.0000	0.0000	0.0000
0.0000	0.0000	0.3846	0.6154	0.0000	0.0000
0.0000	0.0000	0.0000	1.0000	0.0000	0.0000
0.0142	0.0000	0.0064	0.9793	0.0000	0.0000
0.0000	0.0000	0.0003	0.9995	0.0001	0.0000
0.0000	0.0000	0.0002	0.9998	0.0000	0.0000
0.0000	0.0000	0.9998	0.0002	0.0000	0.0000
0.0000	0.0000	0.9774	0.0226	0.0000	0.0000
0.0000	0.0000	0.0000	1.0000	0.0000	0.0000
0.0000	0.0000	0.8232	0.1768	0.0000	0.0000
0.0000	0.0000	0.0000	1.0000	0.0000	0.0000
0.0000	0.0000	0.0000	0.0000	0.8237	0.1762
0.4158	0.4114	0.0000	0.0000	0.1340	0.0387
0.0000	0.0300	0.0000	0.0000	0.2612	0.7088
0.0124	0.0018	0.0000	0.0000	0.9080	0.0778
0.0000	0.0000	0.0000	0.0000	0.9476	0.0524
0.0000	0.0000	0.0000	0.0000	0.5944	0.4056
0.0000	0.0004	0.0000	0.0000	0.8723	0.1273
0.0000	0.0461	0.0000	0.0000	0.4826	0.4713
0.0001	0.0050	0.0000	0.0000	0.8938	0.1011
0.0002	0.0267	0.0000	0.0000	0.6684	0.3047
0.0000	0.0000	0.0000	0.0000	0.0000	1.0000
