0.0916	0.8293	0.0000	0.0000	0.0788	0.0002
0.2427	0.7531	0.0000	0.0000	0.0042	0.0000
0.0198	0.9792	0.0000	0.0000	0.0010	0.0000
0.0062	0.7695	0.0000	0.0000	0.2191	0.0052
0.2486	0.7454	0.0000	0.0000	0.0060	0.0000
0.8870	0.1031	0.0000	0.0000	0.0099	0.0000
0.9441	0.0475	0.0000	0.0000	0.0083	0.0000
0.7985	0.1515	0.0000	0.0000	0.0500	0.0000
0.9941	0.0047	0.0000	0.0000	0.0011	0.0000
0.0135	0.9855	0.0000	0.0000	0.0009	0.0001
0.0000	0.0000	0.9953	0.0047	0.0000	0.0000
0.0000	0.0000	1.0000	0.0000	0.0000	0.0000
0.0000	0.0000	0.0045	0.9955	0.0000	0.0000
0.0000	0.0000	0.0323	0.9677	0.0000	0.0000
0.0000	0.0000	0.0002	0.9994	0.0003	0.0000
0.0001	0.0000	0.0011	0.9982	0.0006	0.0000
0.0000	0.0000	0.1954	0.8046	0.0000	0.0000
0.0000	0.0000	0.9939	0.0061	0.0000	0.0000
0.0000	0.0000	0.7658	0.2342	0.0000	0.0000
0.0000	0.0000	0.0001	0.9999	0.0000	0.0000
0.0000	0.0000	0.0531	0.9469	0.0000	0.0000
0.0000	0.0000	0.0005	0.9995	0.0000	0.0000
0.2370	0.1118	0.0000	0.0000	0.6467	0.0045
0.7877	0.1170	0.0000	0.0000	0.0952	0.0000
0.0000	0.0141	0.0000	0.0000	0.7926	0.1933
0.0227	0.9689	0.0000	0.0000	0.0081	0.0003
0.0000	0.0001	0.0000	0.0000	0.7220	0.2779
0.0000	0.0060	0.0000	0.0000	0.2699	0.7241
0.0001	0.0267	0.0000	0.0000	0.8148	0.1584
0.0008	0.0226	0.0000	0.0000	0.7200	0.2566
0.0211	0.1505	0.0000	0.0000	0.8249	0.0036
0.0260	0.5647	0.0000	0.0000	0.4084	0.0009
0.0000	0.0000	0.0000	0.0000	0.0000	1.0000
