0.0000	1.0000	0.0000	0.0000	0.0000	0.0000
0.6717	0.3283	0.0000	0.0000	0.0000	0.0000
0.0013	0.9987	0.0000	0.0000	0.0000	0.0000
0.0000	1.0000	0.0000	0.0000	0.0000	0.0000
0.1393	0.8606	0.0000	0.0000	0.0001	0.0000
0.0000	0.9999	0.0000	0.0000	0.0000	0.0000
0.0280	0.9459	0.0000	0.0000	0.0261	0.0001
0.0007	0.9833	0.0000	0.0000	0.0160	0.0000
1.0000	0.0000	0.0000	0.0000	0.0000	0.0000
0.0000	1.0000	0.0000	0.0000	0.0000	0.0000
0.0000	0.0000	0.9977	0.0023	0.0000	0.0000
0.0000	0.0000	1.0000	0.0000	0.0000	0.0000
0.0000	0.0000	0.8736	0.1264	0.0000	0.0000
0.0000	0.0000	0.0000	1.0000	0.0000	0.0000
0.0044	0.0000	0.0592	0.9364	0.0000	0.0000
0.0147	0.0000	0.1636	0.8167	0.0050	0.0000
0.0000	0.0000	0.4728	0.5272	0.0000	0.0000
0.0000	0.0000	1.0000	0.0000	0.0000	0.0000
0.0000	0.0000	1.0000	0.0000	0.0000	0.0000
0.0007	0.0000	0.0000	0.9993	0.0000	0.0000
0.0000	0.0000	0.9999	0.0001	0.0000	0.0000
0.0000	0.0000	0.0000	1.0000	0.0000	0.0000
0.0000	0.0000	0.0000	0.0000	0.9927	0.0073
0.1058	0.0718	0.0000	0.0000	0.7216	0.1008
0.0000	0.0029	0.0000	0.0000	0.1659	0.8311
0.0000	0.0000	0.0000	0.0000	0.9995	0.0005
0.0000	0.0000	0.0000	0.0000	0.9840	0.0160
0.0000	0.0000	0.0000	0.0000	1.0000	0.0000
0.0000	0.0000	0.0000	0.0000	0.9997	0.0003
0.0000	0.0048	0.0000	0.0000	0.9906	0.0046
0.0000	0.0000	0.0000	0.0000	0.9995	0.0005
0.0000	0.0000	0.0000	0.0000	0.6700	0.3300
0.0000	0.0000	0.0000	0.0000	0.0000	1.0000
