0.0616	0.9381	0.0000	0.0000	0.0004	0.0000
0.6125	0.3784	0.0000	0.0000	0.0091	0.0000
0.0201	0.9797	0.0000	0.0000	0.0002	0.0000
0.0004	0.9902	0.0000	0.0000	0.0093	0.0002
0.0850	0.9125	0.0000	0.0000	0.0024	0.0001
0.1265	0.8406	0.0000	0.0000	0.0327	0.0001
0.8663	0.0354	0.0000	0.0000	0.0983	0.0000
0.0905	0.7996	0.0000	0.0000	0.1096	0.0003
1.0000	0.0000	0.0000	0.0000	0.0000	0.0000
0.0000	1.0000	0.0000	0.0000	0.0000	0.0000
0.0000	0.0000	0.9883	0.0117	0.0000	0.0000
0.0000	0.0000	1.0000	0.0000	0.0000	0.0000
0.0000	0.0000	0.0053	0.9947	0.0000	0.0000
0.0000	0.0000	0.1010	0.8990	0.0000	0.0000
0.0379	0.0000	0.0112	0.9509	0.0000	0.0000
0.0000	0.0000	0.0017	0.9977	0.0005	0.0000
0.0000	0.0000	0.1815	0.8185	0.0000	0.0000
0.0000	0.0000	1.0000	0.0000	0.0000	0.0000
0.0000	0.0000	0.9912	0.0088	0.0000	0.0000
0.0000	0.0000	0.0001	0.9999	0.0000	0.0000
0.0000	0.0000	0.0253	0.9747	0.0000	0.0000
0.0000	0.0000	0.0000	1.0000	0.0000	0.0000
0.0068	0.0019	0.0000	0.0000	0.9849	0.0065
0.7138	0.0822	0.0000	0.0000	0.2037	0.0004
0.0000	0.0390	0.0000	0.0000	0.6189	0.3420
0.2407	0.0134	0.0000	0.0000	0.7452	0.0006
0.0000	0.0000	0.0000	0.0000	0.4991	0.5009
0.0000	0.0010	0.0000	0.0000	0.7532	0.2458
0.0001	0.0067	0.0000	0.0000	0.9360	0.0572
0.0000	0.0084	0.0000	0.0000	0.5914	0.4002
0.0141	0.0175	0.0000	0.0000	0.9555	0.0129
0.0209	0.1978	0.0000	0.0000	0.7797	0.0016
0.0000	0.0000	0.0000	0.0000	0.0000	1.0000
