0.1390	0.8610	0.0000	0.0000	0.0000	0.0000
0.9679	0.0319	0.0000	0.0000	0.0002	0.0000
0.1346	0.8651	0.0000	0.0000	0.0002	0.0000
0.0002	0.9965	0.0000	0.0000	0.0033	0.0000
0.5618	0.4371	0.0000	0.0000	0.0011	0.0000
0.0092	0.9883	0.0000	0.0000	0.0026	0.0000
0.9880	0.0078	0.0000	0.0000	0.0042	0.0000
0.0325	0.9387	0.0000	0.0000	0.0288	0.0000
1.0000	0.0000	0.0000	0.0000	0.0000	0.0000
0.0000	1.0000	0.0000	0.0000	0.0000	0.0000
0.0000	0.0000	1.0000	0.0000	0.0000	0.0000
0.0000	0.0000	1.0000	0.0000	0.0000	0.0000
0.0000	0.0000	0.1085	0.8915	0.0000	0.0000
0.0000	0.0000	0.0534	0.9466	0.0000	0.0000
0.0000	0.0000	1.0000	0.0000	0.0000	0.0000
0.0000	0.0000	0.0000	1.0000	0.0000	0.0000
0.0000	0.0000	0.0752	0.9248	0.0000	0.0000
0.0000	0.0000	1.0000	0.0000	0.0000	0.0000
0.0000	0.0000	1.0000	0.0000	0.0000	0.0000
0.0000	0.0000	0.0000	1.0000	0.0000	0.0000
0.0000	0.0000	0.6282	0.3718	0.0000	0.0000
0.0000	0.0000	0.0000	1.0000	0.0000	0.0000
0.0088	0.0004	0.0000	0.0000	0.9907	0.0001
0.9410	0.0210	0.0000	0.0000	0.0379	0.0000
0.0000	0.0330	0.0000	0.0000	0.6880	0.2790
0.0666	0.0045	0.0000	0.0000	0.9289	0.0000
0.0000	0.0000	0.0000	0.0000	0.9574	0.0426
0.0000	0.0000	0.0000	0.0000	0.0006	0.9994
0.0000	0.0000	0.0000	0.0000	0.9974	0.0025
0.0000	0.0013	0.0000	0.0000	0.9930	0.0057
0.0001	0.0008	0.0000	0.0000	0.9990	0.0001
0.0032	0.0057	0.0000	0.0000	0.9911	0.0000
0.0000	0.0000	0.0000	0.0000	0.0000	1.0000
