0.1062	0.6239	0.0000	0.0000	0.2631	0.0068
0.3507	0.6111	0.0000	0.0000	0.0377	0.0005
0.0327	0.9602	0.0000	0.0000	0.0070	0.0002
0.0046	0.5312	0.0000	0.0000	0.4142	0.0500
0.2592	0.6863	0.0000	0.0000	0.0532	0.0012
0.7445	0.0892	0.0000	0.0000	0.1659	0.0005
0.8154	0.0501	0.0000	0.0000	0.1341	0.0003
0.4453	0.1532	0.0000	0.0000	0.3991	0.0024
0.9967	0.0015	0.0000	0.0000	0.0019	0.0000
0.0186	0.9727	0.0000	0.0000	0.0072	0.0015
0.0000	0.0000	0.9964	0.0036	0.0000	0.0000
0.0000	0.0000	1.0000	0.0000	0.0000	0.0000
0.0000	0.0000	0.0522	0.9478	0.0000	0.0000
0.0000	0.0000	0.2561	0.7439	0.0000	0.0000
0.0001	0.0000	0.0314	0.9683	0.0002	0.0000
0.0000	0.0000	0.0298	0.9693	0.0009	0.0000
0.0000	0.0000	0.8792	0.1208	0.0000	0.0000
0.0000	0.0000	0.9973	0.0027	0.0000	0.0000
0.0000	0.0000	0.8355	0.1645	0.0000	0.0000
0.0000	0.0000	0.0024	0.9976	0.0000	0.0000
0.0000	0.0000	0.1408	0.8592	0.0000	0.0000
0.0000	0.0000	0.0006	0.9994	0.0000	0.0000
0.0177	0.0140	0.0000	0.0000	0.9385	0.0298
0.3337	0.0949	0.0000	0.0000	0.5681	0.0034
0.0001	0.0118	0.0000	0.0000	0.8285	0.1597
0.0210	0.9421	0.0000	0.0000	0.0346	0.0022
0.0000	0.0010	0.0000	0.0000	0.8711	0.1280
0.0000	0.0035	0.0000	0.0000	0.5198	0.4767
0.0003	0.0255	0.0000	0.0000	0.8256	0.1487
0.0003	0.0139	0.0000	0.0000	0.7627	0.2232
0.0154	0.0415	0.0000	0.0000	0.9314	0.0117
0.0168	0.2330	0.0000	0.0000	0.7435	0.0067
0.0000	0.0000	0.0000	0.0000	0.0000	1.0000
