0.0904	0.9077	0.0000	0.0000	0.0019	0.0000
0.4991	0.4969	0.0000	0.0000	0.0040	0.0000
0.0067	0.9932	0.0000	0.0000	0.0001	0.0000
0.0002	0.9956	0.0000	0.0000	0.0036	0.0005
0.1123	0.8865	0.0000	0.0000	0.0012	0.0001
0.3093	0.6423	0.0000	0.0000	0.0482	0.0002
0.9208	0.0394	0.0000	0.0000	0.0398	0.0000
0.1284	0.8143	0.0000	0.0000	0.0569	0.0004
1.0000	0.0000	0.0000	0.0000	0.0000	0.0000
0.0002	0.9997	0.0000	0.0000	0.0000	0.0001
0.0000	0.0000	0.9998	0.0002	0.0000	0.0000
0.0000	0.0000	1.0000	0.0000	0.0000	0.0000
0.0000	0.0000	0.0192	0.9808	0.0000	0.0000
0.0000	0.0000	0.0306	0.9694	0.0000	0.0000
0.0036	0.0000	0.8724	0.1240	0.0000	0.0000
0.0012	0.0000	0.0004	0.9975	0.0009	0.0000
0.0000	0.0000	0.0637	0.9363	0.0000	0.0000
0.0000	0.0000	1.0000	0.0000	0.0000	0.0000
0.0000	0.0000	0.9735	0.0265	0.0000	0.0000
0.0001	0.0000	0.0003	0.9996	0.0000	0.0000
0.0000	0.0000	0.0219	0.9781	0.0000	0.0000
0.0000	0.0000	0.0000	1.0000	0.0000	0.0000
0.0149	0.0616	0.0000	0.0000	0.9079	0.0156
0.7714	0.1412	0.0000	0.0000	0.0872	0.0002
0.0000	0.0279	0.0000	0.0000	0.6601	0.3121
0.0498	0.8782	0.0000	0.0000	0.0655	0.0065
0.0000	0.0000	0.0000	0.0000	0.2365	0.7635
0.0000	0.0001	0.0000	0.0000	0.0044	0.9956
0.0002	0.0321	0.0000	0.0000	0.7132	0.2546
0.0000	0.0174	0.0000	0.0000	0.5002	0.4824
0.0060	0.0366	0.0000	0.0000	0.9531	0.0042
0.0109	0.6147	0.0000	0.0000	0.3723	0.0021
0.0000	0.0000	0.0000	0.0000	0.0000	1.0000
