0.0246	0.9730	0.0000	0.0000	0.0024	0.0000
0.5043	0.4938	0.0000	0.0000	0.0020	0.0000
0.4355	0.5367	0.0000	0.0000	0.0181	0.0096
0.0010	0.9611	0.0000	0.0001	0.0304	0.0074
0.6919	0.2792	0.0000	0.0000	0.0056	0.0233
0.0151	0.8272	0.0000	0.0000	0.1175	0.0402
0.8523	0.0184	0.0000	0.0000	0.1242	0.0050
0.5027	0.2882	0.0000	0.0000	0.1988	0.0102
0.9994	0.0005	0.0000	0.0000	0.0000	0.0000
0.0004	0.9933	0.0000	0.0000	0.0004	0.0058
0.0000	0.0000	0.9956	0.0044	0.0000	0.0000
0.0000	0.0000	1.0000	0.0000	0.0000	0.0000
0.0000	0.0000	0.3804	0.6196	0.0000	0.0000
0.0000	0.0000	0.0107	0.9893	0.0000	0.0000
0.0000	0.0000	0.2469	0.7531	0.0000	0.0000
0.0004	0.0000	0.0466	0.9527	0.0003	0.0000
0.0000	0.0000	0.1392	0.8607	0.0000	0.0000
0.0000	0.0000	0.9993	0.0007	0.0000	0.0000
0.0000	0.0000	0.9997	0.0003	0.0000	0.0000
0.0000	0.0000	0.0005	0.9994	0.0000	0.0000
0.0001	0.0000	0.8943	0.1057	0.0000	0.0000
0.0000	0.0000	0.0000	1.0000	0.0000	0.0000
0.0002	0.0001	0.0000	0.0000	0.9965	0.0032
0.8620	0.0521	0.0000	0.0000	0.0558	0.0301
0.0000	0.0542	0.0000	0.0000	0.3938	0.5521
0.0236	0.0043	0.0000	0.0000	0.5586	0.4135
0.0000	0.0000	0.0000	0.0000	0.9239	0.0761
0.0000	0.0000	0.0000	0.0000	0.9976	0.0024
0.0000	0.0006	0.0000	0.0000	0.8307	0.1687
0.0000	0.0466	0.0000	0.0000	0.7851	0.1683
0.0003	0.0054	0.0000	0.0000	0.7482	0.2462
0.0035	0.0232	0.0000	0.0000	0.6646	0.3087
0.0000	0.0000	0.0000	0.0000	0.0000	1.0000
