0.5421	0.3638	0.0000	0.0001	0.0769	0.0170
0.5765	0.3592	0.0000	0.0000	0.0566	0.0078
0.4047	0.5349	0.0000	0.0000	0.0508	0.0096
0.2325	0.4902	0.0000	0.0001	0.1891	0.0881
0.4903	0.4433	0.0000	0.0000	0.0557	0.0107
0.6458	0.2218	0.0000	0.0000	0.1146	0.0178
0.7654	0.1410	0.0000	0.0000	0.0833	0.0103
0.5279	0.2760	0.0000	0.0000	0.1643	0.0318
0.9499	0.0396	0.0000	0.0001	0.0099	0.0005
0.4134	0.5429	0.0000	0.0005	0.0308	0.0125
0.0000	0.0000	0.9204	0.0796	0.0000	0.0000
0.0000	0.0000	0.9966	0.0033	0.0000	0.0000
0.0020	0.0000	0.0707	0.9273	0.0001	0.0000
0.0002	0.0002	0.0555	0.9438	0.0001	0.0001
0.2483	0.0008	0.0130	0.7358	0.0020	0.0001
0.1349	0.0050	0.0018	0.8498	0.0081	0.0004
0.0008	0.0008	0.1513	0.8448	0.0014	0.0008
0.0002	0.0001	0.8636	0.1358	0.0003	0.0001
0.0006	0.0002	0.4493	0.5493	0.0006	0.0001
0.0433	0.0011	0.0027	0.9510	0.0017	0.0001
0.0095	0.0006	0.0934	0.8959	0.0006	0.0000
0.0000	0.0000	0.0207	0.9793	0.0000	0.0000
0.3252	0.2150	0.0000	0.0000	0.3348	0.1249
0.5273	0.2660	0.0000	0.0000	0.1802	0.0264
0.0544	0.1222	0.0000	0.0000	0.5257	0.2977
0.3736	0.4790	0.0000	0.0001	0.1145	0.0328
0.0170	0.0212	0.0000	0.0002	0.7426	0.2190
0.0591	0.2363	0.0000	0.0009	0.3129	0.3908
0.0988	0.2427	0.0000	0.0002	0.4476	0.2107
0.1038	0.1815	0.0000	0.0001	0.4224	0.2922
0.3435	0.2004	0.0000	0.0000	0.3803	0.0757
0.2535	0.3333	0.0000	0.0000	0.3383	0.0749
0.0000	0.0000	0.0000	0.0002	0.0002	0.9996
