0.1159	0.8786	0.0000	0.0000	0.0055	0.0001
0.4884	0.5078	0.0000	0.0000	0.0038	0.0000
0.2038	0.7933	0.0000	0.0000	0.0029	0.0001
0.0023	0.9794	0.0000	0.0000	0.0153	0.0030
0.6055	0.3911	0.0000	0.0000	0.0033	0.0002
0.3397	0.5876	0.0000	0.0000	0.0700	0.0027
0.8647	0.0793	0.0000	0.0000	0.0556	0.0004
0.1473	0.8072	0.0000	0.0000	0.0438	0.0018
0.9989	0.0011	0.0000	0.0000	0.0000	0.0000
0.1028	0.8962	0.0000	0.0000	0.0008	0.0002
0.0000	0.0000	0.9980	0.0020	0.0000	0.0000
0.0000	0.0000	1.0000	0.0000	0.0000	0.0000
0.0000	0.0000	0.1530	0.8470	0.0000	0.0000
0.0000	0.0000	0.0769	0.9231	0.0000	0.0000
0.0058	0.0000	0.4425	0.5517	0.0000	0.0000
0.0072	0.0002	0.0584	0.9280	0.0062	0.0000
0.0000	0.0000	0.2153	0.7847	0.0000	0.0000
0.0000	0.0000	0.9998	0.0002	0.0000	0.0000
0.0000	0.0000	0.9675	0.0325	0.0000	0.0000
0.0004	0.0000	0.0013	0.9984	0.0000	0.0000
0.0017	0.0000	0.2518	0.7466	0.0000	0.0000
0.0000	0.0000	0.0000	1.0000	0.0000	0.0000
0.0226	0.1190	0.0000	0.0000	0.8060	0.0523
0.3398	0.5053	0.0000	0.0000	0.1532	0.0016
0.0000	0.0798	0.0000	0.0000	0.6871	0.2330
0.5015	0.3707	0.0000	0.0000	0.1246	0.0031
0.0000	0.0001	0.0000	0.0000	0.9788	0.0211
0.0000	0.1724	0.0000	0.0000	0.5138	0.3137
0.0008	0.1497	0.0000	0.0000	0.6973	0.1522
0.0002	0.1378	0.0000	0.0000	0.5870	0.2749
0.0069	0.0420	0.0000	0.0000	0.9421	0.0089
0.0079	0.5238	0.0000	0.0000	0.4576	0.0107
0.0000	0.0000	0.0000	0.0000	0.0000	1.0000
