0.6016	0.3622	0.0000	0.0000	0.0345	0.0017
0.5606	0.4105	0.0000	0.0000	0.0284	0.0005
0.3090	0.6719	0.0000	0.0000	0.0185	0.0006
0.1415	0.6905	0.0000	0.0000	0.1508	0.0172
0.5001	0.4679	0.0000	0.0000	0.0305	0.0016
0.6924	0.2574	0.0000	0.0000	0.0494	0.0009
0.8497	0.1032	0.0000	0.0000	0.0464	0.0008
0.5187	0.3750	0.0000	0.0000	0.1038	0.0026
0.9933	0.0057	0.0000	0.0000	0.0010	0.0000
0.2282	0.7420	0.0000	0.0000	0.0216	0.0081
0.0000	0.0000	0.9893	0.0107	0.0000	0.0000
0.0000	0.0000	1.0000	0.0000	0.0000	0.0000
0.0000	0.0000	0.0970	0.9030	0.0000	0.0000
0.0000	0.0000	0.1592	0.8407	0.0000	0.0000
0.0759	0.0000	0.2069	0.7167	0.0005	0.0000
0.0322	0.0001	0.0072	0.9516	0.0086	0.0002
0.0000	0.0000	0.1490	0.8508	0.0000	0.0001
0.0000	0.0000	0.9968	0.0032	0.0000	0.0000
0.0000	0.0000	0.7823	0.2177	0.0000	0.0000
0.0024	0.0000	0.0019	0.9954	0.0003	0.0000
0.0001	0.0000	0.1371	0.8627	0.0000	0.0000
0.0000	0.0000	0.0005	0.9995	0.0000	0.0000
0.3905	0.2581	0.0000	0.0000	0.3308	0.0206
0.6376	0.2524	0.0000	0.0000	0.1086	0.0014
0.0058	0.0499	0.0000	0.0000	0.7606	0.1838
0.2775	0.4669	0.0000	0.0000	0.2310	0.0246
0.0000	0.0002	0.0000	0.0000	0.6484	0.3514
0.0013	0.0342	0.0000	0.0001	0.2583	0.7061
0.0265	0.0752	0.0000	0.0000	0.7692	0.1292
0.0159	0.0908	0.0000	0.0000	0.6057	0.2876
0.1841	0.1294	0.0000	0.0000	0.6644	0.0220
0.2194	0.4110	0.0000	0.0000	0.3630	0.0067
0.0000	0.0000	0.0000	0.0000	0.0000	1.0000
