0.0009	0.9990	0.0000	0.0000	0.0001	0.0000
0.9488	0.0510	0.0000	0.0000	0.0002	0.0000
0.0493	0.9505	0.0000	0.0000	0.0002	0.0000
0.0000	0.9988	0.0000	0.0000	0.0011	0.0000
0.6335	0.3664	0.0000	0.0000	0.0001	0.0000
0.0029	0.9813	0.0000	0.0000	0.0138	0.0019
0.7831	0.0409	0.0000	0.0000	0.1760	0.0000
0.0096	0.9893	0.0000	0.0000	0.0011	0.0001
0.9999	0.0001	0.0000	0.0000	0.0000	0.0000
0.0000	1.0000	0.0000	0.0000	0.0000	0.0000
0.0000	0.0000	0.9760	0.0240	0.0000	0.0000
0.0000	0.0000	1.0000	0.0000	0.0000	0.0000
0.0000	0.0000	0.0584	0.9416	0.0000	0.0000
0.0000	0.0000	0.0001	0.9999	0.0000	0.0000
0.0095	0.0000	0.0007	0.9898	0.0000	0.0000
0.0343	0.0000	0.2050	0.7165	0.0442	0.0000
0.0000	0.0000	0.2542	0.7458	0.0000	0.0000
0.0000	0.0000	1.0000	0.0000	0.0000	0.0000
0.0000	0.0000	0.9738	0.0262	0.0000	0.0000
0.0021	0.0000	0.0000	0.9979	0.0000	0.0000
0.0207	0.0000	0.0627	0.9166	0.0000	0.0000
0.0000	0.0000	0.0000	1.0000	0.0000	0.0000
0.0000	0.0003	0.0000	0.0000	0.9857	0.0139
0.3292	0.5555	0.0000	0.0000	0.0900	0.0252
0.0000	0.0521	0.0000	0.0000	0.3816	0.5663
0.4373	0.0279	0.0000	0.0000	0.5343	0.0006
0.0000	0.0000	0.0000	0.0000	0.9918	0.0082
0.0000	0.0000	0.0000	0.0000	1.0000	0.0000
0.0000	0.0263	0.0000	0.0000	0.8325	0.1412
0.0000	0.1969	0.0000	0.0000	0.4077	0.3955
0.0001	0.0113	0.0000	0.0000	0.9854	0.0033
0.0000	0.0525	0.0000	0.0000	0.9326	0.0149
0.0000	0.0000	0.0000	0.0000	0.0000	1.0000
