0.0792	0.9207	0.0000	0.0000	0.0000	0.0000
0.3809	0.6186	0.0000	0.0000	0.0005	0.0000
0.0831	0.9169	0.0000	0.0000	0.0000	0.0000
0.0000	0.9982	0.0000	0.0000	0.0018	0.0000
0.0257	0.9742	0.0000	0.0000	0.0001	0.0000
0.0168	0.9791	0.0000	0.0000	0.0041	0.0000
0.9923	0.0033	0.0000	0.0000	0.0044	0.0000
0.0070	0.9630	0.0000	0.0000	0.0300	0.0000
1.0000	0.0000	0.0000	0.0000	0.0000	0.0000
0.0000	1.0000	0.0000	0.0000	0.0000	0.0000
0.0000	0.0000	0.8925	0.1075	0.0000	0.0000
0.0000	0.0000	1.0000	0.0000	0.0000	0.0000
0.0000	0.0000	0.0058	0.9942	0.0000	0.0000
0.0000	0.0000	0.0055	0.9945	0.0000	0.0000
0.0000	0.0000	0.0000	1.0000	0.0000	0.0000
0.0000	0.0000	0.0001	0.9999	0.0000	0.0000
0.0000	0.0000	0.0002	0.9998	0.0000	0.0000
0.0000	0.0000	1.0000	0.0000	0.0000	0.0000
0.0000	0.0000	0.9997	0.0003	0.0000	0.0000
0.0000	0.0000	0.0000	1.0000	0.0000	0.0000
0.0000	0.0000	0.1550	0.8450	0.0000	0.0000
0.0000	0.0000	0.0000	1.0000	0.0000	0.0000
0.0022	0.0008	0.0000	0.0000	0.9962	0.0007
0.8151	0.0147	0.0000	0.0000	0.1702	0.0000
0.0000	0.0005	0.0000	0.0000	0.6503	0.3492
0.0047	0.0013	0.0000	0.0000	0.9940	0.0000
0.0000	0.0000	0.0000	0.0000	0.9971	0.0029
0.0000	0.0019	0.0000	0.0000	0.9974	0.0007
0.0000	0.0009	0.0000	0.0000	0.9834	0.0158
0.0000	0.0006	0.0000	0.0000	0.9491	0.0502
0.0002	0.0005	0.0000	0.0000	0.9987	0.0007
0.0047	0.0110	0.0000	0.0000	0.9841	0.0002
0.0000	0.0000	0.0000	0.0000	0.0000	1.0000
