0.0002	0.9997	0.0000	0.0000	0.0001	0.0000
0.5350	0.4649	0.0000	0.0000	0.0001	0.0000
0.0359	0.9637	0.0000	0.0000	0.0004	0.0000
0.0000	0.9998	0.0000	0.0000	0.0002	0.0000
0.8785	0.1210	0.0000	0.0000	0.0005	0.0000
0.0010	0.9938	0.0000	0.0000	0.0050	0.0002
0.9531	0.0053	0.0000	0.0000	0.0416	0.0000
0.1235	0.8584	0.0000	0.0000	0.0181	0.0001
1.0000	0.0000	0.0000	0.0000	0.0000	0.0000
0.0000	1.0000	0.0000	0.0000	0.0000	0.0000
0.0000	0.0000	0.9995	0.0005	0.0000	0.0000
0.0000	0.0000	1.0000	0.0000	0.0000	0.0000
0.0000	0.0000	0.4064	0.5936	0.0000	0.0000
0.0000	0.0000	0.0000	1.0000	0.0000	0.0000
0.0000	0.0000	0.8353	0.1647	0.0000	0.0000
0.0131	0.0000	0.0359	0.9509	0.0001	0.0000
0.0000	0.0000	0.1095	0.8905	0.0000	0.0000
0.0000	0.0000	1.0000	0.0000	0.0000	0.0000
0.0000	0.0000	0.9994	0.0006	0.0000	0.0000
0.0002	0.0000	0.0000	0.9998	0.0000	0.0000
0.0001	0.0000	0.3568	0.6431	0.0000	0.0000
0.0000	0.0000	0.0000	1.0000	0.0000	0.0000
0.0000	0.0000	0.0000	0.0000	0.9975	0.0024
0.9201	0.0513	0.0000	0.0000	0.0280	0.0006
0.0000	0.0296	0.0000	0.0000	0.6757	0.2947
0.0735	0.0010	0.0000	0.0000	0.9245	0.0010
0.0000	0.0000	0.0000	0.0000	0.9863	0.0137
0.0000	0.0001	0.0000	0.0000	0.9951	0.0048
0.0000	0.0007	0.0000	0.0000	0.9737	0.0256
0.0000	0.0152	0.0000	0.0000	0.8976	0.0872
0.0000	0.0002	0.0000	0.0000	0.9966	0.0032
0.0000	0.0143	0.0000	0.0000	0.9688	0.0169
0.0000	0.0000	0.0000	0.0000	0.0000	1.0000
