0.3861	0.6120	0.0000	0.0000	0.0018	0.0001
0.3847	0.5457	0.0000	0.0001	0.0690	0.0006
0.2289	0.7211	0.0000	0.0000	0.0429	0.0070
0.1086	0.7879	0.0000	0.0001	0.0778	0.0257
0.5269	0.3870	0.0000	0.0001	0.0748	0.0112
0.0740	0.7197	0.0000	0.0000	0.1189	0.0873
0.3687	0.2856	0.0000	0.0000	0.3122	0.0335
0.0611	0.6528	0.0000	0.0000	0.2524	0.0337
0.9744	0.0256	0.0000	0.0000	0.0000	0.0000
0.0169	0.9770	0.0000	0.0001	0.0022	0.0038
0.0000	0.0000	0.9820	0.0180	0.0000	0.0000
0.0000	0.0000	1.0000	0.0000	0.0000	0.0000
0.0000	0.0000	0.6954	0.3046	0.0000	0.0000
0.0000	0.0000	0.2047	0.7951	0.0002	0.0000
0.1563	0.0016	0.7329	0.1089	0.0002	0.0000
0.0184	0.0000	0.0165	0.9595	0.0055	0.0000
0.0000	0.0000	0.4721	0.5274	0.0004	0.0001
0.0000	0.0000	0.9948	0.0051	0.0000	0.0000
0.0000	0.0000	0.9767	0.0233	0.0000	0.0000
0.0058	0.0000	0.0106	0.9827	0.0009	0.0000
0.0041	0.0000	0.7633	0.2325	0.0001	0.0000
0.0000	0.0000	0.0015	0.9985	0.0000	0.0000
0.0353	0.0212	0.0000	0.0000	0.8701	0.0734
0.2948	0.2001	0.0000	0.0000	0.4678	0.0372
0.0006	0.1038	0.0000	0.0000	0.5257	0.3699
0.0328	0.0147	0.0000	0.0005	0.8489	0.1031
0.0000	0.0003	0.0000	0.0000	0.9091	0.0905
0.0000	0.0018	0.0000	0.0000	0.2373	0.7608
0.0063	0.0140	0.0000	0.0002	0.8101	0.1694
0.0030	0.0905	0.0000	0.0001	0.7118	0.1945
0.0068	0.0181	0.0000	0.0000	0.8396	0.1355
0.0214	0.0458	0.0000	0.0000	0.7374	0.1953
0.0000	0.0000	0.0000	0.0000	0.0001	0.9998
