0.2323	0.7677	0.0000	0.0000	0.0000	0.0000
0.7626	0.2374	0.0000	0.0000	0.0000	0.0000
0.9964	0.0029	0.0000	0.0000	0.0007	0.0000
0.7005	0.2932	0.0000	0.0000	0.0062	0.0001
0.8098	0.0565	0.0000	0.0000	0.0652	0.0684
0.1773	0.7036	0.0000	0.0000	0.1056	0.0135
0.9371	0.0291	0.0000	0.0000	0.0335	0.0004
0.9798	0.0190	0.0000	0.0000	0.0011	0.0000
0.0010	0.9205	0.0000	0.0000	0.0783	0.0001
0.9474	0.0526	0.0000	0.0000	0.0000	0.0000
0.0000	0.0000	0.0000	1.0000	0.0000	0.0000
0.0000	0.0000	1.0000	0.0000	0.0000	0.0000
0.0000	0.0000	0.9786	0.0214	0.0000	0.0000
0.0000	0.0000	0.0000	1.0000	0.0000	0.0000
0.0000	0.0000	0.0001	0.9999	0.0000	0.0000
0.0000	0.0000	0.2490	0.7510	0.0000	0.0000
0.0000	0.0000	0.9866	0.0134	0.0000	0.0000
0.0000	0.0000	1.0000	0.0000	0.0000	0.0000
0.0000	0.0000	0.9870	0.0130	0.0000	0.0000
0.0000	0.0000	0.0000	1.0000	0.0000	0.0000
0.0000	0.0000	1.0000	0.0000	0.0000	0.0000
0.0000	0.0000	0.0000	1.0000	0.0000	0.0000
0.0000	0.0000	0.0000	0.0000	0.1013	0.8987
0.0000	0.0000	0.0000	0.0000	0.9948	0.0052
0.0000	0.0000	0.0000	0.0000	0.9527	0.0473
0.0000	0.0000	0.0000	0.0000	0.8318	0.1682
0.0004	0.0001	0.0000	0.0000	0.0577	0.9418
0.0000	0.0000	0.0000	0.9416	0.0347	0.0237
0.0000	0.0034	0.0000	0.0000	0.8460	0.1506
0.0000	0.0000	0.0000	0.0000	0.0001	0.9999
0.0000	0.0000	0.0000	0.0000	0.2337	0.7663
0.0000	0.0000	0.0000	0.0000	0.9292	0.0707
0.0026	0.0003	0.0000	0.0000	0.0023	0.9949
