0.8187	0.1469	0.0000	0.0000	0.0337	0.0007
0.7941	0.1938	0.0000	0.0000	0.0118	0.0002
0.6529	0.3353	0.0000	0.0000	0.0116	0.0002
0.2860	0.6131	0.0000	0.0000	0.1001	0.0008
0.6053	0.3473	0.0000	0.0000	0.0450	0.0023
0.2756	0.3801	0.0000	0.0000	0.3426	0.0016
0.5710	0.3913	0.0000	0.0000	0.0375	0.0002
0.7803	0.1902	0.0000	0.0000	0.0290	0.0005
0.0240	0.8424	0.0000	0.0000	0.1267	0.0069
0.9960	0.0040	0.0000	0.0000	0.0000	0.0000
0.0000	0.0000	0.0000	1.0000	0.0000	0.0000
0.0000	0.0000	0.9961	0.0039	0.0000	0.0000
0.0000	0.0000	0.0110	0.9890	0.0000	0.0000
0.0000	0.0000	0.0050	0.9950	0.0000	0.0000
0.0262	0.0001	0.0047	0.9690	0.0000	0.0000
0.0000	0.0000	0.0406	0.9593	0.0000	0.0000
0.0000	0.0000	0.9712	0.0288	0.0000	0.0000
0.0000	0.0000	0.9996	0.0004	0.0000	0.0000
0.0025	0.0000	0.0563	0.9412	0.0000	0.0000
0.0000	0.0000	0.0002	0.9997	0.0000	0.0000
0.0000	0.0000	0.9997	0.0003	0.0000	0.0000
0.0000	0.0000	0.0001	0.9999	0.0000	0.0000
0.0003	0.0125	0.0000	0.0000	0.8420	0.1453
0.0000	0.0002	0.0000	0.0000	0.2765	0.7233
0.0000	0.0004	0.0000	0.0001	0.0177	0.9818
0.0029	0.0580	0.0000	0.0001	0.8122	0.1268
0.0007	0.0995	0.0000	0.0000	0.6708	0.2290
0.1249	0.1446	0.0000	0.2600	0.3587	0.1118
0.0002	0.0367	0.0000	0.0000	0.7228	0.2403
0.0000	0.0097	0.0000	0.0000	0.3312	0.6591
0.0025	0.0292	0.0000	0.0000	0.9573	0.0110
0.0070	0.0928	0.0000	0.0000	0.8932	0.0070
0.0531	0.4635	0.0000	0.0000	0.4621	0.0213
