0.1067	0.8933	0.0000	0.0000	0.0000	0.0000
0.9915	0.0085	0.0000	0.0000	0.0000	0.0000
0.9999	0.0001	0.0000	0.0000	0.0000	0.0000
0.9884	0.0113	0.0000	0.0000	0.0003	0.0000
0.6753	0.3247	0.0000	0.0000	0.0000	0.0000
0.0008	0.0031	0.0000	0.0000	0.9961	0.0000
0.9937	0.0062	0.0000	0.0000	0.0001	0.0000
1.0000	0.0000	0.0000	0.0000	0.0000	0.0000
0.0001	0.9912	0.0000	0.0000	0.0087	0.0000
1.0000	0.0000	0.0000	0.0000	0.0000	0.0000
0.0000	0.0000	0.0000	1.0000	0.0000	0.0000
0.0000	0.0000	1.0000	0.0000	0.0000	0.0000
0.0000	0.0000	0.9252	0.0748	0.0000	0.0000
0.0000	0.0000	0.0000	1.0000	0.0000	0.0000
0.0000	0.0000	0.0017	0.9983	0.0000	0.0000
0.0000	0.0000	0.9956	0.0044	0.0000	0.0000
0.0000	0.0000	1.0000	0.0000	0.0000	0.0000
0.0000	0.0000	1.0000	0.0000	0.0000	0.0000
0.0000	0.0000	0.9636	0.0364	0.0000	0.0000
0.0000	0.0000	0.0000	1.0000	0.0000	0.0000
0.0000	0.0000	1.0000	0.0000	0.0000	0.0000
0.0000	0.0000	0.0000	1.0000	0.0000	0.0000
0.0000	0.0000	0.0000	0.0000	0.9964	0.0036
0.0000	0.0000	0.0000	0.0000	0.7179	0.2821
0.0000	0.0000	0.0000	0.0000	0.9999	0.0001
0.0000	0.0000	0.0000	0.0000	0.9992	0.0008
0.0000	0.0000	0.0000	0.0000	0.9891	0.0109
0.0000	0.0000	0.0000	0.5122	0.4167	0.0711
0.0000	0.0000	0.0000	0.0000	0.9895	0.0105
0.0000	0.0000	0.0000	0.0000	0.0000	1.0000
0.0000	0.0000	0.0000	0.0000	1.0000	0.0000
0.0000	0.0000	0.0000	0.0000	1.0000	0.0000
0.0003	0.9666	0.0000	0.0000	0.0193	0.0138
