0.7283	0.2423	0.0000	0.0000	0.0272	0.0022
0.7303	0.2435	0.0000	0.0000	0.0244	0.0019
0.5885	0.3985	0.0000	0.0000	0.0126	0.0004
0.1200	0.8083	0.0000	0.0000	0.0706	0.0010
0.4823	0.4807	0.0000	0.0000	0.0319	0.0052
0.1307	0.5127	0.0000	0.0000	0.3486	0.0080
0.3480	0.5953	0.0000	0.0000	0.0559	0.0008
0.5782	0.3808	0.0000	0.0000	0.0388	0.0023
0.0105	0.7867	0.0000	0.0000	0.1877	0.0151
0.9963	0.0037	0.0000	0.0000	0.0000	0.0000
0.0000	0.0000	0.0000	1.0000	0.0000	0.0000
0.0000	0.0000	0.9974	0.0026	0.0000	0.0000
0.0000	0.0000	0.0493	0.9507	0.0000	0.0000
0.0000	0.0000	0.0336	0.9664	0.0000	0.0000
0.0195	0.0000	0.0884	0.8920	0.0000	0.0000
0.0000	0.0000	0.3322	0.6677	0.0000	0.0000
0.0000	0.0000	0.9814	0.0186	0.0000	0.0000
0.0000	0.0000	0.9994	0.0006	0.0000	0.0000
0.0034	0.0000	0.1193	0.8773	0.0000	0.0000
0.0000	0.0000	0.0010	0.9990	0.0000	0.0000
0.0000	0.0000	0.9999	0.0001	0.0000	0.0000
0.0000	0.0000	0.0001	0.9999	0.0000	0.0000
0.0007	0.0344	0.0000	0.0000	0.6392	0.3257
0.0000	0.0012	0.0000	0.0000	0.1406	0.8583
0.0000	0.0021	0.0000	0.0000	0.0548	0.9431
0.0026	0.1467	0.0000	0.0000	0.6716	0.1791
0.0007	0.1912	0.0000	0.0000	0.4034	0.4047
0.4148	0.2763	0.0000	0.0060	0.2026	0.1004
0.0008	0.0726	0.0000	0.0000	0.4779	0.4487
0.0000	0.0186	0.0000	0.0000	0.2395	0.7419
0.0052	0.0860	0.0000	0.0000	0.8782	0.0306
0.0045	0.2454	0.0000	0.0000	0.7367	0.0134
0.0459	0.5315	0.0000	0.0000	0.3859	0.0366
