0.7044	0.2307	0.0000	0.0000	0.0583	0.0065
0.7752	0.1868	0.0000	0.0000	0.0342	0.0038
0.5875	0.3693	0.0000	0.0000	0.0404	0.0029
0.1815	0.6825	0.0000	0.0000	0.1293	0.0068
0.5345	0.3716	0.0000	0.0000	0.0744	0.0196
0.3259	0.3526	0.0000	0.0000	0.2980	0.0236
0.6068	0.3209	0.0000	0.0000	0.0694	0.0029
0.6624	0.2405	0.0000	0.0000	0.0901	0.0070
0.0385	0.5781	0.0000	0.0000	0.3013	0.0821
0.9920	0.0080	0.0000	0.0000	0.0000	0.0000
0.0000	0.0000	0.0001	0.9999	0.0000	0.0000
0.0000	0.0000	0.9945	0.0055	0.0000	0.0000
0.0000	0.0000	0.1630	0.8370	0.0000	0.0000
0.0000	0.0000	0.1013	0.8987	0.0000	0.0000
0.0079	0.0000	0.0204	0.9716	0.0001	0.0000
0.0000	0.0000	0.3347	0.6651	0.0001	0.0001
0.0000	0.0000	0.9814	0.0186	0.0000	0.0000
0.0000	0.0000	0.9924	0.0076	0.0000	0.0000
0.0009	0.0000	0.2071	0.7920	0.0000	0.0000
0.0000	0.0000	0.0105	0.9895	0.0000	0.0000
0.0000	0.0000	0.9998	0.0002	0.0000	0.0000
0.0000	0.0000	0.0019	0.9981	0.0000	0.0000
0.0020	0.0151	0.0000	0.0000	0.6365	0.3464
0.0000	0.0003	0.0000	0.0000	0.1061	0.8936
0.0000	0.0002	0.0000	0.0002	0.0148	0.9849
0.0039	0.0583	0.0000	0.0000	0.5992	0.3385
0.0026	0.0594	0.0000	0.0000	0.3276	0.6104
0.3232	0.0646	0.0000	0.0773	0.3587	0.1762
0.0035	0.0305	0.0000	0.0000	0.3928	0.5731
0.0001	0.0097	0.0000	0.0000	0.2217	0.7685
0.0113	0.0409	0.0000	0.0000	0.8806	0.0672
0.0108	0.1503	0.0000	0.0000	0.7862	0.0528
0.0897	0.3129	0.0000	0.0000	0.4646	0.1328
