0.2761	0.7239	0.0000	0.0000	0.0000	0.0000
0.2055	0.7945	0.0000	0.0000	0.0000	0.0000
1.0000	0.0000	0.0000	0.0000	0.0000	0.0000
0.0629	0.9371	0.0000	0.0000	0.0001	0.0000
0.8629	0.1371	0.0000	0.0000	0.0000	0.0000
0.0062	0.9645	0.0000	0.0000	0.0293	0.0000
0.9844	0.0156	0.0000	0.0000	0.0000	0.0000
1.0000	0.0000	0.0000	0.0000	0.0000	0.0000
0.0000	0.9993	0.0000	0.0000	0.0007	0.0000
1.0000	0.0000	0.0000	0.0000	0.0000	0.0000
0.0000	0.0000	0.0000	1.0000	0.0000	0.0000
0.0000	0.0000	1.0000	0.0000	0.0000	0.0000
0.0000	0.0000	0.0000	1.0000	0.0000	0.0000
0.0000	0.0000	0.1384	0.8616	0.0000	0.0000
0.0000	0.0000	0.0031	0.9969	0.0000	0.0000
0.0000	0.0000	0.9988	0.0012	0.0000	0.0000
0.0000	0.0000	1.0000	0.0000	0.0000	0.0000
0.0000	0.0000	0.9992	0.0008	0.0000	0.0000
0.0000	0.0000	0.0000	1.0000	0.0000	0.0000
0.0000	0.0000	0.0000	1.0000	0.0000	0.0000
0.0000	0.0000	1.0000	0.0000	0.0000	0.0000
0.0000	0.0000	0.0000	1.0000	0.0000	0.0000
0.0000	0.0000	0.0000	0.0000	0.9799	0.0201
0.0000	0.0000	0.0000	0.0000	0.4452	0.5548
0.0000	0.0000	0.0000	0.0000	0.0133	0.9867
0.0000	0.0000	0.0000	0.0000	0.4990	0.5010
0.0000	0.0001	0.0000	0.0000	0.9715	0.0284
0.0001	0.0000	0.0000	0.1222	0.0015	0.8762
0.0000	0.0000	0.0000	0.0000	0.9366	0.0634
0.0000	0.0000	0.0000	0.0000	0.0002	0.9998
0.0000	0.0000	0.0000	0.0000	1.0000	0.0000
0.0000	0.0006	0.0000	0.0000	0.9994	0.0000
0.0000	0.1046	0.0000	0.0000	0.8912	0.0042
