0.7859	0.2004	0.0000	0.0000	0.0136	0.0001
0.8439	0.1476	0.0000	0.0000	0.0085	0.0000
0.7180	0.2759	0.0000	0.0000	0.0061	0.0000
0.0692	0.9051	0.0000	0.0000	0.0257	0.0000
0.6706	0.3201	0.0000	0.0000	0.0090	0.0003
0.1119	0.6292	0.0000	0.0000	0.2588	0.0001
0.5269	0.4462	0.0000	0.0000	0.0269	0.0000
0.7450	0.2356	0.0000	0.0000	0.0193	0.0001
0.0080	0.8480	0.0000	0.0000	0.1396	0.0044
0.9998	0.0002	0.0000	0.0000	0.0000	0.0000
0.0000	0.0000	0.0000	1.0000	0.0000	0.0000
0.0000	0.0000	0.9980	0.0020	0.0000	0.0000
0.0000	0.0000	0.0025	0.9975	0.0000	0.0000
0.0000	0.0000	0.0451	0.9549	0.0000	0.0000
0.0010	0.0000	0.0018	0.9973	0.0000	0.0000
0.0000	0.0000	0.8308	0.1692	0.0000	0.0000
0.0000	0.0000	0.9996	0.0004	0.0000	0.0000
0.0000	0.0000	0.9980	0.0020	0.0000	0.0000
0.0000	0.0000	0.0098	0.9902	0.0000	0.0000
0.0000	0.0000	0.0013	0.9987	0.0000	0.0000
0.0000	0.0000	1.0000	0.0000	0.0000	0.0000
0.0000	0.0000	0.0001	0.9999	0.0000	0.0000
0.0002	0.0063	0.0000	0.0000	0.7618	0.2317
0.0000	0.0000	0.0000	0.0000	0.0218	0.9782
0.0000	0.0000	0.0000	0.0000	0.0000	1.0000
0.0019	0.0667	0.0000	0.0000	0.8190	0.1124
0.0005	0.0790	0.0000	0.0000	0.6522	0.2683
0.6230	0.0144	0.0000	0.0511	0.0966	0.2150
0.0004	0.0335	0.0000	0.0000	0.4240	0.5420
0.0000	0.0048	0.0000	0.0000	0.1073	0.8879
0.0024	0.0451	0.0000	0.0000	0.9489	0.0036
0.0025	0.2298	0.0000	0.0000	0.7671	0.0005
0.0300	0.5234	0.0000	0.0000	0.4395	0.0070
