0.6485	0.2807	0.0000	0.0001	0.0543	0.0165
0.6121	0.3126	0.0000	0.0000	0.0584	0.0168
0.6568	0.2851	0.0000	0.0000	0.0477	0.0104
0.3843	0.5009	0.0000	0.0000	0.0965	0.0183
0.5890	0.3204	0.0000	0.0000	0.0629	0.0277
0.4016	0.3087	0.0000	0.0000	0.2372	0.0525
0.6631	0.2527	0.0000	0.0000	0.0734	0.0108
0.6213	0.2605	0.0000	0.0001	0.0931	0.0250
0.1095	0.3908	0.0000	0.0003	0.3246	0.1749
0.9800	0.0194	0.0000	0.0001	0.0004	0.0001
0.0000	0.0000	0.0012	0.9987	0.0000	0.0000
0.0005	0.0001	0.9636	0.0357	0.0001	0.0000
0.0003	0.0000	0.2858	0.7139	0.0000	0.0000
0.0000	0.0000	0.0731	0.9268	0.0000	0.0000
0.0328	0.0007	0.1409	0.8254	0.0001	0.0001
0.0002	0.0002	0.4903	0.5075	0.0003	0.0014
0.0000	0.0000	0.8980	0.1018	0.0001	0.0001
0.0001	0.0000	0.9368	0.0629	0.0001	0.0001
0.0090	0.0001	0.2479	0.7429	0.0000	0.0000
0.0000	0.0000	0.0573	0.9426	0.0000	0.0000
0.0000	0.0000	0.9959	0.0041	0.0000	0.0000
0.0000	0.0000	0.0145	0.9855	0.0000	0.0000
0.0173	0.0659	0.0000	0.0001	0.4363	0.4804
0.0001	0.0033	0.0000	0.0001	0.1110	0.8855
0.0000	0.0002	0.0000	0.0017	0.0311	0.9670
0.0285	0.1184	0.0000	0.0005	0.3676	0.4849
0.0145	0.0922	0.0000	0.0001	0.2661	0.6271
0.6096	0.1085	0.0000	0.0754	0.0831	0.1233
0.0335	0.0891	0.0000	0.0001	0.3074	0.5699
0.0047	0.0404	0.0000	0.0002	0.2739	0.6809
0.0824	0.1737	0.0000	0.0000	0.5685	0.1754
0.0603	0.2351	0.0000	0.0000	0.5493	0.1554
0.2143	0.2971	0.0000	0.0001	0.3192	0.1693
