0.9693	0.0307	0.0000	0.0000	0.0000	0.0000
0.9179	0.0820	0.0000	0.0000	0.0000	0.0000
0.9451	0.0549	0.0000	0.0000	0.0000	0.0000
0.9380	0.0496	0.0000	0.0000	0.0123	0.0001
0.1212	0.8787	0.0000	0.0000	0.0000	0.0000
0.2792	0.1693	0.0000	0.0000	0.4732	0.0782
0.9343	0.0644	0.0000	0.0000	0.0012	0.0000
0.9973	0.0026	0.0000	0.0000	0.0001	0.0000
0.3173	0.5644	0.0000	0.0000	0.0875	0.0308
1.0000	0.0000	0.0000	0.0000	0.0000	0.0000
0.0000	0.0000	0.0000	1.0000	0.0000	0.0000
0.0000	0.0000	1.0000	0.0000	0.0000	0.0000
0.0000	0.0000	0.0264	0.9736	0.0000	0.0000
0.0000	0.0000	0.0001	0.9999	0.0000	0.0000
0.0000	0.0000	0.0047	0.9953	0.0000	0.0000
0.0000	0.0000	0.0393	0.9607	0.0000	0.0000
0.0000	0.0000	0.9858	0.0142	0.0000	0.0000
0.0000	0.0000	1.0000	0.0000	0.0000	0.0000
0.0001	0.0000	0.2964	0.7034	0.0000	0.0000
0.0000	0.0000	0.0000	1.0000	0.0000	0.0000
0.0000	0.0000	1.0000	0.0000	0.0000	0.0000
0.0000	0.0000	0.0000	1.0000	0.0000	0.0000
0.0000	0.0000	0.0000	0.0000	0.0551	0.9449
0.0000	0.0000	0.0000	0.0000	0.0665	0.9335
0.0000	0.0000	0.0000	0.0127	0.1071	0.8802
0.0036	0.0000	0.0000	0.0000	0.3365	0.6599
0.0001	0.0131	0.0000	0.0000	0.3945	0.5923
0.0000	0.0000	0.0000	0.0045	0.0039	0.9916
0.0000	0.0021	0.0000	0.0000	0.3099	0.6880
0.0000	0.0000	0.0000	0.0000	0.0000	1.0000
0.0001	0.0000	0.0000	0.0000	0.3308	0.6691
0.0026	0.0002	0.0000	0.0000	0.8462	0.1510
0.0113	0.0156	0.0000	0.0000	0.0997	0.8735
