0.7161	0.2825	0.0000	0.0000	0.0014	0.0000
0.7538	0.2459	0.0000	0.0000	0.0002	0.0000
0.8994	0.1005	0.0000	0.0000	0.0001	0.0000
0.3761	0.6146	0.0000	0.0000	0.0093	0.0000
0.3082	0.6912	0.0000	0.0000	0.0005	0.0000
0.1012	0.7626	0.0000	0.0000	0.1361	0.0002
0.7188	0.2773	0.0000	0.0000	0.0039	0.0000
0.9913	0.0082	0.0000	0.0000	0.0005	0.0000
0.0267	0.9569	0.0000	0.0000	0.0157	0.0007
0.9999	0.0001	0.0000	0.0000	0.0000	0.0000
0.0000	0.0000	0.0000	1.0000	0.0000	0.0000
0.0000	0.0000	0.9999	0.0001	0.0000	0.0000
0.0000	0.0000	0.0059	0.9941	0.0000	0.0000
0.0000	0.0000	0.8713	0.1287	0.0000	0.0000
0.0000	0.0000	0.0000	1.0000	0.0000	0.0000
0.0000	0.0000	0.7858	0.2142	0.0000	0.0000
0.0000	0.0000	1.0000	0.0000	0.0000	0.0000
0.0000	0.0000	1.0000	0.0000	0.0000	0.0000
0.0000	0.0000	0.0042	0.9958	0.0000	0.0000
0.0000	0.0000	0.0000	1.0000	0.0000	0.0000
0.0000	0.0000	1.0000	0.0000	0.0000	0.0000
0.0000	0.0000	0.0000	1.0000	0.0000	0.0000
0.0000	0.0001	0.0000	0.0000	0.7116	0.2883
0.0000	0.0000	0.0000	0.0000	0.0310	0.9690
0.0000	0.0000	0.0000	0.0002	0.0001	0.9997
0.0005	0.0041	0.0000	0.0000	0.9712	0.0241
0.0003	0.0397	0.0000	0.0000	0.4442	0.5158
0.0001	0.0000	0.0000	0.0901	0.0342	0.8756
0.0000	0.0012	0.0000	0.0000	0.3358	0.6630
0.0000	0.0000	0.0000	0.0000	0.0038	0.9962
0.0000	0.0001	0.0000	0.0000	0.9951	0.0047
0.0005	0.0114	0.0000	0.0000	0.9879	0.0002
0.0053	0.4710	0.0000	0.0000	0.4670	0.0567
