0.4089	0.5539	0.0000	0.0000	0.0366	0.0006
0.4137	0.5599	0.0000	0.0000	0.0259	0.0005
0.4039	0.5647	0.0000	0.0000	0.0309	0.0005
0.0475	0.9238	0.0000	0.0000	0.0286	0.0002
0.2816	0.6889	0.0000	0.0000	0.0287	0.0008
0.1000	0.8280	0.0000	0.0000	0.0717	0.0003
0.3504	0.6349	0.0000	0.0000	0.0146	0.0000
0.5243	0.3713	0.0000	0.0000	0.1032	0.0012
0.0188	0.7015	0.0000	0.0000	0.2610	0.0187
0.9985	0.0014	0.0000	0.0000	0.0000	0.0000
0.0000	0.0000	0.0000	1.0000	0.0000	0.0000
0.0000	0.0000	0.9965	0.0035	0.0000	0.0000
0.0000	0.0000	0.0058	0.9942	0.0000	0.0000
0.0000	0.0000	0.0158	0.9842	0.0000	0.0000
0.0004	0.0000	0.0014	0.9982	0.0000	0.0000
0.0000	0.0000	0.8274	0.1725	0.0000	0.0001
0.0000	0.0000	0.9960	0.0040	0.0000	0.0000
0.0000	0.0000	0.9990	0.0010	0.0000	0.0000
0.0000	0.0000	0.0380	0.9620	0.0000	0.0000
0.0000	0.0000	0.0763	0.9237	0.0000	0.0000
0.0000	0.0000	0.9998	0.0002	0.0000	0.0000
0.0000	0.0000	0.0114	0.9886	0.0000	0.0000
0.0014	0.0031	0.0000	0.0000	0.8800	0.1155
0.0000	0.0001	0.0000	0.0000	0.1740	0.8259
0.0000	0.0000	0.0000	0.0000	0.0034	0.9965
0.0021	0.0284	0.0000	0.0000	0.8312	0.1383
0.0022	0.0205	0.0000	0.0000	0.6526	0.3246
0.4272	0.0010	0.0000	0.0233	0.0596	0.4889
0.0081	0.0218	0.0000	0.0000	0.7371	0.2330
0.0003	0.0012	0.0000	0.0000	0.4267	0.5718
0.0213	0.0689	0.0000	0.0000	0.8986	0.0112
0.0075	0.5287	0.0000	0.0000	0.4617	0.0020
0.0912	0.4688	0.0000	0.0000	0.4179	0.0221
