0.8507	0.1395	0.0000	0.0000	0.0098	0.0000
0.9363	0.0611	0.0000	0.0000	0.0026	0.0000
0.8567	0.1401	0.0000	0.0000	0.0032	0.0000
0.0514	0.9160	0.0000	0.0000	0.0327	0.0000
0.6696	0.3196	0.0000	0.0000	0.0106	0.0001
0.1068	0.5618	0.0000	0.0000	0.3312	0.0001
0.7608	0.2301	0.0000	0.0000	0.0091	0.0000
0.8687	0.1170	0.0000	0.0000	0.0143	0.0001
0.0050	0.7932	0.0000	0.0000	0.1971	0.0047
1.0000	0.0000	0.0000	0.0000	0.0000	0.0000
0.0000	0.0000	0.0000	1.0000	0.0000	0.0000
0.0000	0.0000	0.9999	0.0001	0.0000	0.0000
0.0000	0.0000	0.0003	0.9997	0.0000	0.0000
0.0000	0.0000	0.0110	0.9890	0.0000	0.0000
0.0002	0.0000	0.0012	0.9987	0.0000	0.0000
0.0000	0.0000	0.9891	0.0109	0.0000	0.0000
0.0000	0.0000	0.9997	0.0003	0.0000	0.0000
0.0000	0.0000	1.0000	0.0000	0.0000	0.0000
0.0000	0.0000	0.0084	0.9916	0.0000	0.0000
0.0000	0.0000	0.0094	0.9906	0.0000	0.0000
0.0000	0.0000	1.0000	0.0000	0.0000	0.0000
0.0000	0.0000	0.0001	0.9999	0.0000	0.0000
0.0000	0.0008	0.0000	0.0000	0.7161	0.2830
0.0000	0.0000	0.0000	0.0000	0.0075	0.9925
0.0000	0.0000	0.0000	0.0000	0.0000	1.0000
0.0002	0.0171	0.0000	0.0000	0.7079	0.2748
0.0001	0.0101	0.0000	0.0000	0.7777	0.2121
0.4275	0.0016	0.0000	0.3179	0.0068	0.2463
0.0002	0.0088	0.0000	0.0000	0.5346	0.4565
0.0000	0.0005	0.0000	0.0000	0.2528	0.7468
0.0015	0.0126	0.0000	0.0000	0.9847	0.0012
0.0004	0.0962	0.0000	0.0000	0.9031	0.0004
0.0212	0.2978	0.0000	0.0000	0.6711	0.0099
