0.6404	0.3583	0.0000	0.0000	0.0013	0.0000
0.4788	0.5178	0.0000	0.0000	0.0033	0.0000
0.9245	0.0755	0.0000	0.0000	0.0000	0.0000
0.2048	0.7890	0.0000	0.0000	0.0061	0.0001
0.5397	0.4603	0.0000	0.0000	0.0000	0.0000
0.1087	0.7986	0.0000	0.0000	0.0926	0.0002
0.6565	0.3380	0.0000	0.0000	0.0055	0.0000
0.9752	0.0243	0.0000	0.0000	0.0005	0.0000
0.0301	0.9084	0.0000	0.0000	0.0570	0.0045
1.0000	0.0000	0.0000	0.0000	0.0000	0.0000
0.0000	0.0000	0.0000	1.0000	0.0000	0.0000
0.0000	0.0000	0.9997	0.0003	0.0000	0.0000
0.0000	0.0000	0.0106	0.9894	0.0000	0.0000
0.0000	0.0000	0.8896	0.1104	0.0000	0.0000
0.0000	0.0000	0.0003	0.9996	0.0000	0.0000
0.0000	0.0000	0.9481	0.0519	0.0000	0.0000
0.0000	0.0000	0.9998	0.0002	0.0000	0.0000
0.0000	0.0000	0.9996	0.0004	0.0000	0.0000
0.0000	0.0000	0.0272	0.9727	0.0000	0.0000
0.0000	0.0000	0.0011	0.9989	0.0000	0.0000
0.0000	0.0000	0.9993	0.0007	0.0000	0.0000
0.0000	0.0000	0.0000	1.0000	0.0000	0.0000
0.0020	0.0020	0.0000	0.0000	0.6205	0.3755
0.0000	0.0001	0.0000	0.0000	0.0799	0.9201
0.0000	0.0000	0.0000	0.0004	0.0001	0.9995
0.0049	0.0594	0.0000	0.0000	0.5115	0.4242
0.0038	0.0587	0.0000	0.0000	0.1941	0.7434
0.3854	0.0004	0.0000	0.0347	0.0170	0.5625
0.0150	0.0427	0.0000	0.0000	0.5570	0.3853
0.0000	0.0013	0.0000	0.0000	0.0551	0.9437
0.0064	0.0049	0.0000	0.0000	0.9712	0.0175
0.0021	0.0627	0.0000	0.0000	0.9337	0.0014
0.0226	0.4871	0.0000	0.0000	0.4681	0.0223
