0.8994	0.1004	0.0000	0.0000	0.0002	0.0000
0.9345	0.0655	0.0000	0.0000	0.0000	0.0000
0.9965	0.0027	0.0000	0.0003	0.0001	0.0004
0.7976	0.1774	0.0000	0.0002	0.0232	0.0017
0.9882	0.0117	0.0000	0.0000	0.0000	0.0001
0.3719	0.2904	0.0000	0.0000	0.2886	0.0491
0.9879	0.0112	0.0000	0.0000	0.0008	0.0000
0.9917	0.0079	0.0000	0.0003	0.0001	0.0000
0.0274	0.8694	0.0000	0.0029	0.0802	0.0200
1.0000	0.0000	0.0000	0.0000	0.0000	0.0000
0.0000	0.0000	0.0000	1.0000	0.0000	0.0000
0.0000	0.0000	1.0000	0.0000	0.0000	0.0000
0.0000	0.0000	0.8972	0.1028	0.0000	0.0000
0.0000	0.0000	0.0000	1.0000	0.0000	0.0000
0.0000	0.0000	0.0093	0.9907	0.0000	0.0000
0.0000	0.0000	0.0836	0.9164	0.0000	0.0000
0.0000	0.0000	0.9977	0.0023	0.0000	0.0000
0.0000	0.0000	1.0000	0.0000	0.0000	0.0000
0.0000	0.0000	0.9825	0.0175	0.0000	0.0000
0.0000	0.0000	0.0004	0.9996	0.0000	0.0000
0.0000	0.0000	1.0000	0.0000	0.0000	0.0000
0.0000	0.0000	0.0000	1.0000	0.0000	0.0000
0.0000	0.0000	0.0000	0.0000	0.7185	0.2815
0.0000	0.0000	0.0000	0.0000	0.1269	0.8731
0.0000	0.0000	0.0000	0.0414	0.1594	0.7991
0.0000	0.0000	0.0000	0.0001	0.0196	0.9803
0.0000	0.0014	0.0000	0.0000	0.2179	0.7806
0.0000	0.0000	0.0000	0.4733	0.0141	0.5126
0.0000	0.0000	0.0000	0.0000	0.7950	0.2050
0.0000	0.0000	0.0000	0.0000	0.0005	0.9995
0.0000	0.0000	0.0000	0.0000	0.1383	0.8616
0.0001	0.0003	0.0000	0.0000	0.5968	0.4027
0.0011	0.0014	0.0000	0.0000	0.6313	0.3662
