0.8300	0.1696	0.0000	0.0000	0.0003	0.0000
0.8382	0.1615	0.0000	0.0000	0.0003	0.0000
0.8870	0.1127	0.0000	0.0000	0.0003	0.0000
0.5905	0.3770	0.0000	0.0000	0.0323	0.0002
0.6393	0.3601	0.0000	0.0000	0.0006	0.0000
0.3512	0.3547	0.0000	0.0000	0.2899	0.0042
0.7768	0.2146	0.0000	0.0000	0.0086	0.0000
0.9762	0.0225	0.0000	0.0000	0.0013	0.0000
0.0424	0.8870	0.0000	0.0000	0.0664	0.0043
0.9995	0.0005	0.0000	0.0000	0.0000	0.0000
0.0000	0.0000	0.0000	1.0000	0.0000	0.0000
0.0000	0.0000	1.0000	0.0000	0.0000	0.0000
0.0000	0.0000	0.0462	0.9538	0.0000	0.0000
0.0000	0.0000	0.0130	0.9870	0.0000	0.0000
0.0064	0.0000	0.0005	0.9932	0.0000	0.0000
0.0000	0.0000	0.3010	0.6990	0.0000	0.0000
0.0000	0.0000	0.9993	0.0007	0.0000	0.0000
0.0000	0.0000	1.0000	0.0000	0.0000	0.0000
0.0027	0.0000	0.1933	0.8040	0.0000	0.0000
0.0000	0.0000	0.0003	0.9997	0.0000	0.0000
0.0000	0.0000	1.0000	0.0000	0.0000	0.0000
0.0000	0.0000	0.0001	0.9999	0.0000	0.0000
0.0001	0.0008	0.0000	0.0000	0.5703	0.4289
0.0000	0.0000	0.0000	0.0000	0.1184	0.8816
0.0000	0.0007	0.0000	0.0001	0.0777	0.9216
0.0007	0.0036	0.0000	0.0000	0.7034	0.2922
0.0006	0.0827	0.0000	0.0000	0.4823	0.4343
0.0197	0.0031	0.0000	0.0541	0.5392	0.3840
0.0000	0.0010	0.0000	0.0000	0.4960	0.5030
0.0000	0.0001	0.0000	0.0000	0.0065	0.9934
0.0002	0.0009	0.0000	0.0000	0.9602	0.0388
0.0015	0.0100	0.0000	0.0000	0.9716	0.0169
0.0334	0.5614	0.0000	0.0000	0.3136	0.0916
