0.7784	0.2164	0.0000	0.0000	0.0039	0.0013
0.7716	0.2266	0.0000	0.0000	0.0011	0.0007
0.7250	0.2742	0.0000	0.0000	0.0006	0.0002
0.4713	0.4344	0.0000	0.0000	0.0918	0.0024
0.1766	0.8090	0.0000	0.0000	0.0100	0.0045
0.1671	0.5259	0.0000	0.0000	0.3036	0.0033
0.5652	0.4278	0.0000	0.0000	0.0068	0.0001
0.9295	0.0659	0.0000	0.0000	0.0044	0.0002
0.0328	0.9362	0.0000	0.0000	0.0270	0.0039
0.9997	0.0003	0.0000	0.0000	0.0000	0.0000
0.0000	0.0000	0.0000	1.0000	0.0000	0.0000
0.0000	0.0000	1.0000	0.0000	0.0000	0.0000
0.0000	0.0000	0.0209	0.9791	0.0000	0.0000
0.0000	0.0000	0.0005	0.9995	0.0000	0.0000
0.0004	0.0000	0.0244	0.9752	0.0000	0.0000
0.0000	0.0000	0.4132	0.5866	0.0000	0.0001
0.0000	0.0000	0.9952	0.0048	0.0000	0.0000
0.0000	0.0000	1.0000	0.0000	0.0000	0.0000
0.0003	0.0000	0.1173	0.8824	0.0000	0.0000
0.0000	0.0000	0.0000	1.0000	0.0000	0.0000
0.0000	0.0000	1.0000	0.0000	0.0000	0.0000
0.0000	0.0000	0.0000	1.0000	0.0000	0.0000
0.0001	0.0045	0.0000	0.0000	0.4592	0.5363
0.0000	0.0000	0.0000	0.0000	0.1036	0.8964
0.0000	0.0067	0.0000	0.0002	0.0771	0.9160
0.0032	0.0179	0.0000	0.0000	0.7529	0.2259
0.0000	0.1194	0.0000	0.0000	0.4493	0.4313
0.0011	0.0015	0.0000	0.0217	0.0509	0.9247
0.0000	0.0107	0.0000	0.0000	0.4396	0.5497
0.0000	0.0001	0.0000	0.0000	0.0069	0.9931
0.0002	0.0043	0.0000	0.0000	0.9498	0.0457
0.0123	0.0534	0.0000	0.0000	0.9230	0.0113
0.0326	0.4534	0.0000	0.0000	0.4236	0.0903
