0.7587	0.2171	0.0000	0.0000	0.0217	0.0025
0.7792	0.2017	0.0000	0.0000	0.0169	0.0022
0.7733	0.2114	0.0000	0.0000	0.0139	0.0015
0.2743	0.6105	0.0000	0.0000	0.1112	0.0041
0.5967	0.3663	0.0000	0.0000	0.0309	0.0062
0.3313	0.4007	0.0000	0.0000	0.2528	0.0152
0.6116	0.3548	0.0000	0.0000	0.0320	0.0016
0.7697	0.1831	0.0000	0.0000	0.0435	0.0037
0.0357	0.7768	0.0000	0.0000	0.1611	0.0264
0.9956	0.0044	0.0000	0.0000	0.0000	0.0000
0.0000	0.0000	0.0000	1.0000	0.0000	0.0000
0.0003	0.0000	0.9966	0.0031	0.0000	0.0000
0.0000	0.0000	0.1266	0.8734	0.0000	0.0000
0.0000	0.0000	0.0107	0.9893	0.0000	0.0000
0.0175	0.0001	0.0824	0.9000	0.0000	0.0000
0.0001	0.0001	0.3274	0.6702	0.0011	0.0012
0.0000	0.0000	0.9484	0.0515	0.0001	0.0000
0.0000	0.0000	0.9978	0.0021	0.0000	0.0000
0.0198	0.0000	0.1573	0.8229	0.0000	0.0000
0.0000	0.0000	0.0062	0.9938	0.0000	0.0000
0.0000	0.0000	0.9999	0.0001	0.0000	0.0000
0.0000	0.0000	0.0009	0.9991	0.0000	0.0000
0.0022	0.0275	0.0000	0.0000	0.6754	0.2949
0.0000	0.0004	0.0000	0.0000	0.1965	0.8031
0.0000	0.0030	0.0000	0.0009	0.0898	0.9063
0.0051	0.1625	0.0000	0.0001	0.5551	0.2772
0.0030	0.1266	0.0000	0.0000	0.4836	0.3868
0.2024	0.1248	0.0000	0.0934	0.2236	0.3557
0.0013	0.0284	0.0000	0.0000	0.5391	0.4313
0.0000	0.0049	0.0000	0.0000	0.2567	0.7385
0.0083	0.0607	0.0000	0.0000	0.8694	0.0616
0.0141	0.3524	0.0000	0.0000	0.5983	0.0352
0.1018	0.5073	0.0000	0.0000	0.3298	0.0612
