0.5981	0.3072	0.0000	0.0019	0.0842	0.0086
0.7613	0.1995	0.0000	0.0007	0.0317	0.0069
0.7313	0.2206	0.0000	0.0013	0.0424	0.0044
0.3118	0.4881	0.0000	0.0005	0.1870	0.0125
0.5946	0.3377	0.0000	0.0006	0.0616	0.0055
0.2533	0.2473	0.0000	0.0001	0.4902	0.0092
0.5857	0.2896	0.0000	0.0000	0.1217	0.0030
0.6747	0.2570	0.0000	0.0021	0.0619	0.0043
0.0637	0.4670	0.0000	0.0038	0.4190	0.0465
0.9580	0.0397	0.0000	0.0018	0.0004	0.0001
0.0000	0.0000	0.0001	0.9999	0.0000	0.0000
0.0000	0.0000	0.9983	0.0017	0.0000	0.0000
0.0000	0.0000	0.1154	0.8846	0.0000	0.0000
0.0000	0.0000	0.0052	0.9946	0.0000	0.0001
0.0030	0.0000	0.1881	0.8066	0.0019	0.0004
0.0000	0.0000	0.0344	0.9652	0.0001	0.0004
0.0000	0.0000	0.8733	0.1267	0.0000	0.0000
0.0000	0.0000	0.9985	0.0015	0.0000	0.0000
0.0001	0.0000	0.6310	0.3688	0.0000	0.0000
0.0000	0.0000	0.0027	0.9973	0.0000	0.0000
0.0000	0.0000	0.9958	0.0042	0.0000	0.0000
0.0000	0.0000	0.0002	0.9998	0.0000	0.0000
0.0001	0.0035	0.0000	0.0033	0.6062	0.3869
0.0000	0.0001	0.0000	0.0007	0.7767	0.2224
0.0000	0.0002	0.0000	0.0170	0.3597	0.6232
0.0022	0.0221	0.0000	0.0041	0.7772	0.1945
0.0006	0.0233	0.0000	0.0015	0.6609	0.3136
0.0008	0.0034	0.0001	0.1532	0.6761	0.1665
0.0000	0.0026	0.0000	0.0009	0.8260	0.1705
0.0000	0.0002	0.0000	0.0003	0.2983	0.7012
0.0006	0.0083	0.0000	0.0003	0.9249	0.0659
0.0182	0.1237	0.0000	0.0002	0.8223	0.0355
0.0417	0.1738	0.0000	0.0006	0.6783	0.1057
