0.9790	0.0210	0.0000	0.0000	0.0000	0.0000
0.9975	0.0025	0.0000	0.0000	0.0000	0.0000
0.9959	0.0041	0.0000	0.0000	0.0000	0.0000
0.0099	0.9897	0.0000	0.0000	0.0005	0.0000
0.8258	0.1742	0.0000	0.0000	0.0000	0.0000
0.0115	0.0416	0.0000	0.0000	0.9469	0.0000
0.8533	0.1286	0.0000	0.0000	0.0181	0.0000
0.9983	0.0017	0.0000	0.0000	0.0000	0.0000
0.0001	0.9351	0.0000	0.0000	0.0612	0.0036
1.0000	0.0000	0.0000	0.0000	0.0000	0.0000
0.0000	0.0000	0.0000	1.0000	0.0000	0.0000
0.0000	0.0000	1.0000	0.0000	0.0000	0.0000
0.0000	0.0000	0.0000	1.0000	0.0000	0.0000
0.0000	0.0000	0.0224	0.9776	0.0000	0.0000
0.0000	0.0000	0.0000	1.0000	0.0000	0.0000
0.0000	0.0000	0.9952	0.0048	0.0000	0.0000
0.0000	0.0000	1.0000	0.0000	0.0000	0.0000
0.0000	0.0000	1.0000	0.0000	0.0000	0.0000
0.0000	0.0000	0.0000	1.0000	0.0000	0.0000
0.0000	0.0000	0.0002	0.9998	0.0000	0.0000
0.0000	0.0000	1.0000	0.0000	0.0000	0.0000
0.0000	0.0000	0.0000	1.0000	0.0000	0.0000
0.0000	0.0000	0.0000	0.0000	0.9951	0.0049
0.0000	0.0000	0.0000	0.0000	0.0013	0.9987
0.0000	0.0000	0.0000	0.0000	0.0000	1.0000
0.0000	0.0177	0.0000	0.0000	0.2775	0.7048
0.0000	0.0007	0.0000	0.0000	0.8270	0.1723
0.0000	0.0035	0.0000	0.7699	0.0084	0.2182
0.0000	0.0011	0.0000	0.0000	0.3145	0.6844
0.0000	0.0007	0.0000	0.0000	0.0079	0.9914
0.0000	0.0001	0.0000	0.0000	0.9999	0.0000
0.0000	0.0543	0.0000	0.0000	0.9457	0.0000
0.0003	0.3473	0.0000	0.0000	0.6516	0.0009
