0.6998	0.2786	0.0000	0.0000	0.0213	0.0002
0.7681	0.2182	0.0000	0.0000	0.0135	0.0001
0.8472	0.1468	0.0000	0.0000	0.0059	0.0001
0.1876	0.7523	0.0000	0.0000	0.0600	0.0001
0.6343	0.3485	0.0000	0.0000	0.0166	0.0006
0.1510	0.3612	0.0000	0.0000	0.4874	0.0005
0.8043	0.1523	0.0000	0.0000	0.0433	0.0000
0.8968	0.0715	0.0000	0.0000	0.0317	0.0001
0.0348	0.8258	0.0000	0.0001	0.1305	0.0088
0.9995	0.0005	0.0000	0.0000	0.0000	0.0000
0.0000	0.0000	0.0000	1.0000	0.0000	0.0000
0.0000	0.0000	0.9612	0.0388	0.0000	0.0000
0.0000	0.0000	0.0284	0.9715	0.0000	0.0000
0.0000	0.0000	0.0109	0.9891	0.0000	0.0000
0.0013	0.0000	0.0011	0.9976	0.0000	0.0000
0.0000	0.0000	0.4405	0.5594	0.0000	0.0000
0.0000	0.0000	0.9988	0.0012	0.0000	0.0000
0.0000	0.0000	0.9813	0.0187	0.0000	0.0000
0.0001	0.0000	0.0296	0.9702	0.0000	0.0000
0.0000	0.0000	0.0584	0.9416	0.0000	0.0000
0.0000	0.0000	0.9992	0.0008	0.0000	0.0000
0.0000	0.0000	0.0421	0.9579	0.0000	0.0000
0.0005	0.0029	0.0000	0.0000	0.6218	0.3747
0.0000	0.0000	0.0000	0.0000	0.0260	0.9740
0.0000	0.0000	0.0000	0.0034	0.0001	0.9965
0.0023	0.0462	0.0000	0.0003	0.8399	0.1113
0.0009	0.0310	0.0000	0.0000	0.4067	0.5613
0.1232	0.0008	0.0000	0.4425	0.0475	0.3860
0.0005	0.0033	0.0000	0.0000	0.3865	0.6097
0.0000	0.0001	0.0000	0.0000	0.0741	0.9258
0.0014	0.0041	0.0000	0.0000	0.9858	0.0088
0.0035	0.0543	0.0000	0.0000	0.9413	0.0009
0.0467	0.2543	0.0000	0.0000	0.6681	0.0309
