0.0311	0.9689	0.0000	0.0000	0.0000	0.0000
0.9770	0.0230	0.0000	0.0000	0.0000	0.0000
0.9992	0.0008	0.0000	0.0000	0.0000	0.0000
0.9229	0.0771	0.0000	0.0000	0.0000	0.0000
0.7317	0.1464	0.0000	0.0000	0.1215	0.0003
0.1836	0.7608	0.0000	0.0000	0.0543	0.0014
0.9426	0.0570	0.0000	0.0000	0.0003	0.0000
0.9919	0.0081	0.0000	0.0000	0.0000	0.0000
0.0000	1.0000	0.0000	0.0000	0.0000	0.0000
0.9730	0.0270	0.0000	0.0000	0.0000	0.0000
0.0000	0.0000	0.0000	1.0000	0.0000	0.0000
0.0000	0.0000	1.0000	0.0000	0.0000	0.0000
0.0000	0.0000	0.9546	0.0454	0.0000	0.0000
0.0000	0.0000	0.0000	1.0000	0.0000	0.0000
0.0000	0.0000	0.0000	1.0000	0.0000	0.0000
0.0000	0.0000	0.0063	0.9937	0.0000	0.0000
0.0000	0.0000	1.0000	0.0000	0.0000	0.0000
0.0000	0.0000	1.0000	0.0000	0.0000	0.0000
0.0000	0.0000	0.9991	0.0009	0.0000	0.0000
0.0000	0.0000	0.0000	1.0000	0.0000	0.0000
0.0000	0.0000	1.0000	0.0000	0.0000	0.0000
0.0000	0.0000	0.0000	1.0000	0.0000	0.0000
0.0000	0.0000	0.0000	0.0000	0.1434	0.8566
0.0000	0.0000	0.0000	0.0000	0.9992	0.0008
0.0000	0.0000	0.0000	0.0000	0.9894	0.0106
0.0000	0.0000	0.0000	0.0000	0.9969	0.0031
0.0000	0.0002	0.0000	0.0000	0.4603	0.5395
0.0000	0.0000	0.0000	0.0616	0.9312	0.0072
0.0000	0.0002	0.0000	0.0000	0.9988	0.0010
0.0000	0.0000	0.0000	0.0000	0.0000	1.0000
0.0000	0.0000	0.0000	0.0000	0.8478	0.1522
0.0000	0.0000	0.0000	0.0000	0.9941	0.0059
0.0026	0.0007	0.0000	0.0000	0.0491	0.9476
