0.6751	0.2823	0.0000	0.0055	0.0281	0.0090
0.7395	0.2310	0.0000	0.0026	0.0190	0.0079
0.5105	0.4455	0.0000	0.0052	0.0305	0.0083
0.3627	0.4781	0.0000	0.0023	0.1421	0.0147
0.4042	0.5208	0.0000	0.0023	0.0582	0.0145
0.2857	0.5495	0.0000	0.0001	0.1490	0.0157
0.4629	0.4850	0.0000	0.0001	0.0489	0.0031
0.6005	0.3161	0.0000	0.0064	0.0710	0.0059
0.0817	0.6746	0.0000	0.0045	0.1866	0.0525
0.9635	0.0362	0.0000	0.0003	0.0000	0.0000
0.0000	0.0000	0.0009	0.9991	0.0000	0.0000
0.0000	0.0000	0.9913	0.0087	0.0000	0.0000
0.0000	0.0000	0.2284	0.7715	0.0000	0.0000
0.0000	0.0000	0.0116	0.9883	0.0000	0.0001
0.0018	0.0000	0.0850	0.9129	0.0002	0.0001
0.0000	0.0000	0.1739	0.8211	0.0003	0.0046
0.0000	0.0000	0.8940	0.1060	0.0000	0.0000
0.0000	0.0000	0.9985	0.0015	0.0000	0.0000
0.0004	0.0000	0.6119	0.3877	0.0000	0.0000
0.0000	0.0000	0.0135	0.9865	0.0000	0.0000
0.0000	0.0000	0.9956	0.0044	0.0000	0.0000
0.0000	0.0000	0.0019	0.9981	0.0000	0.0000
0.0010	0.0201	0.0000	0.0043	0.3304	0.6442
0.0000	0.0011	0.0000	0.0023	0.2860	0.7106
0.0000	0.0016	0.0000	0.0205	0.1386	0.8393
0.0075	0.0675	0.0000	0.0147	0.5774	0.3329
0.0067	0.2009	0.0000	0.0051	0.2761	0.5111
0.0054	0.0078	0.0000	0.3809	0.3670	0.2389
0.0003	0.0628	0.0000	0.0027	0.4546	0.4795
0.0000	0.0010	0.0000	0.0001	0.0677	0.9313
0.0073	0.0646	0.0000	0.0009	0.7589	0.1683
0.0436	0.2276	0.0000	0.0007	0.6576	0.0705
0.0949	0.3028	0.0000	0.0019	0.4246	0.1758
