0.3128	0.6872	0.0000	0.0000	0.0000	0.0000
0.8055	0.1945	0.0000	0.0000	0.0000	0.0000
0.9936	0.0064	0.0000	0.0000	0.0000	0.0000
0.7433	0.2566	0.0000	0.0000	0.0001	0.0000
0.8087	0.1912	0.0000	0.0000	0.0001	0.0000
0.0454	0.6898	0.0000	0.0000	0.2639	0.0009
0.9045	0.0954	0.0000	0.0000	0.0000	0.0000
0.9885	0.0115	0.0000	0.0000	0.0000	0.0000
0.0001	0.9997	0.0000	0.0000	0.0002	0.0000
0.9999	0.0001	0.0000	0.0000	0.0000	0.0000
0.0000	0.0000	0.0000	1.0000	0.0000	0.0000
0.0000	0.0000	1.0000	0.0000	0.0000	0.0000
0.0000	0.0000	0.8137	0.1863	0.0000	0.0000
0.0000	0.0000	0.0000	1.0000	0.0000	0.0000
0.0000	0.0000	0.0000	1.0000	0.0000	0.0000
0.0000	0.0000	0.6943	0.3057	0.0000	0.0000
0.0000	0.0000	1.0000	0.0000	0.0000	0.0000
0.0000	0.0000	1.0000	0.0000	0.0000	0.0000
0.0000	0.0000	0.9940	0.0060	0.0000	0.0000
0.0000	0.0000	0.0000	1.0000	0.0000	0.0000
0.0000	0.0000	1.0000	0.0000	0.0000	0.0000
0.0000	0.0000	0.0000	1.0000	0.0000	0.0000
0.0000	0.0000	0.0000	0.0000	0.1256	0.8744
0.0000	0.0000	0.0000	0.0000	0.4656	0.5344
0.0000	0.0000	0.0000	0.0000	0.9950	0.0050
0.0000	0.0000	0.0000	0.0000	0.7303	0.2697
0.0000	0.0000	0.0000	0.0000	0.0333	0.9666
0.0000	0.0000	0.0000	0.0203	0.8227	0.1570
0.0000	0.0000	0.0000	0.0000	0.2036	0.7963
0.0000	0.0000	0.0000	0.0000	0.0000	1.0000
0.0000	0.0000	0.0000	0.0000	0.9800	0.0200
0.0000	0.0000	0.0000	0.0000	0.9975	0.0025
0.0003	0.0315	0.0000	0.0000	0.0107	0.9575
