0.9904	0.0096	0.0000	0.0000	0.0000	0.0000
0.9884	0.0116	0.0000	0.0000	0.0000	0.0000
0.9987	0.0013	0.0000	0.0000	0.0000	0.0000
0.3568	0.6241	0.0000	0.0000	0.0191	0.0000
0.2183	0.7817	0.0000	0.0000	0.0000	0.0000
0.0085	0.6989	0.0000	0.0000	0.2926	0.0000
0.6928	0.3072	0.0000	0.0000	0.0000	0.0000
1.0000	0.0000	0.0000	0.0000	0.0000	0.0000
0.0015	0.9871	0.0000	0.0000	0.0113	0.0000
1.0000	0.0000	0.0000	0.0000	0.0000	0.0000
0.0000	0.0000	0.0000	1.0000	0.0000	0.0000
0.0000	0.0000	0.9971	0.0029	0.0000	0.0000
0.0000	0.0000	0.0000	1.0000	0.0000	0.0000
0.0000	0.0000	0.0000	1.0000	0.0000	0.0000
0.0000	0.0000	0.0003	0.9997	0.0000	0.0000
0.0000	0.0000	0.9990	0.0010	0.0000	0.0000
0.0000	0.0000	0.9997	0.0003	0.0000	0.0000
0.0000	0.0000	1.0000	0.0000	0.0000	0.0000
0.0000	0.0000	0.0039	0.9961	0.0000	0.0000
0.0000	0.0000	0.0274	0.9726	0.0000	0.0000
0.0000	0.0000	1.0000	0.0000	0.0000	0.0000
0.0000	0.0000	0.0000	1.0000	0.0000	0.0000
0.0000	0.0000	0.0000	0.0000	0.9899	0.0101
0.0000	0.0000	0.0000	0.0000	0.0004	0.9996
0.0000	0.0000	0.0000	0.0000	0.0000	1.0000
0.0000	0.0000	0.0000	0.0000	0.5196	0.4804
0.0000	0.0052	0.0000	0.0000	0.9528	0.0420
0.0000	0.0000	0.0000	0.0250	0.0012	0.9738
0.0000	0.0000	0.0000	0.0000	0.4638	0.5362
0.0000	0.0000	0.0000	0.0000	0.0167	0.9833
0.0000	0.0000	0.0000	0.0000	1.0000	0.0000
0.0000	0.0000	0.0000	0.0000	1.0000	0.0000
0.0000	0.0239	0.0000	0.0000	0.9757	0.0004
