0.4494	0.5506	0.0000	0.0000	0.0000	0.0000
0.8152	0.1848	0.0000	0.0000	0.0000	0.0000
0.9873	0.0127	0.0000	0.0000	0.0000	0.0000
0.8556	0.1418	0.0000	0.0000	0.0026	0.0000
0.8265	0.1734	0.0000	0.0000	0.0001	0.0000
0.0283	0.1473	0.0000	0.0000	0.8228	0.0017
0.9606	0.0378	0.0000	0.0000	0.0016	0.0000
0.9932	0.0067	0.0000	0.0000	0.0000	0.0000
0.0154	0.6012	0.0000	0.0000	0.3786	0.0047
0.9996	0.0004	0.0000	0.0000	0.0000	0.0000
0.0000	0.0000	0.0000	1.0000	0.0000	0.0000
0.0000	0.0000	1.0000	0.0000	0.0000	0.0000
0.0000	0.0000	0.3268	0.6732	0.0000	0.0000
0.0000	0.0000	0.0000	1.0000	0.0000	0.0000
0.0000	0.0000	0.0003	0.9997	0.0000	0.0000
0.0000	0.0000	0.0707	0.9293	0.0000	0.0000
0.0000	0.0000	0.0347	0.9653	0.0000	0.0000
0.0000	0.0000	1.0000	0.0000	0.0000	0.0000
0.0000	0.0000	0.5522	0.4478	0.0000	0.0000
0.0000	0.0000	0.0000	1.0000	0.0000	0.0000
0.0000	0.0000	1.0000	0.0000	0.0000	0.0000
0.0000	0.0000	0.0000	1.0000	0.0000	0.0000
0.0002	0.0002	0.0000	0.0000	0.3396	0.6599
0.0000	0.0000	0.0000	0.0000	0.7890	0.2110
0.0000	0.0000	0.0000	0.0000	0.8218	0.1782
0.0000	0.0000	0.0000	0.0000	0.9224	0.0776
0.0000	0.0017	0.0000	0.0000	0.9647	0.0336
0.0000	0.0000	0.0000	0.0177	0.9766	0.0056
0.0000	0.0000	0.0000	0.0000	0.8804	0.1196
0.0000	0.0000	0.0000	0.0000	0.0000	1.0000
0.0000	0.0000	0.0000	0.0000	0.9488	0.0512
0.0001	0.0002	0.0000	0.0000	0.9770	0.0227
0.0126	0.0642	0.0000	0.0000	0.2814	0.6418
