0.8338	0.1662	0.0000	0.0000	0.0000	0.0000
0.9713	0.0287	0.0000	0.0000	0.0000	0.0000
0.9067	0.0930	0.0000	0.0000	0.0003	0.0000
0.4191	0.5373	0.0000	0.0000	0.0434	0.0002
0.0922	0.9058	0.0000	0.0000	0.0018	0.0003
0.0194	0.0797	0.0000	0.0000	0.8996	0.0012
0.8869	0.1031	0.0000	0.0000	0.0100	0.0000
0.9859	0.0140	0.0000	0.0000	0.0001	0.0000
0.0106	0.9740	0.0000	0.0000	0.0146	0.0008
0.9997	0.0003	0.0000	0.0000	0.0000	0.0000
0.0000	0.0000	0.0000	1.0000	0.0000	0.0000
0.0000	0.0000	1.0000	0.0000	0.0000	0.0000
0.0000	0.0000	0.0179	0.9821	0.0000	0.0000
0.0000	0.0000	0.0000	1.0000	0.0000	0.0000
0.0000	0.0000	0.0012	0.9988	0.0000	0.0000
0.0000	0.0000	0.3167	0.6833	0.0000	0.0000
0.0000	0.0000	0.9997	0.0003	0.0000	0.0000
0.0000	0.0000	1.0000	0.0000	0.0000	0.0000
0.0004	0.0000	0.1584	0.8412	0.0000	0.0000
0.0000	0.0000	0.0000	1.0000	0.0000	0.0000
0.0000	0.0000	1.0000	0.0000	0.0000	0.0000
0.0000	0.0000	0.0000	1.0000	0.0000	0.0000
0.0000	0.0001	0.0000	0.0000	0.8791	0.1208
0.0000	0.0000	0.0000	0.0000	0.8080	0.1920
0.0000	0.0002	0.0000	0.0002	0.2176	0.7820
0.0004	0.0002	0.0000	0.0000	0.9078	0.0915
0.0000	0.0158	0.0000	0.0000	0.5514	0.4328
0.0000	0.0000	0.0000	0.0743	0.5973	0.3283
0.0000	0.0004	0.0000	0.0000	0.7257	0.2739
0.0000	0.0000	0.0000	0.0000	0.0001	0.9999
0.0000	0.0000	0.0000	0.0000	0.9969	0.0031
0.0002	0.0007	0.0000	0.0000	0.9974	0.0017
0.0054	0.2116	0.0000	0.0000	0.6728	0.1101
