0.7011	0.2989	0.0000	0.0000	0.0000	0.0000
0.9164	0.0836	0.0000	0.0000	0.0000	0.0000
0.9382	0.0618	0.0000	0.0000	0.0000	0.0000
0.9295	0.0697	0.0000	0.0000	0.0008	0.0000
0.0468	0.9532	0.0000	0.0000	0.0000	0.0000
0.2781	0.4706	0.0000	0.0000	0.2470	0.0042
0.9608	0.0392	0.0000	0.0000	0.0001	0.0000
0.9915	0.0085	0.0000	0.0000	0.0000	0.0000
0.0279	0.9711	0.0000	0.0001	0.0009	0.0000
0.9982	0.0018	0.0000	0.0000	0.0000	0.0000
0.0000	0.0000	0.0000	1.0000	0.0000	0.0000
0.0000	0.0000	1.0000	0.0000	0.0000	0.0000
0.0000	0.0000	0.0210	0.9790	0.0000	0.0000
0.0000	0.0000	0.0000	1.0000	0.0000	0.0000
0.0000	0.0000	0.0001	0.9999	0.0000	0.0000
0.0000	0.0000	0.2722	0.7278	0.0000	0.0000
0.0000	0.0000	0.9997	0.0003	0.0000	0.0000
0.0000	0.0000	1.0000	0.0000	0.0000	0.0000
0.0000	0.0000	0.3334	0.6666	0.0000	0.0000
0.0000	0.0000	0.0000	1.0000	0.0000	0.0000
0.0000	0.0000	1.0000	0.0000	0.0000	0.0000
0.0000	0.0000	0.0000	1.0000	0.0000	0.0000
0.0000	0.0000	0.0000	0.0000	0.3393	0.6607
0.0000	0.0000	0.0000	0.0000	0.3332	0.6668
0.0000	0.0000	0.0000	0.0000	0.9558	0.0441
0.0003	0.0000	0.0000	0.0000	0.8791	0.1206
0.0000	0.0573	0.0000	0.0000	0.3513	0.5914
0.0000	0.0000	0.0000	0.2943	0.2494	0.4562
0.0000	0.0017	0.0000	0.0000	0.4715	0.5268
0.0000	0.0000	0.0000	0.0000	0.0000	1.0000
0.0000	0.0000	0.0000	0.0000	0.9286	0.0714
0.0015	0.0000	0.0000	0.0000	0.9903	0.0081
0.0104	0.0391	0.0000	0.0000	0.4712	0.4793
