0.6131	0.3710	0.0000	0.0000	0.0151	0.0007
0.7080	0.2862	0.0000	0.0000	0.0055	0.0003
0.6128	0.3799	0.0000	0.0000	0.0071	0.0001
0.1518	0.8059	0.0000	0.0000	0.0418	0.0006
0.5105	0.4813	0.0000	0.0000	0.0080	0.0002
0.1872	0.5254	0.0000	0.0000	0.2871	0.0003
0.4798	0.4778	0.0000	0.0000	0.0424	0.0001
0.8010	0.1777	0.0000	0.0000	0.0211	0.0001
0.1815	0.6782	0.0000	0.0000	0.1341	0.0063
0.9989	0.0011	0.0000	0.0000	0.0000	0.0000
0.0000	0.0000	0.0000	1.0000	0.0000	0.0000
0.0000	0.0000	1.0000	0.0000	0.0000	0.0000
0.0000	0.0000	0.1280	0.8720	0.0000	0.0000
0.0000	0.0000	0.1462	0.8535	0.0000	0.0003
0.0016	0.0000	0.0035	0.9945	0.0000	0.0004
0.0000	0.0000	0.1031	0.8967	0.0000	0.0002
0.0000	0.0000	0.9980	0.0020	0.0000	0.0000
0.0000	0.0000	1.0000	0.0000	0.0000	0.0000
0.0000	0.0000	0.7769	0.2231	0.0000	0.0000
0.0000	0.0000	0.0005	0.9995	0.0000	0.0000
0.0000	0.0000	0.9990	0.0010	0.0000	0.0000
0.0000	0.0000	0.0001	0.9999	0.0000	0.0000
0.0000	0.0005	0.0000	0.0000	0.6666	0.3328
0.0000	0.0000	0.0000	0.0000	0.1049	0.8951
0.0000	0.0000	0.0000	0.0025	0.0015	0.9960
0.0050	0.0243	0.0000	0.0001	0.8202	0.1504
0.0030	0.0319	0.0000	0.0000	0.6458	0.3193
0.0006	0.0002	0.0000	0.0232	0.1501	0.8259
0.0000	0.0003	0.0000	0.0000	0.6282	0.3715
0.0000	0.0000	0.0000	0.0000	0.0667	0.9333
0.0001	0.0050	0.0000	0.0000	0.9574	0.0375
0.0077	0.2313	0.0000	0.0000	0.7565	0.0045
0.0454	0.4425	0.0000	0.0000	0.4854	0.0267
