0.6158	0.3259	0.0000	0.0000	0.0551	0.0031
0.6052	0.3439	0.0000	0.0000	0.0488	0.0021
0.6127	0.3472	0.0000	0.0000	0.0384	0.0017
0.3419	0.5748	0.0000	0.0000	0.0806	0.0026
0.5378	0.4058	0.0000	0.0000	0.0526	0.0038
0.3619	0.4685	0.0000	0.0000	0.1675	0.0021
0.6388	0.2968	0.0000	0.0000	0.0637	0.0007
0.6386	0.2750	0.0000	0.0000	0.0839	0.0025
0.1987	0.4439	0.0000	0.0000	0.3171	0.0403
0.9887	0.0102	0.0000	0.0000	0.0010	0.0001
0.0000	0.0000	0.0048	0.9952	0.0000	0.0000
0.0000	0.0000	0.8748	0.1251	0.0000	0.0000
0.0002	0.0000	0.1405	0.8594	0.0000	0.0000
0.0000	0.0000	0.1145	0.8854	0.0000	0.0000
0.0223	0.0000	0.0097	0.9676	0.0000	0.0004
0.0000	0.0000	0.5605	0.4391	0.0000	0.0004
0.0000	0.0000	0.9231	0.0768	0.0000	0.0000
0.0000	0.0000	0.9035	0.0964	0.0000	0.0000
0.0011	0.0000	0.1059	0.8930	0.0000	0.0000
0.0000	0.0000	0.2157	0.7843	0.0000	0.0000
0.0000	0.0000	0.9885	0.0115	0.0000	0.0000
0.0000	0.0000	0.1397	0.8603	0.0000	0.0000
0.0195	0.0487	0.0000	0.0000	0.6130	0.3188
0.0002	0.0034	0.0000	0.0000	0.2420	0.7543
0.0000	0.0000	0.0000	0.0011	0.0078	0.9911
0.0535	0.1173	0.0000	0.0001	0.6192	0.2100
0.0461	0.1401	0.0000	0.0001	0.4715	0.3423
0.6263	0.0226	0.0000	0.0357	0.1019	0.2136
0.0403	0.0858	0.0000	0.0000	0.5821	0.2918
0.0036	0.0169	0.0000	0.0002	0.2738	0.7055
0.0812	0.1644	0.0000	0.0000	0.6964	0.0579
0.0985	0.3223	0.0000	0.0000	0.5654	0.0138
0.3070	0.3402	0.0000	0.0000	0.3232	0.0296
