0.7058	0.2942	0.0000	0.0000	0.0000	0.0000
0.1786	0.8214	0.0000	0.0000	0.0000	0.0000
0.9916	0.0084	0.0000	0.0000	0.0000	0.0000
0.0870	0.9119	0.0000	0.0000	0.0011	0.0000
0.9353	0.0647	0.0000	0.0000	0.0000	0.0000
0.0316	0.4516	0.0000	0.0000	0.5168	0.0000
0.9164	0.0833	0.0000	0.0000	0.0002	0.0000
0.9990	0.0010	0.0000	0.0000	0.0000	0.0000
0.0002	0.9980	0.0000	0.0000	0.0018	0.0000
1.0000	0.0000	0.0000	0.0000	0.0000	0.0000
0.0000	0.0000	0.0000	1.0000	0.0000	0.0000
0.0000	0.0000	1.0000	0.0000	0.0000	0.0000
0.0000	0.0000	0.0000	1.0000	0.0000	0.0000
0.0000	0.0000	0.0000	1.0000	0.0000	0.0000
0.0000	0.0000	0.0000	1.0000	0.0000	0.0000
0.0000	0.0000	0.7938	0.2062	0.0000	0.0000
0.0000	0.0000	1.0000	0.0000	0.0000	0.0000
0.0000	0.0000	1.0000	0.0000	0.0000	0.0000
0.0000	0.0000	0.0006	0.9994	0.0000	0.0000
0.0000	0.0000	0.0000	1.0000	0.0000	0.0000
0.0000	0.0000	1.0000	0.0000	0.0000	0.0000
0.0000	0.0000	0.0000	1.0000	0.0000	0.0000
0.0000	0.0000	0.0000	0.0000	0.9577	0.0423
0.0000	0.0000	0.0000	0.0000	0.0243	0.9757
0.0000	0.0000	0.0000	0.9934	0.0001	0.0065
0.0000	0.0001	0.0000	0.0000	0.9635	0.0364
0.0000	0.0010	0.0000	0.0000	0.9715	0.0274
0.7324	0.0000	0.0000	0.2554	0.0000	0.0122
0.0000	0.0000	0.0000	0.0000	0.9612	0.0388
0.0000	0.0000	0.0000	0.0000	0.0437	0.9563
0.0000	0.0000	0.0000	0.0000	1.0000	0.0000
0.0000	0.0001	0.0000	0.0000	0.9999	0.0000
0.0025	0.5190	0.0000	0.0000	0.4682	0.0103
