0.5207	0.4793	0.0000	0.0000	0.0000	0.0000
0.9256	0.0744	0.0000	0.0000	0.0000	0.0000
0.9999	0.0001	0.0000	0.0000	0.0000	0.0000
0.9996	0.0004	0.0000	0.0000	0.0000	0.0000
0.0001	0.2524	0.0000	0.0000	0.7436	0.0039
0.0174	0.1408	0.0000	0.0000	0.8417	0.0000
0.9991	0.0004	0.0000	0.0000	0.0005	0.0000
1.0000	0.0000	0.0000	0.0000	0.0000	0.0000
0.0000	1.0000	0.0000	0.0000	0.0000	0.0000
0.9956	0.0044	0.0000	0.0000	0.0000	0.0000
0.0000	0.0000	0.0000	1.0000	0.0000	0.0000
0.0000	0.0000	1.0000	0.0000	0.0000	0.0000
0.0000	0.0000	0.0000	1.0000	0.0000	0.0000
0.0000	0.0000	0.0000	1.0000	0.0000	0.0000
0.0000	0.0000	0.0000	1.0000	0.0000	0.0000
0.0000	0.0000	0.9985	0.0015	0.0000	0.0000
0.0000	0.0000	1.0000	0.0000	0.0000	0.0000
0.0000	0.0000	1.0000	0.0000	0.0000	0.0000
0.0000	0.0000	0.9995	0.0005	0.0000	0.0000
0.0000	0.0000	0.0000	1.0000	0.0000	0.0000
0.0000	0.0000	1.0000	0.0000	0.0000	0.0000
0.0000	0.0000	0.0000	1.0000	0.0000	0.0000
0.0000	0.0000	0.0000	0.0000	0.0085	0.9915
0.0000	0.0000	0.0000	0.0000	0.4250	0.5750
0.0000	0.0000	0.0000	0.0000	0.9273	0.0727
0.0000	0.0000	0.0000	0.0000	0.9494	0.0506
0.0000	0.0000	0.0000	0.0000	0.4542	0.5458
0.0000	0.0000	0.0000	0.9625	0.0375	0.0001
0.0000	0.0002	0.0000	0.0000	0.9862	0.0136
0.0000	0.0000	0.0000	0.0000	0.0000	1.0000
0.0000	0.0000	0.0000	0.0000	0.7668	0.2332
0.0000	0.0000	0.0000	0.0000	0.9992	0.0008
0.0004	0.0006	0.0000	0.0000	0.0496	0.9494
