0.9345	0.0642	0.0000	0.0000	0.0013	0.0000
0.9962	0.0038	0.0000	0.0000	0.0000	0.0000
0.9767	0.0233	0.0000	0.0000	0.0000	0.0000
0.0641	0.9217	0.0000	0.0000	0.0142	0.0000
0.4177	0.5798	0.0000	0.0000	0.0024	0.0001
0.1138	0.4086	0.0000	0.0000	0.4775	0.0001
0.6550	0.3438	0.0000	0.0000	0.0012	0.0000
0.9878	0.0109	0.0000	0.0000	0.0013	0.0000
0.0130	0.7458	0.0000	0.0000	0.2402	0.0011
1.0000	0.0000	0.0000	0.0000	0.0000	0.0000
0.0000	0.0000	0.0000	1.0000	0.0000	0.0000
0.0000	0.0000	0.9999	0.0001	0.0000	0.0000
0.0000	0.0000	0.0001	0.9999	0.0000	0.0000
0.0000	0.0000	0.1861	0.8139	0.0000	0.0000
0.0041	0.0000	0.0110	0.9849	0.0000	0.0000
0.0000	0.0000	0.9986	0.0014	0.0000	0.0000
0.0000	0.0000	0.9998	0.0002	0.0000	0.0000
0.0000	0.0000	1.0000	0.0000	0.0000	0.0000
0.0000	0.0000	0.0218	0.9782	0.0000	0.0000
0.0000	0.0000	0.0002	0.9998	0.0000	0.0000
0.0000	0.0000	1.0000	0.0000	0.0000	0.0000
0.0000	0.0000	0.0000	1.0000	0.0000	0.0000
0.0000	0.0000	0.0000	0.0000	0.8590	0.1410
0.0000	0.0000	0.0000	0.0000	0.0043	0.9957
0.0000	0.0000	0.0000	0.0000	0.0001	0.9999
0.0000	0.0005	0.0000	0.0000	0.9316	0.0679
0.0000	0.0023	0.0000	0.0000	0.8197	0.1780
0.0215	0.0013	0.0000	0.5655	0.3047	0.1070
0.0000	0.0008	0.0000	0.0000	0.6881	0.3110
0.0000	0.0000	0.0000	0.0000	0.0675	0.9325
0.0000	0.0020	0.0000	0.0000	0.9979	0.0002
0.0000	0.0296	0.0000	0.0000	0.9703	0.0000
0.0035	0.0792	0.0000	0.0000	0.9127	0.0045
