0.7790	0.1871	0.0000	0.0000	0.0314	0.0025
0.7204	0.2487	0.0000	0.0000	0.0282	0.0027
0.5995	0.3883	0.0000	0.0000	0.0117	0.0005
0.3503	0.4838	0.0000	0.0000	0.1630	0.0029
0.5391	0.4159	0.0000	0.0000	0.0422	0.0028
0.2788	0.4381	0.0000	0.0000	0.2777	0.0054
0.4812	0.4609	0.0000	0.0000	0.0567	0.0012
0.7399	0.2000	0.0000	0.0000	0.0589	0.0012
0.0303	0.7667	0.0000	0.0000	0.1874	0.0155
0.9889	0.0111	0.0000	0.0000	0.0000	0.0000
0.0000	0.0000	0.0000	1.0000	0.0000	0.0000
0.0001	0.0000	0.9917	0.0082	0.0000	0.0000
0.0001	0.0000	0.0500	0.9499	0.0000	0.0000
0.0000	0.0000	0.0357	0.9643	0.0000	0.0000
0.1724	0.0010	0.0177	0.8084	0.0004	0.0001
0.0001	0.0002	0.1927	0.8062	0.0002	0.0007
0.0000	0.0000	0.9820	0.0180	0.0000	0.0000
0.0000	0.0000	0.9939	0.0061	0.0000	0.0000
0.0258	0.0000	0.1116	0.8626	0.0000	0.0000
0.0000	0.0000	0.0045	0.9955	0.0000	0.0000
0.0000	0.0000	0.9999	0.0001	0.0000	0.0000
0.0000	0.0000	0.0005	0.9995	0.0000	0.0000
0.0003	0.0183	0.0000	0.0000	0.8220	0.1594
0.0000	0.0007	0.0000	0.0000	0.4489	0.5504
0.0000	0.0022	0.0000	0.0002	0.1640	0.8336
0.0019	0.0422	0.0000	0.0000	0.8737	0.0822
0.0016	0.1834	0.0000	0.0000	0.5586	0.2564
0.1459	0.2253	0.0000	0.0252	0.4129	0.1907
0.0002	0.0407	0.0000	0.0000	0.7572	0.2019
0.0000	0.0132	0.0000	0.0000	0.3201	0.6667
0.0019	0.0397	0.0000	0.0000	0.9296	0.0289
0.0113	0.1284	0.0000	0.0000	0.8422	0.0181
0.0690	0.4992	0.0000	0.0000	0.3966	0.0352
