0.4324	0.5673	0.0000	0.0000	0.0004	0.0000
0.0096	0.9894	0.0000	0.0000	0.0011	0.0000
0.1697	0.8303	0.0000	0.0000	0.0000	0.0000
0.0855	0.9145	0.0000	0.0000	0.0000	0.0000
0.0027	0.9915	0.0000	0.0000	0.0058	0.0000
0.9973	0.0027	0.0000	0.0000	0.0000	0.0000
0.0601	0.9390	0.0000	0.0000	0.0009	0.0000
0.9964	0.0035	0.0000	0.0000	0.0001	0.0000
0.7531	0.2461	0.0000	0.0000	0.0009	0.0000
0.7014	0.2986	0.0000	0.0000	0.0000	0.0000
0.0000	0.0000	0.9986	0.0014	0.0000	0.0000
0.0000	0.0000	0.0000	1.0000	0.0000	0.0000
0.0000	0.0000	0.9998	0.0002	0.0000	0.0000
0.0000	0.0000	1.0000	0.0000	0.0000	0.0000
0.0002	0.0000	0.0184	0.9813	0.0000	0.0000
0.0000	0.0000	0.0000	1.0000	0.0000	0.0000
0.0000	0.0000	1.0000	0.0000	0.0000	0.0000
0.0013	0.0000	0.0765	0.9221	0.0000	0.0000
0.0000	0.0000	0.9996	0.0003	0.0000	0.0001
0.0000	0.0000	0.0010	0.9990	0.0000	0.0000
0.0000	0.0000	0.0000	1.0000	0.0000	0.0000
0.0000	0.0000	1.0000	0.0000	0.0000	0.0000
0.0000	0.0014	0.0000	0.0000	0.9955	0.0031
0.0155	0.9845	0.0000	0.0000	0.0000	0.0000
0.0000	0.0000	0.0000	0.0000	0.0000	1.0000
0.0016	0.0155	0.0000	0.0000	0.7442	0.2386
0.0004	0.0071	0.0000	0.0000	0.9918	0.0006
0.0000	0.0000	0.0000	0.0000	0.4842	0.5157
0.0002	0.1676	0.0000	0.0000	0.8319	0.0003
0.0002	0.0004	0.0000	0.0000	0.9994	0.0001
0.0000	0.0000	0.0000	0.0000	0.0000	1.0000
0.0000	0.0000	0.0000	0.0000	0.0960	0.9040
0.0000	0.0000	0.0000	0.0000	0.0000	1.0000
