0.7747	0.1869	0.0000	0.0000	0.0378	0.0006
0.7462	0.1130	0.0000	0.0000	0.1305	0.0103
0.7076	0.2765	0.0000	0.0000	0.0147	0.0012
0.6632	0.3089	0.0000	0.0000	0.0255	0.0024
0.4316	0.4730	0.0000	0.0000	0.0944	0.0010
0.9076	0.0533	0.0000	0.0000	0.0374	0.0017
0.6455	0.3053	0.0000	0.0000	0.0490	0.0003
0.9210	0.0359	0.0000	0.0000	0.0413	0.0018
0.8941	0.0759	0.0000	0.0000	0.0294	0.0006
0.9075	0.0692	0.0000	0.0004	0.0108	0.0122
0.0000	0.0000	0.8707	0.1293	0.0000	0.0000
0.0000	0.0000	0.0036	0.9964	0.0000	0.0000
0.0000	0.0000	0.9970	0.0030	0.0000	0.0000
0.0000	0.0000	0.9795	0.0205	0.0000	0.0000
0.0159	0.0000	0.0081	0.9735	0.0007	0.0018
0.0002	0.0000	0.0066	0.9932	0.0000	0.0000
0.0000	0.0000	0.8964	0.1033	0.0000	0.0002
0.0003	0.0000	0.2510	0.7488	0.0000	0.0000
0.0000	0.0000	0.9065	0.0935	0.0000	0.0001
0.0000	0.0000	0.0183	0.9817	0.0000	0.0000
0.0000	0.0000	0.0009	0.9991	0.0000	0.0000
0.0000	0.0000	0.9992	0.0008	0.0000	0.0000
0.2862	0.1933	0.0000	0.0000	0.4769	0.0435
0.7021	0.1777	0.0000	0.0002	0.0727	0.0473
0.0000	0.0000	0.0000	0.0062	0.0108	0.9830
0.0214	0.0125	0.0000	0.0002	0.5170	0.4489
0.0173	0.0113	0.0000	0.0001	0.7047	0.2666
0.0001	0.0002	0.0000	0.0003	0.1976	0.8019
0.0204	0.0574	0.0000	0.0000	0.8409	0.0813
0.3587	0.1358	0.0000	0.0000	0.4713	0.0342
0.0001	0.0001	0.0000	0.0114	0.0890	0.8994
0.0156	0.0021	0.0000	0.0050	0.2841	0.6933
0.0000	0.0000	0.0000	0.0205	0.0001	0.9794
