0.1453	0.8547	0.0000	0.0000	0.0000	0.0000
0.0069	0.9924	0.0000	0.0000	0.0007	0.0000
0.5929	0.4071	0.0000	0.0000	0.0000	0.0000
0.0115	0.9885	0.0000	0.0000	0.0000	0.0000
0.9712	0.0260	0.0000	0.0000	0.0028	0.0000
0.9695	0.0305	0.0000	0.0000	0.0000	0.0000
0.0764	0.9235	0.0000	0.0000	0.0000	0.0000
0.5375	0.4625	0.0000	0.0000	0.0000	0.0000
0.0000	1.0000	0.0000	0.0000	0.0000	0.0000
0.0008	0.9992	0.0000	0.0000	0.0000	0.0000
0.0000	0.0000	0.9981	0.0019	0.0000	0.0000
0.0000	0.0000	0.0000	1.0000	0.0000	0.0000
0.0000	0.0000	1.0000	0.0000	0.0000	0.0000
0.0000	0.0000	0.0859	0.9141	0.0000	0.0000
0.0000	0.0000	0.0000	1.0000	0.0000	0.0000
0.0000	0.0000	0.0000	1.0000	0.0000	0.0000
0.0000	0.0000	1.0000	0.0000	0.0000	0.0000
0.0000	0.0000	0.9983	0.0017	0.0000	0.0000
0.0000	0.0000	1.0000	0.0000	0.0000	0.0000
0.0000	0.0000	0.0000	1.0000	0.0000	0.0000
0.0000	0.0000	0.0000	1.0000	0.0000	0.0000
0.0000	0.0000	1.0000	0.0000	0.0000	0.0000
0.0000	0.0001	0.0000	0.0000	0.9988	0.0011
0.0003	0.0000	0.0000	0.0000	0.9504	0.0493
0.0000	0.0000	0.0000	0.0000	0.4451	0.5549
0.0000	0.0000	0.0000	0.0000	0.3302	0.6698
0.0000	0.0000	0.0000	0.0000	0.9611	0.0389
0.0000	0.0000	0.0000	0.0000	0.0007	0.9993
0.0000	0.0000	0.0000	0.0000	0.2863	0.7137
0.0000	0.0001	0.0000	0.0000	0.9558	0.0441
0.0000	0.0000	0.0000	0.0000	0.0000	1.0000
0.0000	0.0000	0.0000	0.0000	0.0000	1.0000
0.0000	0.0000	0.0000	0.0000	0.0000	1.0000
