0.7285	0.2618	0.0000	0.0000	0.0095	0.0002
0.3156	0.6061	0.0000	0.0002	0.0751	0.0031
0.5324	0.4629	0.0000	0.0000	0.0045	0.0002
0.4265	0.5540	0.0000	0.0000	0.0182	0.0013
0.4316	0.4588	0.0000	0.0000	0.0993	0.0103
0.9449	0.0527	0.0000	0.0000	0.0023	0.0001
0.5565	0.4045	0.0000	0.0000	0.0385	0.0005
0.8210	0.1386	0.0000	0.0002	0.0395	0.0007
0.4783	0.5027	0.0000	0.0000	0.0186	0.0003
0.4224	0.5723	0.0000	0.0005	0.0039	0.0009
0.0000	0.0000	0.9394	0.0606	0.0000	0.0000
0.0000	0.0000	0.0001	0.9998	0.0000	0.0000
0.0000	0.0000	0.9983	0.0017	0.0000	0.0000
0.0000	0.0000	0.8607	0.1393	0.0000	0.0000
0.0006	0.0000	0.0012	0.9980	0.0001	0.0000
0.0001	0.0000	0.0235	0.9764	0.0000	0.0000
0.0000	0.0000	0.9991	0.0009	0.0000	0.0000
0.0010	0.0000	0.4913	0.5077	0.0000	0.0000
0.0000	0.0000	0.9402	0.0597	0.0000	0.0000
0.0000	0.0000	0.0035	0.9964	0.0000	0.0000
0.0045	0.0000	0.0099	0.9856	0.0000	0.0000
0.0000	0.0000	0.9994	0.0006	0.0000	0.0000
0.0380	0.2373	0.0000	0.0001	0.5362	0.1884
0.2344	0.4399	0.0000	0.0006	0.2616	0.0635
0.0000	0.0007	0.0000	0.0012	0.3343	0.6638
0.0076	0.0631	0.0000	0.0002	0.5554	0.3738
0.0022	0.0094	0.0000	0.0001	0.8609	0.1274
0.0000	0.0001	0.0000	0.0000	0.2110	0.7888
0.0012	0.0202	0.0000	0.0000	0.8795	0.0992
0.0916	0.2039	0.0000	0.0000	0.6477	0.0568
0.0000	0.0027	0.0000	0.0040	0.1114	0.8818
0.0004	0.0010	0.0000	0.0011	0.3719	0.6255
0.0000	0.0000	0.0000	0.0000	0.0000	1.0000
