0.8564	0.1379	0.0000	0.0000	0.0057	0.0000
0.5584	0.3848	0.0000	0.0000	0.0560	0.0008
0.3514	0.6484	0.0000	0.0000	0.0002	0.0000
0.6888	0.3106	0.0000	0.0000	0.0005	0.0000
0.0799	0.8416	0.0000	0.0000	0.0785	0.0000
0.9826	0.0112	0.0000	0.0000	0.0062	0.0000
0.2162	0.7473	0.0000	0.0000	0.0365	0.0000
0.9345	0.0089	0.0000	0.0000	0.0565	0.0000
0.8518	0.1016	0.0000	0.0000	0.0466	0.0000
0.9493	0.0504	0.0000	0.0000	0.0000	0.0002
0.0000	0.0000	0.9968	0.0032	0.0000	0.0000
0.0000	0.0000	0.0000	1.0000	0.0000	0.0000
0.0000	0.0000	0.9958	0.0042	0.0000	0.0000
0.0000	0.0000	1.0000	0.0000	0.0000	0.0000
0.0014	0.0000	0.0015	0.9970	0.0000	0.0001
0.0000	0.0000	0.0034	0.9966	0.0000	0.0000
0.0000	0.0000	0.6562	0.0000	0.0000	0.3438
0.0000	0.0000	0.0986	0.9014	0.0000	0.0000
0.0000	0.0000	0.9663	0.0001	0.0000	0.0336
0.0000	0.0000	0.0053	0.9947	0.0000	0.0000
0.0000	0.0000	0.0000	1.0000	0.0000	0.0000
0.0000	0.0000	1.0000	0.0000	0.0000	0.0000
0.0102	0.0253	0.0000	0.0000	0.9503	0.0142
0.3186	0.6755	0.0000	0.0000	0.0034	0.0025
0.0000	0.0000	0.0000	0.0000	0.0000	1.0000
0.0016	0.0103	0.0000	0.0000	0.5896	0.3985
0.0061	0.0078	0.0000	0.0000	0.9434	0.0427
0.0000	0.0002	0.0000	0.0000	0.2626	0.7373
0.0031	0.0664	0.0000	0.0000	0.9282	0.0022
0.0162	0.0014	0.0000	0.0000	0.9744	0.0080
0.0000	0.0000	0.0000	0.0000	0.0000	1.0000
0.0000	0.0000	0.0000	0.0000	0.0638	0.9361
0.0000	0.0000	0.0000	0.0000	0.0000	1.0000
