0.8942	0.1058	0.0000	0.0000	0.0000	0.0000
0.7570	0.2424	0.0000	0.0000	0.0006	0.0000
0.2088	0.7912	0.0000	0.0000	0.0000	0.0000
0.5734	0.4266	0.0000	0.0000	0.0000	0.0000
0.6399	0.2557	0.0000	0.0000	0.1045	0.0000
1.0000	0.0000	0.0000	0.0000	0.0000	0.0000
0.4756	0.5187	0.0000	0.0000	0.0057	0.0000
0.8603	0.1284	0.0000	0.0000	0.0113	0.0000
0.0146	0.9853	0.0000	0.0000	0.0001	0.0000
0.0043	0.9957	0.0000	0.0000	0.0000	0.0000
0.0000	0.0000	0.9716	0.0284	0.0000	0.0000
0.0000	0.0000	0.0000	1.0000	0.0000	0.0000
0.0000	0.0000	0.9853	0.0147	0.0000	0.0000
0.0000	0.0000	0.9981	0.0019	0.0000	0.0000
0.0000	0.0000	0.0000	1.0000	0.0000	0.0000
0.0000	0.0000	0.0002	0.9998	0.0000	0.0000
0.0000	0.0000	1.0000	0.0000	0.0000	0.0000
0.0000	0.0000	0.0018	0.9982	0.0000	0.0000
0.0000	0.0000	1.0000	0.0000	0.0000	0.0000
0.0000	0.0000	0.0000	1.0000	0.0000	0.0000
0.0000	0.0000	0.0000	1.0000	0.0000	0.0000
0.0000	0.0000	1.0000	0.0000	0.0000	0.0000
0.0000	0.0020	0.0000	0.0000	0.9978	0.0001
0.2974	0.7010	0.0000	0.0000	0.0015	0.0001
0.0000	0.0000	0.0000	0.0000	0.0000	1.0000
0.0000	0.0023	0.0000	0.0000	0.8783	0.1194
0.0001	0.0000	0.0000	0.0000	0.9988	0.0011
0.0000	0.0000	0.0000	0.0000	0.0067	0.9933
0.0000	0.0001	0.0000	0.0000	0.9999	0.0000
0.0003	0.0000	0.0000	0.0000	0.9990	0.0007
0.0000	0.0000	0.0000	0.0000	0.0000	1.0000
0.0000	0.0000	0.0000	0.0000	0.0043	0.9957
0.0000	0.0000	0.0000	0.0000	0.0000	1.0000
