0.0562	0.9437	0.0000	0.0000	0.0001	0.0000
0.0001	0.9999	0.0000	0.0000	0.0000	0.0000
0.0921	0.9079	0.0000	0.0000	0.0000	0.0000
0.0014	0.9983	0.0000	0.0000	0.0003	0.0000
0.6936	0.2537	0.0000	0.0000	0.0526	0.0001
0.3539	0.6461	0.0000	0.0000	0.0000	0.0000
0.0126	0.9871	0.0000	0.0000	0.0004	0.0000
0.1792	0.8207	0.0000	0.0000	0.0001	0.0000
0.0017	0.9983	0.0000	0.0000	0.0000	0.0000
0.0006	0.9994	0.0000	0.0000	0.0000	0.0000
0.0000	0.0000	0.8980	0.1020	0.0000	0.0000
0.0000	0.0000	0.0000	1.0000	0.0000	0.0000
0.0000	0.0000	0.9996	0.0004	0.0000	0.0000
0.0000	0.0000	0.0002	0.9998	0.0000	0.0000
0.0000	0.0000	0.0000	1.0000	0.0000	0.0000
0.0000	0.0000	0.0000	1.0000	0.0000	0.0000
0.0000	0.0000	1.0000	0.0000	0.0000	0.0000
0.0000	0.0000	0.5455	0.4545	0.0000	0.0000
0.0000	0.0000	0.9938	0.0062	0.0000	0.0000
0.0000	0.0000	0.0000	1.0000	0.0000	0.0000
0.0000	0.0000	0.0001	0.9999	0.0000	0.0000
0.0000	0.0000	0.9988	0.0012	0.0000	0.0000
0.0000	0.0211	0.0000	0.0000	0.9660	0.0129
0.0037	0.1121	0.0000	0.0000	0.8731	0.0111
0.0000	0.0000	0.0000	0.0000	0.8288	0.1712
0.0001	0.0001	0.0000	0.0000	0.8976	0.1023
0.0000	0.0001	0.0000	0.0000	0.9601	0.0398
0.0000	0.0000	0.0000	0.0000	0.0020	0.9980
0.0000	0.0003	0.0000	0.0000	0.9743	0.0254
0.0007	0.0020	0.0000	0.0000	0.9929	0.0044
0.0000	0.0018	0.0000	0.0000	0.0001	0.9981
0.0000	0.0000	0.0000	0.0000	0.0001	0.9999
0.0000	0.0000	0.0000	0.0000	0.0000	1.0000
