0.4726	0.5271	0.0000	0.0000	0.0003	0.0000
0.0121	0.9858	0.0000	0.0000	0.0021	0.0000
0.6834	0.3166	0.0000	0.0000	0.0000	0.0000
0.0120	0.9880	0.0000	0.0000	0.0000	0.0000
0.9747	0.0199	0.0000	0.0000	0.0054	0.0000
0.9983	0.0017	0.0000	0.0000	0.0000	0.0000
0.6049	0.3924	0.0000	0.0000	0.0028	0.0000
0.9740	0.0260	0.0000	0.0000	0.0001	0.0000
0.0028	0.9972	0.0000	0.0000	0.0000	0.0000
0.0022	0.9978	0.0000	0.0000	0.0000	0.0000
0.0000	0.0000	0.9021	0.0979	0.0000	0.0000
0.0000	0.0000	0.0000	1.0000	0.0000	0.0000
0.0000	0.0000	1.0000	0.0000	0.0000	0.0000
0.0000	0.0000	0.6037	0.3963	0.0000	0.0000
0.0000	0.0000	0.0000	1.0000	0.0000	0.0000
0.0000	0.0000	0.0002	0.9998	0.0000	0.0000
0.0000	0.0000	1.0000	0.0000	0.0000	0.0000
0.0000	0.0000	0.9817	0.0183	0.0000	0.0000
0.0000	0.0000	0.9992	0.0008	0.0000	0.0000
0.0000	0.0000	0.0000	1.0000	0.0000	0.0000
0.0000	0.0000	0.0002	0.9998	0.0000	0.0000
0.0000	0.0000	1.0000	0.0000	0.0000	0.0000
0.0000	0.0047	0.0000	0.0000	0.8319	0.1633
0.0194	0.0029	0.0000	0.0000	0.9691	0.0086
0.0000	0.0001	0.0000	0.0000	0.6114	0.3885
0.0000	0.0000	0.0000	0.0000	0.9630	0.0370
0.0000	0.0000	0.0000	0.0000	0.9620	0.0380
0.0000	0.0000	0.0000	0.0000	0.0023	0.9977
0.0000	0.0000	0.0000	0.0000	0.9786	0.0213
0.0057	0.0009	0.0000	0.0000	0.9838	0.0096
0.0000	0.0000	0.0000	0.0000	0.0000	1.0000
0.0000	0.0000	0.0000	0.0000	0.0004	0.9996
0.0000	0.0000	0.0000	0.0000	0.0000	1.0000
