0.5454	0.2768	0.0000	0.0198	0.1220	0.0359
0.3021	0.2501	0.0000	0.1193	0.2062	0.1222
0.5148	0.3640	0.0000	0.0178	0.0682	0.0351
0.4497	0.3517	0.0000	0.0330	0.0881	0.0775
0.3239	0.3274	0.0000	0.0081	0.2440	0.0966
0.6017	0.1689	0.0001	0.0829	0.1093	0.0370
0.4522	0.3104	0.0000	0.0086	0.1901	0.0386
0.5051	0.1412	0.0002	0.1744	0.1443	0.0348
0.5031	0.2369	0.0001	0.0738	0.1511	0.0351
0.4723	0.2313	0.0002	0.1979	0.0428	0.0555
0.0000	0.0000	0.8786	0.1213	0.0000	0.0000
0.0003	0.0000	0.0193	0.9804	0.0000	0.0000
0.0007	0.0001	0.9747	0.0244	0.0001	0.0001
0.0000	0.0000	0.8593	0.1406	0.0001	0.0000
0.0010	0.0001	0.1241	0.8740	0.0008	0.0001
0.0015	0.0000	0.3014	0.6968	0.0002	0.0000
0.0000	0.0000	0.9782	0.0216	0.0000	0.0002
0.0034	0.0001	0.6031	0.3932	0.0002	0.0000
0.0000	0.0000	0.9459	0.0536	0.0001	0.0004
0.0002	0.0000	0.1073	0.8925	0.0000	0.0000
0.0045	0.0006	0.1742	0.8207	0.0000	0.0000
0.0000	0.0000	0.9682	0.0317	0.0000	0.0000
0.0835	0.1415	0.0000	0.0526	0.3352	0.3872
0.2751	0.2725	0.0001	0.1670	0.1305	0.1548
0.0000	0.0002	0.0003	0.1078	0.0857	0.8060
0.0154	0.0523	0.0002	0.1090	0.3673	0.4558
0.0459	0.0579	0.0001	0.0922	0.5105	0.2934
0.0055	0.0161	0.0000	0.0510	0.3358	0.5915
0.0377	0.1019	0.0000	0.0333	0.5316	0.2954
0.1085	0.1518	0.0003	0.0338	0.4936	0.2120
0.0002	0.0024	0.0004	0.2833	0.0709	0.6428
0.0044	0.0196	0.0022	0.2764	0.1924	0.5050
0.0000	0.0000	0.0000	0.0021	0.0000	0.9979
