0.7973	0.1982	0.0000	0.0000	0.0044	0.0000
0.2143	0.7468	0.0000	0.0000	0.0376	0.0014
0.5408	0.4578	0.0000	0.0000	0.0014	0.0000
0.5651	0.4314	0.0000	0.0000	0.0032	0.0004
0.4438	0.4040	0.0000	0.0000	0.1487	0.0036
0.9125	0.0862	0.0000	0.0000	0.0013	0.0000
0.5757	0.3871	0.0000	0.0000	0.0371	0.0001
0.7618	0.1951	0.0000	0.0000	0.0431	0.0001
0.4140	0.5434	0.0000	0.0000	0.0425	0.0001
0.5144	0.4850	0.0000	0.0000	0.0005	0.0001
0.0000	0.0000	0.9758	0.0242	0.0000	0.0000
0.0000	0.0000	0.0000	1.0000	0.0000	0.0000
0.0000	0.0000	0.9992	0.0008	0.0000	0.0000
0.0000	0.0000	0.9639	0.0361	0.0000	0.0000
0.0008	0.0000	0.0001	0.9987	0.0004	0.0000
0.0001	0.0000	0.0022	0.9977	0.0000	0.0000
0.0000	0.0000	1.0000	0.0000	0.0000	0.0000
0.0010	0.0000	0.3040	0.6950	0.0000	0.0000
0.0000	0.0000	0.9947	0.0053	0.0000	0.0000
0.0000	0.0000	0.0016	0.9984	0.0000	0.0000
0.0026	0.0000	0.0005	0.9969	0.0000	0.0000
0.0000	0.0000	0.9996	0.0004	0.0000	0.0000
0.0053	0.1804	0.0000	0.0000	0.7144	0.0999
0.2822	0.6601	0.0000	0.0000	0.0537	0.0040
0.0000	0.0033	0.0000	0.0001	0.3472	0.6494
0.0036	0.1433	0.0000	0.0000	0.7638	0.0893
0.0024	0.0175	0.0000	0.0000	0.9563	0.0237
0.0000	0.0004	0.0000	0.0000	0.5464	0.4532
0.0017	0.0466	0.0000	0.0000	0.9339	0.0179
0.0318	0.1654	0.0000	0.0000	0.7830	0.0198
0.0000	0.0032	0.0000	0.0000	0.0889	0.9078
0.0002	0.0129	0.0000	0.0000	0.7318	0.2550
0.0000	0.0000	0.0000	0.0000	0.0000	1.0000
