0.9106	0.0893	0.0000	0.0000	0.0001	0.0000
0.0145	0.9848	0.0000	0.0000	0.0006	0.0000
0.7696	0.2304	0.0000	0.0000	0.0000	0.0000
0.3592	0.6403	0.0000	0.0000	0.0005	0.0001
0.5507	0.2451	0.0000	0.0000	0.1992	0.0051
0.9926	0.0074	0.0000	0.0000	0.0000	0.0000
0.8155	0.1818	0.0000	0.0000	0.0027	0.0000
0.9957	0.0042	0.0000	0.0000	0.0001	0.0000
0.1231	0.8768	0.0000	0.0000	0.0001	0.0000
0.1990	0.8010	0.0000	0.0000	0.0000	0.0000
0.0000	0.0000	0.9968	0.0032	0.0000	0.0000
0.0000	0.0000	0.0000	1.0000	0.0000	0.0000
0.0000	0.0000	1.0000	0.0000	0.0000	0.0000
0.0000	0.0000	0.5364	0.4636	0.0000	0.0000
0.0000	0.0000	0.0000	1.0000	0.0000	0.0000
0.0000	0.0000	0.0002	0.9998	0.0000	0.0000
0.0000	0.0000	1.0000	0.0000	0.0000	0.0000
0.0003	0.0000	0.9164	0.0833	0.0000	0.0000
0.0000	0.0000	0.9998	0.0002	0.0000	0.0000
0.0000	0.0000	0.0013	0.9987	0.0000	0.0000
0.0001	0.0000	0.0173	0.9826	0.0000	0.0000
0.0000	0.0000	1.0000	0.0000	0.0000	0.0000
0.0000	0.0005	0.0000	0.0000	0.9271	0.0724
0.0194	0.0208	0.0000	0.0000	0.7908	0.1690
0.0000	0.0001	0.0000	0.0000	0.7004	0.2995
0.0029	0.0013	0.0000	0.0000	0.6190	0.3768
0.0001	0.0001	0.0000	0.0000	0.9949	0.0048
0.0000	0.0000	0.0000	0.0000	0.0121	0.9879
0.0001	0.0009	0.0000	0.0000	0.7289	0.2702
0.0055	0.0093	0.0000	0.0000	0.9582	0.0271
0.0000	0.0000	0.0000	0.0000	0.0325	0.9675
0.0000	0.0000	0.0000	0.0000	0.0008	0.9992
0.0000	0.0000	0.0000	0.0000	0.0000	1.0000
