0.3222	0.6778	0.0000	0.0000	0.0000	0.0000
0.1473	0.8506	0.0000	0.0000	0.0021	0.0000
0.9130	0.0870	0.0000	0.0000	0.0000	0.0000
0.0005	0.9842	0.0000	0.0000	0.0153	0.0000
0.9168	0.0086	0.0000	0.0000	0.0718	0.0027
0.9998	0.0002	0.0000	0.0000	0.0000	0.0000
0.0619	0.9328	0.0000	0.0000	0.0053	0.0000
0.9961	0.0039	0.0000	0.0000	0.0000	0.0000
0.0014	0.9986	0.0000	0.0000	0.0000	0.0000
0.0456	0.9544	0.0000	0.0000	0.0000	0.0000
0.0000	0.0000	1.0000	0.0000	0.0000	0.0000
0.0000	0.0000	0.0000	1.0000	0.0000	0.0000
0.0000	0.0000	1.0000	0.0000	0.0000	0.0000
0.0000	0.0000	0.0080	0.9920	0.0000	0.0000
0.0000	0.0000	0.0000	1.0000	0.0000	0.0000
0.0000	0.0000	0.0026	0.9974	0.0000	0.0000
0.0000	0.0000	1.0000	0.0000	0.0000	0.0000
0.0000	0.0000	1.0000	0.0000	0.0000	0.0000
0.0000	0.0000	1.0000	0.0000	0.0000	0.0000
0.0000	0.0000	0.0001	0.9999	0.0000	0.0000
0.0000	0.0000	0.4657	0.5343	0.0000	0.0000
0.0000	0.0000	1.0000	0.0000	0.0000	0.0000
0.0000	0.0000	0.0000	0.0000	0.7546	0.2454
0.0000	0.0000	0.0000	0.0000	0.9424	0.0576
0.0000	0.0000	0.0000	0.0000	0.9979	0.0021
0.0000	0.0000	0.0000	0.0000	0.0894	0.9106
0.0000	0.0000	0.0000	0.0000	0.3110	0.6890
0.0000	0.0000	0.0000	0.0000	0.0063	0.9937
0.0000	0.0000	0.0000	0.0000	0.0516	0.9484
0.0000	0.0000	0.0000	0.0000	0.9881	0.0119
0.0000	0.0000	0.0000	0.0000	0.0074	0.9926
0.0000	0.0000	0.0000	0.0000	0.0025	0.9975
0.0000	0.0000	0.0000	0.0000	0.0000	1.0000
