0.8809	0.1184	0.0000	0.0000	0.0005	0.0001
0.0685	0.9170	0.0000	0.0007	0.0040	0.0098
0.7547	0.2419	0.0000	0.0000	0.0030	0.0004
0.7912	0.2048	0.0000	0.0000	0.0015	0.0025
0.5785	0.1779	0.0000	0.0000	0.2294	0.0141
0.9830	0.0167	0.0000	0.0001	0.0001	0.0001
0.8241	0.1632	0.0000	0.0000	0.0121	0.0005
0.9845	0.0119	0.0000	0.0002	0.0030	0.0004
0.6602	0.3020	0.0000	0.0000	0.0370	0.0008
0.4641	0.5199	0.0000	0.0004	0.0024	0.0133
0.0000	0.0000	0.9681	0.0319	0.0000	0.0000
0.0000	0.0000	0.0000	1.0000	0.0000	0.0000
0.0000	0.0000	1.0000	0.0000	0.0000	0.0000
0.0000	0.0000	0.3878	0.6122	0.0000	0.0000
0.0000	0.0000	0.0001	0.9999	0.0000	0.0000
0.0000	0.0000	0.0211	0.9789	0.0000	0.0000
0.0000	0.0000	0.9996	0.0004	0.0000	0.0000
0.0000	0.0000	0.6359	0.3640	0.0000	0.0000
0.0000	0.0000	0.9731	0.0269	0.0000	0.0000
0.0000	0.0000	0.0037	0.9963	0.0000	0.0000
0.0060	0.0000	0.0083	0.9857	0.0000	0.0000
0.0000	0.0000	1.0000	0.0000	0.0000	0.0000
0.0005	0.0130	0.0000	0.0001	0.7689	0.2175
0.1235	0.0850	0.0000	0.0004	0.5321	0.2589
0.0000	0.0001	0.0000	0.0010	0.5194	0.4795
0.0046	0.0082	0.0000	0.0003	0.7459	0.2409
0.0002	0.0007	0.0000	0.0001	0.9724	0.0266
0.0000	0.0000	0.0000	0.0000	0.2017	0.7982
0.0006	0.0146	0.0000	0.0000	0.8862	0.0986
0.0719	0.0370	0.0000	0.0000	0.7491	0.1419
0.0000	0.0000	0.0000	0.0011	0.1203	0.8786
0.0001	0.0000	0.0000	0.0013	0.0187	0.9799
0.0000	0.0000	0.0000	0.0000	0.0000	1.0000
