0.6524	0.3474	0.0000	0.0001	0.0002	0.0000
0.0414	0.9523	0.0000	0.0015	0.0046	0.0001
0.6951	0.3048	0.0000	0.0000	0.0001	0.0000
0.0844	0.9149	0.0000	0.0000	0.0006	0.0000
0.5184	0.1614	0.0000	0.0001	0.2724	0.0478
0.9800	0.0200	0.0000	0.0000	0.0000	0.0000
0.7562	0.2399	0.0000	0.0000	0.0038	0.0001
0.9412	0.0570	0.0000	0.0005	0.0012	0.0002
0.0609	0.9382	0.0000	0.0000	0.0008	0.0000
0.1250	0.8747	0.0000	0.0001	0.0001	0.0001
0.0000	0.0000	0.8959	0.1041	0.0000	0.0000
0.0000	0.0000	0.0001	0.9999	0.0000	0.0000
0.0000	0.0000	1.0000	0.0000	0.0000	0.0000
0.0000	0.0000	0.0416	0.9584	0.0000	0.0000
0.0000	0.0000	0.0000	1.0000	0.0000	0.0000
0.0000	0.0000	0.0003	0.9996	0.0001	0.0000
0.0000	0.0000	0.9994	0.0006	0.0000	0.0000
0.0000	0.0000	0.9628	0.0372	0.0000	0.0000
0.0000	0.0000	0.9996	0.0004	0.0000	0.0000
0.0000	0.0000	0.0074	0.9926	0.0000	0.0000
0.0002	0.0000	0.0026	0.9972	0.0000	0.0000
0.0000	0.0000	0.9997	0.0003	0.0000	0.0000
0.0001	0.0014	0.0000	0.0001	0.6708	0.3275
0.0248	0.0066	0.0000	0.0009	0.5334	0.4344
0.0000	0.0001	0.0000	0.0001	0.6267	0.3732
0.0004	0.0013	0.0000	0.0002	0.2391	0.7591
0.0004	0.0008	0.0000	0.0002	0.7787	0.2199
0.0000	0.0000	0.0000	0.0000	0.0513	0.9487
0.0000	0.0016	0.0000	0.0000	0.3566	0.6417
0.0057	0.0050	0.0000	0.0000	0.2323	0.7570
0.0000	0.0000	0.0000	0.0001	0.0173	0.9826
0.0000	0.0000	0.0000	0.0001	0.0073	0.9926
0.0000	0.0000	0.0000	0.0000	0.0000	1.0000
