0.1694	0.8281	0.0000	0.0000	0.0025	0.0000
0.0003	0.9978	0.0000	0.0000	0.0019	0.0000
0.9597	0.0402	0.0000	0.0000	0.0001	0.0000
0.1317	0.8513	0.0000	0.0000	0.0169	0.0000
0.7814	0.0155	0.0000	0.0000	0.2023	0.0008
0.9335	0.0664	0.0000	0.0000	0.0001	0.0000
0.4645	0.5110	0.0000	0.0000	0.0245	0.0000
0.7606	0.2394	0.0000	0.0000	0.0000	0.0000
0.0001	0.9999	0.0000	0.0000	0.0000	0.0000
0.0020	0.9980	0.0000	0.0000	0.0000	0.0000
0.0000	0.0000	0.6662	0.3338	0.0000	0.0000
0.0000	0.0000	0.0000	1.0000	0.0000	0.0000
0.0000	0.0000	1.0000	0.0000	0.0000	0.0000
0.0000	0.0000	0.0241	0.9759	0.0000	0.0000
0.0000	0.0000	0.0000	1.0000	0.0000	0.0000
0.0000	0.0000	0.0003	0.9997	0.0000	0.0000
0.0000	0.0000	1.0000	0.0000	0.0000	0.0000
0.0000	0.0000	0.9227	0.0773	0.0000	0.0000
0.0000	0.0000	0.9999	0.0001	0.0000	0.0000
0.0000	0.0000	0.0000	1.0000	0.0000	0.0000
0.0000	0.0000	0.0001	0.9999	0.0000	0.0000
0.0000	0.0000	1.0000	0.0000	0.0000	0.0000
0.0000	0.0043	0.0000	0.0000	0.9561	0.0396
0.0000	0.0000	0.0000	0.0000	0.9821	0.0179
0.0000	0.0000	0.0000	0.0000	0.9041	0.0959
0.0000	0.0000	0.0000	0.0000	0.4429	0.5571
0.0000	0.0000	0.0000	0.0000	0.9689	0.0311
0.0000	0.0000	0.0000	0.0000	0.0123	0.9877
0.0000	0.0001	0.0000	0.0000	0.9564	0.0435
0.0010	0.0019	0.0000	0.0000	0.9853	0.0118
0.0000	0.0000	0.0000	0.0000	0.0001	0.9999
0.0000	0.0000	0.0000	0.0000	0.0007	0.9993
0.0000	0.0000	0.0000	0.0000	0.0000	1.0000
