0.6368	0.3446	0.0000	0.0000	0.0185	0.0000
0.4933	0.3088	0.0000	0.0000	0.1964	0.0015
0.4396	0.5591	0.0000	0.0000	0.0012	0.0000
0.3918	0.6010	0.0000	0.0000	0.0070	0.0002
0.2097	0.5771	0.0000	0.0000	0.2131	0.0001
0.9848	0.0122	0.0000	0.0000	0.0030	0.0000
0.3618	0.5643	0.0000	0.0000	0.0739	0.0000
0.9032	0.0314	0.0000	0.0000	0.0654	0.0001
0.7840	0.1808	0.0000	0.0000	0.0352	0.0000
0.8422	0.1567	0.0000	0.0000	0.0003	0.0007
0.0000	0.0000	0.9856	0.0144	0.0000	0.0000
0.0000	0.0000	0.0000	1.0000	0.0000	0.0000
0.0000	0.0000	0.9983	0.0017	0.0000	0.0000
0.0000	0.0000	0.9877	0.0123	0.0000	0.0000
0.0009	0.0000	0.0002	0.9987	0.0002	0.0000
0.0000	0.0000	0.0015	0.9985	0.0000	0.0000
0.0000	0.0000	1.0000	0.0000	0.0000	0.0000
0.0001	0.0000	0.1494	0.8505	0.0000	0.0000
0.0000	0.0000	0.9946	0.0051	0.0000	0.0003
0.0000	0.0000	0.0014	0.9986	0.0000	0.0000
0.0000	0.0000	0.0001	0.9999	0.0000	0.0000
0.0000	0.0000	0.9999	0.0001	0.0000	0.0000
0.0100	0.0516	0.0000	0.0000	0.9225	0.0159
0.5521	0.3506	0.0000	0.0000	0.0812	0.0162
0.0000	0.0000	0.0000	0.0000	0.0001	0.9999
0.0018	0.0090	0.0000	0.0000	0.8252	0.1641
0.0034	0.0029	0.0000	0.0000	0.9426	0.0510
0.0000	0.0000	0.0000	0.0000	0.1665	0.8335
0.0008	0.0060	0.0000	0.0000	0.9874	0.0057
0.0163	0.0163	0.0000	0.0000	0.9621	0.0053
0.0000	0.0000	0.0000	0.0001	0.0015	0.9984
0.0000	0.0000	0.0000	0.0000	0.1563	0.8436
0.0000	0.0000	0.0000	0.0000	0.0000	1.0000
