0.0535	0.9464	0.0000	0.0000	0.0002	0.0000
0.0001	0.9998	0.0000	0.0000	0.0001	0.0000
0.0042	0.9958	0.0000	0.0000	0.0000	0.0000
0.5838	0.4162	0.0000	0.0000	0.0000	0.0000
0.5321	0.4647	0.0000	0.0000	0.0032	0.0000
0.9997	0.0003	0.0000	0.0000	0.0000	0.0000
0.0180	0.9818	0.0000	0.0000	0.0002	0.0000
1.0000	0.0000	0.0000	0.0000	0.0000	0.0000
0.0447	0.9553	0.0000	0.0000	0.0000	0.0000
0.0073	0.9927	0.0000	0.0000	0.0000	0.0000
0.0000	0.0000	1.0000	0.0000	0.0000	0.0000
0.0000	0.0000	0.0000	1.0000	0.0000	0.0000
0.0000	0.0000	1.0000	0.0000	0.0000	0.0000
0.0000	0.0000	0.0000	1.0000	0.0000	0.0000
0.0000	0.0000	0.0000	1.0000	0.0000	0.0000
0.0000	0.0000	0.0000	1.0000	0.0000	0.0000
0.0000	0.0000	1.0000	0.0000	0.0000	0.0000
0.0000	0.0000	1.0000	0.0000	0.0000	0.0000
0.0000	0.0000	1.0000	0.0000	0.0000	0.0000
0.0000	0.0000	0.0006	0.9994	0.0000	0.0000
0.0000	0.0000	0.0536	0.9464	0.0000	0.0000
0.0000	0.0000	0.9520	0.0480	0.0000	0.0000
0.0000	0.0000	0.0000	0.0000	0.1645	0.8355
0.0000	0.0001	0.0000	0.0000	0.9606	0.0393
0.0000	0.0000	0.0000	0.0000	0.0007	0.9993
0.0000	0.0000	0.0000	0.0000	0.2298	0.7702
0.0000	0.0000	0.0000	0.0000	0.0506	0.9494
0.0000	0.0000	0.0000	0.0000	0.0664	0.9336
0.0000	0.0000	0.0000	0.0000	0.0001	0.9999
0.0000	0.0000	0.0000	0.0000	0.0000	1.0000
0.0000	0.0000	0.0000	0.0000	0.3793	0.6207
0.0000	0.0000	0.0000	0.0000	0.3260	0.6740
0.0000	0.0000	0.0000	0.0000	0.0000	1.0000
