0.4426	0.5172	0.0000	0.0000	0.0401	0.0000
0.4632	0.3515	0.0000	0.0000	0.1819	0.0034
0.2252	0.7697	0.0000	0.0000	0.0050	0.0001
0.2551	0.7198	0.0000	0.0000	0.0242	0.0008
0.0643	0.8644	0.0000	0.0000	0.0713	0.0001
0.9360	0.0397	0.0000	0.0000	0.0242	0.0002
0.1795	0.7642	0.0000	0.0000	0.0563	0.0000
0.8780	0.0443	0.0000	0.0000	0.0773	0.0005
0.7457	0.2119	0.0000	0.0000	0.0422	0.0002
0.8470	0.1435	0.0000	0.0000	0.0028	0.0066
0.0000	0.0000	0.9742	0.0258	0.0000	0.0000
0.0000	0.0000	0.0000	1.0000	0.0000	0.0000
0.0000	0.0000	0.9984	0.0016	0.0000	0.0000
0.0000	0.0000	0.9904	0.0096	0.0000	0.0000
0.0018	0.0000	0.0007	0.9974	0.0001	0.0001
0.0001	0.0000	0.0064	0.9936	0.0000	0.0000
0.0000	0.0000	0.9999	0.0001	0.0000	0.0000
0.0000	0.0000	0.2403	0.7596	0.0000	0.0000
0.0000	0.0000	0.9873	0.0127	0.0000	0.0000
0.0000	0.0000	0.0048	0.9952	0.0000	0.0000
0.0000	0.0000	0.0000	1.0000	0.0000	0.0000
0.0000	0.0000	0.9999	0.0001	0.0000	0.0000
0.0418	0.1869	0.0000	0.0000	0.7383	0.0329
0.3896	0.4950	0.0000	0.0000	0.0790	0.0364
0.0000	0.0000	0.0000	0.0000	0.0000	0.9999
0.0075	0.0265	0.0000	0.0000	0.6354	0.3307
0.0054	0.0079	0.0000	0.0000	0.8938	0.0928
0.0000	0.0000	0.0000	0.0000	0.2446	0.7553
0.0026	0.0335	0.0000	0.0000	0.9481	0.0159
0.0792	0.0927	0.0000	0.0000	0.8136	0.0145
0.0000	0.0000	0.0000	0.0002	0.0018	0.9980
0.0009	0.0002	0.0000	0.0002	0.1160	0.8828
0.0000	0.0000	0.0000	0.0000	0.0000	1.0000
