0.4424	0.5470	0.0000	0.0000	0.0107	0.0000
0.6887	0.2035	0.0000	0.0000	0.1051	0.0027
0.2845	0.7114	0.0000	0.0000	0.0041	0.0001
0.2721	0.7141	0.0000	0.0000	0.0133	0.0005
0.0386	0.9320	0.0000	0.0000	0.0294	0.0000
0.9857	0.0110	0.0000	0.0000	0.0033	0.0000
0.1159	0.8621	0.0000	0.0000	0.0220	0.0000
0.9385	0.0272	0.0000	0.0000	0.0339	0.0004
0.8577	0.1224	0.0000	0.0000	0.0197	0.0002
0.9566	0.0372	0.0000	0.0000	0.0017	0.0044
0.0000	0.0000	0.9814	0.0186	0.0000	0.0000
0.0000	0.0000	0.0000	1.0000	0.0000	0.0000
0.0000	0.0000	0.9979	0.0021	0.0000	0.0000
0.0000	0.0000	0.9830	0.0170	0.0000	0.0000
0.0056	0.0000	0.0007	0.9937	0.0000	0.0000
0.0000	0.0000	0.0016	0.9984	0.0000	0.0000
0.0000	0.0000	1.0000	0.0000	0.0000	0.0000
0.0000	0.0000	0.2491	0.7508	0.0000	0.0000
0.0000	0.0000	0.9990	0.0010	0.0000	0.0000
0.0000	0.0000	0.0156	0.9844	0.0000	0.0000
0.0000	0.0000	0.0000	1.0000	0.0000	0.0000
0.0000	0.0000	0.9983	0.0017	0.0000	0.0000
0.1072	0.4088	0.0000	0.0000	0.4567	0.0273
0.4994	0.2835	0.0000	0.0000	0.1551	0.0620
0.0000	0.0000	0.0000	0.0001	0.0001	0.9999
0.0112	0.0105	0.0000	0.0000	0.6098	0.3686
0.0038	0.0043	0.0000	0.0000	0.8193	0.1727
0.0000	0.0000	0.0000	0.0000	0.0606	0.9394
0.0016	0.0266	0.0000	0.0000	0.9405	0.0312
0.2083	0.1303	0.0000	0.0000	0.6397	0.0216
0.0000	0.0000	0.0000	0.0002	0.0017	0.9981
0.0009	0.0000	0.0000	0.0001	0.0317	0.9673
0.0000	0.0000	0.0000	0.0000	0.0000	1.0000
