0.4970	0.5029	0.0000	0.0000	0.0001	0.0000
0.0468	0.9522	0.0000	0.0000	0.0010	0.0000
0.0915	0.9085	0.0000	0.0000	0.0000	0.0000
0.2052	0.7948	0.0000	0.0000	0.0000	0.0000
0.1128	0.6183	0.0000	0.0000	0.2689	0.0000
0.9983	0.0017	0.0000	0.0000	0.0000	0.0000
0.1825	0.8042	0.0000	0.0000	0.0133	0.0000
0.9861	0.0122	0.0000	0.0000	0.0017	0.0000
0.0778	0.9214	0.0000	0.0000	0.0009	0.0000
0.2209	0.7791	0.0000	0.0000	0.0000	0.0000
0.0000	0.0000	0.9989	0.0011	0.0000	0.0000
0.0000	0.0000	0.0000	1.0000	0.0000	0.0000
0.0000	0.0000	1.0000	0.0000	0.0000	0.0000
0.0000	0.0000	0.6932	0.3068	0.0000	0.0000
0.0000	0.0000	0.0000	1.0000	0.0000	0.0000
0.0000	0.0000	0.0000	1.0000	0.0000	0.0000
0.0000	0.0000	1.0000	0.0000	0.0000	0.0000
0.0001	0.0000	0.5834	0.4166	0.0000	0.0000
0.0000	0.0000	1.0000	0.0000	0.0000	0.0000
0.0000	0.0000	0.0001	0.9999	0.0000	0.0000
0.0000	0.0000	0.0000	1.0000	0.0000	0.0000
0.0000	0.0000	1.0000	0.0000	0.0000	0.0000
0.0001	0.0090	0.0000	0.0000	0.9833	0.0076
0.2428	0.7439	0.0000	0.0000	0.0114	0.0020
0.0000	0.0000	0.0000	0.0943	0.0000	0.9056
0.0003	0.0163	0.0000	0.0000	0.8871	0.0962
0.0001	0.0002	0.0000	0.0000	0.9923	0.0074
0.0000	0.0000	0.0000	0.0000	0.0034	0.9966
0.0000	0.0002	0.0000	0.0000	0.9974	0.0024
0.0002	0.0005	0.0000	0.0000	0.9986	0.0006
0.0000	0.0000	0.0000	0.0002	0.0000	0.9998
0.0000	0.0000	0.0000	0.0000	0.0036	0.9964
0.0000	0.0000	0.0000	0.0000	0.0000	1.0000
