0.4601	0.4691	0.0000	0.0000	0.0661	0.0047
0.4704	0.3318	0.0000	0.0000	0.1652	0.0326
0.3916	0.5323	0.0000	0.0000	0.0667	0.0094
0.4262	0.4731	0.0000	0.0000	0.0830	0.0176
0.2107	0.6521	0.0000	0.0000	0.1315	0.0057
0.6870	0.2372	0.0000	0.0000	0.0626	0.0132
0.3084	0.5903	0.0000	0.0000	0.0974	0.0039
0.5941	0.2583	0.0000	0.0001	0.1194	0.0281
0.4705	0.4150	0.0000	0.0000	0.0966	0.0179
0.6091	0.2439	0.0000	0.0006	0.0681	0.0783
0.0000	0.0000	0.7984	0.2016	0.0000	0.0000
0.0000	0.0000	0.0051	0.9949	0.0000	0.0000
0.0000	0.0000	0.9659	0.0340	0.0000	0.0000
0.0000	0.0000	0.7849	0.2150	0.0000	0.0001
0.0596	0.0003	0.0118	0.9118	0.0017	0.0147
0.0019	0.0000	0.0696	0.9277	0.0000	0.0008
0.0000	0.0000	0.9558	0.0441	0.0000	0.0001
0.0009	0.0000	0.3003	0.6986	0.0000	0.0002
0.0000	0.0000	0.7609	0.2385	0.0000	0.0005
0.0000	0.0000	0.0374	0.9626	0.0000	0.0000
0.0009	0.0000	0.0199	0.9789	0.0000	0.0002
0.0000	0.0000	0.9818	0.0182	0.0000	0.0000
0.2273	0.4502	0.0000	0.0000	0.2690	0.0535
0.2943	0.3494	0.0000	0.0002	0.2379	0.1181
0.0000	0.0002	0.0000	0.0102	0.0655	0.9242
0.1168	0.1504	0.0000	0.0003	0.4665	0.2660
0.0303	0.0770	0.0000	0.0003	0.5444	0.3480
0.0003	0.0020	0.0000	0.0007	0.2858	0.7112
0.0303	0.1408	0.0000	0.0000	0.6771	0.1517
0.2805	0.3224	0.0000	0.0001	0.3205	0.0765
0.0125	0.0122	0.0000	0.0155	0.1910	0.7688
0.0958	0.0506	0.0000	0.0053	0.2981	0.5501
0.0000	0.0000	0.0000	0.0542	0.0031	0.9426
