0.6433	0.3567	0.0000	0.0000	0.0000	0.0000
0.0019	0.9981	0.0000	0.0000	0.0000	0.0000
0.1467	0.8533	0.0000	0.0000	0.0000	0.0000
0.1643	0.8357	0.0000	0.0000	0.0000	0.0000
0.9640	0.0148	0.0000	0.0000	0.0211	0.0000
0.5315	0.4685	0.0000	0.0000	0.0000	0.0000
0.0062	0.9923	0.0000	0.0000	0.0016	0.0000
0.9994	0.0004	0.0000	0.0000	0.0002	0.0000
0.7916	0.2084	0.0000	0.0000	0.0000	0.0000
0.4153	0.5847	0.0000	0.0000	0.0000	0.0000
0.0000	0.0000	0.9785	0.0215	0.0000	0.0000
0.0000	0.0000	0.0000	1.0000	0.0000	0.0000
0.0000	0.0000	1.0000	0.0000	0.0000	0.0000
0.0000	0.0000	1.0000	0.0000	0.0000	0.0000
0.0000	0.0000	0.0000	1.0000	0.0000	0.0000
0.0000	0.0000	0.0002	0.9998	0.0000	0.0000
0.0000	0.0000	1.0000	0.0000	0.0000	0.0000
0.0000	0.0000	0.0057	0.9943	0.0000	0.0000
0.0000	0.0000	1.0000	0.0000	0.0000	0.0000
0.0000	0.0000	0.0000	1.0000	0.0000	0.0000
0.0000	0.0000	0.0000	1.0000	0.0000	0.0000
0.0000	0.0000	1.0000	0.0000	0.0000	0.0000
0.0000	0.0000	0.0000	0.0000	0.9991	0.0009
0.6788	0.3108	0.0000	0.0000	0.0104	0.0000
0.0000	0.0000	0.0000	0.0000	0.0000	1.0000
0.0001	0.0002	0.0000	0.0000	0.6497	0.3501
0.0000	0.0000	0.0000	0.0000	0.9992	0.0008
0.0000	0.0000	0.0000	0.0000	0.0008	0.9992
0.0000	0.0000	0.0000	0.0000	1.0000	0.0000
0.0099	0.0000	0.0000	0.0000	0.9689	0.0212
0.0000	0.0000	0.0000	0.0000	0.0000	1.0000
0.0000	0.0000	0.0000	0.0000	0.7282	0.2718
0.0000	0.0000	0.0000	0.0000	0.0000	1.0000
