0.7116	0.2453	0.0000	0.0000	0.0377	0.0054
0.4679	0.3775	0.0000	0.0000	0.1253	0.0294
0.5150	0.4663	0.0000	0.0000	0.0149	0.0038
0.5790	0.3861	0.0000	0.0000	0.0235	0.0113
0.3928	0.4309	0.0000	0.0000	0.1369	0.0394
0.8200	0.1416	0.0000	0.0000	0.0339	0.0045
0.5661	0.3518	0.0000	0.0000	0.0738	0.0083
0.7388	0.1798	0.0000	0.0000	0.0742	0.0072
0.6088	0.2967	0.0000	0.0000	0.0869	0.0076
0.6019	0.3822	0.0000	0.0000	0.0101	0.0059
0.0000	0.0000	0.7286	0.2714	0.0000	0.0000
0.0000	0.0000	0.0014	0.9986	0.0000	0.0000
0.0013	0.0001	0.9433	0.0551	0.0001	0.0000
0.0000	0.0000	0.8107	0.1892	0.0001	0.0000
0.0076	0.0003	0.0017	0.9841	0.0062	0.0002
0.0006	0.0000	0.0678	0.9316	0.0001	0.0000
0.0000	0.0000	0.9770	0.0219	0.0009	0.0002
0.0071	0.0001	0.2915	0.7011	0.0002	0.0000
0.0000	0.0000	0.8761	0.1224	0.0009	0.0006
0.0001	0.0000	0.0333	0.9667	0.0000	0.0000
0.0017	0.0001	0.0188	0.9794	0.0000	0.0000
0.0000	0.0000	0.9235	0.0765	0.0000	0.0000
0.0798	0.1742	0.0000	0.0000	0.3978	0.3483
0.3184	0.5679	0.0000	0.0000	0.0736	0.0402
0.0000	0.0003	0.0000	0.0006	0.3601	0.6390
0.0200	0.1016	0.0000	0.0000	0.5941	0.2843
0.0910	0.1358	0.0000	0.0000	0.6029	0.1704
0.0071	0.0249	0.0000	0.0000	0.4367	0.5313
0.0777	0.2303	0.0000	0.0000	0.5250	0.1671
0.1496	0.2045	0.0000	0.0000	0.4948	0.1511
0.0000	0.0019	0.0000	0.0001	0.1623	0.8357
0.0052	0.0257	0.0000	0.0000	0.4733	0.4957
0.0000	0.0000	0.0000	0.0001	0.0000	0.9999
