0.8762	0.1229	0.0000	0.0000	0.0008	0.0000
0.0752	0.9135	0.0000	0.0000	0.0111	0.0002
0.5089	0.4897	0.0000	0.0000	0.0014	0.0000
0.6259	0.3718	0.0000	0.0000	0.0019	0.0004
0.3869	0.4036	0.0000	0.0000	0.2008	0.0087
0.9081	0.0917	0.0000	0.0000	0.0002	0.0000
0.6175	0.3605	0.0000	0.0000	0.0218	0.0002
0.9525	0.0448	0.0000	0.0000	0.0026	0.0001
0.2257	0.7691	0.0000	0.0000	0.0051	0.0001
0.3898	0.6098	0.0000	0.0000	0.0002	0.0002
0.0000	0.0000	0.9896	0.0104	0.0000	0.0000
0.0000	0.0000	0.0000	1.0000	0.0000	0.0000
0.0000	0.0000	0.9983	0.0017	0.0000	0.0000
0.0000	0.0000	0.0921	0.9079	0.0000	0.0000
0.0000	0.0000	0.0000	1.0000	0.0000	0.0000
0.0000	0.0000	0.0013	0.9987	0.0000	0.0000
0.0000	0.0000	1.0000	0.0000	0.0000	0.0000
0.0003	0.0000	0.4052	0.5946	0.0000	0.0000
0.0000	0.0000	0.9989	0.0011	0.0000	0.0000
0.0000	0.0000	0.0002	0.9998	0.0000	0.0000
0.0011	0.0000	0.0021	0.9969	0.0000	0.0000
0.0000	0.0000	0.9997	0.0003	0.0000	0.0000
0.0007	0.0214	0.0000	0.0000	0.7718	0.2061
0.1419	0.5659	0.0000	0.0000	0.2596	0.0327
0.0000	0.0049	0.0000	0.0004	0.6256	0.3691
0.0208	0.1042	0.0000	0.0000	0.6046	0.2704
0.0006	0.0035	0.0000	0.0000	0.9400	0.0560
0.0000	0.0000	0.0000	0.0000	0.0177	0.9823
0.0021	0.0312	0.0000	0.0000	0.8689	0.0978
0.0244	0.1103	0.0000	0.0000	0.8524	0.0130
0.0000	0.0001	0.0000	0.0001	0.0192	0.9805
0.0001	0.0000	0.0000	0.0000	0.0437	0.9562
0.0000	0.0000	0.0000	0.0000	0.0000	1.0000
