0.3402	0.6596	0.0000	0.0000	0.0002	0.0000
0.1121	0.8798	0.0000	0.0000	0.0081	0.0000
0.0621	0.9379	0.0000	0.0000	0.0000	0.0000
0.0614	0.9385	0.0000	0.0000	0.0001	0.0000
0.3820	0.5629	0.0000	0.0000	0.0548	0.0003
0.4252	0.5748	0.0000	0.0000	0.0000	0.0000
0.0610	0.9363	0.0000	0.0000	0.0027	0.0000
0.4578	0.5399	0.0000	0.0000	0.0022	0.0000
0.0074	0.9926	0.0000	0.0000	0.0000	0.0000
0.0031	0.9969	0.0000	0.0000	0.0000	0.0000
0.0000	0.0000	0.9976	0.0024	0.0000	0.0000
0.0000	0.0000	0.0000	1.0000	0.0000	0.0000
0.0000	0.0000	1.0000	0.0000	0.0000	0.0000
0.0000	0.0000	0.5930	0.4070	0.0000	0.0000
0.0000	0.0000	0.0000	1.0000	0.0000	0.0000
0.0000	0.0000	0.0009	0.9991	0.0000	0.0000
0.0000	0.0000	1.0000	0.0000	0.0000	0.0000
0.0000	0.0000	0.6867	0.3133	0.0000	0.0000
0.0000	0.0000	0.9901	0.0099	0.0000	0.0000
0.0000	0.0000	0.0000	1.0000	0.0000	0.0000
0.0000	0.0000	0.0025	0.9975	0.0000	0.0000
0.0000	0.0000	1.0000	0.0000	0.0000	0.0000
0.0001	0.0066	0.0000	0.0000	0.8815	0.1118
0.1053	0.2753	0.0000	0.0000	0.5680	0.0513
0.0000	0.0035	0.0000	0.0001	0.7556	0.2408
0.0013	0.0037	0.0000	0.0000	0.7242	0.2708
0.0000	0.0005	0.0000	0.0000	0.9847	0.0148
0.0000	0.0000	0.0000	0.0000	0.0115	0.9885
0.0000	0.0007	0.0000	0.0000	0.9901	0.0092
0.0015	0.0008	0.0000	0.0000	0.9971	0.0006
0.0000	0.0000	0.0000	0.0000	0.0015	0.9985
0.0000	0.0000	0.0000	0.0000	0.0023	0.9977
0.0000	0.0000	0.0000	0.0000	0.0000	1.0000
