0.8556	0.1443	0.0000	0.0000	0.0001	0.0000
0.4676	0.5249	0.0000	0.0000	0.0075	0.0000
0.3882	0.6114	0.0000	0.0000	0.0004	0.0000
0.3177	0.6822	0.0000	0.0000	0.0001	0.0000
0.5677	0.2254	0.0000	0.0000	0.1879	0.0190
0.9440	0.0560	0.0000	0.0000	0.0000	0.0000
0.6561	0.3274	0.0000	0.0000	0.0164	0.0001
0.9251	0.0718	0.0000	0.0000	0.0031	0.0000
0.0233	0.9763	0.0000	0.0000	0.0003	0.0000
0.1334	0.8666	0.0000	0.0000	0.0000	0.0000
0.0000	0.0000	0.7781	0.2219	0.0000	0.0000
0.0000	0.0000	0.0000	1.0000	0.0000	0.0000
0.0000	0.0000	1.0000	0.0000	0.0000	0.0000
0.0000	0.0000	0.7313	0.2687	0.0000	0.0000
0.0001	0.0000	0.0000	0.9999	0.0000	0.0000
0.0000	0.0000	0.0295	0.9705	0.0000	0.0000
0.0000	0.0000	1.0000	0.0000	0.0000	0.0000
0.0007	0.0000	0.5545	0.4448	0.0000	0.0000
0.0000	0.0000	0.9954	0.0046	0.0000	0.0000
0.0000	0.0000	0.0004	0.9996	0.0000	0.0000
0.0001	0.0000	0.0050	0.9949	0.0000	0.0000
0.0000	0.0000	0.9996	0.0004	0.0000	0.0000
0.0014	0.0230	0.0000	0.0000	0.7177	0.2579
0.0532	0.1259	0.0000	0.0000	0.7152	0.1057
0.0000	0.0354	0.0000	0.0004	0.5235	0.4406
0.0004	0.0296	0.0000	0.0000	0.3574	0.6126
0.0002	0.0016	0.0000	0.0000	0.9337	0.0644
0.0000	0.0000	0.0000	0.0000	0.1019	0.8981
0.0001	0.0039	0.0000	0.0000	0.8501	0.1460
0.0171	0.0341	0.0000	0.0000	0.8549	0.0938
0.0000	0.0026	0.0000	0.0001	0.0635	0.9338
0.0000	0.0000	0.0000	0.0000	0.2785	0.7215
0.0000	0.0000	0.0000	0.0000	0.0000	1.0000
