0.6947	0.2816	0.0000	0.0000	0.0234	0.0004
0.3314	0.5658	0.0000	0.0000	0.0998	0.0030
0.3637	0.6328	0.0000	0.0000	0.0034	0.0001
0.4707	0.5068	0.0000	0.0000	0.0203	0.0021
0.2073	0.5696	0.0000	0.0000	0.2184	0.0047
0.9520	0.0474	0.0000	0.0000	0.0005	0.0000
0.4345	0.5065	0.0000	0.0000	0.0586	0.0005
0.6873	0.2523	0.0000	0.0000	0.0598	0.0007
0.2507	0.6823	0.0000	0.0000	0.0665	0.0005
0.5859	0.4116	0.0000	0.0000	0.0020	0.0005
0.0000	0.0000	0.8704	0.1296	0.0000	0.0000
0.0000	0.0000	0.0000	1.0000	0.0000	0.0000
0.0001	0.0000	0.9941	0.0058	0.0000	0.0000
0.0000	0.0000	0.9321	0.0679	0.0000	0.0000
0.0004	0.0000	0.0000	0.9992	0.0004	0.0000
0.0001	0.0000	0.0059	0.9939	0.0000	0.0000
0.0000	0.0000	0.9974	0.0026	0.0000	0.0000
0.0012	0.0000	0.2822	0.7166	0.0000	0.0000
0.0000	0.0000	0.9305	0.0694	0.0000	0.0001
0.0000	0.0000	0.0019	0.9981	0.0000	0.0000
0.0010	0.0000	0.0010	0.9980	0.0000	0.0000
0.0000	0.0000	0.9947	0.0053	0.0000	0.0000
0.0046	0.1333	0.0000	0.0000	0.7589	0.1032
0.1523	0.7081	0.0000	0.0000	0.1308	0.0088
0.0000	0.0144	0.0000	0.0014	0.3986	0.5856
0.0159	0.1377	0.0000	0.0000	0.7757	0.0707
0.0055	0.0481	0.0000	0.0000	0.8972	0.0491
0.0000	0.0018	0.0000	0.0000	0.4925	0.5057
0.0034	0.1029	0.0000	0.0000	0.8662	0.0275
0.0418	0.1249	0.0000	0.0000	0.8126	0.0207
0.0000	0.0062	0.0000	0.0004	0.1581	0.8353
0.0011	0.0075	0.0000	0.0002	0.6700	0.3213
0.0000	0.0000	0.0000	0.0000	0.0000	1.0000
