0.6737	0.3256	0.0000	0.0000	0.0007	0.0000
0.4709	0.5043	0.0000	0.0000	0.0248	0.0000
0.1362	0.8638	0.0000	0.0000	0.0000	0.0000
0.3718	0.6281	0.0000	0.0000	0.0001	0.0000
0.0984	0.8076	0.0000	0.0000	0.0939	0.0000
0.9964	0.0036	0.0000	0.0000	0.0000	0.0000
0.1530	0.8347	0.0000	0.0000	0.0123	0.0000
0.9165	0.0601	0.0000	0.0000	0.0234	0.0000
0.0896	0.9060	0.0000	0.0000	0.0044	0.0000
0.3086	0.6914	0.0000	0.0000	0.0000	0.0000
0.0000	0.0000	0.9993	0.0007	0.0000	0.0000
0.0000	0.0000	0.0000	1.0000	0.0000	0.0000
0.0000	0.0000	1.0000	0.0000	0.0000	0.0000
0.0000	0.0000	0.8595	0.1405	0.0000	0.0000
0.0003	0.0000	0.0002	0.9995	0.0000	0.0000
0.0000	0.0000	0.0001	0.9999	0.0000	0.0000
0.0000	0.0000	1.0000	0.0000	0.0000	0.0000
0.0008	0.0000	0.0852	0.9140	0.0000	0.0000
0.0000	0.0000	1.0000	0.0000	0.0000	0.0000
0.0000	0.0000	0.0001	0.9999	0.0000	0.0000
0.0031	0.0000	0.0000	0.9969	0.0000	0.0000
0.0000	0.0000	1.0000	0.0000	0.0000	0.0000
0.0024	0.0264	0.0000	0.0000	0.9629	0.0083
0.3471	0.6269	0.0000	0.0000	0.0247	0.0013
0.0000	0.0000	0.0000	0.0000	0.0000	0.9999
0.0003	0.0195	0.0000	0.0000	0.7461	0.2341
0.0005	0.0008	0.0000	0.0000	0.9840	0.0148
0.0000	0.0000	0.0000	0.0000	0.0578	0.9422
0.0000	0.0012	0.0000	0.0000	0.9957	0.0030
0.0104	0.0065	0.0000	0.0000	0.9757	0.0075
0.0000	0.0000	0.0000	0.0003	0.0001	0.9996
0.0000	0.0000	0.0000	0.0000	0.1376	0.8624
0.0000	0.0000	0.0000	0.0000	0.0000	1.0000
