0.8752	0.1248	0.0000	0.0000	0.0000	0.0000
0.0425	0.9574	0.0000	0.0000	0.0000	0.0000
0.1265	0.8735	0.0000	0.0000	0.0000	0.0000
0.1690	0.8310	0.0000	0.0000	0.0000	0.0000
0.0945	0.8740	0.0000	0.0000	0.0315	0.0000
0.9822	0.0178	0.0000	0.0000	0.0000	0.0000
0.0058	0.9941	0.0000	0.0000	0.0001	0.0000
0.9991	0.0008	0.0000	0.0000	0.0000	0.0000
0.9952	0.0046	0.0000	0.0000	0.0001	0.0000
0.8666	0.1334	0.0000	0.0000	0.0000	0.0000
0.0000	0.0000	1.0000	0.0000	0.0000	0.0000
0.0000	0.0000	0.0000	1.0000	0.0000	0.0000
0.0000	0.0000	1.0000	0.0000	0.0000	0.0000
0.0000	0.0000	1.0000	0.0000	0.0000	0.0000
0.0000	0.0000	0.0030	0.9970	0.0000	0.0000
0.0000	0.0000	0.0029	0.9971	0.0000	0.0000
0.0000	0.0000	1.0000	0.0000	0.0000	0.0000
0.0001	0.0000	0.0041	0.9959	0.0000	0.0000
0.0000	0.0000	1.0000	0.0000	0.0000	0.0000
0.0000	0.0000	0.0000	1.0000	0.0000	0.0000
0.0000	0.0000	0.0000	1.0000	0.0000	0.0000
0.0000	0.0000	1.0000	0.0000	0.0000	0.0000
0.0000	0.0000	0.0000	0.0000	0.9911	0.0088
0.0157	0.9843	0.0000	0.0000	0.0000	0.0000
0.0000	0.0000	0.0000	0.0000	0.0000	1.0000
0.0001	0.0002	0.0000	0.0000	0.3633	0.6365
0.0000	0.0002	0.0000	0.0000	0.9996	0.0001
0.0000	0.0000	0.0000	0.0000	0.7360	0.2640
0.0000	0.0034	0.0000	0.0000	0.9966	0.0000
0.0024	0.0000	0.0000	0.0000	0.8317	0.1659
0.0000	0.0000	0.0000	0.0000	0.0000	1.0000
0.0000	0.0000	0.0000	0.0000	0.3274	0.6726
0.0000	0.0000	0.0000	0.0000	0.0000	1.0000
