0.7850	0.2150	0.0000	0.0000	0.0000	0.0000
0.0009	0.9991	0.0000	0.0000	0.0000	0.0000
0.1533	0.8467	0.0000	0.0000	0.0000	0.0000
0.1108	0.8892	0.0000	0.0000	0.0000	0.0000
0.3700	0.5383	0.0000	0.0000	0.0913	0.0004
0.9687	0.0313	0.0000	0.0000	0.0000	0.0000
0.5203	0.4796	0.0000	0.0000	0.0001	0.0000
0.9968	0.0032	0.0000	0.0000	0.0000	0.0000
0.0053	0.9947	0.0000	0.0000	0.0000	0.0000
0.0057	0.9943	0.0000	0.0000	0.0000	0.0000
0.0000	0.0000	0.9536	0.0464	0.0000	0.0000
0.0000	0.0000	0.0000	1.0000	0.0000	0.0000
0.0000	0.0000	1.0000	0.0000	0.0000	0.0000
0.0000	0.0000	0.4246	0.5754	0.0000	0.0000
0.0000	0.0000	0.0000	1.0000	0.0000	0.0000
0.0000	0.0000	0.0000	1.0000	0.0000	0.0000
0.0000	0.0000	1.0000	0.0000	0.0000	0.0000
0.0000	0.0000	0.4841	0.5159	0.0000	0.0000
0.0000	0.0000	0.9999	0.0001	0.0000	0.0000
0.0000	0.0000	0.0000	1.0000	0.0000	0.0000
0.0000	0.0000	0.0000	1.0000	0.0000	0.0000
0.0000	0.0000	0.9999	0.0001	0.0000	0.0000
0.0000	0.0009	0.0000	0.0000	0.9470	0.0521
0.0097	0.3076	0.0000	0.0000	0.6697	0.0129
0.0000	0.0006	0.0000	0.0000	0.9285	0.0709
0.0005	0.0029	0.0000	0.0000	0.8808	0.1158
0.0000	0.0002	0.0000	0.0000	0.9967	0.0031
0.0000	0.0000	0.0000	0.0000	0.0031	0.9969
0.0000	0.0007	0.0000	0.0000	0.7913	0.2081
0.0002	0.0035	0.0000	0.0000	0.9919	0.0044
0.0000	0.0000	0.0000	0.0000	0.0089	0.9911
0.0000	0.0000	0.0000	0.0000	0.0003	0.9997
0.0000	0.0000	0.0000	0.0000	0.0000	1.0000
