0.9774	0.0226	0.0000	0.0000	0.0000	0.0000
0.3757	0.6241	0.0000	0.0000	0.0002	0.0000
0.9196	0.0668	0.0000	0.0000	0.0136	0.0000
0.9995	0.0003	0.0000	0.0000	0.0002	0.0000
0.3615	0.5061	0.0000	0.0000	0.1225	0.0100
0.0000	0.0000	0.0000	0.0000	0.9996	0.0003
0.9974	0.0005	0.0000	0.0000	0.0020	0.0001
0.9978	0.0018	0.0000	0.0000	0.0004	0.0000
0.9335	0.0001	0.0000	0.0000	0.0619	0.0044
0.9951	0.0049	0.0000	0.0000	0.0000	0.0000
0.0000	0.0000	1.0000	0.0000	0.0000	0.0000
0.0000	0.0000	1.0000	0.0000	0.0000	0.0000
0.0000	0.0000	1.0000	0.0000	0.0000	0.0000
0.0000	0.0000	1.0000	0.0000	0.0000	0.0000
0.0000	0.0000	0.9999	0.0001	0.0000	0.0000
0.0000	0.0000	0.0000	1.0000	0.0000	0.0000
0.0000	0.0000	0.0000	1.0000	0.0000	0.0000
0.0000	0.0000	0.0001	0.9999	0.0000	0.0000
0.0000	0.0000	0.0003	0.9997	0.0000	0.0000
0.0000	0.0000	1.0000	0.0000	0.0000	0.0000
0.0000	0.0000	0.9961	0.0039	0.0000	0.0000
0.0000	0.0000	0.0000	1.0000	0.0000	0.0000
0.0000	0.0000	0.0000	0.0000	0.0018	0.9982
0.0000	0.0047	0.0000	0.0001	0.2464	0.7488
0.0000	0.0000	0.0000	0.0000	0.4191	0.5809
0.0000	0.0000	0.0000	0.4906	0.5033	0.0061
0.0000	0.0000	0.0000	0.0000	0.6760	0.3240
0.0000	0.0000	0.0000	0.0000	0.9551	0.0449
0.0000	0.0000	0.0000	0.0000	0.9983	0.0017
0.0000	0.0000	0.0000	0.0000	0.9508	0.0491
0.0000	0.0000	0.0000	0.0001	0.0191	0.9808
0.0003	0.0143	0.0000	0.0000	0.7744	0.2110
0.0000	0.0000	0.0000	0.0000	0.0000	1.0000
