0.0859	0.9140	0.0000	0.0000	0.0001	0.0000
0.8206	0.1793	0.0000	0.0000	0.0001	0.0000
0.9769	0.0231	0.0000	0.0000	0.0000	0.0000
0.9330	0.0668	0.0000	0.0000	0.0002	0.0000
0.1035	0.8869	0.0000	0.0000	0.0074	0.0022
0.0000	0.0726	0.0000	0.0000	0.2478	0.6797
0.2895	0.7105	0.0000	0.0000	0.0001	0.0000
0.8790	0.1209	0.0000	0.0000	0.0001	0.0000
0.5802	0.4105	0.0000	0.0000	0.0087	0.0007
0.9422	0.0570	0.0000	0.0000	0.0007	0.0000
0.0000	0.0000	0.9981	0.0019	0.0000	0.0000
0.0000	0.0000	1.0000	0.0000	0.0000	0.0000
0.0000	0.0000	1.0000	0.0000	0.0000	0.0000
0.0000	0.0000	1.0000	0.0000	0.0000	0.0000
0.0000	0.0000	0.8154	0.1846	0.0000	0.0000
0.0000	0.0000	0.0000	1.0000	0.0000	0.0000
0.0000	0.0000	0.0000	1.0000	0.0000	0.0000
0.0000	0.0000	0.0000	1.0000	0.0000	0.0000
0.0152	0.0000	0.0542	0.9305	0.0000	0.0000
0.0000	0.0000	1.0000	0.0000	0.0000	0.0000
0.0000	0.0000	0.7320	0.2680	0.0000	0.0000
0.0000	0.0000	0.0102	0.9898	0.0000	0.0000
0.0000	0.0026	0.0000	0.0000	0.1338	0.8636
0.0000	0.0000	0.0000	0.0000	0.0000	0.9999
0.0000	0.0002	0.0000	0.0000	0.0422	0.9576
0.0000	0.0004	0.0000	0.0000	0.7919	0.2077
0.0000	0.0005	0.0000	0.0000	0.8500	0.1495
0.0000	0.0059	0.0000	0.0000	0.2792	0.7149
0.0000	0.0000	0.0000	0.0000	0.1031	0.8969
0.0000	0.0000	0.0000	0.0000	0.0000	1.0000
0.0000	0.0000	0.0000	0.0000	0.4199	0.5801
0.0008	0.0186	0.0000	0.0000	0.9332	0.0475
0.0000	0.0000	0.0000	0.0000	0.0000	1.0000
