0.4398	0.5241	0.0000	0.0000	0.0361	0.0000
0.7405	0.2395	0.0000	0.0000	0.0200	0.0000
0.9771	0.0081	0.0000	0.0000	0.0148	0.0000
0.3601	0.6144	0.0000	0.0000	0.0256	0.0000
0.3345	0.3235	0.0000	0.0000	0.3413	0.0007
0.0000	0.0019	0.0000	0.0000	0.5916	0.4064
0.2147	0.7639	0.0000	0.0000	0.0213	0.0000
0.5018	0.4113	0.0000	0.0000	0.0869	0.0000
0.2372	0.7203	0.0000	0.0000	0.0424	0.0001
0.5993	0.1842	0.0000	0.0000	0.2164	0.0001
0.0000	0.0000	0.9992	0.0008	0.0000	0.0000
0.0000	0.0000	0.9972	0.0028	0.0000	0.0000
0.0000	0.0000	0.9985	0.0015	0.0000	0.0000
0.0000	0.0000	0.9990	0.0010	0.0000	0.0000
0.0000	0.0000	0.6474	0.3525	0.0001	0.0000
0.0000	0.0000	0.0000	1.0000	0.0000	0.0000
0.0001	0.0000	0.0000	0.9962	0.0036	0.0000
0.0000	0.0000	0.0001	0.9999	0.0000	0.0000
0.0013	0.0000	0.3320	0.6660	0.0007	0.0000
0.0000	0.0000	1.0000	0.0000	0.0000	0.0000
0.0000	0.0000	0.9491	0.0509	0.0000	0.0000
0.0000	0.0000	0.4511	0.5489	0.0000	0.0000
0.0000	0.0005	0.0000	0.0000	0.5783	0.4212
0.0000	0.0002	0.0000	0.0000	0.2090	0.7908
0.0001	0.0020	0.0000	0.0000	0.7097	0.2881
0.0001	0.0005	0.0000	0.0000	0.8433	0.1561
0.0003	0.0012	0.0000	0.0000	0.9476	0.0509
0.0010	0.0106	0.0000	0.0000	0.9249	0.0635
0.0000	0.0000	0.0000	0.0000	0.1090	0.8910
0.0000	0.0000	0.0000	0.0001	0.0006	0.9994
0.0000	0.0000	0.0000	0.0001	0.4573	0.5426
0.0199	0.1505	0.0000	0.0000	0.8266	0.0031
0.0000	0.0000	0.0000	0.0000	0.0000	1.0000
