0.3769	0.6148	0.0000	0.0000	0.0084	0.0000
0.9754	0.0240	0.0000	0.0000	0.0006	0.0000
0.9970	0.0014	0.0000	0.0000	0.0016	0.0000
0.9419	0.0558	0.0000	0.0000	0.0022	0.0000
0.7480	0.1688	0.0000	0.0000	0.0823	0.0008
0.0000	0.0023	0.0000	0.0000	0.2272	0.7704
0.6522	0.3452	0.0000	0.0000	0.0026	0.0000
0.9125	0.0726	0.0000	0.0000	0.0148	0.0001
0.5100	0.4697	0.0000	0.0000	0.0200	0.0003
0.8963	0.0626	0.0000	0.0000	0.0411	0.0000
0.0000	0.0000	1.0000	0.0000	0.0000	0.0000
0.0000	0.0000	1.0000	0.0000	0.0000	0.0000
0.0000	0.0000	1.0000	0.0000	0.0000	0.0000
0.0000	0.0000	1.0000	0.0000	0.0000	0.0000
0.0000	0.0000	0.9792	0.0208	0.0000	0.0000
0.0000	0.0000	0.0001	0.9999	0.0000	0.0000
0.0002	0.0000	0.0001	0.9996	0.0001	0.0000
0.0000	0.0000	0.0143	0.9857	0.0000	0.0000
0.0002	0.0000	0.0007	0.9991	0.0000	0.0000
0.0000	0.0000	1.0000	0.0000	0.0000	0.0000
0.0000	0.0000	0.9748	0.0252	0.0000	0.0000
0.0000	0.0000	0.0004	0.9996	0.0000	0.0000
0.0000	0.0007	0.0000	0.0000	0.2531	0.7462
0.0000	0.0001	0.0000	0.0001	0.0080	0.9917
0.0000	0.0005	0.0000	0.0000	0.2561	0.7433
0.0000	0.0000	0.0000	0.0000	0.4012	0.5988
0.0001	0.0002	0.0000	0.0000	0.9061	0.0937
0.0001	0.0022	0.0000	0.0000	0.8519	0.1458
0.0000	0.0000	0.0000	0.0000	0.1242	0.8758
0.0000	0.0000	0.0000	0.0000	0.0001	0.9998
0.0000	0.0000	0.0000	0.0001	0.1316	0.8684
0.0024	0.0364	0.0000	0.0000	0.9470	0.0142
0.0000	0.0000	0.0000	0.0000	0.0000	1.0000
