0.1517	0.8477	0.0000	0.0000	0.0006	0.0000
0.9972	0.0028	0.0000	0.0000	0.0000	0.0000
0.9999	0.0001	0.0000	0.0000	0.0000	0.0000
0.4793	0.5168	0.0000	0.0000	0.0038	0.0000
0.8696	0.1259	0.0000	0.0000	0.0045	0.0000
0.0003	0.3089	0.0000	0.0000	0.3346	0.3563
0.7027	0.2973	0.0000	0.0000	0.0000	0.0000
0.9954	0.0045	0.0000	0.0000	0.0000	0.0000
0.1069	0.8878	0.0000	0.0000	0.0053	0.0000
0.9716	0.0249	0.0000	0.0000	0.0035	0.0000
0.0000	0.0000	1.0000	0.0000	0.0000	0.0000
0.0000	0.0000	1.0000	0.0000	0.0000	0.0000
0.0000	0.0000	1.0000	0.0000	0.0000	0.0000
0.0000	0.0000	1.0000	0.0000	0.0000	0.0000
0.0000	0.0000	0.9885	0.0115	0.0000	0.0000
0.0000	0.0000	0.0000	1.0000	0.0000	0.0000
0.0000	0.0000	0.0000	1.0000	0.0000	0.0000
0.0000	0.0000	0.0038	0.9962	0.0000	0.0000
0.0003	0.0000	0.0000	0.9996	0.0000	0.0000
0.0000	0.0000	1.0000	0.0000	0.0000	0.0000
0.0000	0.0000	0.9910	0.0090	0.0000	0.0000
0.0000	0.0000	0.0000	1.0000	0.0000	0.0000
0.0000	0.0004	0.0000	0.0000	0.1139	0.8857
0.0000	0.0028	0.0000	0.0050	0.7836	0.2086
0.0000	0.0006	0.0000	0.0000	0.0509	0.9485
0.0000	0.0000	0.0000	0.0000	0.9996	0.0003
0.0003	0.0000	0.0000	0.0000	0.9416	0.0581
0.0000	0.0012	0.0000	0.0000	0.9719	0.0269
0.0000	0.0000	0.0000	0.0000	0.0469	0.9531
0.0000	0.0000	0.0000	0.0007	0.0001	0.9992
0.0000	0.0000	0.0000	0.0001	0.0037	0.9961
0.0000	0.0164	0.0000	0.0000	0.9789	0.0047
0.0000	0.0000	0.0000	0.0000	0.0000	1.0000
