0.3037	0.6817	0.0000	0.0000	0.0141	0.0005
0.6782	0.3039	0.0000	0.0000	0.0176	0.0003
0.9106	0.0766	0.0000	0.0000	0.0127	0.0001
0.8057	0.1908	0.0000	0.0000	0.0033	0.0003
0.3296	0.4661	0.0000	0.0001	0.1943	0.0100
0.0000	0.0057	0.0000	0.0000	0.8468	0.1475
0.3798	0.6105	0.0000	0.0000	0.0095	0.0002
0.5572	0.4105	0.0000	0.0000	0.0315	0.0007
0.6269	0.2405	0.0000	0.0001	0.1275	0.0050
0.4730	0.3737	0.0000	0.0003	0.1517	0.0013
0.0000	0.0000	0.9886	0.0114	0.0000	0.0000
0.0000	0.0000	1.0000	0.0000	0.0000	0.0000
0.0000	0.0000	1.0000	0.0000	0.0000	0.0000
0.0000	0.0000	1.0000	0.0000	0.0000	0.0000
0.0000	0.0002	0.8803	0.1194	0.0000	0.0000
0.0000	0.0000	0.0000	1.0000	0.0000	0.0000
0.0021	0.0004	0.0058	0.9910	0.0007	0.0000
0.0000	0.0000	0.0322	0.9665	0.0012	0.0000
0.0000	0.0001	0.3713	0.6286	0.0000	0.0000
0.0000	0.0000	1.0000	0.0000	0.0000	0.0000
0.0000	0.0000	0.7463	0.2537	0.0000	0.0000
0.0000	0.0000	0.0040	0.9960	0.0000	0.0000
0.0001	0.0035	0.0000	0.0000	0.3737	0.6227
0.0000	0.0001	0.0000	0.0000	0.0007	0.9992
0.0011	0.0029	0.0000	0.0001	0.2821	0.7139
0.0000	0.0001	0.0000	0.0001	0.7604	0.2393
0.0000	0.0001	0.0000	0.0000	0.8083	0.1916
0.0000	0.0008	0.0000	0.0000	0.7258	0.2734
0.0000	0.0000	0.0000	0.0000	0.4126	0.5874
0.0000	0.0034	0.0000	0.0037	0.4763	0.5165
0.0001	0.0045	0.0000	0.0012	0.8609	0.1333
0.0361	0.2482	0.0000	0.0000	0.6952	0.0205
0.0000	0.0000	0.0000	0.0000	0.0001	0.9999
