0.2178	0.7822	0.0000	0.0000	0.0000	0.0000
0.1724	0.8276	0.0000	0.0000	0.0000	0.0000
0.4060	0.5940	0.0000	0.0000	0.0000	0.0000
0.7629	0.2371	0.0000	0.0000	0.0000	0.0000
0.4628	0.5003	0.0000	0.0000	0.0335	0.0034
0.0005	0.2482	0.0000	0.0000	0.6501	0.1013
0.9807	0.0193	0.0000	0.0000	0.0000	0.0000
0.1645	0.8355	0.0000	0.0000	0.0000	0.0000
0.9582	0.0362	0.0000	0.0000	0.0055	0.0000
0.9552	0.0448	0.0000	0.0000	0.0000	0.0000
0.0000	0.0000	0.9948	0.0052	0.0000	0.0000
0.0000	0.0000	1.0000	0.0000	0.0000	0.0000
0.0000	0.0000	1.0000	0.0000	0.0000	0.0000
0.0000	0.0000	1.0000	0.0000	0.0000	0.0000
0.0000	0.0000	0.8281	0.1719	0.0000	0.0000
0.0000	0.0000	0.0000	1.0000	0.0000	0.0000
0.0000	0.0000	0.0000	1.0000	0.0000	0.0000
0.0000	0.0000	0.0000	1.0000	0.0000	0.0000
0.0000	0.0000	0.0000	1.0000	0.0000	0.0000
0.0000	0.0000	1.0000	0.0000	0.0000	0.0000
0.0000	0.0000	0.0213	0.9787	0.0000	0.0000
0.0000	0.0000	0.0000	1.0000	0.0000	0.0000
0.0000	0.0000	0.0000	0.0000	0.0010	0.9990
0.0000	0.0013	0.0000	0.0000	0.0000	0.9987
0.0000	0.0000	0.0000	0.0000	0.2052	0.7948
0.0000	0.0000	0.0000	0.0067	0.9932	0.0001
0.0000	0.0000	0.0000	0.0000	0.9901	0.0099
0.0000	0.0000	0.0000	0.0000	0.9387	0.0613
0.0000	0.0000	0.0000	0.0000	0.9972	0.0028
0.0000	0.0000	0.0000	0.0000	0.2436	0.7564
0.0000	0.0000	0.0000	0.0000	0.0000	1.0000
0.0010	0.5799	0.0000	0.0000	0.3665	0.0526
0.0000	0.0000	0.0000	0.0000	0.0000	1.0000
