0.2964	0.6427	0.0000	0.0000	0.0589	0.0020
0.4979	0.4527	0.0000	0.0000	0.0484	0.0010
0.8422	0.1039	0.0000	0.0000	0.0529	0.0010
0.4110	0.5158	0.0000	0.0000	0.0702	0.0030
0.3429	0.4094	0.0000	0.0000	0.2184	0.0293
0.0040	0.0250	0.0000	0.0000	0.5864	0.3846
0.3229	0.6257	0.0000	0.0000	0.0487	0.0027
0.4460	0.4482	0.0000	0.0000	0.1015	0.0043
0.2805	0.5503	0.0000	0.0000	0.1470	0.0221
0.4598	0.2627	0.0000	0.0000	0.2592	0.0183
0.0000	0.0000	0.9997	0.0003	0.0000	0.0000
0.0000	0.0000	0.9970	0.0030	0.0000	0.0000
0.0000	0.0000	0.9956	0.0044	0.0000	0.0000
0.0000	0.0000	0.9986	0.0014	0.0000	0.0000
0.0000	0.0000	0.5891	0.4101	0.0000	0.0008
0.0000	0.0000	0.0113	0.9885	0.0000	0.0002
0.0029	0.0000	0.0015	0.9803	0.0021	0.0131
0.0000	0.0000	0.0547	0.9449	0.0000	0.0003
0.0001	0.0000	0.0048	0.9944	0.0001	0.0006
0.0000	0.0000	0.9999	0.0001	0.0000	0.0000
0.0000	0.0000	0.9702	0.0298	0.0000	0.0000
0.0000	0.0000	0.2420	0.7580	0.0000	0.0000
0.0050	0.0174	0.0000	0.0000	0.5527	0.4250
0.0004	0.0042	0.0000	0.0003	0.0645	0.9306
0.0157	0.0375	0.0000	0.0000	0.5287	0.4180
0.0049	0.0086	0.0000	0.0004	0.6591	0.3269
0.0074	0.0115	0.0000	0.0000	0.7241	0.2570
0.0089	0.0499	0.0000	0.0000	0.7497	0.1915
0.0003	0.0010	0.0000	0.0000	0.4834	0.5153
0.0000	0.0001	0.0000	0.0005	0.0182	0.9812
0.0026	0.0032	0.0000	0.0004	0.3565	0.6373
0.1100	0.4074	0.0000	0.0000	0.4663	0.0163
0.0000	0.0000	0.0000	0.0004	0.0000	0.9996
