0.5091	0.4432	0.0000	0.0000	0.0467	0.0009
0.8446	0.1312	0.0000	0.0000	0.0240	0.0003
0.9797	0.0136	0.0000	0.0000	0.0067	0.0000
0.9012	0.0774	0.0000	0.0000	0.0213	0.0001
0.5312	0.2926	0.0000	0.0000	0.1713	0.0048
0.0028	0.0601	0.0000	0.0000	0.6223	0.3148
0.5949	0.3660	0.0000	0.0000	0.0387	0.0005
0.7932	0.1555	0.0000	0.0000	0.0499	0.0014
0.4909	0.4416	0.0000	0.0000	0.0663	0.0012
0.7484	0.1585	0.0000	0.0000	0.0926	0.0005
0.0000	0.0000	0.9883	0.0117	0.0000	0.0000
0.0000	0.0000	0.9994	0.0005	0.0000	0.0000
0.0000	0.0000	0.9978	0.0022	0.0000	0.0000
0.0000	0.0000	0.9999	0.0001	0.0000	0.0000
0.0001	0.0000	0.8297	0.1688	0.0015	0.0000
0.0000	0.0000	0.0010	0.9990	0.0000	0.0000
0.0045	0.0000	0.0006	0.9941	0.0009	0.0000
0.0000	0.0000	0.0073	0.9927	0.0000	0.0000
0.0143	0.0001	0.0411	0.9435	0.0010	0.0000
0.0000	0.0000	0.9997	0.0003	0.0000	0.0000
0.0000	0.0000	0.6889	0.3111	0.0000	0.0000
0.0000	0.0000	0.0085	0.9915	0.0000	0.0000
0.0018	0.0273	0.0000	0.0000	0.4356	0.5353
0.0014	0.0611	0.0000	0.0000	0.0584	0.8792
0.0084	0.0602	0.0000	0.0000	0.6801	0.2513
0.0087	0.0092	0.0000	0.0000	0.7744	0.2078
0.0057	0.0089	0.0000	0.0000	0.9202	0.0651
0.0093	0.0515	0.0000	0.0000	0.7608	0.1784
0.0000	0.0001	0.0000	0.0000	0.3848	0.6151
0.0000	0.0005	0.0000	0.0000	0.0369	0.9625
0.0008	0.0038	0.0000	0.0000	0.6079	0.3875
0.0498	0.2168	0.0000	0.0000	0.6933	0.0402
0.0000	0.0000	0.0000	0.0000	0.0000	1.0000
