0.4282	0.5348	0.0000	0.0000	0.0343	0.0028
0.8214	0.1618	0.0000	0.0000	0.0162	0.0006
0.9464	0.0460	0.0000	0.0000	0.0075	0.0001
0.8816	0.0806	0.0000	0.0000	0.0375	0.0002
0.3982	0.2891	0.0000	0.0000	0.2835	0.0291
0.0019	0.0502	0.0000	0.0000	0.5383	0.4096
0.6760	0.3090	0.0000	0.0000	0.0141	0.0009
0.7700	0.2003	0.0000	0.0000	0.0252	0.0045
0.5298	0.3857	0.0000	0.0000	0.0794	0.0051
0.7075	0.1922	0.0000	0.0000	0.0988	0.0015
0.0000	0.0000	0.9400	0.0600	0.0000	0.0000
0.0001	0.0000	0.9974	0.0026	0.0000	0.0000
0.0000	0.0000	0.9862	0.0138	0.0000	0.0000
0.0000	0.0000	0.9994	0.0005	0.0000	0.0000
0.0001	0.0000	0.6725	0.3261	0.0013	0.0000
0.0000	0.0000	0.0014	0.9986	0.0000	0.0000
0.0004	0.0000	0.0011	0.9974	0.0010	0.0000
0.0000	0.0000	0.0141	0.9859	0.0000	0.0000
0.0100	0.0001	0.0420	0.9455	0.0024	0.0000
0.0000	0.0000	0.9937	0.0063	0.0000	0.0000
0.0000	0.0000	0.3398	0.6602	0.0000	0.0000
0.0000	0.0000	0.0057	0.9943	0.0000	0.0000
0.0010	0.0248	0.0000	0.0000	0.4077	0.5665
0.0002	0.0717	0.0000	0.0000	0.0551	0.8730
0.0030	0.0531	0.0000	0.0000	0.6049	0.3390
0.0029	0.0176	0.0000	0.0002	0.2543	0.7251
0.0083	0.0349	0.0000	0.0000	0.8445	0.1122
0.0055	0.0789	0.0000	0.0000	0.6665	0.2492
0.0000	0.0004	0.0000	0.0000	0.4032	0.5963
0.0000	0.0006	0.0000	0.0008	0.0567	0.9420
0.0001	0.0008	0.0000	0.0006	0.4393	0.5591
0.0127	0.1019	0.0000	0.0000	0.8034	0.0820
0.0000	0.0000	0.0000	0.0000	0.0000	1.0000
