0.0978	0.9017	0.0000	0.0000	0.0005	0.0000
0.8441	0.1558	0.0000	0.0000	0.0000	0.0000
0.9095	0.0903	0.0000	0.0000	0.0002	0.0000
0.9350	0.0648	0.0000	0.0000	0.0002	0.0000
0.0308	0.9624	0.0000	0.0034	0.0033	0.0001
0.0012	0.3777	0.0000	0.0035	0.5039	0.1137
0.6446	0.3551	0.0000	0.0002	0.0001	0.0000
0.6885	0.3111	0.0000	0.0004	0.0001	0.0000
0.4769	0.5140	0.0000	0.0001	0.0090	0.0000
0.9896	0.0100	0.0000	0.0001	0.0003	0.0000
0.0000	0.0000	0.9844	0.0156	0.0000	0.0000
0.0000	0.0000	1.0000	0.0000	0.0000	0.0000
0.0000	0.0000	1.0000	0.0000	0.0000	0.0000
0.0000	0.0000	1.0000	0.0000	0.0000	0.0000
0.0000	0.0000	0.7431	0.2569	0.0000	0.0000
0.0000	0.0000	0.0000	1.0000	0.0000	0.0000
0.0000	0.0000	0.0000	1.0000	0.0000	0.0000
0.0000	0.0000	0.0001	0.9999	0.0000	0.0000
0.0000	0.0000	0.0312	0.9687	0.0000	0.0000
0.0000	0.0000	1.0000	0.0000	0.0000	0.0000
0.0000	0.0000	0.7778	0.2222	0.0000	0.0000
0.0000	0.0000	0.0004	0.9996	0.0000	0.0000
0.0000	0.0049	0.0000	0.0000	0.3883	0.6067
0.0000	0.0000	0.0000	0.0000	0.7500	0.2500
0.0000	0.0004	0.0000	0.0008	0.1797	0.8190
0.0000	0.0003	0.0000	0.0019	0.9815	0.0163
0.0000	0.0001	0.0000	0.0001	0.9277	0.0721
0.0000	0.0058	0.0000	0.0000	0.9066	0.0876
0.0000	0.0000	0.0000	0.0000	0.1257	0.8743
0.0000	0.0000	0.0000	0.0002	0.0077	0.9921
0.0000	0.0000	0.0000	0.0021	0.0047	0.9931
0.0006	0.0122	0.0000	0.0000	0.9611	0.0260
0.0000	0.0000	0.0000	0.0000	0.0000	1.0000
