0.0327	0.9673	0.0000	0.0000	0.0000	0.0000
0.9733	0.0267	0.0000	0.0000	0.0000	0.0000
0.7883	0.2117	0.0000	0.0000	0.0000	0.0000
0.9741	0.0259	0.0000	0.0000	0.0000	0.0000
0.1341	0.8647	0.0000	0.0000	0.0013	0.0000
0.0001	0.1810	0.0000	0.0000	0.8165	0.0024
0.0845	0.9155	0.0000	0.0000	0.0000	0.0000
0.9817	0.0183	0.0000	0.0000	0.0000	0.0000
0.0795	0.9164	0.0000	0.0000	0.0040	0.0000
0.9990	0.0010	0.0000	0.0000	0.0000	0.0000
0.0000	0.0000	1.0000	0.0000	0.0000	0.0000
0.0000	0.0000	1.0000	0.0000	0.0000	0.0000
0.0000	0.0000	1.0000	0.0000	0.0000	0.0000
0.0000	0.0000	1.0000	0.0000	0.0000	0.0000
0.0000	0.0000	0.9974	0.0026	0.0000	0.0000
0.0000	0.0000	0.0000	1.0000	0.0000	0.0000
0.0000	0.0000	0.0000	1.0000	0.0000	0.0000
0.0000	0.0000	0.0000	1.0000	0.0000	0.0000
0.0000	0.0000	0.0001	0.9999	0.0000	0.0000
0.0000	0.0000	1.0000	0.0000	0.0000	0.0000
0.0000	0.0000	0.9611	0.0389	0.0000	0.0000
0.0000	0.0000	0.0000	1.0000	0.0000	0.0000
0.0000	0.0001	0.0000	0.0000	0.0118	0.9881
0.0000	0.0935	0.0000	0.0000	0.0712	0.8353
0.0000	0.0000	0.0000	0.0000	0.0850	0.9149
0.0000	0.0000	0.0000	0.0000	1.0000	0.0000
0.0000	0.0000	0.0000	0.0000	0.9994	0.0006
0.0000	0.0053	0.0000	0.0000	0.8561	0.1386
0.0000	0.0000	0.0000	0.0000	0.0556	0.9444
0.0000	0.0000	0.0000	0.0000	0.0000	1.0000
0.0000	0.0000	0.0000	0.0000	0.7790	0.2210
0.0000	0.0057	0.0000	0.0000	0.9003	0.0940
0.0000	0.0000	0.0000	0.0000	0.0000	1.0000
