0.0819	0.9181	0.0000	0.0000	0.0000	0.0000
0.9709	0.0291	0.0000	0.0000	0.0000	0.0000
0.0460	0.9540	0.0000	0.0000	0.0000	0.0000
0.9938	0.0062	0.0000	0.0000	0.0000	0.0000
0.3833	0.6167	0.0000	0.0000	0.0001	0.0000
0.0104	0.4104	0.0000	0.0000	0.5784	0.0008
0.8538	0.1462	0.0000	0.0000	0.0000	0.0000
0.9951	0.0049	0.0000	0.0000	0.0000	0.0000
0.0026	0.9887	0.0000	0.0000	0.0087	0.0000
0.9997	0.0003	0.0000	0.0000	0.0000	0.0000
0.0000	0.0000	0.9639	0.0361	0.0000	0.0000
0.0000	0.0000	1.0000	0.0000	0.0000	0.0000
0.0000	0.0000	1.0000	0.0000	0.0000	0.0000
0.0000	0.0000	1.0000	0.0000	0.0000	0.0000
0.0000	0.0000	0.8973	0.1027	0.0000	0.0000
0.0000	0.0000	0.0000	1.0000	0.0000	0.0000
0.0000	0.0000	0.0000	1.0000	0.0000	0.0000
0.0000	0.0000	0.0000	1.0000	0.0000	0.0000
0.0000	0.0000	0.0010	0.9990	0.0000	0.0000
0.0000	0.0000	0.9995	0.0005	0.0000	0.0000
0.0000	0.0000	0.4800	0.5200	0.0000	0.0000
0.0000	0.0000	0.0000	1.0000	0.0000	0.0000
0.0000	0.0000	0.0000	0.0000	0.2500	0.7499
0.0000	0.0000	0.0000	0.0000	0.0000	1.0000
0.0000	0.0000	0.0000	0.0000	0.2814	0.7185
0.0000	0.0112	0.0000	0.9888	0.0000	0.0000
0.0000	0.0000	0.0000	0.0000	0.9460	0.0540
0.0000	0.0052	0.0000	0.0000	0.0849	0.9100
0.0000	0.0000	0.0000	0.0000	0.1464	0.8536
0.0000	0.0000	0.0000	0.0000	0.0003	0.9997
0.0000	0.0000	0.0000	0.0000	0.0001	0.9999
0.0000	0.0018	0.0000	0.0000	0.9855	0.0127
0.0000	0.0000	0.0000	0.0000	0.0000	1.0000
