0.3792	0.6208	0.0000	0.0000	0.0000	0.0000
0.9801	0.0199	0.0000	0.0000	0.0000	0.0000
0.3282	0.6718	0.0000	0.0000	0.0000	0.0000
0.9951	0.0049	0.0000	0.0000	0.0000	0.0000
0.1158	0.8842	0.0000	0.0000	0.0000	0.0000
0.7693	0.2283	0.0000	0.0000	0.0024	0.0000
0.9863	0.0137	0.0000	0.0000	0.0000	0.0000
0.9951	0.0049	0.0000	0.0000	0.0000	0.0000
0.0000	0.9715	0.0000	0.0000	0.0274	0.0010
1.0000	0.0000	0.0000	0.0000	0.0000	0.0000
0.0000	0.0000	0.3783	0.6217	0.0000	0.0000
0.0000	0.0000	1.0000	0.0000	0.0000	0.0000
0.0000	0.0000	1.0000	0.0000	0.0000	0.0000
0.0000	0.0000	1.0000	0.0000	0.0000	0.0000
0.0000	0.0000	0.9997	0.0003	0.0000	0.0000
0.0000	0.0000	0.0000	1.0000	0.0000	0.0000
0.0000	0.0000	0.0000	1.0000	0.0000	0.0000
0.0000	0.0000	0.0001	0.9999	0.0000	0.0000
0.0000	0.0000	0.0000	1.0000	0.0000	0.0000
0.0000	0.0000	0.9991	0.0009	0.0000	0.0000
0.0000	0.0000	0.8653	0.1347	0.0000	0.0000
0.0000	0.0000	0.0000	1.0000	0.0000	0.0000
0.0000	0.0000	0.0000	0.0000	0.2950	0.7050
0.0000	0.0000	0.0000	0.0000	1.0000	0.0000
0.0000	0.0000	0.0000	0.0008	0.9588	0.0404
0.0000	0.9510	0.0000	0.0490	0.0000	0.0000
0.0000	0.0000	0.0000	0.0000	0.9408	0.0591
0.0000	0.0000	0.0000	0.0000	1.0000	0.0000
0.0000	0.0000	0.0000	0.0000	0.9999	0.0001
0.0000	0.0000	0.0000	0.0000	0.7224	0.2776
0.0000	0.0000	0.0000	0.0000	0.0037	0.9963
0.0000	0.0011	0.0000	0.0000	0.8373	0.1616
0.0000	0.0000	0.0000	0.0000	0.0000	1.0000
