0.6425	0.2892	0.0000	0.0000	0.0677	0.0005
0.9479	0.0407	0.0000	0.0000	0.0113	0.0001
0.9848	0.0025	0.0000	0.0000	0.0127	0.0000
0.8528	0.1089	0.0000	0.0000	0.0381	0.0003
0.6929	0.1506	0.0000	0.0000	0.1467	0.0098
0.0007	0.0082	0.0000	0.0000	0.2522	0.7390
0.6238	0.3546	0.0000	0.0000	0.0212	0.0004
0.8018	0.1314	0.0000	0.0000	0.0646	0.0021
0.5213	0.4375	0.0000	0.0000	0.0399	0.0014
0.7266	0.0565	0.0000	0.0000	0.2156	0.0013
0.0000	0.0000	1.0000	0.0000	0.0000	0.0000
0.0000	0.0000	0.9974	0.0026	0.0000	0.0000
0.0000	0.0000	0.9969	0.0031	0.0000	0.0000
0.0000	0.0000	0.9992	0.0008	0.0000	0.0000
0.0000	0.0000	0.9398	0.0599	0.0001	0.0003
0.0000	0.0000	0.0057	0.9943	0.0000	0.0000
0.0013	0.0000	0.0005	0.9978	0.0003	0.0001
0.0000	0.0000	0.0983	0.9017	0.0000	0.0000
0.0000	0.0000	0.0010	0.9990	0.0000	0.0000
0.0000	0.0000	1.0000	0.0000	0.0000	0.0000
0.0000	0.0000	0.9868	0.0132	0.0000	0.0000
0.0000	0.0000	0.0059	0.9941	0.0000	0.0000
0.0003	0.0028	0.0000	0.0000	0.2306	0.7663
0.0003	0.0021	0.0000	0.0008	0.1810	0.8158
0.0038	0.0115	0.0000	0.0000	0.3445	0.6402
0.0022	0.0034	0.0000	0.0000	0.3388	0.6556
0.0166	0.0143	0.0000	0.0000	0.8303	0.1388
0.0484	0.0646	0.0000	0.0000	0.7677	0.1193
0.0001	0.0005	0.0000	0.0000	0.0915	0.9078
0.0000	0.0000	0.0000	0.0000	0.0003	0.9997
0.0000	0.0001	0.0000	0.0001	0.0632	0.9365
0.0866	0.1522	0.0000	0.0000	0.7271	0.0341
0.0000	0.0000	0.0000	0.0000	0.0000	1.0000
