0.3381	0.6618	0.0000	0.0000	0.0000	0.0000
0.9985	0.0015	0.0000	0.0000	0.0000	0.0000
1.0000	0.0000	0.0000	0.0000	0.0000	0.0000
0.4939	0.5038	0.0000	0.0000	0.0024	0.0000
0.8532	0.1462	0.0000	0.0000	0.0006	0.0000
0.0000	0.0069	0.0000	0.0000	0.0113	0.9818
0.9112	0.0888	0.0000	0.0000	0.0000	0.0000
0.9993	0.0007	0.0000	0.0000	0.0000	0.0000
0.6583	0.3384	0.0000	0.0000	0.0032	0.0001
0.9043	0.0932	0.0000	0.0000	0.0025	0.0000
0.0000	0.0000	1.0000	0.0000	0.0000	0.0000
0.0000	0.0000	1.0000	0.0000	0.0000	0.0000
0.0000	0.0000	1.0000	0.0000	0.0000	0.0000
0.0000	0.0000	1.0000	0.0000	0.0000	0.0000
0.0000	0.0000	0.9914	0.0086	0.0000	0.0000
0.0000	0.0000	0.0000	1.0000	0.0000	0.0000
0.0000	0.0000	0.0000	1.0000	0.0000	0.0000
0.0000	0.0000	0.0005	0.9995	0.0000	0.0000
0.0001	0.0000	0.0000	0.9999	0.0000	0.0000
0.0000	0.0000	1.0000	0.0000	0.0000	0.0000
0.0000	0.0000	0.8247	0.1753	0.0000	0.0000
0.0000	0.0000	0.0002	0.9998	0.0000	0.0000
0.0000	0.0000	0.0000	0.0000	0.0074	0.9925
0.0000	0.0057	0.0000	0.0010	0.0927	0.9005
0.0000	0.0007	0.0000	0.0000	0.0109	0.9884
0.0000	0.0000	0.0000	0.0012	0.9988	0.0000
0.0000	0.0000	0.0000	0.0000	0.9629	0.0371
0.0000	0.0001	0.0000	0.0000	0.9515	0.0485
0.0000	0.0000	0.0000	0.0000	0.9953	0.0047
0.0000	0.0000	0.0000	0.0000	0.0000	1.0000
0.0000	0.0000	0.0000	0.0000	0.6622	0.3378
0.0005	0.0412	0.0000	0.0000	0.9546	0.0037
0.0000	0.0000	0.0000	0.0000	0.0000	1.0000
