0.1243	0.8757	0.0000	0.0000	0.0000	0.0000
0.9198	0.0802	0.0000	0.0000	0.0000	0.0000
0.9351	0.0649	0.0000	0.0000	0.0000	0.0000
0.9669	0.0331	0.0000	0.0000	0.0000	0.0000
0.0913	0.9060	0.0000	0.0000	0.0026	0.0001
0.0015	0.9683	0.0000	0.0000	0.0231	0.0071
0.8929	0.1069	0.0000	0.0000	0.0000	0.0002
0.8659	0.1341	0.0000	0.0000	0.0000	0.0000
0.0090	0.8210	0.0000	0.0000	0.1368	0.0332
0.9995	0.0005	0.0000	0.0000	0.0000	0.0000
0.0000	0.0000	0.9999	0.0001	0.0000	0.0000
0.0000	0.0000	1.0000	0.0000	0.0000	0.0000
0.0000	0.0000	1.0000	0.0000	0.0000	0.0000
0.0000	0.0000	1.0000	0.0000	0.0000	0.0000
0.0000	0.0000	0.9656	0.0344	0.0000	0.0000
0.0000	0.0000	0.0000	1.0000	0.0000	0.0000
0.0000	0.0000	0.0000	1.0000	0.0000	0.0000
0.0000	0.0000	0.0000	1.0000	0.0000	0.0000
0.0000	0.0000	0.0057	0.9943	0.0000	0.0000
0.0000	0.0000	1.0000	0.0000	0.0000	0.0000
0.0000	0.0000	0.8848	0.1152	0.0000	0.0000
0.0000	0.0000	0.0000	1.0000	0.0000	0.0000
0.0000	0.0001	0.0000	0.0000	0.9589	0.0410
0.0000	0.0007	0.0000	0.0000	0.0000	0.9993
0.0000	0.0000	0.0000	0.0000	0.0289	0.9711
0.0031	0.2301	0.0000	0.0010	0.7658	0.0000
0.0000	0.0000	0.0000	0.0000	0.0584	0.9415
0.0000	0.0732	0.0000	0.0000	0.1615	0.7653
0.0000	0.0000	0.0000	0.0000	0.9381	0.0619
0.0000	0.0000	0.0000	0.0000	0.0000	1.0000
0.0000	0.0000	0.0000	0.0000	0.0016	0.9984
0.0001	0.0103	0.0000	0.0000	0.9175	0.0721
0.0000	0.0000	0.0000	0.0000	0.0000	1.0000
