0.5151	0.4833	0.0000	0.0000	0.0016	0.0000
0.9935	0.0065	0.0000	0.0000	0.0000	0.0000
0.9998	0.0002	0.0000	0.0000	0.0000	0.0000
0.8598	0.1388	0.0000	0.0000	0.0014	0.0000
0.6965	0.2820	0.0000	0.0000	0.0213	0.0002
0.0000	0.0097	0.0000	0.0000	0.0461	0.9442
0.9418	0.0581	0.0000	0.0000	0.0000	0.0000
0.9942	0.0057	0.0000	0.0000	0.0001	0.0000
0.6670	0.3312	0.0000	0.0000	0.0018	0.0000
0.9281	0.0281	0.0000	0.0000	0.0439	0.0000
0.0000	0.0000	1.0000	0.0000	0.0000	0.0000
0.0000	0.0000	0.9999	0.0001	0.0000	0.0000
0.0000	0.0000	0.9997	0.0003	0.0000	0.0000
0.0000	0.0000	1.0000	0.0000	0.0000	0.0000
0.0000	0.0000	0.9918	0.0082	0.0000	0.0000
0.0000	0.0000	0.0001	0.9999	0.0000	0.0000
0.0001	0.0000	0.0001	0.9998	0.0000	0.0000
0.0000	0.0000	0.0007	0.9993	0.0000	0.0000
0.0013	0.0000	0.0032	0.9955	0.0000	0.0000
0.0000	0.0000	1.0000	0.0000	0.0000	0.0000
0.0000	0.0000	0.9974	0.0026	0.0000	0.0000
0.0000	0.0000	0.0001	0.9999	0.0000	0.0000
0.0000	0.0005	0.0000	0.0000	0.1026	0.8969
0.0000	0.0136	0.0000	0.0001	0.1665	0.8198
0.0000	0.0055	0.0000	0.0000	0.3728	0.6217
0.0004	0.0001	0.0000	0.0001	0.2424	0.7570
0.0000	0.0003	0.0000	0.0000	0.9945	0.0052
0.0000	0.0235	0.0000	0.0000	0.9618	0.0147
0.0000	0.0000	0.0000	0.0000	0.8114	0.1886
0.0000	0.0000	0.0000	0.0000	0.0000	1.0000
0.0000	0.0000	0.0000	0.0000	0.0296	0.9704
0.0004	0.0127	0.0000	0.0000	0.9854	0.0016
0.0000	0.0000	0.0000	0.0000	0.0000	1.0000
