0.3725	0.6270	0.0000	0.0000	0.0005	0.0000
0.9140	0.0860	0.0000	0.0000	0.0000	0.0000
0.9908	0.0091	0.0000	0.0000	0.0000	0.0000
0.9279	0.0720	0.0000	0.0000	0.0001	0.0000
0.5517	0.4363	0.0000	0.0000	0.0120	0.0000
0.0002	0.1341	0.0000	0.0000	0.8238	0.0420
0.8687	0.1313	0.0000	0.0000	0.0000	0.0000
0.9835	0.0165	0.0000	0.0000	0.0000	0.0000
0.8971	0.0978	0.0000	0.0000	0.0051	0.0000
0.9361	0.0594	0.0000	0.0000	0.0045	0.0000
0.0000	0.0000	0.9926	0.0074	0.0000	0.0000
0.0000	0.0000	1.0000	0.0000	0.0000	0.0000
0.0000	0.0000	1.0000	0.0000	0.0000	0.0000
0.0000	0.0000	1.0000	0.0000	0.0000	0.0000
0.0000	0.0000	0.9355	0.0645	0.0000	0.0000
0.0000	0.0000	0.0000	1.0000	0.0000	0.0000
0.0000	0.0000	0.0000	1.0000	0.0000	0.0000
0.0000	0.0000	0.0000	1.0000	0.0000	0.0000
0.0030	0.0000	0.0158	0.9812	0.0000	0.0000
0.0000	0.0000	1.0000	0.0000	0.0000	0.0000
0.0000	0.0000	0.6003	0.3997	0.0000	0.0000
0.0000	0.0000	0.0006	0.9994	0.0000	0.0000
0.0000	0.0008	0.0000	0.0000	0.5203	0.4789
0.0000	0.0403	0.0000	0.0000	0.0262	0.9336
0.0000	0.0027	0.0000	0.0000	0.1492	0.8481
0.0034	0.0000	0.0000	0.0022	0.9471	0.0473
0.0000	0.0000	0.0000	0.0000	0.9535	0.0465
0.0000	0.0048	0.0000	0.0000	0.7275	0.2677
0.0000	0.0000	0.0000	0.0000	0.4153	0.5847
0.0000	0.0000	0.0000	0.0000	0.0134	0.9866
0.0000	0.0000	0.0000	0.0001	0.8905	0.1095
0.0010	0.0245	0.0000	0.0000	0.9440	0.0306
0.0000	0.0000	0.0000	0.0000	0.0000	1.0000
