0.0611	0.9389	0.0000	0.0000	0.0001	0.0000
0.9353	0.0647	0.0000	0.0000	0.0000	0.0000
0.8924	0.1076	0.0000	0.0000	0.0000	0.0000
0.8186	0.1813	0.0000	0.0000	0.0000	0.0000
0.5288	0.4667	0.0000	0.0000	0.0045	0.0000
0.0008	0.0725	0.0000	0.0000	0.7730	0.1537
0.3623	0.6377	0.0000	0.0000	0.0000	0.0000
0.9650	0.0350	0.0000	0.0000	0.0000	0.0000
0.4802	0.4598	0.0000	0.0000	0.0599	0.0002
0.9927	0.0072	0.0000	0.0000	0.0001	0.0000
0.0000	0.0000	0.9999	0.0001	0.0000	0.0000
0.0000	0.0000	1.0000	0.0000	0.0000	0.0000
0.0000	0.0000	1.0000	0.0000	0.0000	0.0000
0.0000	0.0000	1.0000	0.0000	0.0000	0.0000
0.0000	0.0000	0.7515	0.2485	0.0000	0.0000
0.0000	0.0000	0.0000	1.0000	0.0000	0.0000
0.0000	0.0000	0.0000	1.0000	0.0000	0.0000
0.0000	0.0000	0.0000	1.0000	0.0000	0.0000
0.0002	0.0000	0.0010	0.9988	0.0000	0.0000
0.0000	0.0000	1.0000	0.0000	0.0000	0.0000
0.0000	0.0000	0.9438	0.0562	0.0000	0.0000
0.0000	0.0000	0.0021	0.9979	0.0000	0.0000
0.0000	0.0000	0.0000	0.0000	0.1372	0.8627
0.0000	0.0003	0.0000	0.0000	0.3945	0.6052
0.0000	0.0000	0.0000	0.0000	0.0515	0.9485
0.0001	0.0000	0.0000	0.0003	0.9780	0.0216
0.0000	0.0000	0.0000	0.0000	0.8431	0.1568
0.0000	0.0014	0.0000	0.0000	0.8695	0.1291
0.0000	0.0000	0.0000	0.0000	0.1495	0.8505
0.0000	0.0000	0.0000	0.0000	0.0006	0.9994
0.0000	0.0000	0.0000	0.0000	0.0285	0.9715
0.0001	0.0014	0.0000	0.0000	0.9060	0.0926
0.0000	0.0000	0.0000	0.0000	0.0000	1.0000
