0.2807	0.7162	0.0000	0.0000	0.0028	0.0003
0.8762	0.1236	0.0000	0.0001	0.0001	0.0000
0.9794	0.0200	0.0000	0.0004	0.0002	0.0000
0.6469	0.3482	0.0000	0.0011	0.0038	0.0000
0.3889	0.5514	0.0000	0.0456	0.0136	0.0005
0.0273	0.6903	0.0000	0.0135	0.0941	0.1748
0.3271	0.6724	0.0000	0.0005	0.0001	0.0000
0.9238	0.0611	0.0003	0.0147	0.0001	0.0000
0.3312	0.6547	0.0000	0.0007	0.0132	0.0002
0.8523	0.1402	0.0001	0.0014	0.0058	0.0001
0.0000	0.0000	0.9898	0.0102	0.0000	0.0000
0.0000	0.0000	0.9997	0.0003	0.0000	0.0000
0.0000	0.0000	1.0000	0.0000	0.0000	0.0000
0.0000	0.0000	1.0000	0.0000	0.0000	0.0000
0.0000	0.0000	0.9041	0.0959	0.0000	0.0000
0.0000	0.0000	0.0001	0.9999	0.0000	0.0000
0.0000	0.0000	0.0000	1.0000	0.0000	0.0000
0.0000	0.0000	0.0009	0.9991	0.0000	0.0000
0.0012	0.0000	0.0244	0.9744	0.0000	0.0000
0.0000	0.0000	0.9996	0.0004	0.0000	0.0000
0.0000	0.0000	0.9581	0.0419	0.0000	0.0000
0.0000	0.0000	0.0037	0.9963	0.0000	0.0000
0.0001	0.0073	0.0000	0.0002	0.1589	0.8335
0.0000	0.0439	0.0000	0.0005	0.8617	0.0939
0.0002	0.0183	0.0000	0.0586	0.2175	0.7054
0.0078	0.0003	0.0378	0.9034	0.0022	0.0484
0.0130	0.0178	0.0002	0.0033	0.8925	0.0732
0.0011	0.2068	0.0000	0.0005	0.6611	0.1306
0.0000	0.0000	0.0000	0.0008	0.2135	0.7857
0.0000	0.0000	0.0000	0.0001	0.0033	0.9966
0.0000	0.0000	0.0000	0.0104	0.0083	0.9813
0.0002	0.0076	0.0000	0.0015	0.5807	0.4100
0.0000	0.0000	0.0000	0.0000	0.0000	1.0000
