0.1462	0.8534	0.0000	0.0000	0.0004	0.0000
0.8519	0.1477	0.0000	0.0000	0.0003	0.0000
0.9689	0.0311	0.0000	0.0000	0.0000	0.0000
0.9738	0.0260	0.0000	0.0000	0.0002	0.0000
0.1585	0.8171	0.0000	0.0000	0.0232	0.0012
0.0000	0.0397	0.0000	0.0000	0.7043	0.2560
0.4690	0.5308	0.0000	0.0000	0.0002	0.0000
0.9151	0.0841	0.0000	0.0000	0.0008	0.0000
0.6641	0.3215	0.0000	0.0000	0.0141	0.0003
0.9232	0.0728	0.0000	0.0000	0.0041	0.0000
0.0000	0.0000	0.9971	0.0029	0.0000	0.0000
0.0000	0.0000	1.0000	0.0000	0.0000	0.0000
0.0000	0.0000	1.0000	0.0000	0.0000	0.0000
0.0000	0.0000	1.0000	0.0000	0.0000	0.0000
0.0000	0.0000	0.8242	0.1758	0.0000	0.0000
0.0000	0.0000	0.0000	1.0000	0.0000	0.0000
0.0000	0.0000	0.0000	1.0000	0.0000	0.0000
0.0000	0.0000	0.0001	0.9999	0.0000	0.0000
0.0046	0.0000	0.0385	0.9569	0.0000	0.0000
0.0000	0.0000	0.9999	0.0001	0.0000	0.0000
0.0000	0.0000	0.6070	0.3930	0.0000	0.0000
0.0000	0.0000	0.0219	0.9781	0.0000	0.0000
0.0000	0.0027	0.0000	0.0000	0.2699	0.7274
0.0000	0.0001	0.0000	0.0000	0.0000	0.9999
0.0000	0.0010	0.0000	0.0000	0.2934	0.7056
0.0000	0.0000	0.0000	0.0000	0.8872	0.1128
0.0000	0.0003	0.0000	0.0000	0.9729	0.0268
0.0000	0.0077	0.0000	0.0000	0.3738	0.6185
0.0000	0.0000	0.0000	0.0000	0.1618	0.8382
0.0000	0.0000	0.0000	0.0000	0.0011	0.9989
0.0000	0.0000	0.0000	0.0000	0.3369	0.6631
0.0010	0.0326	0.0000	0.0000	0.9256	0.0409
0.0000	0.0000	0.0000	0.0000	0.0000	1.0000
