0.5057	0.4534	0.0000	0.0000	0.0404	0.0005
0.8097	0.1681	0.0000	0.0000	0.0221	0.0002
0.9837	0.0050	0.0000	0.0000	0.0114	0.0000
0.5690	0.4087	0.0000	0.0000	0.0218	0.0004
0.5959	0.2864	0.0000	0.0000	0.1108	0.0069
0.0086	0.1041	0.0000	0.0000	0.2442	0.6431
0.3509	0.6213	0.0000	0.0000	0.0273	0.0006
0.6295	0.2879	0.0000	0.0000	0.0807	0.0019
0.2723	0.6663	0.0000	0.0000	0.0579	0.0035
0.7466	0.1427	0.0000	0.0000	0.1082	0.0025
0.0000	0.0000	0.9999	0.0001	0.0000	0.0000
0.0000	0.0000	0.9988	0.0012	0.0000	0.0000
0.0000	0.0000	0.9992	0.0008	0.0000	0.0000
0.0000	0.0000	0.9994	0.0006	0.0000	0.0000
0.0000	0.0000	0.9239	0.0757	0.0001	0.0003
0.0000	0.0000	0.0232	0.9768	0.0000	0.0000
0.0045	0.0000	0.0001	0.9946	0.0007	0.0002
0.0001	0.0000	0.0110	0.9889	0.0000	0.0000
0.0006	0.0000	0.0045	0.9947	0.0002	0.0000
0.0000	0.0000	1.0000	0.0000	0.0000	0.0000
0.0000	0.0000	0.9737	0.0263	0.0000	0.0000
0.0000	0.0000	0.0575	0.9425	0.0000	0.0000
0.0043	0.0207	0.0000	0.0000	0.2756	0.6994
0.0002	0.0030	0.0000	0.0007	0.0447	0.9514
0.0124	0.0692	0.0000	0.0001	0.3006	0.6178
0.0093	0.0076	0.0000	0.0001	0.6053	0.3777
0.0127	0.0070	0.0000	0.0000	0.8407	0.1396
0.0316	0.0545	0.0000	0.0000	0.7243	0.1895
0.0001	0.0001	0.0000	0.0000	0.2080	0.7918
0.0000	0.0000	0.0000	0.0013	0.0013	0.9974
0.0001	0.0004	0.0000	0.0003	0.1163	0.8829
0.1384	0.4311	0.0000	0.0000	0.4030	0.0275
0.0000	0.0000	0.0000	0.0000	0.0000	1.0000
