0.0737	0.9263	0.0000	0.0000	0.0001	0.0000
0.9032	0.0968	0.0000	0.0000	0.0000	0.0000
0.9846	0.0154	0.0000	0.0000	0.0000	0.0000
0.8558	0.1438	0.0000	0.0000	0.0003	0.0000
0.1528	0.8452	0.0000	0.0000	0.0019	0.0000
0.0013	0.5135	0.0000	0.0000	0.2047	0.2805
0.1447	0.8553	0.0000	0.0000	0.0000	0.0000
0.7998	0.2002	0.0000	0.0000	0.0000	0.0000
0.1373	0.8596	0.0000	0.0000	0.0031	0.0000
0.8732	0.1250	0.0000	0.0000	0.0017	0.0000
0.0000	0.0000	0.9959	0.0041	0.0000	0.0000
0.0000	0.0000	1.0000	0.0000	0.0000	0.0000
0.0000	0.0000	1.0000	0.0000	0.0000	0.0000
0.0000	0.0000	1.0000	0.0000	0.0000	0.0000
0.0000	0.0000	0.5797	0.4203	0.0000	0.0000
0.0000	0.0000	0.0000	1.0000	0.0000	0.0000
0.0000	0.0000	0.0000	1.0000	0.0000	0.0000
0.0000	0.0000	0.0000	1.0000	0.0000	0.0000
0.0013	0.0000	0.0041	0.9946	0.0000	0.0000
0.0000	0.0000	1.0000	0.0000	0.0000	0.0000
0.0000	0.0000	0.7428	0.2572	0.0000	0.0000
0.0000	0.0000	0.0014	0.9986	0.0000	0.0000
0.0000	0.0008	0.0000	0.0000	0.0858	0.9133
0.0000	0.1304	0.0000	0.0000	0.8391	0.0305
0.0000	0.0021	0.0000	0.0000	0.2000	0.7978
0.0034	0.1311	0.0000	0.0008	0.7831	0.0815
0.0006	0.0012	0.0000	0.0000	0.8765	0.1217
0.0000	0.0517	0.0000	0.0000	0.7547	0.1937
0.0000	0.0000	0.0000	0.0000	0.0775	0.9225
0.0000	0.0000	0.0000	0.0000	0.0020	0.9980
0.0000	0.0000	0.0000	0.0000	0.1002	0.8998
0.0001	0.0095	0.0000	0.0000	0.8287	0.1617
0.0000	0.0000	0.0000	0.0000	0.0000	1.0000
