1.0000	0.0000	0.0000	0.0000	0.0000	0.0000
0.7541	0.1459	0.0000	0.0000	0.1000	0.0000
0.4410	0.4161	0.0000	0.0000	0.1429	0.0001
0.2833	0.6606	0.0000	0.0000	0.0560	0.0001
0.3418	0.6349	0.0000	0.0000	0.0233	0.0000
0.1311	0.2535	0.0000	0.0000	0.6152	0.0002
0.9818	0.0124	0.0000	0.0000	0.0058	0.0000
0.4573	0.1004	0.0000	0.0000	0.4422	0.0000
0.7825	0.0634	0.0000	0.0000	0.1540	0.0000
0.3200	0.1803	0.0000	0.0000	0.4997	0.0001
0.0000	0.0000	0.9985	0.0015	0.0000	0.0000
0.0000	0.0000	1.0000	0.0000	0.0000	0.0000
0.0000	0.0000	0.0004	0.9996	0.0000	0.0000
0.0025	0.0000	0.0022	0.9953	0.0000	0.0000
0.0000	0.0000	0.0000	1.0000	0.0000	0.0000
0.0000	0.0000	0.2753	0.7234	0.0000	0.0013
0.0000	0.0000	0.0059	0.9941	0.0000	0.0000
0.0000	0.0000	0.9999	0.0001	0.0000	0.0000
0.0000	0.0000	0.0038	0.9643	0.0000	0.0320
0.0000	0.0000	0.9544	0.0456	0.0000	0.0000
0.0000	0.0000	0.0008	0.9992	0.0000	0.0000
0.0000	0.0000	0.0000	1.0000	0.0000	0.0000
0.0001	0.0015	0.0000	0.0000	0.9712	0.0272
0.0001	0.0169	0.0000	0.0000	0.9665	0.0166
0.0002	0.0201	0.0000	0.0000	0.9684	0.0113
0.0006	0.0090	0.0000	0.0000	0.9878	0.0025
0.0007	0.0333	0.0000	0.0000	0.9076	0.0585
0.1461	0.0021	0.0000	0.0009	0.1556	0.6952
0.0120	0.0270	0.0000	0.0000	0.9598	0.0011
0.0021	0.0071	0.0000	0.0000	0.9900	0.0008
0.0301	0.0068	0.0000	0.0000	0.9629	0.0002
0.0000	0.0001	0.0000	0.0000	0.0040	0.9960
0.0000	0.0002	0.0000	0.0000	0.0448	0.9549
