0.0030	0.0001	0.0000	0.9951	0.0002	0.0017
0.5502	0.3779	0.0000	0.0000	0.0706	0.0013
0.4464	0.4169	0.0000	0.0000	0.1288	0.0079
0.4460	0.4093	0.0000	0.0000	0.1352	0.0095
0.4659	0.4311	0.0000	0.0000	0.0996	0.0035
0.4022	0.4104	0.0000	0.0000	0.1800	0.0075
0.5102	0.3507	0.0000	0.0000	0.1315	0.0076
0.5411	0.3799	0.0000	0.0000	0.0776	0.0014
0.5098	0.3770	0.0000	0.0000	0.1087	0.0045
0.4574	0.3967	0.0000	0.0000	0.1405	0.0054
0.0000	0.0000	0.9732	0.0267	0.0000	0.0001
0.0000	0.0000	0.9937	0.0062	0.0000	0.0001
0.0000	0.0000	0.1341	0.8656	0.0000	0.0003
0.0001	0.0001	0.0206	0.9583	0.0005	0.0203
0.0000	0.0000	0.0242	0.9694	0.0000	0.0063
0.0000	0.0000	0.2071	0.7884	0.0000	0.0045
0.0000	0.0000	0.2042	0.7935	0.0000	0.0023
0.0000	0.0000	0.9207	0.0750	0.0000	0.0043
0.0000	0.0000	0.0098	0.8976	0.0005	0.0920
0.0000	0.0000	0.8489	0.1505	0.0000	0.0006
0.0000	0.0000	0.0949	0.9049	0.0000	0.0003
0.0000	0.0000	0.0558	0.9441	0.0000	0.0001
0.0554	0.1223	0.0000	0.0001	0.5358	0.2865
0.1731	0.2918	0.0000	0.0000	0.4554	0.0797
0.1738	0.2734	0.0000	0.0001	0.4370	0.1158
0.1919	0.3083	0.0000	0.0000	0.4432	0.0566
0.1483	0.2563	0.0000	0.0001	0.4398	0.1556
0.0304	0.0434	0.0000	0.0141	0.2404	0.6716
0.3201	0.3573	0.0000	0.0000	0.2995	0.0231
0.1806	0.2901	0.0000	0.0000	0.4749	0.0545
0.4066	0.3516	0.0000	0.0000	0.2240	0.0178
0.0099	0.0385	0.0000	0.0036	0.1924	0.7557
0.0224	0.0696	0.0000	0.0011	0.2753	0.6316
