0.0000	0.0000	0.0000	1.0000	0.0000	0.0000
0.0054	0.9944	0.0000	0.0000	0.0002	0.0000
0.8911	0.1070	0.0000	0.0000	0.0019	0.0000
0.0000	1.0000	0.0000	0.0000	0.0000	0.0000
0.7011	0.2989	0.0000	0.0000	0.0000	0.0000
0.0003	0.9862	0.0000	0.0000	0.0135	0.0000
0.9999	0.0001	0.0000	0.0000	0.0000	0.0000
0.0003	0.9975	0.0000	0.0000	0.0022	0.0000
0.9893	0.0098	0.0000	0.0000	0.0009	0.0000
0.1427	0.8354	0.0000	0.0000	0.0219	0.0000
0.0000	0.0000	1.0000	0.0000	0.0000	0.0000
0.0000	0.0000	1.0000	0.0000	0.0000	0.0000
0.0000	0.0000	0.3972	0.6028	0.0000	0.0000
0.0000	0.0000	0.1240	0.8760	0.0000	0.0000
0.0000	0.0000	0.0000	1.0000	0.0000	0.0000
0.0000	0.0000	0.0064	0.9936	0.0000	0.0000
0.0000	0.0000	0.2653	0.7347	0.0000	0.0000
0.0000	0.0000	1.0000	0.0000	0.0000	0.0000
0.0000	0.0000	0.0000	1.0000	0.0000	0.0000
0.0000	0.0000	0.9983	0.0017	0.0000	0.0000
0.0000	0.0000	0.0000	1.0000	0.0000	0.0000
0.0000	0.0000	0.0000	1.0000	0.0000	0.0000
0.0000	0.0000	0.0000	0.0000	0.9861	0.0139
0.0000	0.0007	0.0000	0.0000	0.9943	0.0049
0.0000	0.0001	0.0000	0.0000	0.9980	0.0019
0.0000	0.0000	0.0000	0.0000	0.7691	0.2309
0.0000	0.0185	0.0000	0.0000	0.7890	0.1925
0.0000	0.0000	0.0000	0.9998	0.0002	0.0000
0.0000	0.0029	0.0000	0.0000	0.9971	0.0000
0.0000	0.0000	0.0000	0.0000	0.9981	0.0018
0.0003	0.0001	0.0000	0.0000	0.7716	0.2280
0.0000	0.0000	0.0000	0.0000	0.0008	0.9992
0.0000	0.0000	0.0000	0.0000	0.0006	0.9994
