0.9701	0.0000	0.0000	0.0299	0.0000	0.0000
0.1874	0.8051	0.0000	0.0000	0.0075	0.0000
0.2393	0.7238	0.0000	0.0000	0.0368	0.0000
0.0065	0.9931	0.0000	0.0000	0.0004	0.0000
0.1687	0.8310	0.0000	0.0000	0.0003	0.0000
0.0071	0.9525	0.0000	0.0000	0.0403	0.0002
0.9755	0.0245	0.0000	0.0000	0.0000	0.0000
0.0598	0.8159	0.0000	0.0000	0.1221	0.0022
0.6742	0.1824	0.0000	0.0000	0.1414	0.0020
0.0132	0.9308	0.0000	0.0000	0.0559	0.0002
0.0000	0.0000	0.9997	0.0003	0.0000	0.0000
0.0000	0.0000	1.0000	0.0000	0.0000	0.0000
0.0000	0.0000	0.0046	0.9954	0.0000	0.0000
0.0000	0.0000	0.1214	0.8786	0.0000	0.0000
0.0000	0.0000	0.0002	0.9998	0.0000	0.0000
0.0000	0.0000	0.0201	0.9799	0.0000	0.0000
0.0000	0.0000	0.0255	0.9745	0.0000	0.0000
0.0000	0.0000	0.9971	0.0029	0.0000	0.0000
0.0000	0.0000	0.0000	1.0000	0.0000	0.0000
0.0000	0.0000	0.9958	0.0042	0.0000	0.0000
0.0000	0.0000	0.0000	1.0000	0.0000	0.0000
0.0000	0.0000	0.0000	1.0000	0.0000	0.0000
0.0000	0.0008	0.0000	0.0000	0.9671	0.0321
0.0000	0.0517	0.0000	0.0000	0.6916	0.2567
0.0000	0.0262	0.0000	0.0000	0.8871	0.0868
0.0000	0.0084	0.0000	0.0000	0.9126	0.0790
0.0000	0.0839	0.0000	0.0000	0.7401	0.1761
0.0042	0.0023	0.0000	0.0226	0.9656	0.0052
0.0002	0.0066	0.0000	0.0000	0.9908	0.0024
0.0000	0.0004	0.0000	0.0000	0.9977	0.0019
0.0167	0.0031	0.0000	0.0000	0.9555	0.0247
0.0000	0.0013	0.0000	0.0000	0.0364	0.9623
0.0000	0.0000	0.0000	0.0000	0.0108	0.9892
