0.9987	0.0000	0.0000	0.0013	0.0000	0.0000
0.5350	0.4596	0.0000	0.0000	0.0054	0.0000
0.3309	0.6254	0.0000	0.0000	0.0437	0.0000
0.0847	0.9151	0.0000	0.0000	0.0002	0.0000
0.0319	0.9680	0.0000	0.0000	0.0001	0.0000
0.1174	0.7941	0.0000	0.0000	0.0885	0.0000
0.9977	0.0022	0.0000	0.0000	0.0001	0.0000
0.2510	0.3012	0.0000	0.0000	0.4478	0.0000
0.8601	0.0412	0.0000	0.0000	0.0987	0.0000
0.1199	0.5704	0.0000	0.0000	0.3097	0.0000
0.0000	0.0000	1.0000	0.0000	0.0000	0.0000
0.0000	0.0000	1.0000	0.0000	0.0000	0.0000
0.0000	0.0000	0.0009	0.9991	0.0000	0.0000
0.0000	0.0000	0.1581	0.8419	0.0000	0.0000
0.0000	0.0000	0.0000	1.0000	0.0000	0.0000
0.0000	0.0000	0.1131	0.8868	0.0000	0.0001
0.0000	0.0000	0.0056	0.9944	0.0000	0.0000
0.0000	0.0000	1.0000	0.0000	0.0000	0.0000
0.0000	0.0000	0.0000	0.9988	0.0000	0.0012
0.0000	0.0000	0.9972	0.0028	0.0000	0.0000
0.0000	0.0000	0.0000	1.0000	0.0000	0.0000
0.0000	0.0000	0.0000	1.0000	0.0000	0.0000
0.0000	0.0001	0.0000	0.0000	0.9986	0.0014
0.0000	0.0065	0.0000	0.0000	0.9915	0.0020
0.0000	0.0006	0.0000	0.0000	0.9989	0.0005
0.0000	0.0020	0.0000	0.0000	0.9979	0.0001
0.0000	0.0285	0.0000	0.0000	0.9211	0.0503
0.0002	0.0000	0.0000	0.0019	0.0427	0.9553
0.0001	0.0009	0.0000	0.0000	0.9990	0.0000
0.0000	0.0001	0.0000	0.0000	0.9998	0.0000
0.0016	0.0007	0.0000	0.0000	0.9977	0.0000
0.0000	0.0000	0.0000	0.0000	0.0000	1.0000
0.0000	0.0000	0.0000	0.0000	0.0033	0.9967
