0.8822	0.0000	0.0000	0.1178	0.0000	0.0000
0.4062	0.5866	0.0000	0.0000	0.0071	0.0000
0.5063	0.4651	0.0000	0.0000	0.0285	0.0001
0.0334	0.9661	0.0000	0.0000	0.0005	0.0000
0.2507	0.7482	0.0000	0.0000	0.0012	0.0000
0.0447	0.8865	0.0000	0.0000	0.0685	0.0004
0.9915	0.0085	0.0000	0.0000	0.0000	0.0000
0.2041	0.6723	0.0000	0.0000	0.1216	0.0019
0.8733	0.0913	0.0000	0.0000	0.0348	0.0007
0.1007	0.7195	0.0000	0.0000	0.1792	0.0006
0.0000	0.0000	0.9998	0.0002	0.0000	0.0000
0.0000	0.0000	1.0000	0.0000	0.0000	0.0000
0.0000	0.0000	0.0024	0.9976	0.0000	0.0000
0.0000	0.0000	0.0643	0.9357	0.0000	0.0000
0.0000	0.0000	0.0001	0.9999	0.0000	0.0000
0.0000	0.0000	0.0584	0.9416	0.0000	0.0000
0.0000	0.0000	0.0194	0.9806	0.0000	0.0000
0.0000	0.0000	0.9992	0.0008	0.0000	0.0000
0.0000	0.0000	0.0000	1.0000	0.0000	0.0000
0.0000	0.0000	0.9875	0.0125	0.0000	0.0000
0.0000	0.0000	0.0000	1.0000	0.0000	0.0000
0.0000	0.0000	0.0000	1.0000	0.0000	0.0000
0.0000	0.0012	0.0000	0.0000	0.9250	0.0737
0.0000	0.1160	0.0000	0.0000	0.6257	0.2583
0.0000	0.0458	0.0000	0.0000	0.9042	0.0501
0.0000	0.0090	0.0000	0.0000	0.9540	0.0369
0.0000	0.0798	0.0000	0.0000	0.4843	0.4359
0.1550	0.0021	0.0000	0.1160	0.6384	0.0885
0.0015	0.0201	0.0000	0.0000	0.9694	0.0090
0.0001	0.0010	0.0000	0.0000	0.9963	0.0025
0.0191	0.0126	0.0000	0.0000	0.9665	0.0017
0.0000	0.0007	0.0000	0.0000	0.0067	0.9926
0.0000	0.0002	0.0000	0.0000	0.0062	0.9936
