0.8469	0.0000	0.0000	0.1531	0.0000	0.0000
0.2921	0.6653	0.0000	0.0000	0.0357	0.0070
0.3312	0.5609	0.0000	0.0001	0.0889	0.0189
0.0996	0.8891	0.0000	0.0001	0.0081	0.0032
0.2593	0.7319	0.0000	0.0000	0.0079	0.0008
0.0918	0.7470	0.0000	0.0000	0.1230	0.0381
0.9215	0.0766	0.0000	0.0000	0.0015	0.0003
0.1644	0.6398	0.0000	0.0000	0.1380	0.0578
0.5437	0.2695	0.0000	0.0000	0.1343	0.0524
0.1435	0.6744	0.0000	0.0000	0.1519	0.0302
0.0000	0.0000	0.9827	0.0173	0.0000	0.0000
0.0000	0.0000	1.0000	0.0000	0.0000	0.0000
0.0000	0.0000	0.0347	0.9653	0.0000	0.0000
0.0029	0.0000	0.0761	0.9210	0.0000	0.0000
0.0000	0.0000	0.0037	0.9963	0.0000	0.0000
0.0000	0.0000	0.1762	0.8232	0.0001	0.0005
0.0007	0.0000	0.3360	0.6633	0.0000	0.0000
0.0000	0.0000	0.9988	0.0012	0.0000	0.0000
0.0002	0.0001	0.0464	0.9516	0.0004	0.0013
0.0000	0.0000	0.8641	0.1359	0.0000	0.0000
0.0000	0.0000	0.0019	0.9981	0.0000	0.0000
0.0000	0.0000	0.0001	0.9999	0.0000	0.0000
0.0003	0.0080	0.0000	0.0001	0.5043	0.4873
0.0002	0.1358	0.0000	0.0000	0.4028	0.4611
0.0003	0.1121	0.0000	0.0003	0.5028	0.3846
0.0013	0.0635	0.0000	0.0000	0.5119	0.4233
0.0006	0.0981	0.0000	0.0000	0.3000	0.6013
0.0960	0.0068	0.0001	0.3747	0.2320	0.2904
0.0091	0.1606	0.0000	0.0001	0.6201	0.2101
0.0023	0.0266	0.0000	0.0000	0.7886	0.1825
0.0347	0.1488	0.0000	0.0000	0.6446	0.1718
0.0000	0.0038	0.0000	0.0005	0.0196	0.9761
0.0000	0.0018	0.0000	0.0001	0.0284	0.9697
