1.0000	0.0000	0.0000	0.0000	0.0000	0.0000
0.8011	0.1896	0.0000	0.0000	0.0092	0.0000
0.7441	0.2531	0.0001	0.0000	0.0027	0.0000
0.5013	0.4898	0.0002	0.0000	0.0086	0.0002
0.2766	0.7182	0.0000	0.0000	0.0051	0.0000
0.0159	0.3498	0.0000	0.0000	0.6318	0.0024
0.9236	0.0409	0.0002	0.0000	0.0354	0.0000
0.7466	0.2204	0.0001	0.0000	0.0328	0.0001
0.9732	0.0244	0.0001	0.0000	0.0024	0.0000
0.2066	0.4385	0.0002	0.0000	0.3543	0.0003
0.0000	0.0000	1.0000	0.0000	0.0000	0.0000
0.0000	0.0000	1.0000	0.0000	0.0000	0.0000
0.0001	0.0000	0.7595	0.2404	0.0000	0.0000
0.0282	0.0000	0.9585	0.0134	0.0000	0.0000
0.0000	0.0000	0.0013	0.9987	0.0000	0.0000
0.0000	0.0000	0.0812	0.9155	0.0000	0.0033
0.0000	0.0000	0.9997	0.0003	0.0000	0.0000
0.0000	0.0000	1.0000	0.0000	0.0000	0.0000
0.0000	0.0000	0.0002	0.9905	0.0000	0.0094
0.0000	0.0000	1.0000	0.0000	0.0000	0.0000
0.0000	0.0000	0.0222	0.9778	0.0000	0.0000
0.0000	0.0000	0.0005	0.9995	0.0000	0.0000
0.0000	0.0002	0.0000	0.0000	0.9603	0.0395
0.0000	0.0019	0.0000	0.0000	0.9134	0.0847
0.0000	0.0091	0.0001	0.0000	0.9597	0.0310
0.0000	0.0022	0.0000	0.0000	0.9869	0.0109
0.0001	0.0162	0.0001	0.0000	0.8067	0.1769
0.0455	0.0007	0.0088	0.0607	0.0752	0.8091
0.0012	0.0141	0.0001	0.0000	0.9753	0.0093
0.0000	0.0035	0.0000	0.0000	0.9938	0.0027
0.0428	0.0909	0.0000	0.0000	0.8658	0.0005
0.0000	0.0001	0.0000	0.0001	0.0075	0.9924
0.0000	0.0001	0.0000	0.0000	0.0509	0.9490
