0.4134	0.0000	0.0000	0.5866	0.0000	0.0000
0.4876	0.4460	0.0000	0.0000	0.0653	0.0010
0.4554	0.4846	0.0000	0.0000	0.0586	0.0014
0.0606	0.9280	0.0000	0.0000	0.0108	0.0006
0.5145	0.4728	0.0000	0.0000	0.0127	0.0001
0.0902	0.7377	0.0000	0.0000	0.1663	0.0058
0.8853	0.1118	0.0000	0.0000	0.0028	0.0001
0.3664	0.4414	0.0000	0.0000	0.1847	0.0076
0.6658	0.2472	0.0000	0.0000	0.0816	0.0054
0.2585	0.5892	0.0000	0.0000	0.1477	0.0046
0.0000	0.0000	0.9988	0.0012	0.0000	0.0000
0.0000	0.0000	1.0000	0.0000	0.0000	0.0000
0.0000	0.0000	0.0134	0.9866	0.0000	0.0000
0.0011	0.0000	0.0161	0.9828	0.0000	0.0000
0.0000	0.0000	0.0091	0.9909	0.0000	0.0000
0.0000	0.0001	0.1466	0.8532	0.0000	0.0001
0.0004	0.0000	0.0623	0.9372	0.0000	0.0000
0.0000	0.0000	0.9969	0.0031	0.0000	0.0000
0.0001	0.0009	0.0098	0.9885	0.0003	0.0005
0.0000	0.0000	0.8255	0.1745	0.0000	0.0000
0.0000	0.0000	0.0008	0.9992	0.0000	0.0000
0.0000	0.0000	0.0002	0.9998	0.0000	0.0000
0.0005	0.0224	0.0000	0.0000	0.7899	0.1872
0.0001	0.1817	0.0000	0.0000	0.5908	0.2274
0.0006	0.1416	0.0000	0.0000	0.7356	0.1222
0.0036	0.0708	0.0000	0.0000	0.8395	0.0861
0.0004	0.1330	0.0000	0.0000	0.4901	0.3765
0.2033	0.0788	0.0000	0.0165	0.5458	0.1555
0.0236	0.2116	0.0000	0.0000	0.7353	0.0295
0.0067	0.0373	0.0000	0.0000	0.9287	0.0272
0.1032	0.0845	0.0000	0.0000	0.7986	0.0137
0.0000	0.0078	0.0000	0.0000	0.0360	0.9562
0.0000	0.0022	0.0000	0.0000	0.0361	0.9617
