0.9996	0.0000	0.0000	0.0004	0.0000	0.0000
0.2351	0.7442	0.0000	0.0000	0.0203	0.0003
0.4529	0.4879	0.0000	0.0000	0.0578	0.0014
0.0084	0.9892	0.0000	0.0000	0.0024	0.0000
0.3945	0.6014	0.0000	0.0000	0.0040	0.0000
0.0201	0.8686	0.0000	0.0000	0.1085	0.0028
0.9473	0.0526	0.0000	0.0000	0.0000	0.0000
0.1287	0.6856	0.0000	0.0000	0.1756	0.0101
0.6291	0.2450	0.0000	0.0000	0.1188	0.0071
0.1359	0.7329	0.0000	0.0000	0.1292	0.0020
0.0000	0.0000	0.9999	0.0001	0.0000	0.0000
0.0000	0.0000	1.0000	0.0000	0.0000	0.0000
0.0000	0.0000	0.0084	0.9916	0.0000	0.0000
0.0002	0.0000	0.0428	0.9569	0.0000	0.0000
0.0000	0.0000	0.0052	0.9948	0.0000	0.0000
0.0000	0.0000	0.0634	0.9365	0.0000	0.0000
0.0003	0.0000	0.0772	0.9225	0.0000	0.0000
0.0000	0.0000	0.9990	0.0010	0.0000	0.0000
0.0000	0.0000	0.0009	0.9989	0.0001	0.0000
0.0000	0.0000	0.9909	0.0091	0.0000	0.0000
0.0000	0.0000	0.0002	0.9998	0.0000	0.0000
0.0000	0.0000	0.0000	1.0000	0.0000	0.0000
0.0000	0.0076	0.0000	0.0000	0.7303	0.2621
0.0000	0.0881	0.0000	0.0000	0.5086	0.4033
0.0000	0.0457	0.0000	0.0000	0.8029	0.1513
0.0000	0.0072	0.0000	0.0000	0.8657	0.1271
0.0000	0.0830	0.0000	0.0000	0.4894	0.4276
0.0182	0.0061	0.0000	0.0564	0.8985	0.0208
0.0021	0.0526	0.0000	0.0000	0.9165	0.0287
0.0007	0.0087	0.0000	0.0000	0.9702	0.0203
0.0077	0.0115	0.0000	0.0000	0.9661	0.0147
0.0000	0.0017	0.0000	0.0000	0.1657	0.8326
0.0000	0.0001	0.0000	0.0000	0.0255	0.9744
