0.2065	0.0000	0.0000	0.7934	0.0000	0.0000
0.5501	0.2871	0.0000	0.0000	0.1356	0.0272
0.4377	0.3918	0.0000	0.0001	0.1369	0.0335
0.4573	0.3843	0.0000	0.0002	0.1228	0.0355
0.4851	0.4078	0.0000	0.0000	0.0929	0.0141
0.2942	0.3501	0.0000	0.0000	0.2784	0.0773
0.7417	0.1678	0.0000	0.0001	0.0760	0.0144
0.4752	0.2759	0.0000	0.0000	0.1971	0.0518
0.5887	0.2278	0.0000	0.0000	0.1434	0.0401
0.3864	0.3025	0.0000	0.0000	0.2528	0.0582
0.0000	0.0000	0.9481	0.0519	0.0000	0.0000
0.0001	0.0001	0.9919	0.0077	0.0001	0.0000
0.0001	0.0000	0.0531	0.9468	0.0000	0.0000
0.0188	0.0006	0.0452	0.9348	0.0004	0.0002
0.0008	0.0001	0.0185	0.9804	0.0000	0.0000
0.0005	0.0013	0.1894	0.8055	0.0013	0.0019
0.0042	0.0006	0.1120	0.8828	0.0003	0.0001
0.0000	0.0001	0.8726	0.1239	0.0027	0.0006
0.0036	0.0058	0.0223	0.9486	0.0069	0.0128
0.0010	0.0003	0.6692	0.3288	0.0004	0.0002
0.0001	0.0000	0.0216	0.9783	0.0000	0.0000
0.0000	0.0000	0.0078	0.9922	0.0000	0.0000
0.0207	0.0734	0.0000	0.0001	0.4948	0.4111
0.0277	0.1285	0.0000	0.0000	0.4378	0.4061
0.0599	0.2054	0.0000	0.0002	0.4837	0.2508
0.0637	0.1521	0.0000	0.0000	0.5178	0.2663
0.0519	0.1583	0.0000	0.0001	0.3851	0.4046
0.2524	0.0988	0.0000	0.0399	0.3186	0.2903
0.1548	0.2160	0.0000	0.0001	0.4716	0.1575
0.0773	0.1585	0.0000	0.0000	0.5726	0.1915
0.2615	0.2175	0.0000	0.0000	0.4260	0.0949
0.0032	0.0589	0.0000	0.0029	0.1937	0.7414
0.0030	0.0527	0.0000	0.0007	0.2226	0.7210
