0.8958	0.0000	0.0000	0.1042	0.0000	0.0000
0.0283	0.9717	0.0000	0.0000	0.0001	0.0000
0.7948	0.1990	0.0000	0.0000	0.0061	0.0001
0.0000	1.0000	0.0000	0.0000	0.0000	0.0000
0.8221	0.1778	0.0000	0.0000	0.0000	0.0000
0.0001	0.9972	0.0000	0.0000	0.0026	0.0001
0.9994	0.0006	0.0000	0.0000	0.0000	0.0000
0.0018	0.9933	0.0000	0.0000	0.0038	0.0010
0.9654	0.0190	0.0000	0.0000	0.0155	0.0000
0.0570	0.8876	0.0000	0.0000	0.0554	0.0000
0.0000	0.0000	1.0000	0.0000	0.0000	0.0000
0.0000	0.0000	1.0000	0.0000	0.0000	0.0000
0.0000	0.0000	0.5088	0.4912	0.0000	0.0000
0.0000	0.0000	0.6406	0.3594	0.0000	0.0000
0.0000	0.0000	0.0000	1.0000	0.0000	0.0000
0.0000	0.0000	0.1101	0.8899	0.0000	0.0000
0.0000	0.0000	0.8369	0.1631	0.0000	0.0000
0.0000	0.0000	1.0000	0.0000	0.0000	0.0000
0.0000	0.0000	0.0000	1.0000	0.0000	0.0000
0.0000	0.0000	1.0000	0.0000	0.0000	0.0000
0.0000	0.0000	0.0000	1.0000	0.0000	0.0000
0.0000	0.0000	0.0000	1.0000	0.0000	0.0000
0.0000	0.0000	0.0000	0.0000	0.8888	0.1112
0.0000	0.0247	0.0000	0.0000	0.6912	0.2841
0.0000	0.0010	0.0000	0.0000	0.9727	0.0264
0.0000	0.0000	0.0000	0.0000	0.4864	0.5136
0.0000	0.0328	0.0000	0.0000	0.5326	0.4346
0.0000	0.0000	0.0000	0.9523	0.0477	0.0000
0.0000	0.0010	0.0000	0.0000	0.9937	0.0053
0.0000	0.0001	0.0000	0.0000	0.9732	0.0267
0.0003	0.0000	0.0000	0.0000	0.6909	0.3087
0.0000	0.0000	0.0000	0.0000	0.1058	0.8942
0.0000	0.0000	0.0000	0.0000	0.0129	0.9871
