0.0026	0.0000	0.0000	0.9974	0.0000	0.0000
0.0432	0.9568	0.0000	0.0000	0.0000	0.0000
0.9951	0.0046	0.0000	0.0000	0.0003	0.0000
0.0000	1.0000	0.0000	0.0000	0.0000	0.0000
0.6638	0.3362	0.0000	0.0000	0.0000	0.0000
0.0009	0.9935	0.0000	0.0000	0.0056	0.0000
1.0000	0.0000	0.0000	0.0000	0.0000	0.0000
0.0021	0.9976	0.0000	0.0000	0.0003	0.0000
0.9928	0.0065	0.0000	0.0000	0.0007	0.0000
0.1921	0.8010	0.0000	0.0000	0.0069	0.0000
0.0000	0.0000	1.0000	0.0000	0.0000	0.0000
0.0000	0.0000	1.0000	0.0000	0.0000	0.0000
0.0000	0.0000	0.0156	0.9844	0.0000	0.0000
0.0000	0.0000	0.0004	0.9996	0.0000	0.0000
0.0000	0.0000	0.0000	1.0000	0.0000	0.0000
0.0000	0.0000	0.0014	0.9986	0.0000	0.0000
0.0000	0.0000	0.9718	0.0282	0.0000	0.0000
0.0000	0.0000	0.9999	0.0001	0.0000	0.0000
0.0000	0.0000	0.0000	1.0000	0.0000	0.0000
0.0000	0.0000	1.0000	0.0000	0.0000	0.0000
0.0000	0.0000	0.0000	1.0000	0.0000	0.0000
0.0000	0.0000	0.0000	1.0000	0.0000	0.0000
0.0000	0.0000	0.0000	0.0000	0.8572	0.1428
0.0000	0.0024	0.0000	0.0000	0.8920	0.1055
0.0000	0.0000	0.0000	0.0000	0.9982	0.0018
0.0000	0.0000	0.0000	0.0000	0.0590	0.9410
0.0000	0.0153	0.0000	0.0000	0.8534	0.1313
0.0000	0.0000	0.0000	0.9434	0.0566	0.0000
0.0000	0.0000	0.0000	0.0000	0.9994	0.0006
0.0000	0.0000	0.0000	0.0000	0.9557	0.0443
0.0000	0.0000	0.0000	0.0000	0.0143	0.9857
0.0000	0.0000	0.0000	0.0000	0.0002	0.9998
0.0000	0.0000	0.0000	0.0000	0.0003	0.9997
