0.0028	0.0078	0.0000	0.8988	0.0034	0.0871
0.4070	0.5371	0.0000	0.0000	0.0554	0.0005
0.3058	0.5336	0.0000	0.0000	0.1526	0.0080
0.5085	0.4525	0.0000	0.0000	0.0378	0.0012
0.4128	0.5242	0.0000	0.0000	0.0619	0.0012
0.2897	0.4695	0.0000	0.0000	0.2348	0.0059
0.5910	0.3403	0.0000	0.0000	0.0658	0.0029
0.2516	0.6210	0.0000	0.0000	0.1260	0.0013
0.3343	0.5303	0.0000	0.0000	0.1328	0.0026
0.2105	0.5332	0.0000	0.0000	0.2510	0.0053
0.0000	0.0000	0.9993	0.0007	0.0000	0.0000
0.0000	0.0000	0.9909	0.0091	0.0000	0.0000
0.0000	0.0000	0.3924	0.6075	0.0000	0.0001
0.0001	0.0002	0.5936	0.4033	0.0000	0.0028
0.0000	0.0000	0.0628	0.9337	0.0000	0.0035
0.0000	0.0000	0.0219	0.9771	0.0000	0.0010
0.0000	0.0000	0.7417	0.2583	0.0000	0.0000
0.0000	0.0000	0.9540	0.0460	0.0000	0.0000
0.0000	0.0000	0.0016	0.5576	0.0004	0.4404
0.0000	0.0000	0.9915	0.0085	0.0000	0.0000
0.0000	0.0000	0.0072	0.9928	0.0000	0.0000
0.0000	0.0000	0.0022	0.9978	0.0000	0.0000
0.0006	0.0093	0.0000	0.0001	0.5983	0.3918
0.0092	0.0790	0.0000	0.0000	0.7984	0.1134
0.0399	0.1442	0.0000	0.0004	0.7249	0.0907
0.0089	0.0781	0.0000	0.0000	0.8318	0.0812
0.0127	0.1121	0.0000	0.0002	0.5309	0.3441
0.0001	0.0011	0.0000	0.0035	0.1021	0.8932
0.0436	0.1766	0.0000	0.0000	0.7513	0.0285
0.0016	0.0170	0.0000	0.0000	0.9266	0.0548
0.1787	0.3820	0.0000	0.0001	0.4199	0.0193
0.0007	0.0083	0.0000	0.0070	0.1126	0.8714
0.0029	0.0255	0.0000	0.0046	0.2556	0.7115
