0.9937	0.0000	0.0000	0.0063	0.0000	0.0000
0.0708	0.9287	0.0000	0.0000	0.0005	0.0000
0.5095	0.4824	0.0000	0.0000	0.0081	0.0000
0.0001	0.9999	0.0000	0.0000	0.0000	0.0000
0.2439	0.7561	0.0000	0.0000	0.0000	0.0000
0.0013	0.9945	0.0000	0.0000	0.0042	0.0000
0.9866	0.0134	0.0000	0.0000	0.0000	0.0000
0.0179	0.9519	0.0000	0.0000	0.0288	0.0014
0.6973	0.1427	0.0000	0.0000	0.1566	0.0034
0.1270	0.8399	0.0000	0.0000	0.0331	0.0000
0.0000	0.0000	0.9999	0.0001	0.0000	0.0000
0.0000	0.0000	1.0000	0.0000	0.0000	0.0000
0.0000	0.0000	0.4163	0.5837	0.0000	0.0000
0.0055	0.0016	0.8769	0.1160	0.0000	0.0000
0.0000	0.0000	0.0021	0.9979	0.0000	0.0000
0.0000	0.0000	0.3460	0.6540	0.0000	0.0000
0.0000	0.0000	0.5910	0.4090	0.0000	0.0000
0.0000	0.0000	0.9999	0.0001	0.0000	0.0000
0.0000	0.0000	0.0001	0.9999	0.0000	0.0000
0.0000	0.0000	0.9983	0.0017	0.0000	0.0000
0.0000	0.0000	0.0000	1.0000	0.0000	0.0000
0.0000	0.0000	0.0000	1.0000	0.0000	0.0000
0.0000	0.0004	0.0000	0.0000	0.9427	0.0569
0.0000	0.0287	0.0000	0.0000	0.8719	0.0994
0.0000	0.0117	0.0000	0.0000	0.9009	0.0874
0.0000	0.0009	0.0000	0.0000	0.9160	0.0831
0.0000	0.1443	0.0000	0.0000	0.7712	0.0845
0.0000	0.0000	0.0000	0.0158	0.9725	0.0116
0.0000	0.0131	0.0000	0.0000	0.9846	0.0023
0.0000	0.0014	0.0000	0.0000	0.9837	0.0149
0.0009	0.0002	0.0000	0.0000	0.9963	0.0026
0.0000	0.0000	0.0000	0.0000	0.0587	0.9413
0.0000	0.0000	0.0000	0.0000	0.0261	0.9739
