0.9995	0.0000	0.0000	0.0005	0.0000	0.0000
0.0649	0.9348	0.0000	0.0000	0.0003	0.0000
0.6153	0.3820	0.0000	0.0000	0.0027	0.0000
0.0023	0.9977	0.0000	0.0000	0.0000	0.0000
0.3189	0.6811	0.0000	0.0000	0.0000	0.0000
0.0013	0.9970	0.0000	0.0000	0.0017	0.0000
0.9996	0.0004	0.0000	0.0000	0.0000	0.0000
0.0212	0.9560	0.0000	0.0000	0.0215	0.0014
0.9624	0.0104	0.0000	0.0000	0.0267	0.0005
0.0261	0.9700	0.0000	0.0000	0.0039	0.0000
0.0000	0.0000	1.0000	0.0000	0.0000	0.0000
0.0000	0.0000	1.0000	0.0000	0.0000	0.0000
0.0000	0.0000	0.0014	0.9986	0.0000	0.0000
0.0000	0.0000	0.1155	0.8845	0.0000	0.0000
0.0000	0.0000	0.0000	1.0000	0.0000	0.0000
0.0000	0.0000	0.0011	0.9989	0.0000	0.0000
0.0000	0.0000	0.0520	0.9480	0.0000	0.0000
0.0000	0.0000	1.0000	0.0000	0.0000	0.0000
0.0000	0.0000	0.0000	1.0000	0.0000	0.0000
0.0000	0.0000	1.0000	0.0000	0.0000	0.0000
0.0000	0.0000	0.0000	1.0000	0.0000	0.0000
0.0000	0.0000	0.0000	1.0000	0.0000	0.0000
0.0000	0.0002	0.0000	0.0000	0.9190	0.0808
0.0000	0.0345	0.0000	0.0000	0.5663	0.3992
0.0000	0.0084	0.0000	0.0000	0.5440	0.4475
0.0000	0.0024	0.0000	0.0000	0.6358	0.3618
0.0000	0.2010	0.0000	0.0000	0.6101	0.1889
0.0001	0.0001	0.0000	0.0676	0.9318	0.0004
0.0002	0.0053	0.0000	0.0000	0.9937	0.0008
0.0000	0.0001	0.0000	0.0000	0.9974	0.0025
0.0408	0.0001	0.0000	0.0000	0.9324	0.0267
0.0000	0.0002	0.0000	0.0000	0.0066	0.9932
0.0000	0.0000	0.0000	0.0000	0.0002	0.9998
