0.9984	0.0000	0.0000	0.0016	0.0000	0.0000
0.7638	0.2199	0.0000	0.0000	0.0162	0.0000
0.6138	0.3410	0.0000	0.0000	0.0452	0.0001
0.0287	0.9707	0.0000	0.0000	0.0005	0.0000
0.1069	0.8910	0.0000	0.0000	0.0021	0.0000
0.0989	0.7085	0.0000	0.0000	0.1924	0.0002
0.9990	0.0009	0.0000	0.0000	0.0001	0.0000
0.5759	0.1707	0.0000	0.0000	0.2533	0.0001
0.9482	0.0198	0.0000	0.0000	0.0319	0.0001
0.2713	0.1787	0.0000	0.0000	0.5499	0.0001
0.0000	0.0000	1.0000	0.0000	0.0000	0.0000
0.0000	0.0000	1.0000	0.0000	0.0000	0.0000
0.0000	0.0000	0.0002	0.9998	0.0000	0.0000
0.0001	0.0000	0.0062	0.9937	0.0000	0.0000
0.0000	0.0000	0.0000	1.0000	0.0000	0.0000
0.0000	0.0000	0.1514	0.8483	0.0000	0.0002
0.0000	0.0000	0.0068	0.9932	0.0000	0.0000
0.0000	0.0000	1.0000	0.0000	0.0000	0.0000
0.0000	0.0000	0.0000	0.9993	0.0000	0.0006
0.0000	0.0000	0.9919	0.0081	0.0000	0.0000
0.0000	0.0000	0.0002	0.9998	0.0000	0.0000
0.0000	0.0000	0.0000	1.0000	0.0000	0.0000
0.0000	0.0001	0.0000	0.0000	0.9594	0.0406
0.0000	0.0274	0.0000	0.0000	0.9114	0.0612
0.0000	0.0176	0.0000	0.0000	0.9755	0.0069
0.0000	0.0016	0.0000	0.0000	0.9941	0.0043
0.0000	0.0262	0.0000	0.0000	0.6643	0.3095
0.0732	0.0000	0.0000	0.0345	0.0584	0.8340
0.0032	0.0074	0.0000	0.0000	0.9882	0.0012
0.0001	0.0001	0.0000	0.0000	0.9995	0.0002
0.0077	0.0026	0.0000	0.0000	0.9894	0.0003
0.0000	0.0000	0.0000	0.0000	0.0000	0.9999
0.0000	0.0000	0.0000	0.0000	0.0012	0.9988
