0.8550	0.0000	0.0000	0.1450	0.0000	0.0000
0.0214	0.9786	0.0000	0.0000	0.0000	0.0000
0.4446	0.5510	0.0000	0.0000	0.0043	0.0001
0.0000	0.9999	0.0000	0.0000	0.0001	0.0000
0.7095	0.2903	0.0000	0.0000	0.0002	0.0000
0.0002	0.9824	0.0000	0.0001	0.0172	0.0001
0.9952	0.0048	0.0000	0.0000	0.0000	0.0000
0.0051	0.9949	0.0000	0.0000	0.0000	0.0000
0.9697	0.0299	0.0000	0.0000	0.0005	0.0000
0.1953	0.8039	0.0000	0.0000	0.0008	0.0000
0.0000	0.0000	0.9989	0.0011	0.0000	0.0000
0.0000	0.0000	1.0000	0.0000	0.0000	0.0000
0.0000	0.0000	0.0062	0.9938	0.0000	0.0000
0.0000	0.0000	0.0480	0.9520	0.0000	0.0000
0.0000	0.0000	0.0000	1.0000	0.0000	0.0000
0.0000	0.0000	0.0001	0.9999	0.0000	0.0000
0.0000	0.0000	0.1266	0.8734	0.0000	0.0000
0.0000	0.0000	0.9988	0.0012	0.0000	0.0000
0.0000	0.0000	0.0000	1.0000	0.0000	0.0000
0.0000	0.0000	0.9988	0.0012	0.0000	0.0000
0.0000	0.0000	0.0000	1.0000	0.0000	0.0000
0.0000	0.0000	0.0000	1.0000	0.0000	0.0000
0.0000	0.0000	0.0000	0.0000	0.0707	0.9293
0.0000	0.0474	0.0000	0.0000	0.7265	0.2261
0.0000	0.0009	0.0000	0.0000	0.7950	0.2041
0.0000	0.0000	0.0000	0.0000	0.2239	0.7760
0.0000	0.0523	0.0000	0.0000	0.2022	0.7455
0.0000	0.0000	0.0000	0.9922	0.0078	0.0000
0.0000	0.0007	0.0000	0.0000	0.9910	0.0083
0.0000	0.0003	0.0000	0.0000	0.7328	0.2669
0.0000	0.0000	0.0000	0.0000	0.0002	0.9998
0.0000	0.0000	0.0000	0.0004	0.0007	0.9989
0.0000	0.0001	0.0000	0.0000	0.0052	0.9946
