1.0000	0.0000	0.0000	0.0000	0.0000	0.0000
0.8388	0.1599	0.0000	0.0000	0.0013	0.0000
0.9384	0.0429	0.0000	0.0000	0.0186	0.0001
0.0584	0.9415	0.0000	0.0000	0.0001	0.0000
0.0152	0.9848	0.0000	0.0000	0.0000	0.0000
0.0749	0.8587	0.0000	0.0000	0.0662	0.0002
1.0000	0.0000	0.0000	0.0000	0.0000	0.0000
0.1950	0.0650	0.0000	0.0000	0.7398	0.0001
0.8989	0.0001	0.0000	0.0000	0.1009	0.0000
0.1336	0.0312	0.0000	0.0000	0.8351	0.0001
0.0000	0.0000	1.0000	0.0000	0.0000	0.0000
0.0000	0.0000	1.0000	0.0000	0.0000	0.0000
0.0000	0.0000	0.0046	0.9954	0.0000	0.0000
0.6452	0.0000	0.3511	0.0038	0.0000	0.0000
0.0000	0.0000	0.0000	1.0000	0.0000	0.0000
0.0000	0.0000	0.3919	0.6080	0.0000	0.0001
0.0002	0.0000	0.2530	0.7468	0.0000	0.0000
0.0000	0.0000	1.0000	0.0000	0.0000	0.0000
0.0000	0.0000	0.0000	1.0000	0.0000	0.0000
0.0000	0.0000	1.0000	0.0000	0.0000	0.0000
0.0000	0.0000	0.0003	0.9997	0.0000	0.0000
0.0000	0.0000	0.0000	1.0000	0.0000	0.0000
0.0000	0.0000	0.0000	0.0000	0.1625	0.8375
0.0000	0.0014	0.0000	0.0000	0.9131	0.0855
0.0000	0.0017	0.0000	0.0000	0.9847	0.0136
0.0000	0.0001	0.0000	0.0000	0.8888	0.1112
0.0000	0.0004	0.0000	0.0000	0.1852	0.8145
0.0007	0.0000	0.0000	0.0024	0.9969	0.0000
0.0000	0.0001	0.0000	0.0000	0.9998	0.0001
0.0000	0.0000	0.0000	0.0000	0.9825	0.0175
0.0013	0.0001	0.0000	0.0000	0.9953	0.0034
0.0000	0.0000	0.0000	0.0000	0.0024	0.9976
0.0000	0.0000	0.0000	0.0000	0.0021	0.9979
