0.9973	0.0000	0.0000	0.0027	0.0000	0.0000
0.2126	0.7249	0.0000	0.0000	0.0594	0.0031
0.1669	0.7193	0.0000	0.0000	0.1094	0.0043
0.0544	0.9315	0.0000	0.0000	0.0129	0.0011
0.1850	0.8039	0.0000	0.0000	0.0110	0.0001
0.0328	0.7622	0.0000	0.0000	0.1875	0.0175
0.9139	0.0852	0.0000	0.0000	0.0009	0.0000
0.0762	0.6231	0.0000	0.0000	0.2529	0.0478
0.4310	0.3457	0.0000	0.0000	0.1922	0.0311
0.0678	0.7296	0.0000	0.0000	0.1884	0.0142
0.0000	0.0000	0.9966	0.0034	0.0000	0.0000
0.0000	0.0000	1.0000	0.0000	0.0000	0.0000
0.0000	0.0000	0.0452	0.9548	0.0000	0.0000
0.0025	0.0000	0.3004	0.6971	0.0000	0.0000
0.0000	0.0000	0.0089	0.9911	0.0000	0.0000
0.0000	0.0000	0.1261	0.8735	0.0003	0.0001
0.0013	0.0000	0.1975	0.8011	0.0000	0.0000
0.0000	0.0000	0.9976	0.0024	0.0000	0.0000
0.0002	0.0003	0.0084	0.9895	0.0012	0.0003
0.0000	0.0000	0.9566	0.0434	0.0000	0.0000
0.0000	0.0000	0.0030	0.9970	0.0000	0.0000
0.0000	0.0000	0.0001	0.9999	0.0000	0.0000
0.0000	0.0166	0.0000	0.0000	0.6803	0.3030
0.0000	0.0869	0.0000	0.0000	0.3331	0.5800
0.0000	0.0873	0.0000	0.0000	0.7450	0.1676
0.0002	0.0401	0.0000	0.0000	0.7105	0.2492
0.0001	0.0811	0.0000	0.0000	0.3487	0.5702
0.1054	0.0172	0.0000	0.1246	0.6157	0.1372
0.0030	0.0834	0.0000	0.0000	0.8308	0.0827
0.0008	0.0254	0.0000	0.0000	0.9210	0.0528
0.0133	0.0533	0.0000	0.0000	0.8856	0.0478
0.0000	0.0009	0.0000	0.0000	0.0336	0.9655
0.0000	0.0003	0.0000	0.0000	0.0313	0.9683
