0.9822	0.0000	0.0000	0.0178	0.0000	0.0000
0.7560	0.2435	0.0000	0.0000	0.0005	0.0000
0.5925	0.3884	0.0000	0.0000	0.0191	0.0000
0.0052	0.9948	0.0000	0.0000	0.0000	0.0000
0.0060	0.9940	0.0000	0.0000	0.0000	0.0000
0.0773	0.8943	0.0000	0.0000	0.0284	0.0000
1.0000	0.0000	0.0000	0.0000	0.0000	0.0000
0.6736	0.2436	0.0000	0.0000	0.0828	0.0000
0.9912	0.0011	0.0000	0.0000	0.0077	0.0000
0.6044	0.0971	0.0000	0.0000	0.2985	0.0000
0.0000	0.0000	1.0000	0.0000	0.0000	0.0000
0.0000	0.0000	1.0000	0.0000	0.0000	0.0000
0.0000	0.0000	0.0000	1.0000	0.0000	0.0000
0.0000	0.0000	0.7533	0.2467	0.0000	0.0000
0.0000	0.0000	0.0000	1.0000	0.0000	0.0000
0.0000	0.0000	0.8493	0.1506	0.0000	0.0001
0.0000	0.0000	0.3181	0.6819	0.0000	0.0000
0.0000	0.0000	1.0000	0.0000	0.0000	0.0000
0.0000	0.0000	0.0014	0.9983	0.0000	0.0003
0.0000	0.0000	0.9995	0.0005	0.0000	0.0000
0.0000	0.0000	0.0000	1.0000	0.0000	0.0000
0.0000	0.0000	0.0000	1.0000	0.0000	0.0000
0.0000	0.0000	0.0000	0.0000	0.9961	0.0039
0.0000	0.0035	0.0000	0.0000	0.9955	0.0010
0.0000	0.0011	0.0000	0.0000	0.9986	0.0003
0.0000	0.0001	0.0000	0.0000	0.9998	0.0002
0.0000	0.0090	0.0000	0.0000	0.9416	0.0494
0.0038	0.0000	0.0000	0.0145	0.1222	0.8596
0.0001	0.0004	0.0000	0.0000	0.9995	0.0000
0.0000	0.0000	0.0000	0.0000	1.0000	0.0000
0.0039	0.0001	0.0000	0.0000	0.9960	0.0000
0.0000	0.0000	0.0000	0.0000	0.0000	1.0000
0.0000	0.0000	0.0000	0.0000	0.0002	0.9998
