0.9995	0.0000	0.0000	0.0005	0.0000	0.0000
0.6067	0.3811	0.0000	0.0000	0.0122	0.0000
0.7117	0.2693	0.0000	0.0000	0.0190	0.0000
0.0063	0.9927	0.0000	0.0000	0.0010	0.0000
0.3791	0.6156	0.0000	0.0000	0.0053	0.0000
0.0171	0.9181	0.0000	0.0000	0.0640	0.0008
0.9966	0.0033	0.0000	0.0000	0.0000	0.0000
0.4442	0.4575	0.0000	0.0000	0.0974	0.0008
0.9666	0.0214	0.0000	0.0000	0.0119	0.0001
0.3055	0.3292	0.0000	0.0000	0.3647	0.0007
0.0000	0.0000	0.9996	0.0004	0.0000	0.0000
0.0000	0.0000	1.0000	0.0000	0.0000	0.0000
0.0000	0.0000	0.0886	0.9114	0.0000	0.0000
0.0011	0.0000	0.0993	0.8996	0.0000	0.0000
0.0000	0.0000	0.0001	0.9999	0.0000	0.0000
0.0000	0.0000	0.0902	0.9097	0.0001	0.0001
0.0005	0.0000	0.4732	0.5264	0.0000	0.0000
0.0000	0.0000	0.9999	0.0001	0.0000	0.0000
0.0000	0.0000	0.0009	0.9989	0.0001	0.0000
0.0000	0.0000	0.9966	0.0034	0.0000	0.0000
0.0003	0.0000	0.0004	0.9993	0.0000	0.0000
0.0000	0.0000	0.0004	0.9996	0.0000	0.0000
0.0000	0.0010	0.0000	0.0000	0.9484	0.0506
0.0000	0.0619	0.0000	0.0000	0.7983	0.1398
0.0000	0.0734	0.0000	0.0000	0.9029	0.0237
0.0000	0.0061	0.0000	0.0000	0.9439	0.0499
0.0000	0.0306	0.0000	0.0000	0.8650	0.1043
0.5606	0.0007	0.0000	0.2544	0.1813	0.0030
0.0017	0.0278	0.0000	0.0000	0.9639	0.0066
0.0005	0.0015	0.0000	0.0000	0.9974	0.0005
0.0063	0.0350	0.0000	0.0000	0.9494	0.0093
0.0000	0.0003	0.0000	0.0000	0.0448	0.9548
0.0000	0.0002	0.0000	0.0000	0.0346	0.9653
