1.0000	0.0000	0.0000	0.0000	0.0000	0.0000
0.2872	0.7120	0.0000	0.0000	0.0008	0.0000
0.5807	0.4089	0.0000	0.0000	0.0104	0.0000
0.0094	0.9906	0.0000	0.0000	0.0000	0.0000
0.0007	0.9993	0.0000	0.0000	0.0000	0.0000
0.0488	0.9363	0.0000	0.0000	0.0149	0.0000
1.0000	0.0000	0.0000	0.0000	0.0000	0.0000
0.1200	0.1315	0.0000	0.0000	0.7485	0.0000
0.9934	0.0001	0.0000	0.0000	0.0066	0.0000
0.0091	0.6377	0.0000	0.0000	0.3532	0.0000
0.0000	0.0000	1.0000	0.0000	0.0000	0.0000
0.0000	0.0000	1.0000	0.0000	0.0000	0.0000
0.0000	0.0000	0.0000	1.0000	0.0000	0.0000
0.0000	0.0000	0.0004	0.9996	0.0000	0.0000
0.0000	0.0000	0.0000	1.0000	0.0000	0.0000
0.0000	0.0000	0.2543	0.7457	0.0000	0.0000
0.0000	0.0000	0.0000	1.0000	0.0000	0.0000
0.0000	0.0000	1.0000	0.0000	0.0000	0.0000
0.0000	0.0000	0.0000	1.0000	0.0000	0.0000
0.0000	0.0000	0.9997	0.0003	0.0000	0.0000
0.0000	0.0000	0.0000	1.0000	0.0000	0.0000
0.0000	0.0000	0.0000	1.0000	0.0000	0.0000
0.0000	0.0000	0.0000	0.0000	0.9003	0.0997
0.0000	0.0026	0.0000	0.0000	0.8467	0.1507
0.0000	0.0000	0.0000	0.0000	0.0822	0.9177
0.0000	0.0004	0.0000	0.0000	0.9181	0.0815
0.0000	0.0028	0.0000	0.0000	0.7058	0.2915
0.0958	0.0000	0.0000	0.2069	0.6697	0.0276
0.0000	0.0001	0.0000	0.0000	0.9999	0.0000
0.0000	0.0000	0.0000	0.0000	1.0000	0.0000
0.0035	0.0000	0.0000	0.0000	0.5880	0.4085
0.0000	0.0000	0.0000	0.0000	0.0000	1.0000
0.0000	0.0000	0.0000	0.0000	0.0000	1.0000
