0.7338	0.2544	0.0000	0.0000	0.0115	0.0003
0.9018	0.0978	0.0000	0.0000	0.0004	0.0000
0.0534	0.9466	0.0000	0.0000	0.0000	0.0000
0.9870	0.0130	0.0000	0.0000	0.0000	0.0000
0.9922	0.0078	0.0000	0.0000	0.0000	0.0000
0.9977	0.0023	0.0000	0.0000	0.0000	0.0000
0.9842	0.0158	0.0000	0.0000	0.0000	0.0000
0.0000	1.0000	0.0000	0.0000	0.0000	0.0000
0.9999	0.0001	0.0000	0.0000	0.0000	0.0000
0.0000	1.0000	0.0000	0.0000	0.0000	0.0000
0.0000	0.0000	0.8941	0.1059	0.0000	0.0000
0.0000	0.0000	0.0000	1.0000	0.0000	0.0000
0.0000	0.0000	0.0000	1.0000	0.0000	0.0000
0.0000	0.0000	0.9987	0.0013	0.0000	0.0000
0.0000	0.0000	1.0000	0.0000	0.0000	0.0000
0.0000	0.0000	0.9999	0.0001	0.0000	0.0000
0.0000	0.0000	0.0000	1.0000	0.0000	0.0000
0.0000	0.0000	0.0000	1.0000	0.0000	0.0000
0.0000	0.0000	0.0000	1.0000	0.0000	0.0000
0.0000	0.0000	0.9999	0.0001	0.0000	0.0000
0.0000	0.0000	1.0000	0.0000	0.0000	0.0000
0.0000	0.0000	0.0000	1.0000	0.0000	0.0000
0.0000	0.0000	0.0000	0.0000	0.4806	0.5194
0.0000	0.0000	0.0000	0.0000	0.0049	0.9951
0.0000	0.0000	0.0000	0.0000	0.8889	0.1111
0.0000	0.0000	0.0000	0.0000	0.0242	0.9758
0.0000	0.0000	0.0000	0.0000	0.9951	0.0049
0.0000	0.0000	0.0000	0.0000	0.5153	0.4847
0.0000	0.0000	0.0000	0.0000	0.0002	0.9998
0.0000	0.0000	0.0000	0.0000	0.4898	0.5101
0.0000	0.0000	0.0000	0.0000	0.9956	0.0044
0.0000	0.0000	0.0000	0.0000	0.9948	0.0052
0.0000	0.0000	0.0000	0.0000	0.0003	0.9997
