0.0007	0.0036	0.0000	0.0010	0.6796	0.3150
0.1863	0.7796	0.0013	0.0019	0.0283	0.0027
0.2465	0.7383	0.0008	0.0009	0.0118	0.0017
0.2681	0.1859	0.0006	0.0037	0.3881	0.1535
0.9357	0.0525	0.0033	0.0031	0.0050	0.0003
0.7283	0.2062	0.0013	0.0002	0.0622	0.0017
0.7618	0.1788	0.0039	0.0018	0.0506	0.0032
0.2406	0.7201	0.0007	0.0008	0.0361	0.0017
0.1721	0.5597	0.0008	0.0004	0.2561	0.0109
0.4331	0.5504	0.0007	0.0003	0.0152	0.0004
0.0009	0.0000	0.7522	0.2469	0.0000	0.0000
0.0000	0.0000	0.0020	0.9978	0.0001	0.0002
0.0050	0.0000	0.0010	0.9940	0.0000	0.0000
0.0004	0.0001	0.9244	0.0746	0.0005	0.0000
0.0000	0.0000	1.0000	0.0000	0.0000	0.0000
0.0001	0.0000	0.9930	0.0069	0.0000	0.0000
0.2681	0.0006	0.0195	0.7117	0.0002	0.0000
0.0260	0.0000	0.0887	0.8853	0.0000	0.0000
0.0032	0.0002	0.0013	0.9953	0.0000	0.0000
0.0000	0.0000	0.9990	0.0010	0.0000	0.0000
0.0001	0.0000	0.9989	0.0011	0.0000	0.0000
0.0005	0.0000	0.0018	0.9976	0.0000	0.0000
0.0233	0.0976	0.0008	0.0003	0.6718	0.2062
0.0003	0.0004	0.0000	0.0001	0.8085	0.1908
0.0001	0.0007	0.0000	0.0001	0.5987	0.4004
0.0003	0.0033	0.0000	0.0006	0.2913	0.7044
0.0000	0.0001	0.0000	0.0001	0.2263	0.7735
0.0012	0.0004	0.0000	0.0006	0.9661	0.0317
0.0009	0.0067	0.0000	0.0002	0.6150	0.3771
0.0012	0.0014	0.0000	0.0006	0.9388	0.0580
0.0003	0.0048	0.0000	0.0001	0.9475	0.0473
0.0005	0.0011	0.0000	0.0001	0.9688	0.0296
0.0000	0.0001	0.0000	0.0007	0.0691	0.9301
