0.0000	0.0013	0.0000	0.0000	0.5493	0.4494
0.1298	0.8165	0.0000	0.0000	0.0532	0.0005
0.1511	0.7253	0.0000	0.0000	0.1233	0.0004
0.1812	0.0819	0.0000	0.0000	0.6798	0.0571
0.9679	0.0178	0.0000	0.0000	0.0142	0.0001
0.6765	0.1869	0.0000	0.0000	0.1366	0.0000
0.6913	0.2527	0.0000	0.0000	0.0552	0.0009
0.2491	0.6816	0.0000	0.0000	0.0690	0.0003
0.0713	0.4631	0.0000	0.0000	0.4619	0.0037
0.4659	0.2200	0.0000	0.0000	0.3140	0.0002
0.0000	0.0000	0.4396	0.5604	0.0000	0.0000
0.0000	0.0000	0.0266	0.9733	0.0000	0.0000
0.0001	0.0000	0.0112	0.9887	0.0000	0.0000
0.0000	0.0000	0.9800	0.0200	0.0000	0.0000
0.0000	0.0000	0.9731	0.0269	0.0000	0.0000
0.0000	0.0000	0.7295	0.2705	0.0000	0.0000
0.0000	0.0000	0.0015	0.9985	0.0000	0.0000
0.0000	0.0000	0.0001	0.9999	0.0000	0.0000
0.0000	0.0000	0.0314	0.9686	0.0000	0.0000
0.0000	0.0000	1.0000	0.0000	0.0000	0.0000
0.0000	0.0000	0.9998	0.0002	0.0000	0.0000
0.0000	0.0000	0.0000	1.0000	0.0000	0.0000
0.0014	0.0162	0.0000	0.0000	0.9413	0.0411
0.0000	0.0003	0.0000	0.0000	0.7747	0.2250
0.0000	0.0003	0.0000	0.0000	0.6226	0.3771
0.0000	0.0009	0.0000	0.0000	0.5745	0.4246
0.0000	0.0000	0.0000	0.0000	0.0291	0.9709
0.0000	0.0000	0.0000	0.0000	0.7410	0.2590
0.0000	0.0045	0.0000	0.0000	0.5005	0.4949
0.0013	0.0011	0.0000	0.0000	0.9745	0.0231
0.0000	0.0002	0.0000	0.0000	0.8544	0.1453
0.0007	0.0052	0.0000	0.0000	0.9900	0.0041
0.0000	0.0000	0.0000	0.0000	0.0022	0.9977
