0.9331	0.0111	0.0000	0.0000	0.0549	0.0009
0.7767	0.2215	0.0000	0.0000	0.0017	0.0000
0.1813	0.8187	0.0000	0.0000	0.0000	0.0000
0.9071	0.0916	0.0000	0.0000	0.0006	0.0007
0.9986	0.0014	0.0000	0.0000	0.0000	0.0000
0.6939	0.3054	0.0000	0.0000	0.0006	0.0000
0.9831	0.0169	0.0000	0.0000	0.0000	0.0000
0.0050	0.9862	0.0000	0.0000	0.0087	0.0001
0.9815	0.0184	0.0000	0.0000	0.0001	0.0000
0.0033	0.9967	0.0000	0.0000	0.0000	0.0000
0.0000	0.0000	0.1545	0.8455	0.0000	0.0000
0.0000	0.0000	0.0000	0.9982	0.0018	0.0000
0.0000	0.0000	0.0000	1.0000	0.0000	0.0000
0.0000	0.0000	0.9764	0.0236	0.0000	0.0000
0.0000	0.0000	0.9999	0.0001	0.0000	0.0000
0.0000	0.0000	0.9788	0.0212	0.0000	0.0000
0.0000	0.0000	0.0002	0.9998	0.0000	0.0000
0.0000	0.0000	0.0056	0.9944	0.0000	0.0000
0.0000	0.0000	0.0897	0.9103	0.0000	0.0000
0.0000	0.0000	1.0000	0.0000	0.0000	0.0000
0.0000	0.0000	1.0000	0.0000	0.0000	0.0000
0.0000	0.0000	0.0000	1.0000	0.0000	0.0000
0.0000	0.0000	0.0000	0.0000	0.8778	0.1222
0.0001	0.0000	0.0000	0.0000	0.3556	0.6442
0.0000	0.0000	0.0000	0.0000	0.0133	0.9867
0.0000	0.0000	0.0000	0.0000	0.0086	0.9914
0.0000	0.0000	0.0000	0.0000	0.0729	0.9271
0.0000	0.0000	0.0000	0.0000	0.8858	0.1142
0.0000	0.0007	0.0000	0.0000	0.0543	0.9450
0.0003	0.0000	0.0000	0.0000	0.8839	0.1158
0.0000	0.0000	0.0000	0.0000	0.9877	0.0123
0.0000	0.0000	0.0000	0.0000	0.3665	0.6335
0.0000	0.0000	0.0000	0.0000	0.1028	0.8972
