0.0008	0.0044	0.0000	0.0000	0.6888	0.3060
0.3538	0.5119	0.0000	0.0000	0.1238	0.0106
0.3711	0.5735	0.0000	0.0000	0.0517	0.0037
0.3535	0.2205	0.0000	0.0000	0.3240	0.1021
0.9460	0.0496	0.0000	0.0000	0.0042	0.0002
0.5954	0.3340	0.0000	0.0000	0.0686	0.0020
0.7810	0.1436	0.0000	0.0000	0.0727	0.0028
0.4203	0.5054	0.0000	0.0000	0.0695	0.0048
0.2175	0.5544	0.0000	0.0000	0.2010	0.0272
0.2136	0.7511	0.0000	0.0000	0.0332	0.0021
0.0000	0.0000	0.2591	0.7409	0.0000	0.0000
0.0000	0.0000	0.0007	0.9989	0.0003	0.0001
0.0010	0.0000	0.0014	0.9968	0.0007	0.0000
0.0000	0.0000	0.9820	0.0180	0.0000	0.0000
0.0000	0.0000	0.9995	0.0005	0.0000	0.0000
0.0000	0.0000	0.9528	0.0472	0.0000	0.0000
0.0012	0.0000	0.0133	0.9853	0.0002	0.0000
0.0000	0.0000	0.0044	0.9956	0.0000	0.0000
0.0008	0.0000	0.0792	0.9200	0.0000	0.0000
0.0000	0.0000	0.9998	0.0002	0.0000	0.0000
0.0000	0.0000	0.9999	0.0001	0.0000	0.0000
0.0000	0.0000	0.0005	0.9995	0.0000	0.0000
0.0448	0.1778	0.0000	0.0000	0.5361	0.2413
0.0001	0.0002	0.0000	0.0000	0.6043	0.3954
0.0004	0.0015	0.0000	0.0000	0.4933	0.5049
0.0007	0.0079	0.0000	0.0000	0.4709	0.5204
0.0000	0.0000	0.0000	0.0000	0.1942	0.8058
0.0000	0.0000	0.0000	0.0000	0.8429	0.1571
0.0011	0.0101	0.0000	0.0000	0.3328	0.6560
0.0013	0.0008	0.0000	0.0000	0.9233	0.0746
0.0000	0.0000	0.0000	0.0000	0.6291	0.3708
0.0005	0.0011	0.0000	0.0000	0.9498	0.0485
0.0000	0.0001	0.0000	0.0000	0.0344	0.9654
