0.0000	0.0030	0.0000	0.0000	0.9556	0.0413
0.1812	0.7870	0.0000	0.0000	0.0316	0.0001
0.0934	0.9001	0.0000	0.0000	0.0065	0.0000
0.3097	0.4419	0.0000	0.0000	0.2468	0.0017
0.9657	0.0342	0.0000	0.0000	0.0001	0.0000
0.3117	0.6576	0.0000	0.0000	0.0307	0.0000
0.8427	0.1483	0.0000	0.0000	0.0090	0.0000
0.3220	0.6637	0.0000	0.0000	0.0143	0.0000
0.0557	0.8954	0.0000	0.0000	0.0483	0.0006
0.0174	0.9819	0.0000	0.0000	0.0008	0.0000
0.0000	0.0000	0.0295	0.9705	0.0000	0.0000
0.0000	0.0000	0.0000	1.0000	0.0000	0.0000
0.0000	0.0000	0.0000	1.0000	0.0000	0.0000
0.0000	0.0000	0.9892	0.0108	0.0000	0.0000
0.0000	0.0000	0.9999	0.0001	0.0000	0.0000
0.0000	0.0000	0.8624	0.1376	0.0000	0.0000
0.0000	0.0000	0.0001	0.9999	0.0000	0.0000
0.0000	0.0000	0.0000	1.0000	0.0000	0.0000
0.0001	0.0000	0.0032	0.9967	0.0000	0.0000
0.0000	0.0000	1.0000	0.0000	0.0000	0.0000
0.0000	0.0000	1.0000	0.0000	0.0000	0.0000
0.0000	0.0000	0.0000	1.0000	0.0000	0.0000
0.0016	0.2250	0.0000	0.0000	0.7527	0.0207
0.0000	0.0000	0.0000	0.0000	0.9664	0.0336
0.0000	0.0007	0.0000	0.0000	0.6725	0.3268
0.0000	0.0047	0.0000	0.0000	0.8370	0.1583
0.0000	0.0000	0.0000	0.0000	0.1709	0.8291
0.0000	0.0000	0.0000	0.0000	0.9949	0.0051
0.0000	0.0200	0.0000	0.0000	0.3408	0.6391
0.0000	0.0000	0.0000	0.0000	0.9994	0.0006
0.0000	0.0000	0.0000	0.0000	0.8968	0.1032
0.0000	0.0000	0.0000	0.0000	0.9994	0.0006
0.0000	0.0001	0.0000	0.0000	0.0038	0.9962
