0.0000	0.0001	0.0000	0.0000	0.0563	0.9437
0.0078	0.9922	0.0000	0.0000	0.0001	0.0000
0.0009	0.9991	0.0000	0.0000	0.0000	0.0000
0.8385	0.0344	0.0000	0.0000	0.0251	0.1020
1.0000	0.0000	0.0000	0.0000	0.0000	0.0000
0.5348	0.4638	0.0000	0.0000	0.0014	0.0000
0.9993	0.0007	0.0000	0.0000	0.0000	0.0000
0.4938	0.5055	0.0000	0.0000	0.0007	0.0000
0.0004	0.9829	0.0000	0.0000	0.0167	0.0000
0.0008	0.9992	0.0000	0.0000	0.0000	0.0000
0.0000	0.0000	0.0007	0.9993	0.0000	0.0000
0.0000	0.0000	0.0000	1.0000	0.0000	0.0000
0.0000	0.0000	0.0001	0.9999	0.0000	0.0000
0.0000	0.0000	0.9995	0.0005	0.0000	0.0000
0.0000	0.0000	1.0000	0.0000	0.0000	0.0000
0.0000	0.0000	0.9983	0.0017	0.0000	0.0000
0.0005	0.0000	0.0000	0.9995	0.0000	0.0000
0.0000	0.0000	0.0000	1.0000	0.0000	0.0000
0.0000	0.0000	0.0166	0.9834	0.0000	0.0000
0.0000	0.0000	1.0000	0.0000	0.0000	0.0000
0.0000	0.0000	1.0000	0.0000	0.0000	0.0000
0.0000	0.0000	0.0000	1.0000	0.0000	0.0000
0.0000	0.0156	0.0000	0.0000	0.8102	0.1742
0.0000	0.0000	0.0000	0.0000	0.2792	0.7208
0.0000	0.0000	0.0000	0.0000	0.0545	0.9455
0.0000	0.0000	0.0000	0.0000	0.0153	0.9846
0.0000	0.0000	0.0000	0.0000	0.0001	0.9999
0.0000	0.0000	0.0000	0.0000	0.3421	0.6579
0.0000	0.0000	0.0000	0.0000	0.0325	0.9675
0.0000	0.0000	0.0000	0.0000	0.9985	0.0015
0.0000	0.0000	0.0000	0.0000	0.7400	0.2600
0.0000	0.0000	0.0000	0.0000	1.0000	0.0000
0.0000	0.0000	0.0000	0.0000	0.0000	1.0000
