0.0001	0.0013	0.0000	0.0000	0.4648	0.5338
0.0954	0.8998	0.0000	0.0000	0.0048	0.0000
0.1513	0.8443	0.0000	0.0000	0.0045	0.0000
0.5718	0.1953	0.0000	0.0000	0.2264	0.0065
0.9964	0.0034	0.0000	0.0000	0.0002	0.0000
0.4964	0.4867	0.0000	0.0000	0.0169	0.0000
0.9529	0.0428	0.0000	0.0000	0.0042	0.0000
0.1762	0.8144	0.0000	0.0000	0.0095	0.0000
0.0976	0.6989	0.0000	0.0000	0.2031	0.0004
0.3675	0.6241	0.0000	0.0000	0.0083	0.0000
0.0000	0.0000	0.6073	0.3927	0.0000	0.0000
0.0000	0.0000	0.0003	0.9997	0.0000	0.0000
0.0024	0.0000	0.0028	0.9948	0.0000	0.0000
0.0000	0.0000	0.9943	0.0057	0.0000	0.0000
0.0000	0.0000	0.9994	0.0006	0.0000	0.0000
0.0000	0.0000	0.8925	0.1075	0.0000	0.0000
0.0014	0.0000	0.0004	0.9982	0.0000	0.0000
0.0000	0.0000	0.0000	1.0000	0.0000	0.0000
0.0000	0.0000	0.0004	0.9996	0.0000	0.0000
0.0000	0.0000	1.0000	0.0000	0.0000	0.0000
0.0000	0.0000	1.0000	0.0000	0.0000	0.0000
0.0000	0.0000	0.0000	1.0000	0.0000	0.0000
0.0022	0.0471	0.0000	0.0000	0.8894	0.0612
0.0000	0.0000	0.0000	0.0000	0.9540	0.0460
0.0000	0.0002	0.0000	0.0000	0.1619	0.8379
0.0000	0.0015	0.0000	0.0000	0.1421	0.8564
0.0000	0.0000	0.0000	0.0000	0.0027	0.9973
0.0000	0.0000	0.0000	0.0000	0.9864	0.0136
0.0000	0.0025	0.0000	0.0000	0.1366	0.8608
0.0000	0.0000	0.0000	0.0000	0.9969	0.0030
0.0000	0.0000	0.0000	0.0000	0.9602	0.0398
0.0000	0.0000	0.0000	0.0000	0.9999	0.0001
0.0000	0.0000	0.0000	0.0000	0.0000	1.0000
