0.0005	0.0006	0.0000	0.0000	0.1653	0.8335
0.2336	0.7563	0.0000	0.0000	0.0101	0.0000
0.1287	0.8696	0.0000	0.0000	0.0017	0.0000
0.1993	0.4153	0.0000	0.0000	0.3674	0.0179
0.8476	0.1284	0.0000	0.0000	0.0240	0.0000
0.7458	0.2454	0.0000	0.0000	0.0088	0.0000
0.4621	0.4865	0.0000	0.0000	0.0513	0.0001
0.2570	0.7072	0.0000	0.0000	0.0354	0.0004
0.5095	0.2589	0.0000	0.0000	0.2305	0.0011
0.7288	0.2690	0.0000	0.0000	0.0022	0.0000
0.0000	0.0000	0.9835	0.0165	0.0000	0.0000
0.0000	0.0000	0.0000	1.0000	0.0000	0.0000
0.0000	0.0000	0.0000	1.0000	0.0000	0.0000
0.0000	0.0000	0.9924	0.0076	0.0000	0.0000
0.0000	0.0000	1.0000	0.0000	0.0000	0.0000
0.0000	0.0000	0.9843	0.0157	0.0000	0.0000
0.0002	0.0000	0.0025	0.9973	0.0000	0.0000
0.0000	0.0000	0.0092	0.9908	0.0000	0.0000
0.0000	0.0000	0.0000	1.0000	0.0000	0.0000
0.0000	0.0000	1.0000	0.0000	0.0000	0.0000
0.0000	0.0000	1.0000	0.0000	0.0000	0.0000
0.0000	0.0000	0.0403	0.9597	0.0000	0.0000
0.0004	0.0523	0.0000	0.0000	0.8914	0.0560
0.0000	0.0000	0.0000	0.0000	0.8900	0.1100
0.0000	0.0001	0.0000	0.0000	0.0374	0.9624
0.0000	0.0035	0.0000	0.0000	0.1336	0.8628
0.0000	0.0000	0.0000	0.0000	0.0009	0.9991
0.0000	0.0000	0.0000	0.0000	0.9971	0.0029
0.0001	0.0005	0.0000	0.0000	0.2929	0.7065
0.0001	0.0000	0.0000	0.0000	0.9997	0.0002
0.0000	0.0000	0.0000	0.0000	0.9796	0.0204
0.0003	0.0001	0.0000	0.0000	0.9990	0.0006
0.0000	0.0000	0.0000	0.0004	0.0000	0.9996
