0.9972	0.0026	0.0000	0.0000	0.0000	0.0002
0.9501	0.0499	0.0000	0.0000	0.0000	0.0000
0.0499	0.9501	0.0000	0.0000	0.0000	0.0000
0.9904	0.0096	0.0000	0.0000	0.0000	0.0000
0.5698	0.4302	0.0000	0.0000	0.0000	0.0000
0.9951	0.0049	0.0000	0.0000	0.0000	0.0000
0.9851	0.0149	0.0000	0.0000	0.0000	0.0000
0.0000	0.9999	0.0000	0.0000	0.0001	0.0000
0.9999	0.0001	0.0000	0.0000	0.0000	0.0000
0.0001	0.9999	0.0000	0.0000	0.0000	0.0000
0.0000	0.0000	0.9961	0.0039	0.0000	0.0000
0.0000	0.0000	0.0000	1.0000	0.0000	0.0000
0.0000	0.0000	0.0000	1.0000	0.0000	0.0000
0.0000	0.0000	0.9934	0.0066	0.0000	0.0000
0.0000	0.0000	1.0000	0.0000	0.0000	0.0000
0.0000	0.0000	0.9983	0.0017	0.0000	0.0000
0.0000	0.0000	0.0000	1.0000	0.0000	0.0000
0.0000	0.0000	0.0000	1.0000	0.0000	0.0000
0.0000	0.0000	0.0000	1.0000	0.0000	0.0000
0.0000	0.0000	0.9999	0.0001	0.0000	0.0000
0.0000	0.0000	1.0000	0.0000	0.0000	0.0000
0.0000	0.0000	0.0000	1.0000	0.0000	0.0000
0.0000	0.0000	0.0000	0.0000	0.5597	0.4403
0.0000	0.0000	0.0000	0.0000	0.0134	0.9866
0.0000	0.0000	0.0000	0.0000	0.4824	0.5176
0.0000	0.0000	0.0000	0.0000	0.0008	0.9992
0.0000	0.0000	0.0000	0.0000	0.2403	0.7597
0.0000	0.0000	0.0000	0.0000	0.7487	0.2513
0.0000	0.0000	0.0000	0.0000	0.0000	1.0000
0.0001	0.0000	0.0000	0.0000	0.0261	0.9739
0.0000	0.0000	0.0000	0.0000	0.9998	0.0002
0.0000	0.0000	0.0000	0.0000	0.9887	0.0113
0.0000	0.0000	0.0000	0.0000	0.0002	0.9998
