0.0001	0.0163	0.0000	0.0000	0.7009	0.2827
0.1892	0.8025	0.0000	0.0000	0.0083	0.0000
0.0240	0.9755	0.0000	0.0000	0.0005	0.0000
0.8497	0.1268	0.0000	0.0000	0.0020	0.0214
0.9874	0.0126	0.0000	0.0000	0.0000	0.0000
0.6859	0.3009	0.0000	0.0000	0.0132	0.0000
0.9858	0.0141	0.0000	0.0000	0.0000	0.0000
0.5871	0.3946	0.0000	0.0000	0.0184	0.0000
0.0251	0.9691	0.0000	0.0000	0.0056	0.0002
0.0001	0.9999	0.0000	0.0000	0.0000	0.0000
0.0000	0.0000	0.3869	0.6131	0.0000	0.0000
0.0000	0.0000	0.0000	1.0000	0.0000	0.0000
0.0000	0.0000	0.0000	1.0000	0.0000	0.0000
0.0000	0.0000	0.9986	0.0014	0.0000	0.0000
0.0000	0.0000	1.0000	0.0000	0.0000	0.0000
0.0000	0.0000	0.9871	0.0129	0.0000	0.0000
0.0000	0.0000	0.0000	1.0000	0.0000	0.0000
0.0000	0.0000	0.0000	1.0000	0.0000	0.0000
0.0000	0.0000	0.0014	0.9986	0.0000	0.0000
0.0000	0.0000	1.0000	0.0000	0.0000	0.0000
0.0000	0.0000	1.0000	0.0000	0.0000	0.0000
0.0000	0.0000	0.0000	1.0000	0.0000	0.0000
0.0000	0.0401	0.0000	0.0000	0.2771	0.6827
0.0000	0.0000	0.0000	0.0000	0.0990	0.9010
0.0000	0.0000	0.0000	0.0000	0.0510	0.9490
0.0000	0.0011	0.0000	0.0000	0.0498	0.9491
0.0000	0.0000	0.0000	0.0000	0.0193	0.9807
0.0000	0.0000	0.0000	0.0000	0.9180	0.0820
0.0000	0.0008	0.0000	0.0000	0.0838	0.9154
0.0000	0.0000	0.0000	0.0000	0.9958	0.0042
0.0000	0.0000	0.0000	0.0000	0.9679	0.0321
0.0000	0.0000	0.0000	0.0000	0.9976	0.0024
0.0000	0.0000	0.0000	0.0000	0.0001	0.9999
