0.0147	0.1095	0.0000	0.0000	0.8746	0.0013
0.3993	0.6007	0.0000	0.0000	0.0000	0.0000
0.1178	0.8822	0.0000	0.0000	0.0000	0.0000
0.8044	0.1955	0.0000	0.0000	0.0000	0.0000
0.9982	0.0018	0.0000	0.0000	0.0000	0.0000
0.8815	0.1185	0.0000	0.0000	0.0000	0.0000
0.9556	0.0444	0.0000	0.0000	0.0000	0.0000
0.0262	0.9738	0.0000	0.0000	0.0000	0.0000
0.9611	0.0388	0.0000	0.0000	0.0001	0.0000
0.0000	1.0000	0.0000	0.0000	0.0000	0.0000
0.0000	0.0000	0.9329	0.0671	0.0000	0.0000
0.0000	0.0000	0.0000	1.0000	0.0000	0.0000
0.0000	0.0000	0.0000	1.0000	0.0000	0.0000
0.0000	0.0000	0.9952	0.0048	0.0000	0.0000
0.0000	0.0000	1.0000	0.0000	0.0000	0.0000
0.0000	0.0000	0.9999	0.0001	0.0000	0.0000
0.0000	0.0000	0.0002	0.9998	0.0000	0.0000
0.0000	0.0000	0.0000	1.0000	0.0000	0.0000
0.0000	0.0000	0.0002	0.9998	0.0000	0.0000
0.0000	0.0000	0.9996	0.0004	0.0000	0.0000
0.0000	0.0000	1.0000	0.0000	0.0000	0.0000
0.0000	0.0000	0.0000	1.0000	0.0000	0.0000
0.0000	0.0003	0.0000	0.0000	0.0784	0.9214
0.0000	0.0000	0.0000	0.0000	0.0867	0.9133
0.0000	0.0000	0.0000	0.0000	0.3940	0.6060
0.0000	0.0000	0.0000	0.0000	0.0073	0.9927
0.0000	0.0000	0.0000	0.0000	0.0810	0.9190
0.0000	0.0000	0.0000	0.0000	0.8350	0.1650
0.0000	0.0004	0.0000	0.0000	0.0010	0.9986
0.0000	0.0000	0.0000	0.0000	0.9934	0.0066
0.0000	0.0000	0.0000	0.0000	0.2304	0.7696
0.0000	0.0000	0.0000	0.0000	0.9769	0.0231
0.0000	0.0000	0.0000	0.0000	0.0000	1.0000
