0.0103	0.0697	0.0000	0.0000	0.6409	0.2791
0.1360	0.7258	0.0000	0.0000	0.1132	0.0250
0.1802	0.7000	0.0000	0.0000	0.0953	0.0244
0.1107	0.4444	0.0000	0.0000	0.3682	0.0767
0.3401	0.4850	0.0000	0.0000	0.1415	0.0334
0.2047	0.6508	0.0000	0.0000	0.1351	0.0094
0.2112	0.6156	0.0000	0.0000	0.1492	0.0240
0.1693	0.6306	0.0000	0.0000	0.1432	0.0570
0.1554	0.5446	0.0000	0.0000	0.2449	0.0551
0.2827	0.5578	0.0000	0.0000	0.1309	0.0286
0.0000	0.0000	0.4830	0.5169	0.0000	0.0000
0.0002	0.0000	0.0158	0.9650	0.0006	0.0183
0.0504	0.0023	0.0115	0.8965	0.0095	0.0297
0.0000	0.0000	0.9517	0.0482	0.0000	0.0001
0.0000	0.0000	0.9731	0.0268	0.0000	0.0000
0.0001	0.0000	0.6925	0.3070	0.0000	0.0004
0.0073	0.0003	0.0550	0.9347	0.0005	0.0022
0.0000	0.0000	0.2864	0.7134	0.0000	0.0001
0.0005	0.0002	0.0610	0.9364	0.0001	0.0019
0.0000	0.0000	0.9928	0.0072	0.0000	0.0000
0.0000	0.0000	0.9850	0.0150	0.0000	0.0000
0.0000	0.0000	0.2988	0.7011	0.0000	0.0000
0.1153	0.4422	0.0000	0.0000	0.3223	0.1202
0.0059	0.0270	0.0000	0.0000	0.5637	0.4034
0.0157	0.0690	0.0000	0.0000	0.5681	0.3472
0.0258	0.1350	0.0000	0.0000	0.5104	0.3288
0.0003	0.0017	0.0000	0.0000	0.3969	0.6012
0.0007	0.0021	0.0000	0.0000	0.5969	0.4003
0.0224	0.0989	0.0000	0.0000	0.4099	0.4688
0.0291	0.0777	0.0000	0.0000	0.6340	0.2592
0.0009	0.0036	0.0000	0.0000	0.4740	0.5215
0.0305	0.1370	0.0000	0.0000	0.7099	0.1227
0.0012	0.0046	0.0000	0.0007	0.1048	0.8888
