0.0004	0.0590	0.0000	0.0000	0.9382	0.0024
0.7075	0.2907	0.0000	0.0000	0.0018	0.0000
0.1070	0.8930	0.0000	0.0000	0.0000	0.0000
0.3459	0.6539	0.0000	0.0000	0.0001	0.0000
0.9815	0.0185	0.0000	0.0000	0.0000	0.0000
0.7819	0.2179	0.0000	0.0000	0.0002	0.0000
0.9466	0.0534	0.0000	0.0000	0.0000	0.0000
0.7878	0.2089	0.0000	0.0000	0.0033	0.0000
0.1499	0.8382	0.0000	0.0000	0.0119	0.0000
0.0003	0.9997	0.0000	0.0000	0.0000	0.0000
0.0000	0.0000	0.4804	0.5196	0.0000	0.0000
0.0000	0.0000	0.0000	1.0000	0.0000	0.0000
0.0000	0.0000	0.0000	1.0000	0.0000	0.0000
0.0000	0.0000	0.9999	0.0001	0.0000	0.0000
0.0000	0.0000	1.0000	0.0000	0.0000	0.0000
0.0000	0.0000	0.9995	0.0005	0.0000	0.0000
0.0000	0.0000	0.0003	0.9997	0.0000	0.0000
0.0000	0.0000	0.0000	1.0000	0.0000	0.0000
0.0000	0.0000	0.0008	0.9992	0.0000	0.0000
0.0000	0.0000	1.0000	0.0000	0.0000	0.0000
0.0000	0.0000	1.0000	0.0000	0.0000	0.0000
0.0000	0.0000	0.0000	1.0000	0.0000	0.0000
0.0001	0.0093	0.0000	0.0000	0.5379	0.4527
0.0000	0.0000	0.0000	0.0000	0.0043	0.9957
0.0000	0.0000	0.0000	0.0000	0.6769	0.3231
0.0000	0.0001	0.0000	0.0000	0.3138	0.6861
0.0000	0.0000	0.0000	0.0000	0.4718	0.5282
0.0000	0.0000	0.0000	0.0000	0.6269	0.3731
0.0000	0.0020	0.0000	0.0000	0.0265	0.9715
0.0000	0.0000	0.0000	0.0000	0.9872	0.0128
0.0000	0.0000	0.0000	0.0000	0.1735	0.8265
0.0000	0.0000	0.0000	0.0000	0.9519	0.0481
0.0000	0.0000	0.0000	0.0000	0.0009	0.9991
