0.0000	0.0002	0.0000	0.0000	0.7725	0.2272
0.4936	0.3993	0.0000	0.0000	0.0801	0.0270
0.4332	0.4853	0.0000	0.0000	0.0667	0.0148
0.0155	0.0681	0.0000	0.0000	0.8636	0.0527
0.2917	0.4012	0.0000	0.0000	0.2490	0.0581
0.4781	0.3975	0.0000	0.0000	0.1171	0.0072
0.3470	0.5951	0.0000	0.0000	0.0540	0.0039
0.7106	0.1431	0.0000	0.0000	0.1164	0.0298
0.0997	0.7079	0.0000	0.0000	0.1743	0.0181
0.2522	0.7363	0.0000	0.0000	0.0107	0.0007
0.0000	0.0000	0.0739	0.9261	0.0000	0.0000
0.0001	0.0007	0.0025	0.9963	0.0003	0.0001
0.0910	0.0133	0.0002	0.8897	0.0009	0.0049
0.0000	0.0000	0.9998	0.0002	0.0000	0.0000
0.0000	0.0000	1.0000	0.0000	0.0000	0.0000
0.0000	0.0000	0.9933	0.0067	0.0000	0.0000
0.0001	0.0000	0.0007	0.9991	0.0000	0.0000
0.0000	0.0000	0.0001	0.9999	0.0000	0.0000
0.0039	0.0236	0.0142	0.9574	0.0008	0.0001
0.0000	0.0000	1.0000	0.0000	0.0000	0.0000
0.0000	0.0000	1.0000	0.0000	0.0000	0.0000
0.0000	0.0000	0.0000	1.0000	0.0000	0.0000
0.0675	0.6811	0.0000	0.0000	0.2190	0.0323
0.0000	0.0000	0.0000	0.0000	0.2579	0.7421
0.0000	0.0001	0.0000	0.0000	0.1213	0.8786
0.0001	0.0023	0.0000	0.0000	0.8823	0.1153
0.0000	0.0000	0.0000	0.0000	0.4499	0.5501
0.0000	0.0000	0.0000	0.0000	0.4327	0.5673
0.0002	0.0004	0.0000	0.0001	0.1838	0.8155
0.0000	0.0000	0.0000	0.0000	0.6751	0.3249
0.0000	0.0000	0.0000	0.0000	0.1369	0.8631
0.0000	0.0001	0.0000	0.0000	0.9096	0.0904
0.0000	0.0008	0.0000	0.0019	0.8222	0.1750
