0.0171	0.0341	0.0000	0.0000	0.4864	0.4624
0.3107	0.4993	0.0000	0.0000	0.1398	0.0501
0.3508	0.4817	0.0000	0.0000	0.1348	0.0327
0.3240	0.2253	0.0000	0.0000	0.3121	0.1386
0.8201	0.1300	0.0000	0.0000	0.0428	0.0070
0.5116	0.2963	0.0000	0.0000	0.1733	0.0188
0.5367	0.2694	0.0000	0.0000	0.1648	0.0290
0.3875	0.4940	0.0000	0.0000	0.0957	0.0228
0.2735	0.3536	0.0000	0.0000	0.3066	0.0663
0.4498	0.3572	0.0000	0.0000	0.1718	0.0212
0.0031	0.0000	0.3006	0.6960	0.0003	0.0000
0.0002	0.0000	0.0206	0.9683	0.0044	0.0065
0.0128	0.0002	0.0093	0.9741	0.0033	0.0001
0.0003	0.0000	0.6419	0.3521	0.0042	0.0014
0.0003	0.0000	0.9791	0.0196	0.0009	0.0001
0.0013	0.0000	0.6765	0.3207	0.0012	0.0003
0.0780	0.0017	0.0561	0.8588	0.0054	0.0001
0.0008	0.0000	0.0194	0.9798	0.0001	0.0000
0.0150	0.0005	0.0640	0.9201	0.0001	0.0003
0.0000	0.0000	0.9645	0.0354	0.0000	0.0000
0.0002	0.0000	0.9423	0.0574	0.0000	0.0001
0.0000	0.0000	0.0012	0.9988	0.0000	0.0000
0.0705	0.1233	0.0000	0.0000	0.5008	0.3054
0.0158	0.0214	0.0000	0.0001	0.6183	0.3445
0.0102	0.0164	0.0000	0.0000	0.5039	0.4695
0.0130	0.0303	0.0000	0.0000	0.3965	0.5602
0.0003	0.0007	0.0000	0.0000	0.2275	0.7715
0.0051	0.0041	0.0000	0.0002	0.6976	0.2930
0.0299	0.0588	0.0000	0.0001	0.4109	0.5003
0.0738	0.0560	0.0000	0.0001	0.6722	0.1980
0.0043	0.0138	0.0000	0.0001	0.6157	0.3661
0.0409	0.0595	0.0000	0.0000	0.7313	0.1683
0.0002	0.0007	0.0000	0.0011	0.0893	0.9087
