0.0011	0.0008	0.0000	0.0000	0.0228	0.9752
0.4940	0.5032	0.0000	0.0000	0.0028	0.0000
0.1861	0.8139	0.0000	0.0000	0.0001	0.0000
0.9784	0.0163	0.0000	0.0000	0.0052	0.0001
1.0000	0.0000	0.0000	0.0000	0.0000	0.0000
0.9570	0.0414	0.0000	0.0000	0.0016	0.0000
0.9999	0.0000	0.0000	0.0000	0.0000	0.0000
0.0238	0.9760	0.0001	0.0000	0.0002	0.0000
0.0312	0.5044	0.0001	0.0000	0.4642	0.0000
0.0046	0.9954	0.0000	0.0000	0.0000	0.0000
0.0000	0.0000	0.8831	0.1169	0.0000	0.0000
0.0000	0.0000	0.0000	1.0000	0.0000	0.0000
0.0000	0.0000	0.0000	1.0000	0.0000	0.0000
0.0000	0.0000	0.9904	0.0096	0.0000	0.0000
0.0000	0.0000	1.0000	0.0000	0.0000	0.0000
0.0000	0.0000	0.9999	0.0001	0.0000	0.0000
0.0000	0.0000	0.0011	0.9989	0.0000	0.0000
0.0000	0.0000	0.0025	0.9975	0.0000	0.0000
0.0000	0.0000	0.0000	1.0000	0.0000	0.0000
0.0000	0.0000	1.0000	0.0000	0.0000	0.0000
0.0000	0.0000	1.0000	0.0000	0.0000	0.0000
0.0000	0.0000	0.0000	1.0000	0.0000	0.0000
0.0000	0.0006	0.0000	0.0000	0.8490	0.1504
0.0000	0.0000	0.0000	0.0000	0.9903	0.0097
0.0000	0.0000	0.0000	0.0000	0.0024	0.9976
0.0000	0.0000	0.0000	0.0000	0.0002	0.9998
0.0000	0.0000	0.0000	0.0000	0.0000	1.0000
0.0000	0.0000	0.0000	0.0000	0.9997	0.0003
0.0000	0.0002	0.0000	0.0000	0.0146	0.9852
0.0000	0.0000	0.0000	0.0000	0.9999	0.0000
0.0000	0.0002	0.0000	0.0000	0.9991	0.0006
0.0000	0.0000	0.0000	0.0000	1.0000	0.0000
0.0000	0.0000	0.0000	0.0000	0.0000	1.0000
