0.1408	0.1600	0.0013	0.0353	0.4064	0.2562
0.4129	0.4135	0.0161	0.0267	0.1045	0.0262
0.4492	0.4145	0.0144	0.0242	0.0696	0.0282
0.4654	0.3247	0.0054	0.0234	0.0824	0.0988
0.8297	0.1239	0.0126	0.0257	0.0059	0.0021
0.5905	0.2493	0.0036	0.0020	0.1343	0.0203
0.6557	0.2216	0.0223	0.0505	0.0409	0.0089
0.3726	0.3986	0.0052	0.0073	0.1823	0.0340
0.3460	0.4695	0.0063	0.0114	0.1351	0.0317
0.2925	0.6422	0.0040	0.0066	0.0431	0.0117
0.0000	0.0000	0.6876	0.3124	0.0000	0.0000
0.0000	0.0000	0.0019	0.9969	0.0007	0.0005
0.0001	0.0000	0.0035	0.9964	0.0000	0.0000
0.0000	0.0000	0.6112	0.3885	0.0003	0.0001
0.0000	0.0000	0.9344	0.0656	0.0000	0.0000
0.0000	0.0000	0.8323	0.1677	0.0000	0.0000
0.0059	0.0003	0.1120	0.8811	0.0008	0.0000
0.0000	0.0000	0.1702	0.8298	0.0000	0.0000
0.0001	0.0000	0.1538	0.8461	0.0000	0.0000
0.0000	0.0000	0.9852	0.0148	0.0000	0.0000
0.0000	0.0000	0.9447	0.0553	0.0000	0.0000
0.0000	0.0000	0.0037	0.9963	0.0000	0.0000
0.0130	0.0291	0.0028	0.0059	0.5799	0.3693
0.1719	0.0830	0.0065	0.0073	0.3651	0.3661
0.0248	0.0587	0.0004	0.0033	0.4745	0.4383
0.0070	0.0481	0.0005	0.0085	0.3653	0.5706
0.0034	0.0176	0.0006	0.0085	0.4361	0.5337
0.0799	0.0432	0.0098	0.0108	0.7171	0.1392
0.0566	0.1765	0.0033	0.0101	0.4311	0.3223
0.1218	0.0641	0.0208	0.0135	0.6346	0.1453
0.0203	0.2379	0.0021	0.0040	0.6642	0.0715
0.0869	0.0594	0.0096	0.0020	0.6900	0.1521
0.0000	0.0020	0.0000	0.0379	0.3999	0.5602
