0.0000	0.0014	0.0000	0.0000	0.6444	0.3541
0.0618	0.9227	0.0000	0.0000	0.0148	0.0007
0.1343	0.8557	0.0000	0.0000	0.0097	0.0004
0.2976	0.2550	0.0000	0.0000	0.4079	0.0396
0.9726	0.0239	0.0000	0.0000	0.0034	0.0001
0.4766	0.5021	0.0000	0.0000	0.0213	0.0001
0.7115	0.2473	0.0000	0.0000	0.0407	0.0005
0.1546	0.8143	0.0000	0.0000	0.0295	0.0016
0.1415	0.6481	0.0000	0.0000	0.2027	0.0077
0.2351	0.7536	0.0000	0.0000	0.0110	0.0003
0.0000	0.0000	0.0391	0.9609	0.0000	0.0000
0.0000	0.0000	0.0010	0.9984	0.0000	0.0006
0.0042	0.0000	0.0162	0.9792	0.0003	0.0001
0.0000	0.0000	0.9980	0.0020	0.0000	0.0000
0.0000	0.0000	1.0000	0.0000	0.0000	0.0000
0.0000	0.0000	0.9910	0.0090	0.0000	0.0000
0.0006	0.0000	0.0078	0.9916	0.0000	0.0000
0.0000	0.0000	0.0002	0.9998	0.0000	0.0000
0.0000	0.0000	0.1165	0.8835	0.0000	0.0000
0.0000	0.0000	0.9999	0.0001	0.0000	0.0000
0.0000	0.0000	1.0000	0.0000	0.0000	0.0000
0.0000	0.0000	0.0000	1.0000	0.0000	0.0000
0.0410	0.1203	0.0000	0.0000	0.7452	0.0935
0.0000	0.0000	0.0000	0.0000	0.6289	0.3711
0.0000	0.0004	0.0000	0.0000	0.4551	0.5445
0.0002	0.0040	0.0000	0.0000	0.5015	0.4944
0.0000	0.0000	0.0000	0.0000	0.0517	0.9483
0.0000	0.0000	0.0000	0.0000	0.6426	0.3574
0.0003	0.0031	0.0000	0.0000	0.3070	0.6896
0.0002	0.0002	0.0000	0.0000	0.8252	0.1745
0.0000	0.0000	0.0000	0.0000	0.2765	0.7235
0.0001	0.0004	0.0000	0.0000	0.9846	0.0149
0.0000	0.0000	0.0000	0.0000	0.0077	0.9923
