0.0000	0.0003	0.0000	0.0000	0.2483	0.7513
0.2233	0.6736	0.0000	0.0000	0.0988	0.0042
0.3856	0.5423	0.0000	0.0000	0.0698	0.0023
0.1482	0.0772	0.0000	0.0000	0.6531	0.1215
0.9465	0.0206	0.0000	0.0000	0.0325	0.0005
0.7168	0.1622	0.0000	0.0000	0.1205	0.0005
0.6779	0.1575	0.0000	0.0000	0.1600	0.0046
0.4839	0.4396	0.0000	0.0000	0.0730	0.0035
0.3033	0.2178	0.0000	0.0000	0.4549	0.0241
0.6486	0.2229	0.0000	0.0000	0.1279	0.0006
0.0000	0.0000	0.7826	0.2174	0.0000	0.0000
0.0000	0.0000	0.0024	0.9975	0.0000	0.0001
0.0014	0.0000	0.0575	0.9408	0.0003	0.0000
0.0000	0.0000	0.9914	0.0086	0.0000	0.0000
0.0000	0.0000	0.9990	0.0010	0.0000	0.0000
0.0000	0.0000	0.9292	0.0708	0.0000	0.0000
0.0015	0.0000	0.0477	0.9508	0.0000	0.0000
0.0000	0.0000	0.0155	0.9845	0.0000	0.0000
0.0000	0.0000	0.0112	0.9888	0.0000	0.0000
0.0000	0.0000	1.0000	0.0000	0.0000	0.0000
0.0000	0.0000	1.0000	0.0000	0.0000	0.0000
0.0000	0.0000	0.0011	0.9989	0.0000	0.0000
0.0108	0.0290	0.0000	0.0000	0.8076	0.1526
0.0001	0.0001	0.0000	0.0000	0.4816	0.5183
0.0000	0.0002	0.0000	0.0000	0.1646	0.8351
0.0001	0.0013	0.0000	0.0000	0.2380	0.7606
0.0000	0.0000	0.0000	0.0000	0.0136	0.9864
0.0000	0.0000	0.0000	0.0000	0.7875	0.2124
0.0002	0.0020	0.0000	0.0000	0.1819	0.8158
0.0017	0.0014	0.0000	0.0000	0.9073	0.0896
0.0000	0.0001	0.0000	0.0000	0.6592	0.3407
0.0013	0.0027	0.0000	0.0000	0.9633	0.0327
0.0000	0.0000	0.0000	0.0000	0.0012	0.9987
