0.0000	0.0012	0.0000	0.0000	0.6404	0.3584
0.3124	0.6585	0.0000	0.0000	0.0289	0.0003
0.1141	0.8834	0.0000	0.0000	0.0025	0.0000
0.5673	0.3703	0.0000	0.0000	0.0257	0.0367
0.9947	0.0053	0.0000	0.0000	0.0000	0.0000
0.5888	0.4020	0.0000	0.0000	0.0091	0.0000
0.9763	0.0234	0.0000	0.0000	0.0004	0.0000
0.2825	0.7014	0.0000	0.0000	0.0161	0.0000
0.0465	0.9317	0.0000	0.0000	0.0208	0.0010
0.0011	0.9988	0.0000	0.0000	0.0001	0.0000
0.0000	0.0000	0.4581	0.5419	0.0000	0.0000
0.0000	0.0000	0.0000	1.0000	0.0000	0.0000
0.0000	0.0000	0.0000	1.0000	0.0000	0.0000
0.0000	0.0000	0.9982	0.0018	0.0000	0.0000
0.0000	0.0000	1.0000	0.0000	0.0000	0.0000
0.0000	0.0000	0.9958	0.0042	0.0000	0.0000
0.0004	0.0000	0.0011	0.9985	0.0000	0.0000
0.0000	0.0000	0.0000	1.0000	0.0000	0.0000
0.0000	0.0000	0.0068	0.9932	0.0000	0.0000
0.0000	0.0000	0.9999	0.0001	0.0000	0.0000
0.0000	0.0000	1.0000	0.0000	0.0000	0.0000
0.0000	0.0000	0.0000	1.0000	0.0000	0.0000
0.0003	0.0644	0.0000	0.0000	0.2873	0.6480
0.0000	0.0000	0.0000	0.0000	0.4041	0.5959
0.0000	0.0000	0.0000	0.0000	0.0997	0.9003
0.0000	0.0004	0.0000	0.0000	0.0912	0.9085
0.0000	0.0000	0.0000	0.0000	0.0139	0.9861
0.0000	0.0000	0.0000	0.0000	0.9758	0.0242
0.0000	0.0028	0.0000	0.0000	0.0586	0.9386
0.0000	0.0000	0.0000	0.0000	0.9974	0.0026
0.0000	0.0000	0.0000	0.0000	0.9789	0.0211
0.0000	0.0000	0.0000	0.0000	0.9877	0.0122
0.0000	0.0000	0.0000	0.0000	0.0003	0.9997
