0.0206	0.0745	0.0000	0.0000	0.5285	0.3764
0.3378	0.5182	0.0000	0.0000	0.1177	0.0263
0.3982	0.5164	0.0000	0.0000	0.0711	0.0143
0.4769	0.2782	0.0000	0.0000	0.1662	0.0788
0.9309	0.0571	0.0000	0.0000	0.0101	0.0019
0.5120	0.3723	0.0000	0.0000	0.1072	0.0085
0.7117	0.2054	0.0000	0.0000	0.0732	0.0097
0.3873	0.5458	0.0000	0.0000	0.0577	0.0093
0.2739	0.4687	0.0000	0.0000	0.2077	0.0497
0.4387	0.4818	0.0000	0.0000	0.0674	0.0121
0.0012	0.0000	0.2352	0.7635	0.0001	0.0000
0.0001	0.0000	0.0036	0.9875	0.0028	0.0060
0.0203	0.0005	0.0080	0.9665	0.0044	0.0003
0.0001	0.0000	0.9637	0.0360	0.0002	0.0001
0.0005	0.0000	0.9452	0.0540	0.0003	0.0000
0.0006	0.0000	0.8026	0.1966	0.0002	0.0000
0.0603	0.0016	0.0414	0.8946	0.0022	0.0000
0.0004	0.0000	0.0142	0.9854	0.0000	0.0000
0.0185	0.0007	0.0591	0.9216	0.0001	0.0000
0.0000	0.0000	0.9941	0.0059	0.0000	0.0000
0.0001	0.0000	0.9879	0.0120	0.0000	0.0000
0.0000	0.0000	0.0040	0.9960	0.0000	0.0000
0.0846	0.2038	0.0000	0.0000	0.4770	0.2347
0.0145	0.0200	0.0000	0.0000	0.6016	0.3640
0.0061	0.0214	0.0000	0.0000	0.4876	0.4849
0.0057	0.0351	0.0000	0.0000	0.4512	0.5080
0.0000	0.0003	0.0000	0.0000	0.2571	0.7425
0.0028	0.0028	0.0000	0.0000	0.7641	0.2302
0.0130	0.0727	0.0000	0.0000	0.3841	0.5302
0.0483	0.0428	0.0000	0.0000	0.7589	0.1501
0.0016	0.0105	0.0000	0.0000	0.6182	0.3697
0.0260	0.0454	0.0000	0.0000	0.8155	0.1131
0.0001	0.0011	0.0000	0.0002	0.0742	0.9244
