0.0002	0.0058	0.0000	0.0049	0.0421	0.9470
0.1106	0.8868	0.0000	0.0000	0.0025	0.0000
0.1120	0.8880	0.0000	0.0000	0.0001	0.0000
0.8642	0.1244	0.0000	0.0000	0.0007	0.0107
0.9999	0.0001	0.0000	0.0000	0.0000	0.0000
0.8468	0.1523	0.0000	0.0000	0.0009	0.0000
0.9986	0.0014	0.0000	0.0000	0.0000	0.0000
0.0065	0.9935	0.0000	0.0000	0.0000	0.0000
0.0160	0.9690	0.0000	0.0000	0.0150	0.0000
0.0101	0.9898	0.0000	0.0000	0.0001	0.0000
0.0000	0.0000	0.9764	0.0236	0.0000	0.0000
0.0000	0.0000	0.0000	1.0000	0.0000	0.0000
0.0000	0.0000	0.0000	1.0000	0.0000	0.0000
0.0000	0.0000	0.9913	0.0087	0.0000	0.0000
0.0000	0.0000	1.0000	0.0000	0.0000	0.0000
0.0000	0.0000	0.9997	0.0003	0.0000	0.0000
0.0002	0.0000	0.0004	0.9994	0.0000	0.0000
0.0000	0.0000	0.0001	0.9999	0.0000	0.0000
0.0000	0.0000	0.0002	0.9998	0.0000	0.0000
0.0000	0.0000	1.0000	0.0000	0.0000	0.0000
0.0000	0.0000	0.9919	0.0081	0.0000	0.0000
0.0000	0.0000	0.0000	1.0000	0.0000	0.0000
0.0000	0.0096	0.0000	0.0000	0.2357	0.7546
0.0000	0.0000	0.0000	0.0000	0.0881	0.9119
0.0000	0.0000	0.0000	0.0000	0.0454	0.9546
0.0000	0.0000	0.0000	0.0000	0.0032	0.9967
0.0000	0.0000	0.0000	0.0000	0.0008	0.9992
0.0000	0.0000	0.0000	0.0000	0.9961	0.0039
0.0000	0.0053	0.0000	0.0000	0.0737	0.9210
0.0004	0.0000	0.0000	0.0000	0.9987	0.0008
0.0000	0.0200	0.0000	0.0000	0.9799	0.0001
0.0000	0.0000	0.0000	0.0000	0.9996	0.0004
0.0000	0.0000	0.0000	0.0005	0.0000	0.9995
