0.0039	0.0333	0.0000	0.0000	0.9036	0.0592
0.6031	0.3621	0.0000	0.0000	0.0348	0.0000
0.0680	0.9320	0.0000	0.0000	0.0000	0.0000
0.6709	0.3260	0.0000	0.0000	0.0023	0.0007
0.9994	0.0006	0.0000	0.0000	0.0000	0.0000
0.8010	0.1973	0.0000	0.0000	0.0017	0.0000
0.9955	0.0045	0.0000	0.0000	0.0000	0.0000
0.1993	0.7834	0.0000	0.0000	0.0173	0.0000
0.5656	0.4229	0.0000	0.0000	0.0116	0.0000
0.0000	1.0000	0.0000	0.0000	0.0000	0.0000
0.0000	0.0000	0.8767	0.1233	0.0000	0.0000
0.0000	0.0000	0.0000	1.0000	0.0000	0.0000
0.0000	0.0000	0.0000	1.0000	0.0000	0.0000
0.0000	0.0000	0.9795	0.0205	0.0000	0.0000
0.0000	0.0000	1.0000	0.0000	0.0000	0.0000
0.0000	0.0000	0.9826	0.0174	0.0000	0.0000
0.0000	0.0000	0.0003	0.9997	0.0000	0.0000
0.0000	0.0000	0.0001	0.9999	0.0000	0.0000
0.0000	0.0000	0.0003	0.9997	0.0000	0.0000
0.0000	0.0000	1.0000	0.0000	0.0000	0.0000
0.0000	0.0000	0.9999	0.0001	0.0000	0.0000
0.0000	0.0000	0.0000	1.0000	0.0000	0.0000
0.0000	0.0020	0.0000	0.0000	0.4500	0.5479
0.0000	0.0000	0.0000	0.0000	0.1035	0.8965
0.0000	0.0000	0.0000	0.0000	0.1217	0.8783
0.0000	0.0007	0.0000	0.0000	0.0441	0.9552
0.0000	0.0000	0.0000	0.0000	0.0085	0.9915
0.0000	0.0000	0.0000	0.0000	0.9672	0.0328
0.0000	0.0045	0.0000	0.0000	0.0584	0.9372
0.0000	0.0000	0.0000	0.0000	0.9989	0.0010
0.0000	0.0000	0.0000	0.0000	0.9997	0.0003
0.0000	0.0000	0.0000	0.0000	0.8493	0.1507
0.0000	0.0000	0.0000	0.0000	0.0029	0.9971
