0.0000	0.0194	0.0000	0.0000	0.0944	0.8862
0.9298	0.0695	0.0000	0.0000	0.0006	0.0000
0.0547	0.9453	0.0000	0.0000	0.0000	0.0000
0.0826	0.8963	0.0000	0.0000	0.0000	0.0210
0.9999	0.0001	0.0000	0.0000	0.0000	0.0000
0.7119	0.2881	0.0000	0.0000	0.0000	0.0000
0.9995	0.0005	0.0000	0.0000	0.0000	0.0000
0.0124	0.9628	0.0000	0.0000	0.0248	0.0000
0.0001	0.9063	0.0000	0.0000	0.0936	0.0000
0.0001	0.9999	0.0000	0.0000	0.0000	0.0000
0.0000	0.0000	0.8588	0.1412	0.0000	0.0000
0.0000	0.0000	0.0000	1.0000	0.0000	0.0000
0.0000	0.0000	0.0000	1.0000	0.0000	0.0000
0.0000	0.0000	1.0000	0.0000	0.0000	0.0000
0.0000	0.0000	1.0000	0.0000	0.0000	0.0000
0.0000	0.0000	0.9995	0.0005	0.0000	0.0000
0.0000	0.0000	0.0006	0.9994	0.0000	0.0000
0.0000	0.0000	0.0000	1.0000	0.0000	0.0000
0.0000	0.0000	0.9997	0.0003	0.0000	0.0000
0.0000	0.0000	1.0000	0.0000	0.0000	0.0000
0.0000	0.0000	1.0000	0.0000	0.0000	0.0000
0.0000	0.0000	0.0000	1.0000	0.0000	0.0000
0.0002	0.0170	0.0000	0.0000	0.2353	0.7474
0.0000	0.0000	0.0000	0.0000	0.0190	0.9810
0.0000	0.0000	0.0000	0.0000	0.0017	0.9983
0.0000	0.0000	0.0000	0.0000	0.0001	0.9999
0.0000	0.0000	0.0000	0.0000	0.0004	0.9996
0.0000	0.0000	0.0000	0.0000	0.1481	0.8519
0.0000	0.0000	0.0000	0.0000	0.0016	0.9984
0.0000	0.0000	0.0000	0.0000	0.6527	0.3473
0.0000	0.0000	0.0000	0.0000	0.9833	0.0167
0.0000	0.0000	0.0000	0.0000	1.0000	0.0000
0.0000	0.0000	0.0000	0.0000	0.0000	1.0000
