0.0159	0.0429	0.0000	0.0001	0.3239	0.6172
0.4005	0.3436	0.0000	0.0000	0.1991	0.0568
0.3841	0.4359	0.0000	0.0000	0.1401	0.0399
0.3912	0.2639	0.0000	0.0000	0.1970	0.1478
0.8272	0.1408	0.0000	0.0001	0.0275	0.0045
0.4950	0.2882	0.0000	0.0000	0.1896	0.0273
0.6186	0.2562	0.0000	0.0000	0.0984	0.0268
0.4850	0.3947	0.0000	0.0001	0.0965	0.0238
0.3566	0.4003	0.0000	0.0000	0.1863	0.0567
0.3755	0.4565	0.0000	0.0000	0.1408	0.0272
0.0004	0.0000	0.1522	0.8471	0.0003	0.0000
0.0000	0.0000	0.0053	0.9845	0.0044	0.0058
0.0083	0.0010	0.0016	0.9873	0.0017	0.0001
0.0000	0.0000	0.7990	0.1976	0.0026	0.0008
0.0002	0.0000	0.9025	0.0959	0.0011	0.0003
0.0001	0.0000	0.5502	0.4492	0.0003	0.0002
0.0211	0.0031	0.0121	0.9600	0.0038	0.0000
0.0001	0.0000	0.0151	0.9848	0.0000	0.0000
0.0025	0.0001	0.0752	0.9221	0.0001	0.0001
0.0000	0.0000	0.9917	0.0083	0.0000	0.0000
0.0000	0.0000	0.9841	0.0159	0.0000	0.0000
0.0000	0.0000	0.0014	0.9986	0.0000	0.0000
0.1304	0.2145	0.0000	0.0000	0.3429	0.3122
0.0207	0.0273	0.0000	0.0001	0.4326	0.5192
0.0135	0.0322	0.0000	0.0000	0.3389	0.6155
0.0167	0.0541	0.0000	0.0001	0.3058	0.6234
0.0001	0.0006	0.0000	0.0001	0.1226	0.8767
0.0026	0.0029	0.0000	0.0002	0.6212	0.3730
0.0287	0.0850	0.0000	0.0001	0.3031	0.5831
0.0597	0.0512	0.0000	0.0001	0.6524	0.2366
0.0014	0.0083	0.0000	0.0001	0.5176	0.4726
0.0628	0.0727	0.0000	0.0000	0.6257	0.2387
0.0001	0.0014	0.0000	0.0009	0.0353	0.9623
