0.0001	0.0008	0.0000	0.0000	0.9971	0.0020
0.5164	0.4801	0.0000	0.0000	0.0035	0.0000
0.0249	0.9751	0.0000	0.0000	0.0000	0.0000
0.5360	0.4595	0.0000	0.0000	0.0045	0.0000
0.9999	0.0001	0.0000	0.0000	0.0000	0.0000
0.7201	0.2797	0.0000	0.0000	0.0002	0.0000
0.9603	0.0397	0.0000	0.0000	0.0000	0.0000
0.6957	0.3036	0.0000	0.0000	0.0006	0.0000
0.5942	0.3750	0.0000	0.0000	0.0307	0.0000
0.0001	0.9999	0.0000	0.0000	0.0000	0.0000
0.0000	0.0000	0.9999	0.0001	0.0000	0.0000
0.0000	0.0000	0.0000	1.0000	0.0000	0.0000
0.0000	0.0000	0.0000	1.0000	0.0000	0.0000
0.0000	0.0000	0.9990	0.0010	0.0000	0.0000
0.0000	0.0000	1.0000	0.0000	0.0000	0.0000
0.0000	0.0000	1.0000	0.0000	0.0000	0.0000
0.0000	0.0000	0.0017	0.9983	0.0000	0.0000
0.0000	0.0000	0.0000	1.0000	0.0000	0.0000
0.0000	0.0000	0.0020	0.9980	0.0000	0.0000
0.0000	0.0000	1.0000	0.0000	0.0000	0.0000
0.0000	0.0000	1.0000	0.0000	0.0000	0.0000
0.0000	0.0000	0.0000	1.0000	0.0000	0.0000
0.0000	0.0007	0.0000	0.0000	0.5372	0.4621
0.0000	0.0000	0.0000	0.0000	0.8234	0.1766
0.0000	0.0000	0.0000	0.0000	0.2666	0.7334
0.0000	0.0000	0.0000	0.0000	0.0398	0.9602
0.0000	0.0000	0.0000	0.0000	0.0664	0.9336
0.0000	0.0000	0.0000	0.0000	0.9974	0.0026
0.0000	0.0034	0.0000	0.0000	0.0509	0.9457
0.0000	0.0000	0.0000	0.0000	0.9998	0.0002
0.0000	0.0000	0.0000	0.0000	0.0417	0.9583
0.0000	0.0000	0.0000	0.0000	0.9972	0.0028
0.0000	0.0000	0.0000	0.0000	0.0001	0.9999
