0.0121	0.1030	0.0000	0.0124	0.5315	0.3410
0.3794	0.5699	0.0000	0.0006	0.0484	0.0017
0.2055	0.7862	0.0000	0.0004	0.0073	0.0006
0.4470	0.4952	0.0000	0.0022	0.0033	0.0523
0.9934	0.0064	0.0000	0.0001	0.0000	0.0000
0.7280	0.2527	0.0000	0.0000	0.0191	0.0002
0.9019	0.0952	0.0000	0.0015	0.0014	0.0001
0.1878	0.7764	0.0000	0.0002	0.0340	0.0015
0.1390	0.8485	0.0000	0.0000	0.0120	0.0004
0.0174	0.9812	0.0000	0.0000	0.0013	0.0000
0.0000	0.0000	0.5130	0.4870	0.0000	0.0000
0.0000	0.0000	0.0000	1.0000	0.0000	0.0000
0.0000	0.0000	0.0001	0.9999	0.0000	0.0000
0.0000	0.0000	0.7071	0.2929	0.0000	0.0000
0.0000	0.0000	0.9996	0.0004	0.0000	0.0000
0.0000	0.0000	0.9664	0.0336	0.0000	0.0000
0.0011	0.0000	0.0145	0.9844	0.0000	0.0000
0.0000	0.0000	0.0124	0.9876	0.0000	0.0000
0.0000	0.0000	0.0111	0.9889	0.0000	0.0000
0.0000	0.0000	0.9981	0.0019	0.0000	0.0000
0.0000	0.0000	0.9862	0.0138	0.0000	0.0000
0.0000	0.0000	0.0000	1.0000	0.0000	0.0000
0.0000	0.0008	0.0000	0.0001	0.2938	0.7053
0.0017	0.0017	0.0000	0.0015	0.0184	0.9766
0.0001	0.0012	0.0000	0.0001	0.2775	0.7211
0.0000	0.0009	0.0000	0.0002	0.0613	0.9376
0.0000	0.0000	0.0000	0.0003	0.0889	0.9109
0.0001	0.0004	0.0000	0.0045	0.8843	0.1107
0.0000	0.0288	0.0000	0.0007	0.1570	0.8134
0.0307	0.0198	0.0000	0.0152	0.8651	0.0692
0.0000	0.0617	0.0000	0.0000	0.9261	0.0122
0.0022	0.0038	0.0000	0.0001	0.8577	0.1362
0.0000	0.0000	0.0000	0.0030	0.1680	0.8290
