0.0000	0.0000	0.0000	0.0000	0.3791	0.6209
0.0769	0.9183	0.0000	0.0000	0.0047	0.0001
0.0583	0.9389	0.0000	0.0000	0.0027	0.0000
0.0133	0.0872	0.0000	0.0000	0.8578	0.0417
0.5852	0.3398	0.0000	0.0000	0.0747	0.0003
0.5336	0.4237	0.0000	0.0000	0.0426	0.0001
0.1430	0.8226	0.0000	0.0000	0.0342	0.0002
0.1601	0.8217	0.0000	0.0000	0.0174	0.0007
0.1423	0.3228	0.0000	0.0000	0.5309	0.0040
0.2975	0.6956	0.0000	0.0000	0.0069	0.0000
0.0000	0.0000	0.9365	0.0635	0.0000	0.0000
0.0000	0.0000	0.0000	1.0000	0.0000	0.0000
0.0053	0.0000	0.0000	0.9946	0.0000	0.0000
0.0000	0.0000	0.9997	0.0003	0.0000	0.0000
0.0000	0.0000	1.0000	0.0000	0.0000	0.0000
0.0000	0.0000	0.9985	0.0015	0.0000	0.0000
0.0028	0.0000	0.0058	0.9914	0.0000	0.0000
0.0000	0.0000	0.0001	0.9999	0.0000	0.0000
0.0000	0.0001	0.0002	0.9997	0.0000	0.0000
0.0000	0.0000	0.9999	0.0001	0.0000	0.0000
0.0000	0.0000	1.0000	0.0000	0.0000	0.0000
0.0000	0.0000	0.0000	1.0000	0.0000	0.0000
0.0033	0.1905	0.0000	0.0000	0.7239	0.0823
0.0000	0.0000	0.0000	0.0000	0.8663	0.1337
0.0000	0.0000	0.0000	0.0000	0.0674	0.9326
0.0000	0.0005	0.0000	0.0000	0.1785	0.8210
0.0000	0.0000	0.0000	0.0000	0.0035	0.9965
0.0000	0.0000	0.0000	0.0000	0.9034	0.0966
0.0000	0.0001	0.0000	0.0000	0.2865	0.7133
0.0000	0.0000	0.0000	0.0000	0.9689	0.0311
0.0000	0.0000	0.0000	0.0000	0.9017	0.0983
0.0000	0.0000	0.0000	0.0000	0.9953	0.0047
0.0000	0.0000	0.0000	0.0000	0.0005	0.9994
