0.0000	0.0009	0.0000	0.0000	0.4961	0.5031
0.0230	0.9732	0.0000	0.0000	0.0038	0.0000
0.0238	0.9748	0.0000	0.0000	0.0014	0.0000
0.4918	0.3027	0.0000	0.0000	0.0932	0.1124
0.9936	0.0064	0.0000	0.0000	0.0000	0.0000
0.3408	0.6566	0.0000	0.0000	0.0026	0.0000
0.9611	0.0377	0.0000	0.0000	0.0012	0.0001
0.0965	0.9020	0.0000	0.0000	0.0015	0.0000
0.0363	0.9308	0.0000	0.0000	0.0325	0.0004
0.1343	0.8624	0.0000	0.0000	0.0033	0.0000
0.0000	0.0000	0.6443	0.3557	0.0000	0.0000
0.0000	0.0000	0.0000	1.0000	0.0000	0.0000
0.0000	0.0000	0.0003	0.9997	0.0000	0.0000
0.0000	0.0000	0.9759	0.0241	0.0000	0.0000
0.0000	0.0000	0.9982	0.0018	0.0000	0.0000
0.0000	0.0000	0.9151	0.0849	0.0000	0.0000
0.0002	0.0000	0.0002	0.9996	0.0000	0.0000
0.0000	0.0000	0.0000	1.0000	0.0000	0.0000
0.0000	0.0000	0.0001	0.9999	0.0000	0.0000
0.0000	0.0000	0.9975	0.0000	0.0000	0.0025
0.0000	0.0000	1.0000	0.0000	0.0000	0.0000
0.0000	0.0000	0.0000	1.0000	0.0000	0.0000
0.0001	0.0712	0.0000	0.0000	0.7441	0.1846
0.0000	0.0000	0.0000	0.0000	0.8007	0.1993
0.0000	0.0001	0.0000	0.0000	0.1901	0.8098
0.0000	0.0012	0.0000	0.0000	0.2026	0.7961
0.0000	0.0000	0.0000	0.0000	0.0074	0.9926
0.0000	0.0000	0.0000	0.0000	0.9663	0.0337
0.0000	0.0059	0.0000	0.0000	0.2611	0.7329
0.0000	0.0002	0.0000	0.0000	0.9945	0.0053
0.0000	0.0000	0.0000	0.0000	0.9795	0.0205
0.0000	0.0009	0.0000	0.0000	0.9985	0.0006
0.0000	0.0000	0.0000	0.0000	0.0001	0.9999
