0.8561	0.1439	0.0000	0.0000	0.0000	0.0000
1.0000	0.0000	0.0000	0.0000	0.0000	0.0000
0.7250	0.2640	0.0000	0.0000	0.0109	0.0000
0.0001	0.0277	0.0000	0.0000	0.9429	0.0292
0.7072	0.2928	0.0000	0.0000	0.0000	0.0000
0.2253	0.7731	0.0000	0.0000	0.0016	0.0000
0.9998	0.0002	0.0000	0.0000	0.0000	0.0000
0.8428	0.1569	0.0000	0.0000	0.0003	0.0000
0.0015	0.9977	0.0000	0.0000	0.0008	0.0000
0.0767	0.8892	0.0000	0.0000	0.0340	0.0001
0.0000	0.0000	1.0000	0.0000	0.0000	0.0000
0.0000	0.0000	0.0000	1.0000	0.0000	0.0000
0.0000	0.0000	0.8516	0.1484	0.0000	0.0000
0.0000	0.0000	0.0000	1.0000	0.0000	0.0000
0.0000	0.0000	1.0000	0.0000	0.0000	0.0000
0.0000	0.0000	0.0000	1.0000	0.0000	0.0000
0.0002	0.0000	0.0665	0.9333	0.0000	0.0000
0.0000	0.0000	1.0000	0.0000	0.0000	0.0000
0.0011	0.0000	0.8668	0.1321	0.0000	0.0000
0.0000	0.0000	1.0000	0.0000	0.0000	0.0000
0.0378	0.0000	0.9621	0.0000	0.0000	0.0000
0.0000	0.0000	0.0000	1.0000	0.0000	0.0000
0.0000	0.0000	0.0000	0.0000	0.4000	0.6000
0.6677	0.2151	0.0000	0.0000	0.1171	0.0001
0.0000	0.0000	0.0000	0.0005	0.0065	0.9930
0.0000	0.0000	0.0000	0.0000	0.9951	0.0049
0.0000	0.0002	0.0000	0.0000	0.4784	0.5214
0.0000	0.0000	0.0000	0.0000	0.1295	0.8705
0.0000	0.0000	0.0000	0.0000	0.0005	0.9995
0.0000	0.0000	0.0000	0.0000	0.9915	0.0085
0.0000	0.0000	0.0000	0.0000	0.8505	0.1495
0.0000	0.0000	0.0000	0.0000	0.0103	0.9897
0.0005	0.0026	0.0000	0.0000	0.9969	0.0001
