0.7044	0.2939	0.0000	0.0000	0.0017	0.0000
0.9862	0.0138	0.0000	0.0000	0.0000	0.0000
0.4573	0.5187	0.0000	0.0000	0.0237	0.0003
0.0001	0.0162	0.0000	0.0000	0.8053	0.1785
0.3638	0.6353	0.0000	0.0000	0.0009	0.0000
0.4819	0.4562	0.0000	0.0000	0.0607	0.0012
0.9722	0.0278	0.0000	0.0000	0.0000	0.0000
0.4320	0.5440	0.0000	0.0000	0.0235	0.0005
0.0140	0.9712	0.0000	0.0000	0.0115	0.0033
0.0699	0.8863	0.0000	0.0000	0.0373	0.0064
0.0000	0.0000	0.9994	0.0006	0.0000	0.0000
0.0000	0.0000	0.0333	0.9667	0.0000	0.0000
0.0000	0.0000	0.0021	0.9979	0.0000	0.0000
0.0000	0.0000	0.0051	0.9947	0.0002	0.0000
0.0000	0.0000	1.0000	0.0000	0.0000	0.0000
0.0015	0.0000	0.0016	0.9969	0.0000	0.0000
0.0020	0.0000	0.4728	0.5252	0.0000	0.0000
0.0000	0.0000	1.0000	0.0000	0.0000	0.0000
0.0008	0.0000	0.1344	0.8647	0.0000	0.0000
0.0000	0.0000	1.0000	0.0000	0.0000	0.0000
0.0000	0.0000	0.4214	0.5786	0.0000	0.0000
0.0000	0.0000	0.0000	1.0000	0.0000	0.0000
0.0000	0.0000	0.0000	0.0000	0.2382	0.7617
0.2422	0.6626	0.0000	0.0000	0.0781	0.0172
0.0000	0.0000	0.0000	0.0000	0.3782	0.6218
0.0005	0.0009	0.0000	0.0000	0.8135	0.1851
0.0002	0.0065	0.0000	0.0000	0.4515	0.5419
0.0000	0.0000	0.0000	0.0000	0.3187	0.6813
0.0000	0.0000	0.0000	0.0000	0.0117	0.9883
0.0000	0.0002	0.0000	0.0000	0.6872	0.3126
0.0000	0.0000	0.0000	0.0000	0.5335	0.4665
0.0000	0.0000	0.0000	0.0000	0.0731	0.9269
0.0070	0.0211	0.0000	0.0000	0.8905	0.0815
