0.4973	0.4124	0.0000	0.0000	0.0898	0.0006
0.7703	0.1534	0.0000	0.0000	0.0758	0.0005
0.3471	0.2934	0.0000	0.0000	0.3532	0.0063
0.0057	0.0513	0.0000	0.0000	0.8520	0.0910
0.2283	0.7054	0.0000	0.0000	0.0653	0.0010
0.1394	0.7735	0.0000	0.0000	0.0862	0.0010
0.6587	0.2075	0.0000	0.0000	0.1320	0.0018
0.4350	0.4516	0.0000	0.0000	0.1129	0.0005
0.2518	0.5504	0.0000	0.0000	0.1953	0.0025
0.2015	0.4366	0.0000	0.0000	0.3551	0.0068
0.0000	0.0000	0.9995	0.0005	0.0000	0.0000
0.0000	0.0000	0.0437	0.9563	0.0000	0.0000
0.0000	0.0000	0.0901	0.9099	0.0000	0.0000
0.0000	0.0000	0.0057	0.9942	0.0000	0.0000
0.0000	0.0000	0.9994	0.0006	0.0000	0.0000
0.0017	0.0000	0.0346	0.9632	0.0006	0.0000
0.0001	0.0000	0.4964	0.5034	0.0001	0.0000
0.0000	0.0000	0.9981	0.0019	0.0000	0.0000
0.0000	0.0000	0.2278	0.7721	0.0000	0.0000
0.0000	0.0000	1.0000	0.0000	0.0000	0.0000
0.0000	0.0000	0.9228	0.0772	0.0000	0.0000
0.0000	0.0000	0.0026	0.9974	0.0000	0.0000
0.0028	0.0071	0.0000	0.0000	0.8124	0.1777
0.2374	0.3466	0.0000	0.0000	0.4100	0.0060
0.0000	0.0000	0.0000	0.0011	0.0498	0.9492
0.0108	0.0353	0.0000	0.0000	0.8629	0.0910
0.0091	0.0351	0.0000	0.0000	0.7571	0.1987
0.0047	0.0120	0.0000	0.0000	0.7578	0.2256
0.0004	0.0020	0.0000	0.0000	0.5139	0.4836
0.0234	0.0573	0.0000	0.0000	0.8859	0.0335
0.0039	0.0110	0.0000	0.0000	0.9127	0.0724
0.0001	0.0007	0.0000	0.0001	0.2890	0.7101
0.0475	0.2078	0.0000	0.0000	0.7334	0.0113
