0.9994	0.0006	0.0000	0.0000	0.0000	0.0000
1.0000	0.0000	0.0000	0.0000	0.0000	0.0000
0.9961	0.0036	0.0000	0.0000	0.0002	0.0000
0.0000	0.0003	0.0000	0.0000	0.9947	0.0051
0.9687	0.0313	0.0000	0.0000	0.0000	0.0000
0.0281	0.9712	0.0000	0.0000	0.0007	0.0000
1.0000	0.0000	0.0000	0.0000	0.0000	0.0000
0.5765	0.4228	0.0000	0.0000	0.0007	0.0000
0.0000	0.9988	0.0000	0.0000	0.0012	0.0000
0.0534	0.7538	0.0000	0.0000	0.1928	0.0000
0.0000	0.0000	1.0000	0.0000	0.0000	0.0000
0.0000	0.0000	0.0000	1.0000	0.0000	0.0000
0.0000	0.0000	0.0000	1.0000	0.0000	0.0000
0.0000	0.0000	0.0000	1.0000	0.0000	0.0000
0.0000	0.0000	0.6241	0.0000	0.0000	0.3759
0.0000	0.0000	0.0000	1.0000	0.0000	0.0000
0.0000	0.0000	0.0001	0.9999	0.0000	0.0000
0.0000	0.0000	1.0000	0.0000	0.0000	0.0000
0.0000	0.0000	0.5869	0.4131	0.0000	0.0000
0.0000	0.0000	1.0000	0.0000	0.0000	0.0000
0.0000	0.0000	1.0000	0.0000	0.0000	0.0000
0.0000	0.0000	0.0000	1.0000	0.0000	0.0000
0.0000	0.0000	0.0000	0.0000	0.9850	0.0150
0.1406	0.7434	0.0000	0.0000	0.1159	0.0001
0.0000	0.0000	0.0000	0.0000	0.0001	0.9999
0.0000	0.0001	0.0000	0.0000	0.9743	0.0256
0.0000	0.0000	0.0000	0.0000	0.9720	0.0280
0.0000	0.0000	0.0000	0.0000	0.5976	0.4024
0.0000	0.0000	0.0000	0.0000	0.0029	0.9971
0.0000	0.0000	0.0000	0.0000	1.0000	0.0000
0.0000	0.0000	0.0000	0.0000	0.9992	0.0008
0.0000	0.0000	0.0000	0.0000	0.0000	1.0000
0.0000	0.0098	0.0000	0.0000	0.9902	0.0000
