0.9854	0.0146	0.0000	0.0000	0.0000	0.0000
1.0000	0.0000	0.0000	0.0000	0.0000	0.0000
0.5726	0.3973	0.0000	0.0000	0.0299	0.0002
0.0000	0.0031	0.0000	0.0000	0.9543	0.0426
0.9368	0.0631	0.0000	0.0000	0.0000	0.0000
0.3784	0.6205	0.0000	0.0000	0.0011	0.0000
1.0000	0.0000	0.0000	0.0000	0.0000	0.0000
0.9186	0.0811	0.0000	0.0000	0.0002	0.0000
0.0064	0.9918	0.0000	0.0000	0.0018	0.0000
0.0286	0.9145	0.0000	0.0000	0.0568	0.0001
0.0000	0.0000	1.0000	0.0000	0.0000	0.0000
0.0000	0.0000	0.0000	1.0000	0.0000	0.0000
0.0000	0.0000	0.0041	0.9959	0.0000	0.0000
0.0000	0.0000	0.0000	1.0000	0.0000	0.0000
0.0000	0.0000	0.9917	0.0000	0.0001	0.0083
0.0000	0.0000	0.0000	1.0000	0.0000	0.0000
0.0000	0.0000	0.0050	0.9950	0.0000	0.0000
0.0000	0.0000	1.0000	0.0000	0.0000	0.0000
0.0000	0.0000	0.0070	0.9930	0.0000	0.0000
0.0000	0.0000	0.9981	0.0000	0.0000	0.0019
0.0000	0.0000	0.9999	0.0001	0.0000	0.0000
0.0000	0.0000	0.0000	1.0000	0.0000	0.0000
0.0000	0.0000	0.0000	0.0000	0.7645	0.2355
0.2314	0.7015	0.0000	0.0000	0.0660	0.0012
0.0000	0.0000	0.0000	0.0000	0.0005	0.9995
0.0000	0.0000	0.0000	0.0000	0.8915	0.1085
0.0000	0.0007	0.0000	0.0000	0.2975	0.7018
0.0000	0.0000	0.0000	0.0000	0.1617	0.8383
0.0000	0.0000	0.0000	0.0000	0.0208	0.9792
0.0004	0.0001	0.0000	0.0000	0.9986	0.0009
0.0000	0.0000	0.0000	0.0000	0.9910	0.0090
0.0000	0.0000	0.0000	0.0000	0.0008	0.9992
0.0004	0.0022	0.0000	0.0000	0.9973	0.0001
