0.9496	0.0503	0.0000	0.0000	0.0001	0.0000
0.9994	0.0006	0.0000	0.0000	0.0000	0.0000
0.8202	0.1654	0.0000	0.0001	0.0131	0.0012
0.0000	0.0001	0.0000	0.0000	0.8948	0.1050
0.7583	0.2416	0.0000	0.0000	0.0001	0.0000
0.7782	0.2104	0.0000	0.0000	0.0109	0.0005
0.9857	0.0142	0.0000	0.0000	0.0000	0.0000
0.7946	0.1991	0.0000	0.0000	0.0064	0.0000
0.0103	0.9793	0.0000	0.0000	0.0097	0.0008
0.1376	0.8107	0.0000	0.0000	0.0501	0.0016
0.0000	0.0000	1.0000	0.0000	0.0000	0.0000
0.0000	0.0000	0.0026	0.9974	0.0000	0.0000
0.0000	0.0000	0.0005	0.9995	0.0000	0.0000
0.0000	0.0000	0.0002	0.9998	0.0000	0.0000
0.0000	0.0000	1.0000	0.0000	0.0000	0.0000
0.0000	0.0000	0.0001	0.9999	0.0000	0.0000
0.0000	0.0000	0.7413	0.2587	0.0000	0.0000
0.0000	0.0000	1.0000	0.0000	0.0000	0.0000
0.0005	0.0000	0.0430	0.9564	0.0000	0.0000
0.0000	0.0000	1.0000	0.0000	0.0000	0.0000
0.0000	0.0000	0.9648	0.0352	0.0000	0.0000
0.0000	0.0000	0.0000	1.0000	0.0000	0.0000
0.0000	0.0000	0.0000	0.0000	0.2083	0.7917
0.6651	0.2565	0.0000	0.0000	0.0764	0.0020
0.0000	0.0000	0.0000	0.0000	0.1427	0.8573
0.0000	0.0000	0.0000	0.0000	0.5311	0.4688
0.0000	0.0000	0.0000	0.0000	0.2553	0.7447
0.0000	0.0000	0.0000	0.0000	0.2684	0.7316
0.0000	0.0000	0.0000	0.0000	0.0094	0.9906
0.0000	0.0000	0.0000	0.0000	0.9315	0.0685
0.0000	0.0000	0.0000	0.0000	0.5391	0.4609
0.0000	0.0000	0.0000	0.0000	0.0022	0.9978
0.0016	0.0062	0.0000	0.0000	0.9600	0.0321
