0.8246	0.1740	0.0000	0.0000	0.0014	0.0000
0.9990	0.0005	0.0000	0.0000	0.0005	0.0000
0.5226	0.4004	0.0000	0.0000	0.0767	0.0004
0.0002	0.0104	0.0000	0.0000	0.8751	0.1143
0.6962	0.3016	0.0000	0.0000	0.0022	0.0000
0.2857	0.6925	0.0000	0.0000	0.0218	0.0000
0.9960	0.0024	0.0000	0.0000	0.0016	0.0000
0.8185	0.1761	0.0000	0.0000	0.0054	0.0000
0.0616	0.9209	0.0000	0.0000	0.0174	0.0001
0.2193	0.6741	0.0000	0.0000	0.1056	0.0010
0.0000	0.0000	1.0000	0.0000	0.0000	0.0000
0.0000	0.0000	0.0027	0.9972	0.0000	0.0000
0.0000	0.0000	0.0054	0.9946	0.0000	0.0000
0.0000	0.0000	0.0000	1.0000	0.0000	0.0000
0.0000	0.0000	0.7702	0.0000	0.2298	0.0000
0.0030	0.0000	0.0017	0.9952	0.0000	0.0000
0.0003	0.0000	0.0691	0.9307	0.0000	0.0000
0.0000	0.0000	0.9998	0.0000	0.0002	0.0000
0.0000	0.0000	0.0082	0.9918	0.0000	0.0000
0.0000	0.0000	1.0000	0.0000	0.0000	0.0000
0.0000	0.0000	0.9651	0.0348	0.0000	0.0000
0.0000	0.0000	0.0001	0.9999	0.0000	0.0000
0.0000	0.0000	0.0000	0.0000	0.5205	0.4794
0.6510	0.1339	0.0000	0.0000	0.2143	0.0008
0.0000	0.0000	0.0000	0.0062	0.0063	0.9876
0.0001	0.0002	0.0000	0.0000	0.9605	0.0392
0.0002	0.0016	0.0000	0.0000	0.3106	0.6876
0.0001	0.0001	0.0000	0.0000	0.3596	0.6402
0.0000	0.0000	0.0000	0.0000	0.0146	0.9854
0.0010	0.0009	0.0000	0.0000	0.9219	0.0762
0.0000	0.0000	0.0000	0.0000	0.9071	0.0929
0.0000	0.0000	0.0000	0.0000	0.0032	0.9968
0.0062	0.0209	0.0000	0.0000	0.9689	0.0040
