0.3971	0.5713	0.0000	0.0000	0.0309	0.0006
0.6349	0.2313	0.0000	0.0000	0.1298	0.0041
0.3819	0.3142	0.0000	0.0000	0.2777	0.0262
0.0002	0.0010	0.0000	0.0000	0.8259	0.1729
0.3521	0.5635	0.0000	0.0000	0.0803	0.0041
0.3111	0.6157	0.0000	0.0000	0.0706	0.0026
0.4427	0.3463	0.0000	0.0000	0.2016	0.0094
0.3703	0.5703	0.0000	0.0000	0.0586	0.0007
0.2070	0.7378	0.0000	0.0000	0.0541	0.0011
0.1228	0.5133	0.0000	0.0000	0.3521	0.0118
0.0000	0.0000	0.9919	0.0081	0.0000	0.0000
0.0000	0.0000	0.9602	0.0398	0.0000	0.0000
0.0000	0.0000	0.0782	0.9218	0.0000	0.0000
0.0000	0.0000	0.0132	0.9865	0.0001	0.0002
0.0000	0.0000	0.9963	0.0037	0.0000	0.0000
0.0003	0.0000	0.0093	0.9904	0.0000	0.0000
0.0000	0.0000	0.9988	0.0012	0.0000	0.0000
0.0000	0.0000	0.9978	0.0022	0.0000	0.0000
0.0001	0.0000	0.1322	0.8676	0.0001	0.0001
0.0000	0.0000	1.0000	0.0000	0.0000	0.0000
0.0000	0.0000	0.8048	0.1952	0.0000	0.0000
0.0000	0.0000	0.0004	0.9996	0.0000	0.0000
0.0000	0.0000	0.0000	0.0000	0.5401	0.4599
0.7054	0.1436	0.0000	0.0000	0.1494	0.0015
0.0000	0.0000	0.0000	0.0084	0.0819	0.9097
0.0207	0.0038	0.0000	0.0000	0.9054	0.0701
0.0015	0.0009	0.0000	0.0000	0.7366	0.2610
0.0000	0.0000	0.0000	0.0000	0.5072	0.4928
0.0000	0.0000	0.0000	0.0000	0.0979	0.9021
0.0000	0.0001	0.0000	0.0000	0.7982	0.2017
0.0000	0.0000	0.0000	0.0000	0.4729	0.5271
0.0018	0.0004	0.0000	0.0004	0.5004	0.4970
0.0925	0.5456	0.0000	0.0000	0.3530	0.0090
