0.8063	0.1926	0.0000	0.0000	0.0010	0.0000
0.9935	0.0062	0.0000	0.0001	0.0001	0.0000
0.5612	0.3411	0.0000	0.0045	0.0923	0.0008
0.0013	0.0530	0.0000	0.0010	0.8426	0.1022
0.8295	0.1695	0.0000	0.0005	0.0006	0.0000
0.7321	0.1906	0.0000	0.0014	0.0742	0.0017
0.9875	0.0116	0.0000	0.0008	0.0001	0.0000
0.7594	0.2193	0.0000	0.0000	0.0211	0.0002
0.0210	0.9436	0.0000	0.0000	0.0282	0.0072
0.1865	0.6867	0.0000	0.0008	0.1163	0.0098
0.0000	0.0000	0.9993	0.0007	0.0000	0.0000
0.0000	0.0000	0.1049	0.8951	0.0000	0.0000
0.0000	0.0000	0.0025	0.9975	0.0000	0.0000
0.0000	0.0000	0.0023	0.9975	0.0002	0.0000
0.0000	0.0000	1.0000	0.0000	0.0000	0.0000
0.0001	0.0000	0.0065	0.9934	0.0000	0.0000
0.0000	0.0000	0.7219	0.2781	0.0000	0.0000
0.0000	0.0000	1.0000	0.0000	0.0000	0.0000
0.0000	0.0000	0.1075	0.8925	0.0000	0.0000
0.0000	0.0000	1.0000	0.0000	0.0000	0.0000
0.0000	0.0000	0.7848	0.2152	0.0000	0.0000
0.0000	0.0000	0.0001	0.9999	0.0000	0.0000
0.0000	0.0001	0.0000	0.0003	0.5606	0.4390
0.3503	0.1874	0.0000	0.0002	0.3878	0.0743
0.0000	0.0000	0.0000	0.0075	0.4753	0.5172
0.0009	0.0005	0.0000	0.0022	0.7549	0.2415
0.0000	0.0037	0.0000	0.0002	0.8507	0.1454
0.0000	0.0001	0.0000	0.0001	0.8741	0.1258
0.0000	0.0000	0.0000	0.0000	0.1918	0.8081
0.0001	0.0003	0.0000	0.0000	0.7833	0.2162
0.0000	0.0000	0.0000	0.0000	0.8339	0.1660
0.0000	0.0000	0.0000	0.0023	0.1723	0.8254
0.0045	0.0040	0.0000	0.0001	0.8679	0.1236
