0.7791	0.2108	0.0000	0.0002	0.0097	0.0001
0.9763	0.0206	0.0000	0.0006	0.0024	0.0000
0.3774	0.3843	0.0000	0.0095	0.2237	0.0052
0.0005	0.0113	0.0000	0.0036	0.8452	0.1395
0.7071	0.2727	0.0000	0.0009	0.0184	0.0009
0.4960	0.3947	0.0000	0.0007	0.1072	0.0014
0.9404	0.0525	0.0000	0.0019	0.0051	0.0001
0.6464	0.2710	0.0000	0.0001	0.0820	0.0005
0.0994	0.7438	0.0000	0.0003	0.1499	0.0066
0.1756	0.5333	0.0000	0.0019	0.2783	0.0108
0.0000	0.0000	0.9998	0.0002	0.0000	0.0000
0.0000	0.0000	0.0584	0.9416	0.0000	0.0000
0.0000	0.0000	0.0041	0.9957	0.0002	0.0000
0.0001	0.0000	0.0145	0.9843	0.0011	0.0000
0.0000	0.0000	1.0000	0.0000	0.0000	0.0000
0.0012	0.0000	0.0201	0.9787	0.0000	0.0000
0.0019	0.0000	0.5473	0.4508	0.0000	0.0000
0.0000	0.0000	1.0000	0.0000	0.0000	0.0000
0.0218	0.0001	0.3911	0.5869	0.0000	0.0000
0.0000	0.0000	1.0000	0.0000	0.0000	0.0000
0.0003	0.0000	0.9264	0.0732	0.0000	0.0000
0.0000	0.0000	0.0001	0.9999	0.0000	0.0000
0.0001	0.0007	0.0000	0.0019	0.5755	0.4218
0.3555	0.2533	0.0000	0.0025	0.3688	0.0199
0.0000	0.0000	0.0000	0.0024	0.0967	0.9008
0.0029	0.0050	0.0000	0.0070	0.8536	0.1315
0.0004	0.0076	0.0000	0.0043	0.5174	0.4703
0.0000	0.0001	0.0000	0.0006	0.8089	0.1904
0.0000	0.0000	0.0000	0.0002	0.4196	0.5801
0.0005	0.0019	0.0000	0.0004	0.9360	0.0612
0.0000	0.0002	0.0000	0.0002	0.8560	0.1436
0.0000	0.0000	0.0000	0.0020	0.0801	0.9179
0.0120	0.0347	0.0000	0.0004	0.9233	0.0296
