0.8410	0.1543	0.0000	0.0000	0.0045	0.0001
0.9959	0.0040	0.0000	0.0000	0.0002	0.0000
0.6849	0.2244	0.0000	0.0000	0.0878	0.0029
0.0006	0.0152	0.0000	0.0000	0.8573	0.1269
0.6338	0.3627	0.0000	0.0000	0.0033	0.0002
0.5671	0.3883	0.0000	0.0000	0.0432	0.0015
0.9840	0.0157	0.0000	0.0000	0.0002	0.0000
0.6762	0.2866	0.0000	0.0000	0.0367	0.0005
0.0667	0.8830	0.0000	0.0000	0.0449	0.0054
0.1528	0.6571	0.0000	0.0000	0.1760	0.0141
0.0000	0.0000	1.0000	0.0000	0.0000	0.0000
0.0000	0.0000	0.0493	0.9507	0.0000	0.0000
0.0000	0.0000	0.1324	0.8675	0.0000	0.0000
0.0011	0.0000	0.0205	0.9782	0.0002	0.0000
0.0000	0.0000	1.0000	0.0000	0.0000	0.0000
0.0298	0.0000	0.0011	0.9690	0.0001	0.0000
0.0039	0.0000	0.3461	0.6500	0.0000	0.0000
0.0000	0.0000	1.0000	0.0000	0.0000	0.0000
0.0975	0.0000	0.2965	0.6060	0.0000	0.0000
0.0000	0.0000	1.0000	0.0000	0.0000	0.0000
0.0001	0.0000	0.9796	0.0203	0.0000	0.0000
0.0000	0.0000	0.0003	0.9997	0.0000	0.0000
0.0000	0.0002	0.0000	0.0000	0.5033	0.4965
0.4703	0.3404	0.0000	0.0000	0.1821	0.0072
0.0000	0.0000	0.0000	0.0000	0.1863	0.8137
0.0038	0.0058	0.0000	0.0000	0.8284	0.1621
0.0005	0.0187	0.0000	0.0000	0.4648	0.5159
0.0000	0.0000	0.0000	0.0000	0.3992	0.6008
0.0000	0.0000	0.0000	0.0000	0.1015	0.8985
0.0002	0.0005	0.0000	0.0000	0.8938	0.1055
0.0000	0.0000	0.0000	0.0000	0.8332	0.1668
0.0000	0.0002	0.0000	0.0000	0.0917	0.9080
0.0118	0.0308	0.0000	0.0000	0.9170	0.0404
