0.9134	0.0866	0.0000	0.0000	0.0000	0.0000
1.0000	0.0000	0.0000	0.0000	0.0000	0.0000
0.3389	0.6596	0.0000	0.0000	0.0015	0.0000
0.0000	0.2474	0.0000	0.0000	0.7493	0.0033
0.9500	0.0500	0.0000	0.0000	0.0000	0.0000
0.6350	0.3250	0.0000	0.0000	0.0398	0.0002
1.0000	0.0000	0.0000	0.0000	0.0000	0.0000
0.8737	0.1250	0.0000	0.0000	0.0013	0.0000
0.0001	0.9987	0.0000	0.0000	0.0009	0.0002
0.0298	0.8984	0.0000	0.0000	0.0716	0.0002
0.0000	0.0000	0.9997	0.0003	0.0000	0.0000
0.0000	0.0000	0.0248	0.9752	0.0000	0.0000
0.0000	0.0000	0.0000	1.0000	0.0000	0.0000
0.0000	0.0000	0.0000	1.0000	0.0000	0.0000
0.0000	0.0000	1.0000	0.0000	0.0000	0.0000
0.0000	0.0000	0.0001	0.9999	0.0000	0.0000
0.0000	0.0000	0.9905	0.0095	0.0000	0.0000
0.0000	0.0000	1.0000	0.0000	0.0000	0.0000
0.0000	0.0000	0.0421	0.9579	0.0000	0.0000
0.0000	0.0000	1.0000	0.0000	0.0000	0.0000
0.0000	0.0000	0.0491	0.9509	0.0000	0.0000
0.0000	0.0000	0.0000	1.0000	0.0000	0.0000
0.0000	0.0000	0.0000	0.0000	0.1816	0.8184
0.1655	0.1050	0.0000	0.0000	0.6904	0.0392
0.0000	0.0000	0.0000	0.0002	0.7626	0.2373
0.0000	0.0000	0.0000	0.0000	0.6480	0.3520
0.0000	0.0042	0.0000	0.0000	0.7372	0.2585
0.0000	0.0000	0.0000	0.0000	0.9492	0.0508
0.0000	0.0000	0.0000	0.0000	0.0045	0.9955
0.0000	0.0000	0.0000	0.0000	0.7944	0.2056
0.0000	0.0000	0.0000	0.0000	0.9332	0.0668
0.0000	0.0000	0.0000	0.0000	0.0010	0.9990
0.0000	0.0001	0.0000	0.0000	0.9512	0.0487
