0.2174	0.7826	0.0000	0.0000	0.0000	0.0000
1.0000	0.0000	0.0000	0.0000	0.0000	0.0000
0.0003	0.9990	0.0000	0.0000	0.0007	0.0000
0.0000	0.3023	0.0000	0.0000	0.6976	0.0000
0.4254	0.5734	0.0000	0.0000	0.0012	0.0000
0.8592	0.1408	0.0000	0.0000	0.0000	0.0000
0.9977	0.0023	0.0000	0.0000	0.0000	0.0000
0.6480	0.3442	0.0000	0.0000	0.0078	0.0000
0.0000	0.9999	0.0000	0.0000	0.0001	0.0000
0.0000	0.9218	0.0000	0.0000	0.0782	0.0000
0.0000	0.0000	1.0000	0.0000	0.0000	0.0000
0.0000	0.0000	0.0054	0.9946	0.0000	0.0000
0.0000	0.0000	0.0004	0.9996	0.0000	0.0000
0.0000	0.0000	0.0000	1.0000	0.0000	0.0000
0.0000	0.0000	1.0000	0.0000	0.0000	0.0000
0.0000	0.0000	0.0005	0.9995	0.0000	0.0000
0.0000	0.0000	0.9436	0.0564	0.0000	0.0000
0.0000	0.0000	1.0000	0.0000	0.0000	0.0000
0.0000	0.0000	0.0174	0.9826	0.0000	0.0000
0.0000	0.0000	1.0000	0.0000	0.0000	0.0000
0.0000	0.0000	0.0207	0.9793	0.0000	0.0000
0.0000	0.0000	0.0000	1.0000	0.0000	0.0000
0.0000	0.0000	0.0000	0.0000	0.0002	0.9998
0.7039	0.0393	0.0000	0.0000	0.2554	0.0015
0.0000	0.0000	0.0000	0.0000	0.9825	0.0175
0.0000	0.0000	0.0000	0.0000	0.9853	0.0147
0.0000	0.0101	0.0000	0.0000	0.9689	0.0210
0.0000	0.0000	0.0000	0.0000	0.9998	0.0002
0.0000	0.0000	0.0000	0.0000	0.2421	0.7579
0.0000	0.0000	0.0000	0.0000	0.8770	0.1230
0.0000	0.0000	0.0000	0.0000	0.9973	0.0027
0.0000	0.0000	0.0000	0.0000	0.0004	0.9996
0.0001	0.0001	0.0000	0.0000	0.9851	0.0147
