0.9941	0.0059	0.0000	0.0000	0.0000	0.0000
1.0000	0.0000	0.0000	0.0000	0.0000	0.0000
0.9114	0.0849	0.0000	0.0000	0.0036	0.0000
0.0000	0.0162	0.0000	0.0000	0.9805	0.0033
0.9842	0.0158	0.0000	0.0000	0.0000	0.0000
0.9730	0.0269	0.0000	0.0000	0.0001	0.0000
1.0000	0.0000	0.0000	0.0000	0.0000	0.0000
0.9151	0.0847	0.0000	0.0000	0.0002	0.0000
0.0000	0.9999	0.0000	0.0000	0.0001	0.0000
0.0018	0.9684	0.0000	0.0000	0.0298	0.0000
0.0000	0.0000	1.0000	0.0000	0.0000	0.0000
0.0000	0.0000	0.0000	1.0000	0.0000	0.0000
0.0000	0.0000	0.0409	0.9591	0.0000	0.0000
0.0000	0.0000	0.0000	1.0000	0.0000	0.0000
0.0000	0.0000	1.0000	0.0000	0.0000	0.0000
0.0027	0.0000	0.0000	0.9973	0.0000	0.0000
0.0000	0.0000	0.0003	0.9997	0.0000	0.0000
0.0000	0.0000	1.0000	0.0000	0.0000	0.0000
0.0012	0.0000	0.5488	0.4500	0.0000	0.0000
0.0000	0.0000	1.0000	0.0000	0.0000	0.0000
0.0006	0.0000	0.9994	0.0000	0.0000	0.0000
0.0000	0.0000	0.0000	1.0000	0.0000	0.0000
0.0000	0.0000	0.0000	0.0000	0.9175	0.0825
0.3989	0.3899	0.0000	0.0000	0.2112	0.0000
0.0000	0.0000	0.0000	0.0000	0.0002	0.9998
0.0000	0.0000	0.0000	0.0000	0.9994	0.0006
0.0000	0.0002	0.0000	0.0000	0.9672	0.0327
0.0000	0.0000	0.0000	0.0000	0.3215	0.6785
0.0000	0.0000	0.0000	0.0000	0.0001	0.9999
0.0000	0.0000	0.0000	0.0000	0.9998	0.0002
0.0000	0.0000	0.0000	0.0000	0.9930	0.0070
0.0000	0.0000	0.0000	0.0000	0.0002	0.9998
0.0000	0.0000	0.0000	0.0000	1.0000	0.0000
