0.9742	0.0258	0.0000	0.0000	0.0000	0.0000
1.0000	0.0000	0.0000	0.0000	0.0000	0.0000
0.8776	0.1068	0.0000	0.0000	0.0156	0.0000
0.0000	0.0276	0.0000	0.0000	0.8944	0.0780
0.7863	0.2136	0.0000	0.0000	0.0001	0.0000
0.2109	0.7871	0.0000	0.0000	0.0020	0.0000
0.9998	0.0002	0.0000	0.0000	0.0000	0.0000
0.8484	0.1510	0.0000	0.0000	0.0006	0.0000
0.0133	0.9836	0.0000	0.0000	0.0032	0.0000
0.1245	0.7699	0.0000	0.0000	0.1054	0.0002
0.0000	0.0000	1.0000	0.0000	0.0000	0.0000
0.0000	0.0000	0.0004	0.9996	0.0000	0.0000
0.0000	0.0000	0.0862	0.9138	0.0000	0.0000
0.0000	0.0000	0.0000	1.0000	0.0000	0.0000
0.0000	0.0000	1.0000	0.0000	0.0000	0.0000
0.0000	0.0000	0.0000	1.0000	0.0000	0.0000
0.0000	0.0000	0.0164	0.9836	0.0000	0.0000
0.0000	0.0000	1.0000	0.0000	0.0000	0.0000
0.0000	0.0000	0.2102	0.7898	0.0000	0.0000
0.0000	0.0000	1.0000	0.0000	0.0000	0.0000
0.0000	0.0000	1.0000	0.0000	0.0000	0.0000
0.0000	0.0000	0.0000	1.0000	0.0000	0.0000
0.0000	0.0000	0.0000	0.0000	0.7156	0.2844
0.4326	0.3669	0.0000	0.0000	0.2003	0.0002
0.0000	0.0000	0.0000	0.0000	0.0005	0.9995
0.0001	0.0001	0.0000	0.0000	0.9723	0.0275
0.0000	0.0014	0.0000	0.0000	0.8052	0.1933
0.0000	0.0000	0.0000	0.0000	0.2631	0.7369
0.0000	0.0000	0.0000	0.0000	0.0316	0.9684
0.0000	0.0001	0.0000	0.0000	0.9843	0.0156
0.0000	0.0000	0.0000	0.0000	0.8008	0.1992
0.0000	0.0000	0.0000	0.0000	0.0357	0.9643
0.0068	0.0602	0.0000	0.0000	0.9318	0.0012
