0.7128	0.2854	0.0000	0.0000	0.0018	0.0000
0.9754	0.0243	0.0000	0.0000	0.0003	0.0000
0.6758	0.2946	0.0000	0.0007	0.0251	0.0037
0.0008	0.0202	0.0000	0.0002	0.7055	0.2733
0.7464	0.2466	0.0000	0.0002	0.0053	0.0014
0.4687	0.4953	0.0000	0.0000	0.0344	0.0016
0.9231	0.0757	0.0000	0.0001	0.0011	0.0000
0.5876	0.4010	0.0000	0.0000	0.0113	0.0001
0.0654	0.9166	0.0000	0.0000	0.0173	0.0007
0.3842	0.5346	0.0000	0.0000	0.0800	0.0012
0.0000	0.0000	0.9996	0.0004	0.0000	0.0000
0.0000	0.0000	0.1281	0.8718	0.0000	0.0000
0.0000	0.0000	0.0000	1.0000	0.0000	0.0000
0.0000	0.0000	0.0011	0.9987	0.0002	0.0000
0.0000	0.0000	1.0000	0.0000	0.0000	0.0000
0.0008	0.0000	0.0054	0.9938	0.0000	0.0000
0.0002	0.0000	0.8604	0.1393	0.0000	0.0000
0.0000	0.0000	1.0000	0.0000	0.0000	0.0000
0.0010	0.0000	0.0665	0.9323	0.0002	0.0000
0.0000	0.0000	1.0000	0.0000	0.0000	0.0000
0.0002	0.0000	0.5271	0.4727	0.0000	0.0000
0.0000	0.0000	0.0000	1.0000	0.0000	0.0000
0.0000	0.0003	0.0000	0.0002	0.5324	0.4672
0.4212	0.4058	0.0000	0.0001	0.1517	0.0212
0.0000	0.0000	0.0000	0.0007	0.0578	0.9415
0.0009	0.0073	0.0000	0.0008	0.6885	0.3025
0.0004	0.0134	0.0000	0.0004	0.7033	0.2826
0.0000	0.0001	0.0000	0.0000	0.6058	0.3941
0.0000	0.0000	0.0000	0.0000	0.0550	0.9450
0.0001	0.0008	0.0000	0.0000	0.8748	0.1242
0.0000	0.0001	0.0000	0.0000	0.7744	0.2255
0.0000	0.0000	0.0000	0.0011	0.0723	0.9265
0.0225	0.1281	0.0000	0.0000	0.7778	0.0716
