0.0192	0.9808	0.0000	0.0000	0.0000	0.0000
0.9616	0.0384	0.0000	0.0000	0.0000	0.0000
0.0459	0.9537	0.0000	0.0000	0.0004	0.0000
0.0060	0.9507	0.0000	0.0000	0.0430	0.0003
0.9457	0.0540	0.0000	0.0000	0.0003	0.0000
0.5676	0.4323	0.0000	0.0000	0.0002	0.0000
0.7884	0.2114	0.0000	0.0000	0.0002	0.0000
0.0793	0.9187	0.0000	0.0000	0.0020	0.0000
0.0013	0.9981	0.0000	0.0000	0.0003	0.0003
0.1931	0.8059	0.0000	0.0000	0.0009	0.0000
0.0000	0.0000	0.9986	0.0014	0.0000	0.0000
0.0000	0.0000	0.0083	0.9917	0.0000	0.0000
0.0000	0.0000	0.0000	1.0000	0.0000	0.0000
0.0000	0.0000	0.0000	1.0000	0.0000	0.0000
0.0000	0.0000	1.0000	0.0000	0.0000	0.0000
0.0000	0.0000	0.0000	1.0000	0.0000	0.0000
0.0000	0.0000	0.8698	0.1302	0.0000	0.0000
0.0000	0.0000	1.0000	0.0000	0.0000	0.0000
0.0000	0.0000	0.0335	0.9665	0.0000	0.0000
0.0000	0.0000	1.0000	0.0000	0.0000	0.0000
0.0000	0.0000	0.0157	0.9843	0.0000	0.0000
0.0000	0.0000	0.0000	1.0000	0.0000	0.0000
0.0000	0.0000	0.0000	0.0000	0.0313	0.9686
0.1584	0.3512	0.0000	0.0000	0.3415	0.1490
0.0000	0.0000	0.0000	0.0005	0.8834	0.1161
0.0000	0.0003	0.0000	0.0000	0.7960	0.2036
0.0001	0.0418	0.0000	0.0000	0.8610	0.0971
0.0000	0.0022	0.0000	0.0000	0.9618	0.0360
0.0000	0.0000	0.0000	0.0000	0.0017	0.9983
0.0000	0.0000	0.0000	0.0000	0.2401	0.7599
0.0000	0.0000	0.0000	0.0000	0.2224	0.7776
0.0000	0.0000	0.0000	0.0000	0.0157	0.9843
0.0005	0.0023	0.0000	0.0000	0.3513	0.6459
