0.8319	0.1553	0.0000	0.0002	0.0120	0.0006
0.9709	0.0250	0.0000	0.0005	0.0035	0.0002
0.7254	0.1759	0.0000	0.0023	0.0900	0.0063
0.0084	0.0252	0.0000	0.0021	0.7973	0.1670
0.4650	0.5151	0.0000	0.0004	0.0184	0.0012
0.3454	0.5614	0.0000	0.0007	0.0874	0.0051
0.9292	0.0645	0.0000	0.0009	0.0050	0.0004
0.6541	0.2521	0.0000	0.0001	0.0905	0.0032
0.1498	0.7245	0.0000	0.0001	0.1113	0.0142
0.2018	0.6185	0.0000	0.0007	0.1546	0.0244
0.0000	0.0000	0.9810	0.0190	0.0000	0.0000
0.0001	0.0000	0.0143	0.9856	0.0000	0.0000
0.0000	0.0000	0.0346	0.9639	0.0013	0.0002
0.0006	0.0000	0.0031	0.9958	0.0006	0.0000
0.0000	0.0000	1.0000	0.0000	0.0000	0.0000
0.0045	0.0001	0.0004	0.9949	0.0001	0.0000
0.0112	0.0002	0.2006	0.7878	0.0001	0.0000
0.0000	0.0000	0.9997	0.0002	0.0000	0.0000
0.0142	0.0005	0.0094	0.9759	0.0000	0.0000
0.0000	0.0000	1.0000	0.0000	0.0000	0.0000
0.0005	0.0000	0.1738	0.8257	0.0000	0.0000
0.0000	0.0000	0.0000	1.0000	0.0000	0.0000
0.0006	0.0007	0.0000	0.0004	0.5869	0.4115
0.3350	0.2806	0.0000	0.0010	0.3482	0.0352
0.0000	0.0000	0.0000	0.0128	0.3944	0.5928
0.0192	0.0232	0.0000	0.0033	0.7843	0.1700
0.0062	0.0158	0.0000	0.0013	0.5865	0.3901
0.0002	0.0002	0.0000	0.0003	0.5693	0.4299
0.0000	0.0000	0.0000	0.0001	0.3238	0.6761
0.0025	0.0047	0.0000	0.0002	0.8137	0.1788
0.0004	0.0005	0.0000	0.0002	0.7675	0.2314
0.0002	0.0012	0.0000	0.0057	0.2386	0.7542
0.0299	0.0676	0.0000	0.0002	0.8199	0.0823
