0.6669	0.2939	0.0000	0.0000	0.0382	0.0009
0.9131	0.0600	0.0000	0.0000	0.0264	0.0005
0.6365	0.2125	0.0000	0.0000	0.1419	0.0090
0.0632	0.2116	0.0000	0.0000	0.6446	0.0806
0.2738	0.6962	0.0000	0.0000	0.0278	0.0022
0.1779	0.8006	0.0000	0.0000	0.0204	0.0011
0.8367	0.0966	0.0000	0.0000	0.0642	0.0026
0.5642	0.3909	0.0000	0.0000	0.0443	0.0006
0.3258	0.5529	0.0000	0.0000	0.1166	0.0047
0.2594	0.3779	0.0000	0.0000	0.3378	0.0250
0.0000	0.0000	0.9985	0.0015	0.0000	0.0000
0.0000	0.0000	0.0134	0.9866	0.0000	0.0000
0.0000	0.0000	0.0034	0.9966	0.0000	0.0000
0.0000	0.0000	0.0001	0.9999	0.0000	0.0000
0.0000	0.0000	0.9993	0.0000	0.0000	0.0007
0.0003	0.0000	0.0025	0.9971	0.0001	0.0000
0.0000	0.0000	0.2617	0.7383	0.0000	0.0000
0.0000	0.0000	0.9999	0.0001	0.0000	0.0000
0.0000	0.0000	0.0029	0.9971	0.0000	0.0000
0.0000	0.0000	1.0000	0.0000	0.0000	0.0000
0.0000	0.0000	0.8611	0.1388	0.0000	0.0000
0.0000	0.0000	0.0009	0.9991	0.0000	0.0000
0.0055	0.0043	0.0000	0.0000	0.7289	0.2613
0.2677	0.2760	0.0000	0.0000	0.4328	0.0235
0.0000	0.0002	0.0000	0.0338	0.1465	0.8194
0.0439	0.0887	0.0000	0.0000	0.6935	0.1739
0.0117	0.0244	0.0000	0.0000	0.6052	0.3587
0.0080	0.0053	0.0000	0.0000	0.5809	0.4057
0.0004	0.0004	0.0000	0.0000	0.3574	0.6419
0.0498	0.0683	0.0000	0.0000	0.7892	0.0927
0.0152	0.0092	0.0000	0.0000	0.8705	0.1050
0.0002	0.0010	0.0000	0.0001	0.1433	0.8554
0.1297	0.4933	0.0000	0.0000	0.3599	0.0171
