0.8535	0.1445	0.0000	0.0000	0.0020	0.0000
0.9809	0.0176	0.0000	0.0000	0.0015	0.0000
0.7060	0.2407	0.0000	0.0000	0.0531	0.0002
0.0002	0.0067	0.0000	0.0000	0.8391	0.1541
0.6576	0.3394	0.0000	0.0000	0.0030	0.0000
0.2241	0.7696	0.0000	0.0000	0.0063	0.0000
0.9603	0.0348	0.0000	0.0000	0.0049	0.0000
0.6409	0.3526	0.0000	0.0000	0.0065	0.0000
0.3551	0.6151	0.0000	0.0000	0.0298	0.0000
0.4377	0.4655	0.0000	0.0000	0.0965	0.0003
0.0000	0.0000	1.0000	0.0000	0.0000	0.0000
0.0000	0.0000	0.0316	0.9684	0.0000	0.0000
0.0000	0.0000	0.0018	0.9982	0.0000	0.0000
0.0000	0.0000	0.0000	1.0000	0.0000	0.0000
0.0000	0.0000	1.0000	0.0000	0.0000	0.0000
0.0016	0.0000	0.0158	0.9825	0.0000	0.0000
0.0001	0.0000	0.9281	0.0717	0.0000	0.0000
0.0000	0.0000	1.0000	0.0000	0.0000	0.0000
0.0000	0.0000	0.0714	0.9286	0.0000	0.0000
0.0000	0.0000	1.0000	0.0000	0.0000	0.0000
0.0000	0.0000	0.9879	0.0121	0.0000	0.0000
0.0000	0.0000	0.0001	0.9999	0.0000	0.0000
0.0000	0.0000	0.0000	0.0000	0.6552	0.3448
0.5947	0.2427	0.0000	0.0000	0.1615	0.0011
0.0000	0.0000	0.0000	0.0000	0.0003	0.9997
0.0020	0.0096	0.0000	0.0000	0.8952	0.0932
0.0008	0.0038	0.0000	0.0000	0.6854	0.3101
0.0001	0.0001	0.0000	0.0000	0.7066	0.2933
0.0000	0.0000	0.0000	0.0000	0.2478	0.7522
0.0011	0.0031	0.0000	0.0000	0.9540	0.0417
0.0000	0.0000	0.0000	0.0000	0.8911	0.1088
0.0000	0.0000	0.0000	0.0000	0.0094	0.9906
0.0333	0.3263	0.0000	0.0000	0.6376	0.0028
