0.6820	0.3179	0.0000	0.0000	0.0001	0.0000
0.9971	0.0028	0.0000	0.0000	0.0000	0.0000
0.7743	0.2078	0.0000	0.0000	0.0179	0.0000
0.0000	0.0009	0.0000	0.0000	0.9304	0.0687
0.0735	0.9264	0.0000	0.0000	0.0001	0.0000
0.0358	0.9636	0.0000	0.0000	0.0006	0.0000
0.8836	0.1160	0.0000	0.0000	0.0003	0.0000
0.4682	0.5308	0.0000	0.0000	0.0010	0.0000
0.0172	0.9818	0.0000	0.0000	0.0010	0.0000
0.0271	0.9639	0.0000	0.0000	0.0090	0.0000
0.0000	0.0000	1.0000	0.0000	0.0000	0.0000
0.0000	0.0000	0.0076	0.9924	0.0000	0.0000
0.0000	0.0000	0.0023	0.9977	0.0000	0.0000
0.0000	0.0000	0.0000	1.0000	0.0000	0.0000
0.0000	0.0000	0.9998	0.0000	0.0002	0.0000
0.0059	0.0000	0.0007	0.9934	0.0000	0.0000
0.0000	0.0000	0.9075	0.0924	0.0000	0.0000
0.0000	0.0000	0.9998	0.0002	0.0000	0.0000
0.0003	0.0000	0.1281	0.8716	0.0000	0.0000
0.0000	0.0000	1.0000	0.0000	0.0000	0.0000
0.0001	0.0000	0.6742	0.3257	0.0000	0.0000
0.0000	0.0000	0.0000	1.0000	0.0000	0.0000
0.0000	0.0000	0.0000	0.0000	0.4140	0.5860
0.7205	0.2309	0.0000	0.0000	0.0486	0.0000
0.0000	0.0000	0.0000	0.0000	0.0009	0.9991
0.0006	0.0001	0.0000	0.0000	0.9903	0.0089
0.0001	0.0004	0.0000	0.0000	0.8983	0.1012
0.0000	0.0000	0.0000	0.0000	0.5289	0.4711
0.0000	0.0000	0.0000	0.0000	0.0141	0.9859
0.0000	0.0004	0.0000	0.0000	0.9863	0.0132
0.0000	0.0000	0.0000	0.0000	0.6189	0.3811
0.0000	0.0000	0.0000	0.0000	0.0906	0.9094
0.0135	0.2929	0.0000	0.0000	0.6933	0.0003
