0.8990	0.1009	0.0000	0.0000	0.0000	0.0000
1.0000	0.0000	0.0000	0.0000	0.0000	0.0000
0.6622	0.3353	0.0000	0.0000	0.0025	0.0000
0.0000	0.0250	0.0000	0.0000	0.9747	0.0003
0.9183	0.0817	0.0000	0.0000	0.0000	0.0000
0.9843	0.0134	0.0000	0.0000	0.0023	0.0000
0.9999	0.0001	0.0000	0.0000	0.0000	0.0000
0.9007	0.0976	0.0000	0.0000	0.0018	0.0000
0.0001	0.9989	0.0000	0.0000	0.0010	0.0000
0.0094	0.9041	0.0000	0.0000	0.0865	0.0000
0.0000	0.0000	1.0000	0.0000	0.0000	0.0000
0.0000	0.0000	0.0524	0.9476	0.0000	0.0000
0.0000	0.0000	0.0000	1.0000	0.0000	0.0000
0.0000	0.0000	0.0000	1.0000	0.0000	0.0000
0.0000	0.0000	1.0000	0.0000	0.0000	0.0000
0.0026	0.0000	0.0003	0.9971	0.0000	0.0000
0.0000	0.0000	0.1492	0.8508	0.0000	0.0000
0.0000	0.0000	1.0000	0.0000	0.0000	0.0000
0.0001	0.0000	0.0249	0.9750	0.0000	0.0000
0.0000	0.0000	1.0000	0.0000	0.0000	0.0000
0.0000	0.0000	0.7629	0.2371	0.0000	0.0000
0.0000	0.0000	0.0000	1.0000	0.0000	0.0000
0.0000	0.0000	0.0000	0.0000	0.5907	0.4093
0.2373	0.6132	0.0000	0.0000	0.1471	0.0024
0.0000	0.0000	0.0000	0.0000	0.6861	0.3139
0.0000	0.0000	0.0000	0.0000	0.9742	0.0258
0.0000	0.0021	0.0000	0.0000	0.8953	0.1026
0.0000	0.0000	0.0000	0.0000	0.7678	0.2322
0.0000	0.0000	0.0000	0.0000	0.0002	0.9998
0.0000	0.0000	0.0000	0.0000	0.9550	0.0450
0.0000	0.0000	0.0000	0.0000	0.9388	0.0612
0.0000	0.0000	0.0000	0.0000	0.0007	0.9993
0.0004	0.0000	0.0000	0.0000	0.9933	0.0062
