0.7679	0.2301	0.0000	0.0000	0.0020	0.0000
0.9820	0.0165	0.0000	0.0000	0.0015	0.0000
0.5522	0.3475	0.0000	0.0000	0.0991	0.0013
0.0000	0.0010	0.0000	0.0000	0.8452	0.1537
0.3720	0.6221	0.0000	0.0000	0.0059	0.0001
0.1071	0.8864	0.0000	0.0000	0.0064	0.0002
0.9444	0.0451	0.0000	0.0000	0.0105	0.0000
0.6409	0.3537	0.0000	0.0000	0.0054	0.0000
0.1432	0.8480	0.0000	0.0000	0.0087	0.0002
0.2539	0.6567	0.0000	0.0000	0.0878	0.0016
0.0000	0.0000	0.9999	0.0001	0.0000	0.0000
0.0000	0.0000	0.0084	0.9916	0.0000	0.0000
0.0000	0.0000	0.0187	0.9813	0.0000	0.0000
0.0000	0.0000	0.0001	0.9999	0.0000	0.0000
0.0000	0.0000	0.0556	0.0171	0.0012	0.9261
0.0003	0.0000	0.0025	0.9972	0.0000	0.0000
0.0000	0.0000	0.9097	0.0903	0.0000	0.0000
0.0000	0.0000	0.9186	0.0773	0.0000	0.0041
0.0000	0.0000	0.1734	0.8266	0.0000	0.0000
0.0000	0.0000	1.0000	0.0000	0.0000	0.0000
0.0000	0.0000	0.8035	0.1965	0.0000	0.0000
0.0000	0.0000	0.0000	1.0000	0.0000	0.0000
0.0000	0.0000	0.0000	0.0000	0.7222	0.2778
0.4821	0.4103	0.0000	0.0000	0.1059	0.0018
0.0000	0.0000	0.0000	0.0000	0.0099	0.9901
0.0006	0.0013	0.0000	0.0000	0.8213	0.1768
0.0001	0.0008	0.0000	0.0000	0.6376	0.3614
0.0000	0.0000	0.0000	0.0000	0.5725	0.4274
0.0000	0.0000	0.0000	0.0000	0.1461	0.8539
0.0001	0.0007	0.0000	0.0000	0.9330	0.0661
0.0000	0.0000	0.0000	0.0000	0.7775	0.2225
0.0000	0.0000	0.0000	0.0000	0.0551	0.9449
0.0263	0.3644	0.0000	0.0000	0.5910	0.0183
