0.9993	0.0007	0.0000	0.0000	0.0000	0.0000
1.0000	0.0000	0.0000	0.0000	0.0000	0.0000
0.9915	0.0084	0.0000	0.0000	0.0001	0.0000
0.0000	0.0689	0.0000	0.0000	0.9311	0.0000
0.9746	0.0254	0.0000	0.0000	0.0000	0.0000
0.9876	0.0100	0.0000	0.0000	0.0024	0.0000
1.0000	0.0000	0.0000	0.0000	0.0000	0.0000
0.9489	0.0478	0.0000	0.0000	0.0033	0.0000
0.0000	1.0000	0.0000	0.0000	0.0000	0.0000
0.0015	0.9789	0.0000	0.0000	0.0196	0.0000
0.0000	0.0000	1.0000	0.0000	0.0000	0.0000
0.0000	0.0000	0.0000	1.0000	0.0000	0.0000
0.0000	0.0000	0.9998	0.0002	0.0000	0.0000
0.0000	0.0000	0.0002	0.9998	0.0000	0.0000
0.0000	0.0000	1.0000	0.0000	0.0000	0.0000
0.0001	0.0000	0.0000	0.9999	0.0000	0.0000
0.0000	0.0000	0.2784	0.7216	0.0000	0.0000
0.0000	0.0000	1.0000	0.0000	0.0000	0.0000
0.0001	0.0000	0.9314	0.0685	0.0000	0.0000
0.0000	0.0000	1.0000	0.0000	0.0000	0.0000
0.0000	0.0000	0.9724	0.0276	0.0000	0.0000
0.0000	0.0000	0.0000	1.0000	0.0000	0.0000
0.0000	0.0000	0.0000	0.0000	0.0186	0.9814
0.0436	0.0224	0.0000	0.0000	0.9326	0.0015
0.0000	0.0000	0.0000	0.0029	0.8748	0.1223
0.0000	0.0000	0.0000	0.0000	0.9998	0.0002
0.0000	0.0009	0.0000	0.0000	0.9988	0.0004
0.0000	0.0000	0.0000	0.0000	0.9807	0.0193
0.0000	0.0000	0.0000	0.0000	0.0001	0.9999
0.0000	0.0000	0.0000	0.0000	0.9135	0.0865
0.0000	0.0000	0.0000	0.0000	0.9524	0.0476
0.0000	0.0000	0.0000	0.0000	0.0130	0.9870
0.0000	0.0000	0.0000	0.0000	0.9999	0.0001
