0.7326	0.2619	0.0000	0.0000	0.0054	0.0001
0.9874	0.0123	0.0000	0.0000	0.0003	0.0000
0.4792	0.4208	0.0000	0.0000	0.0970	0.0030
0.0001	0.0053	0.0000	0.0000	0.8436	0.1511
0.3956	0.6002	0.0000	0.0000	0.0042	0.0001
0.2220	0.7458	0.0000	0.0000	0.0318	0.0004
0.8757	0.1226	0.0000	0.0000	0.0016	0.0001
0.5248	0.4091	0.0000	0.0000	0.0659	0.0003
0.0459	0.8321	0.0000	0.0000	0.1191	0.0029
0.0703	0.8182	0.0000	0.0000	0.1072	0.0042
0.0000	0.0000	1.0000	0.0000	0.0000	0.0000
0.0000	0.0000	0.0008	0.9992	0.0000	0.0000
0.0000	0.0000	0.0077	0.9923	0.0000	0.0000
0.0000	0.0000	0.0044	0.9956	0.0000	0.0000
0.0000	0.0000	1.0000	0.0000	0.0000	0.0000
0.0001	0.0000	0.0001	0.9998	0.0000	0.0000
0.0006	0.0000	0.0277	0.9717	0.0000	0.0000
0.0000	0.0000	1.0000	0.0000	0.0000	0.0000
0.0027	0.0000	0.3140	0.6832	0.0000	0.0000
0.0000	0.0000	1.0000	0.0000	0.0000	0.0000
0.0001	0.0000	0.8303	0.1696	0.0000	0.0000
0.0000	0.0000	0.0000	1.0000	0.0000	0.0000
0.0000	0.0001	0.0000	0.0000	0.6122	0.3876
0.3537	0.4274	0.0000	0.0000	0.2113	0.0076
0.0000	0.0000	0.0000	0.0000	0.0869	0.9131
0.0021	0.0038	0.0000	0.0000	0.8663	0.1278
0.0001	0.0057	0.0000	0.0000	0.6265	0.3677
0.0000	0.0000	0.0000	0.0000	0.4604	0.5395
0.0000	0.0000	0.0000	0.0000	0.1490	0.8510
0.0000	0.0010	0.0000	0.0000	0.9588	0.0401
0.0000	0.0001	0.0000	0.0000	0.8644	0.1355
0.0000	0.0000	0.0000	0.0000	0.1036	0.8964
0.0056	0.0612	0.0000	0.0000	0.9145	0.0187
