0.7645	0.2355	0.0000	0.0000	0.0000	0.0000
1.0000	0.0000	0.0000	0.0000	0.0000	0.0000
0.4858	0.5125	0.0000	0.0000	0.0017	0.0000
0.0000	0.3318	0.0000	0.0000	0.6682	0.0000
0.9647	0.0353	0.0000	0.0000	0.0000	0.0000
0.2894	0.6817	0.0000	0.0000	0.0289	0.0000
0.9997	0.0003	0.0000	0.0000	0.0000	0.0000
0.8513	0.1465	0.0000	0.0000	0.0022	0.0000
0.0001	0.9982	0.0000	0.0000	0.0015	0.0001
0.1514	0.1599	0.0000	0.0000	0.6887	0.0000
0.0000	0.0000	1.0000	0.0000	0.0000	0.0000
0.0000	0.0000	0.0389	0.9611	0.0000	0.0000
0.0000	0.0000	0.0000	1.0000	0.0000	0.0000
0.0000	0.0000	0.0000	1.0000	0.0000	0.0000
0.0000	0.0000	1.0000	0.0000	0.0000	0.0000
0.0000	0.0000	0.0000	1.0000	0.0000	0.0000
0.0000	0.0000	0.9605	0.0395	0.0000	0.0000
0.0000	0.0000	1.0000	0.0000	0.0000	0.0000
0.0000	0.0000	0.5177	0.4823	0.0000	0.0000
0.0000	0.0000	1.0000	0.0000	0.0000	0.0000
0.0000	0.0000	0.9693	0.0307	0.0000	0.0000
0.0000	0.0000	0.0000	1.0000	0.0000	0.0000
0.0000	0.0000	0.0000	0.0000	0.0203	0.9797
0.3195	0.0036	0.0000	0.0000	0.6764	0.0005
0.0000	0.0000	0.0000	0.0000	0.9996	0.0004
0.0000	0.0000	0.0000	0.0000	0.9796	0.0204
0.0000	0.0059	0.0000	0.0000	0.8666	0.1275
0.0000	0.0000	0.0000	0.0000	0.9886	0.0114
0.0000	0.0000	0.0000	0.0000	0.0000	1.0000
0.0000	0.0000	0.0000	0.0000	0.2859	0.7141
0.0000	0.0000	0.0000	0.0000	0.9944	0.0056
0.0000	0.0000	0.0000	0.0000	0.0003	0.9997
0.0000	0.0000	0.0000	0.0000	0.9649	0.0350
