0.6583	0.3307	0.0000	0.0000	0.0106	0.0004
0.9385	0.0569	0.0000	0.0000	0.0044	0.0001
0.4004	0.4968	0.0000	0.0000	0.0967	0.0061
0.0000	0.0017	0.0000	0.0000	0.8260	0.1722
0.3594	0.6282	0.0000	0.0000	0.0120	0.0004
0.2179	0.7457	0.0000	0.0000	0.0334	0.0029
0.8114	0.1723	0.0000	0.0000	0.0159	0.0004
0.4926	0.4674	0.0000	0.0000	0.0391	0.0009
0.1974	0.7453	0.0000	0.0000	0.0521	0.0052
0.1421	0.7606	0.0000	0.0000	0.0897	0.0076
0.0000	0.0000	1.0000	0.0000	0.0000	0.0000
0.0000	0.0000	0.0067	0.9933	0.0000	0.0000
0.0000	0.0000	0.0636	0.9363	0.0001	0.0000
0.0005	0.0000	0.0070	0.9924	0.0001	0.0000
0.0000	0.0000	0.9864	0.0008	0.0066	0.0062
0.0001	0.0000	0.0010	0.9989	0.0000	0.0000
0.0019	0.0000	0.1735	0.8245	0.0000	0.0000
0.0000	0.0000	0.9995	0.0004	0.0001	0.0000
0.0373	0.0005	0.4030	0.5591	0.0000	0.0000
0.0000	0.0000	1.0000	0.0000	0.0000	0.0000
0.0000	0.0000	0.8852	0.1148	0.0000	0.0000
0.0000	0.0000	0.0000	1.0000	0.0000	0.0000
0.0000	0.0000	0.0000	0.0000	0.7527	0.2473
0.4918	0.4002	0.0000	0.0000	0.1043	0.0038
0.0000	0.0000	0.0000	0.0000	0.1441	0.8559
0.0033	0.0049	0.0000	0.0000	0.8342	0.1576
0.0003	0.0038	0.0000	0.0000	0.6478	0.3481
0.0000	0.0000	0.0000	0.0000	0.6806	0.3194
0.0000	0.0000	0.0000	0.0000	0.3007	0.6993
0.0000	0.0009	0.0000	0.0000	0.9264	0.0727
0.0000	0.0001	0.0000	0.0000	0.7900	0.2099
0.0000	0.0002	0.0000	0.0000	0.2044	0.7954
0.0258	0.2324	0.0000	0.0000	0.6916	0.0502
