0.4222	0.5069	0.0000	0.0000	0.0681	0.0027
0.7253	0.2279	0.0000	0.0000	0.0455	0.0013
0.3512	0.4273	0.0000	0.0000	0.2086	0.0129
0.0110	0.1093	0.0000	0.0000	0.7290	0.1506
0.2509	0.7058	0.0000	0.0000	0.0407	0.0026
0.1577	0.7486	0.0000	0.0000	0.0898	0.0039
0.6143	0.3246	0.0000	0.0000	0.0577	0.0033
0.3249	0.5471	0.0000	0.0000	0.1244	0.0036
0.1688	0.6335	0.0000	0.0000	0.1839	0.0138
0.1504	0.5773	0.0000	0.0000	0.2517	0.0206
0.0000	0.0000	0.9989	0.0011	0.0000	0.0000
0.0005	0.0000	0.0838	0.9157	0.0000	0.0000
0.0001	0.0001	0.1366	0.8628	0.0005	0.0001
0.0026	0.0000	0.0552	0.9415	0.0006	0.0000
0.0000	0.0000	0.9999	0.0000	0.0000	0.0000
0.0265	0.0009	0.0496	0.9208	0.0022	0.0000
0.0176	0.0007	0.2135	0.7675	0.0007	0.0000
0.0000	0.0000	0.9996	0.0003	0.0000	0.0000
0.0047	0.0020	0.3359	0.6573	0.0002	0.0000
0.0000	0.0000	1.0000	0.0000	0.0000	0.0000
0.0001	0.0000	0.9495	0.0504	0.0000	0.0000
0.0000	0.0000	0.0065	0.9935	0.0000	0.0000
0.0049	0.0240	0.0000	0.0000	0.6780	0.2932
0.2001	0.4863	0.0000	0.0000	0.2945	0.0191
0.0000	0.0001	0.0000	0.0015	0.1478	0.8506
0.0200	0.1110	0.0000	0.0001	0.7150	0.1539
0.0186	0.1199	0.0000	0.0000	0.5674	0.2941
0.0049	0.0175	0.0000	0.0000	0.6466	0.3310
0.0005	0.0032	0.0000	0.0000	0.4224	0.5739
0.0161	0.0699	0.0000	0.0000	0.8321	0.0819
0.0037	0.0177	0.0000	0.0000	0.8373	0.1413
0.0004	0.0063	0.0000	0.0003	0.3100	0.6830
0.0375	0.2573	0.0000	0.0000	0.6653	0.0399
