0.9000	0.0996	0.0000	0.0000	0.0004	0.0000
0.9085	0.0913	0.0000	0.0000	0.0001	0.0000
0.9985	0.0014	0.0000	0.0000	0.0001	0.0000
0.6801	0.2904	0.0000	0.0002	0.0219	0.0074
0.6376	0.3259	0.0000	0.0000	0.0286	0.0079
0.4153	0.5779	0.0000	0.0000	0.0048	0.0020
0.8509	0.1382	0.0000	0.0000	0.0106	0.0003
0.2144	0.6578	0.0000	0.0001	0.0705	0.0572
0.7987	0.0486	0.0000	0.0000	0.1450	0.0076
0.9783	0.0217	0.0000	0.0000	0.0000	0.0000
0.0000	0.0000	1.0000	0.0000	0.0000	0.0000
0.0000	0.0000	0.0746	0.9253	0.0000	0.0000
0.0000	0.0000	0.0000	1.0000	0.0000	0.0000
0.0107	0.0000	0.1818	0.8075	0.0000	0.0000
0.0000	0.0000	0.0000	1.0000	0.0000	0.0000
0.0001	0.0000	0.0000	0.9999	0.0000	0.0000
0.0073	0.0000	0.0060	0.9867	0.0000	0.0000
0.0044	0.0000	0.2711	0.7244	0.0000	0.0000
0.0000	0.0000	0.9895	0.0105	0.0000	0.0000
0.0000	0.0000	1.0000	0.0000	0.0000	0.0000
0.0000	0.0000	0.9996	0.0004	0.0000	0.0000
0.0000	0.0000	0.0001	0.9999	0.0000	0.0000
0.5802	0.0267	0.0000	0.0000	0.3146	0.0785
0.0001	0.0032	0.0000	0.0000	0.3049	0.6918
0.0000	0.0000	0.0000	0.0008	0.0031	0.9961
0.0000	0.0000	0.0000	0.0000	0.9281	0.0719
0.0027	0.0016	0.0000	0.0000	0.1229	0.8727
0.0000	0.0000	0.0000	0.0000	0.2810	0.7190
0.0594	0.0036	0.0000	0.0000	0.6276	0.3094
0.0072	0.0015	0.0000	0.0000	0.8919	0.0994
0.0004	0.0004	0.0000	0.0000	0.9121	0.0871
0.0000	0.0000	0.0000	0.0002	0.0054	0.9944
0.0000	0.0000	0.0000	0.0000	0.0055	0.9945
