0.9987	0.0013	0.0000	0.0000	0.0000	0.0000
0.9988	0.0012	0.0000	0.0000	0.0000	0.0000
1.0000	0.0000	0.0000	0.0000	0.0000	0.0000
0.9708	0.0291	0.0000	0.0000	0.0000	0.0000
0.7580	0.2420	0.0000	0.0000	0.0000	0.0000
0.2890	0.7110	0.0000	0.0000	0.0000	0.0000
0.9874	0.0126	0.0000	0.0000	0.0000	0.0000
0.4421	0.5477	0.0000	0.0000	0.0098	0.0004
0.9684	0.0000	0.0000	0.0000	0.0315	0.0000
1.0000	0.0000	0.0000	0.0000	0.0000	0.0000
0.0000	0.0000	1.0000	0.0000	0.0000	0.0000
0.0000	0.0000	0.0032	0.9968	0.0000	0.0000
0.0000	0.0000	0.0004	0.9996	0.0000	0.0000
0.0002	0.0000	0.9998	0.0000	0.0000	0.0000
0.0000	0.0000	0.0000	1.0000	0.0000	0.0000
0.0016	0.0000	0.6417	0.3566	0.0000	0.0000
0.8147	0.0000	0.0001	0.1852	0.0000	0.0000
0.0008	0.0000	0.0016	0.9976	0.0000	0.0000
0.0000	0.0000	1.0000	0.0000	0.0000	0.0000
0.0000	0.0000	1.0000	0.0000	0.0000	0.0000
0.0000	0.0000	1.0000	0.0000	0.0000	0.0000
0.0000	0.0000	0.0000	1.0000	0.0000	0.0000
0.9574	0.0003	0.0000	0.0000	0.0423	0.0000
0.0000	0.0014	0.0000	0.0000	0.5557	0.4428
0.0000	0.0000	0.0000	0.0000	0.0000	1.0000
0.0000	0.0000	0.0000	0.0000	0.9957	0.0043
0.0000	0.0002	0.0000	0.0000	0.8243	0.1754
0.0000	0.0000	0.0000	0.0000	0.9914	0.0086
0.0001	0.0000	0.0000	0.0000	0.9998	0.0000
0.0000	0.0000	0.0000	0.0000	1.0000	0.0000
0.0000	0.0000	0.0000	0.0000	1.0000	0.0000
0.0000	0.0000	0.0000	0.0000	0.0000	1.0000
0.0000	0.0000	0.0000	0.0000	0.3202	0.6797
