0.9498	0.0485	0.0000	0.0000	0.0017	0.0000
0.9943	0.0052	0.0000	0.0000	0.0004	0.0000
0.9961	0.0031	0.0000	0.0000	0.0009	0.0000
0.8794	0.0877	0.0000	0.0000	0.0290	0.0039
0.1796	0.8044	0.0000	0.0000	0.0154	0.0007
0.6684	0.3285	0.0000	0.0000	0.0028	0.0003
0.8059	0.1782	0.0000	0.0000	0.0158	0.0000
0.1413	0.5566	0.0000	0.0000	0.2087	0.0933
0.9099	0.0696	0.0000	0.0000	0.0200	0.0005
0.9995	0.0004	0.0000	0.0000	0.0000	0.0000
0.0000	0.0000	1.0000	0.0000	0.0000	0.0000
0.0000	0.0000	0.0011	0.9989	0.0000	0.0000
0.0000	0.0000	0.0053	0.9947	0.0000	0.0000
0.0001	0.0000	0.0011	0.9988	0.0000	0.0000
0.0000	0.0000	0.0019	0.9978	0.0000	0.0003
0.0001	0.0000	0.0003	0.9996	0.0000	0.0000
0.0000	0.0000	0.0002	0.9998	0.0000	0.0000
0.0000	0.0000	0.3693	0.6307	0.0000	0.0000
0.0000	0.0000	0.9999	0.0001	0.0000	0.0000
0.0000	0.0000	1.0000	0.0000	0.0000	0.0000
0.0000	0.0000	1.0000	0.0000	0.0000	0.0000
0.0000	0.0000	0.0000	1.0000	0.0000	0.0000
0.6532	0.1785	0.0000	0.0000	0.1612	0.0070
0.0004	0.0136	0.0000	0.0000	0.3030	0.6830
0.0000	0.0000	0.0000	0.0000	0.0000	1.0000
0.0000	0.0000	0.0000	0.0000	0.9020	0.0980
0.0014	0.0045	0.0000	0.0000	0.7972	0.1969
0.0000	0.0000	0.0000	0.0000	0.6416	0.3584
0.0484	0.0289	0.0000	0.0000	0.8828	0.0399
0.0006	0.0020	0.0000	0.0000	0.9900	0.0074
0.0000	0.0002	0.0000	0.0000	0.9733	0.0265
0.0000	0.0000	0.0000	0.0000	0.0003	0.9997
0.0000	0.0000	0.0000	0.0000	0.0612	0.9387
