0.9765	0.0221	0.0000	0.0000	0.0014	0.0000
0.9909	0.0091	0.0000	0.0000	0.0000	0.0000
1.0000	0.0000	0.0000	0.0000	0.0000	0.0000
0.7896	0.1669	0.0000	0.0000	0.0433	0.0001
0.8967	0.0427	0.0000	0.0000	0.0605	0.0002
0.4631	0.5180	0.0000	0.0000	0.0189	0.0001
0.7745	0.2066	0.0000	0.0000	0.0189	0.0000
0.0319	0.9048	0.0000	0.0000	0.0618	0.0014
0.7351	0.0154	0.0000	0.0000	0.2493	0.0002
0.9998	0.0002	0.0000	0.0000	0.0000	0.0000
0.0000	0.0000	1.0000	0.0000	0.0000	0.0000
0.0000	0.0000	0.0722	0.9278	0.0000	0.0000
0.0000	0.0000	0.0011	0.9989	0.0000	0.0000
0.0129	0.0000	0.9153	0.0718	0.0000	0.0000
0.0000	0.0000	0.0000	1.0000	0.0000	0.0000
0.0235	0.0000	0.0011	0.9754	0.0000	0.0000
0.0399	0.0000	0.0003	0.9598	0.0000	0.0000
0.0002	0.0000	0.1082	0.8916	0.0000	0.0000
0.0000	0.0000	1.0000	0.0000	0.0000	0.0000
0.0000	0.0000	1.0000	0.0000	0.0000	0.0000
0.0000	0.0000	1.0000	0.0000	0.0000	0.0000
0.0000	0.0000	0.0000	1.0000	0.0000	0.0000
0.7382	0.1047	0.0000	0.0000	0.1561	0.0011
0.0000	0.0298	0.0000	0.0000	0.8139	0.1563
0.0000	0.0002	0.0000	0.0000	0.0021	0.9977
0.0000	0.0000	0.0000	0.0000	0.9973	0.0027
0.0000	0.0037	0.0000	0.0000	0.8816	0.1146
0.0000	0.0000	0.0000	0.0000	0.9438	0.0562
0.0011	0.0001	0.0000	0.0000	0.9957	0.0031
0.0000	0.0003	0.0000	0.0000	0.9976	0.0021
0.0000	0.0000	0.0000	0.0000	0.9985	0.0015
0.0000	0.0001	0.0000	0.0000	0.0040	0.9959
0.0000	0.0000	0.0000	0.0000	0.3851	0.6148
