0.9924	0.0076	0.0000	0.0000	0.0000	0.0000
0.9945	0.0055	0.0000	0.0000	0.0000	0.0000
1.0000	0.0000	0.0000	0.0000	0.0000	0.0000
0.9929	0.0070	0.0000	0.0000	0.0001	0.0000
0.5164	0.4829	0.0000	0.0000	0.0007	0.0000
0.5577	0.4423	0.0000	0.0000	0.0000	0.0000
0.9309	0.0683	0.0000	0.0000	0.0007	0.0000
0.0819	0.9027	0.0000	0.0000	0.0148	0.0006
0.9834	0.0011	0.0000	0.0000	0.0155	0.0000
1.0000	0.0000	0.0000	0.0000	0.0000	0.0000
0.0000	0.0000	1.0000	0.0000	0.0000	0.0000
0.0003	0.0000	0.0048	0.9949	0.0000	0.0000
0.0000	0.0000	0.0500	0.9492	0.0000	0.0008
0.9881	0.0000	0.0116	0.0003	0.0000	0.0000
0.0000	0.0000	0.0000	0.9996	0.0000	0.0004
0.0778	0.0000	0.0010	0.9212	0.0000	0.0000
0.3581	0.0000	0.0002	0.6418	0.0000	0.0000
0.0120	0.0000	0.1896	0.7984	0.0000	0.0000
0.0000	0.0000	1.0000	0.0000	0.0000	0.0000
0.0000	0.0000	1.0000	0.0000	0.0000	0.0000
0.0000	0.0000	1.0000	0.0000	0.0000	0.0000
0.0000	0.0000	0.0000	1.0000	0.0000	0.0000
0.6611	0.0179	0.0000	0.0000	0.3209	0.0000
0.0000	0.0262	0.0000	0.0000	0.5035	0.4703
0.0000	0.0000	0.0000	0.0000	0.0000	1.0000
0.0000	0.0000	0.0000	0.0000	0.9930	0.0070
0.0005	0.0021	0.0000	0.0000	0.9754	0.0220
0.0000	0.0000	0.0000	0.0000	0.8340	0.1660
0.0739	0.0007	0.0000	0.0000	0.9233	0.0021
0.0000	0.0000	0.0000	0.0000	0.9997	0.0003
0.0000	0.0000	0.0000	0.0000	0.9995	0.0005
0.0000	0.0000	0.0000	0.0000	0.0001	0.9999
0.0002	0.0000	0.0000	0.0000	0.0089	0.9909
