0.7306	0.2063	0.0000	0.0000	0.0563	0.0069
0.8672	0.1125	0.0000	0.0002	0.0183	0.0018
0.8976	0.0649	0.0000	0.0001	0.0348	0.0027
0.5589	0.2690	0.0000	0.0001	0.1305	0.0416
0.3830	0.5192	0.0000	0.0000	0.0753	0.0225
0.5095	0.3917	0.0000	0.0000	0.0788	0.0201
0.6374	0.2505	0.0000	0.0000	0.1011	0.0111
0.2688	0.4372	0.0000	0.0001	0.1723	0.1216
0.6562	0.1813	0.0000	0.0000	0.1405	0.0220
0.9609	0.0338	0.0000	0.0001	0.0051	0.0002
0.0005	0.0000	0.9917	0.0073	0.0004	0.0000
0.0010	0.0000	0.1175	0.8813	0.0001	0.0000
0.0001	0.0001	0.0558	0.9434	0.0002	0.0005
0.1024	0.0003	0.1327	0.7630	0.0015	0.0000
0.0004	0.0002	0.0057	0.9892	0.0015	0.0031
0.0546	0.0009	0.0143	0.9240	0.0057	0.0005
0.0626	0.0007	0.0397	0.8930	0.0039	0.0001
0.0114	0.0001	0.1715	0.8164	0.0006	0.0000
0.0000	0.0000	0.9855	0.0144	0.0000	0.0000
0.0000	0.0000	0.9881	0.0119	0.0000	0.0000
0.0000	0.0000	0.9816	0.0184	0.0000	0.0000
0.0000	0.0000	0.0111	0.9889	0.0000	0.0000
0.4675	0.2407	0.0000	0.0000	0.2479	0.0439
0.0374	0.1172	0.0000	0.0001	0.3489	0.4965
0.0000	0.0009	0.0000	0.0008	0.0108	0.9875
0.0086	0.0052	0.0000	0.0001	0.8229	0.1631
0.0707	0.0878	0.0000	0.0000	0.5322	0.3093
0.0046	0.0091	0.0000	0.0001	0.4959	0.4903
0.2137	0.1368	0.0000	0.0001	0.4592	0.1903
0.0953	0.0856	0.0000	0.0000	0.6907	0.1284
0.0349	0.0336	0.0000	0.0000	0.7587	0.1728
0.0007	0.0047	0.0000	0.0010	0.0529	0.9407
0.0151	0.0133	0.0000	0.0007	0.1932	0.7776
