0.9918	0.0082	0.0000	0.0000	0.0000	0.0000
0.9878	0.0122	0.0000	0.0000	0.0000	0.0000
1.0000	0.0000	0.0000	0.0000	0.0000	0.0000
0.6165	0.3830	0.0000	0.0000	0.0005	0.0000
0.9945	0.0039	0.0000	0.0000	0.0015	0.0000
0.2754	0.7244	0.0000	0.0000	0.0001	0.0000
0.9136	0.0860	0.0000	0.0000	0.0003	0.0000
0.0411	0.9548	0.0000	0.0000	0.0039	0.0002
0.9566	0.0036	0.0000	0.0000	0.0398	0.0000
1.0000	0.0000	0.0000	0.0000	0.0000	0.0000
0.0000	0.0000	1.0000	0.0000	0.0000	0.0000
0.0000	0.0000	0.3146	0.6854	0.0000	0.0000
0.0000	0.0000	0.0000	1.0000	0.0000	0.0000
0.0085	0.0000	0.9915	0.0000	0.0000	0.0000
0.0000	0.0000	0.0000	1.0000	0.0000	0.0000
0.0100	0.0000	0.0000	0.9900	0.0000	0.0000
0.5427	0.0000	0.0000	0.4573	0.0000	0.0000
0.0001	0.0000	0.3870	0.6130	0.0000	0.0000
0.0000	0.0000	1.0000	0.0000	0.0000	0.0000
0.0000	0.0000	1.0000	0.0000	0.0000	0.0000
0.0000	0.0000	1.0000	0.0000	0.0000	0.0000
0.0000	0.0000	0.0000	1.0000	0.0000	0.0000
0.8750	0.0590	0.0000	0.0000	0.0652	0.0008
0.0000	0.0037	0.0000	0.0000	0.7634	0.2328
0.0000	0.0000	0.0000	0.0000	0.0032	0.9968
0.0000	0.0000	0.0000	0.0000	0.9977	0.0023
0.0000	0.0006	0.0000	0.0000	0.3977	0.6017
0.0000	0.0000	0.0000	0.0000	0.4435	0.5565
0.0017	0.0000	0.0000	0.0000	0.9956	0.0027
0.0000	0.0000	0.0000	0.0000	0.9940	0.0060
0.0000	0.0000	0.0000	0.0000	0.9994	0.0006
0.0000	0.0000	0.0000	0.0000	0.0000	1.0000
0.0000	0.0000	0.0000	0.0000	0.0036	0.9964
