0.9158	0.0842	0.0000	0.0000	0.0000	0.0000
0.9997	0.0003	0.0000	0.0000	0.0000	0.0000
1.0000	0.0000	0.0000	0.0000	0.0000	0.0000
0.9289	0.0711	0.0000	0.0000	0.0000	0.0000
0.9985	0.0014	0.0000	0.0000	0.0000	0.0000
0.0233	0.9767	0.0000	0.0000	0.0000	0.0000
0.9724	0.0276	0.0000	0.0000	0.0000	0.0000
0.0124	0.9717	0.0000	0.0000	0.0159	0.0000
0.9966	0.0000	0.0000	0.0000	0.0034	0.0000
1.0000	0.0000	0.0000	0.0000	0.0000	0.0000
0.0000	0.0000	1.0000	0.0000	0.0000	0.0000
0.0000	0.0000	0.1331	0.8669	0.0000	0.0000
0.0000	0.0000	0.0000	1.0000	0.0000	0.0000
0.0001	0.0000	0.9999	0.0000	0.0000	0.0000
0.0000	0.0000	0.0000	1.0000	0.0000	0.0000
0.0000	0.0000	0.0000	1.0000	0.0000	0.0000
0.0000	0.0000	0.0000	1.0000	0.0000	0.0000
0.0000	0.0000	0.9691	0.0309	0.0000	0.0000
0.0000	0.0000	1.0000	0.0000	0.0000	0.0000
0.0000	0.0000	1.0000	0.0000	0.0000	0.0000
0.0000	0.0000	1.0000	0.0000	0.0000	0.0000
0.0000	0.0000	0.0000	1.0000	0.0000	0.0000
0.9656	0.0001	0.0000	0.0000	0.0341	0.0003
0.0000	0.0000	0.0000	0.0000	0.9735	0.0265
0.0000	0.0000	0.0000	0.0002	0.0352	0.9646
0.0000	0.0000	0.0000	0.0000	0.9998	0.0002
0.0000	0.0000	0.0000	0.0000	0.0291	0.9709
0.0000	0.0000	0.0000	0.0000	0.0955	0.9045
0.0000	0.0000	0.0000	0.0000	0.9942	0.0058
0.0000	0.0000	0.0000	0.0000	0.9962	0.0038
0.0000	0.0000	0.0000	0.0000	0.9999	0.0001
0.0000	0.0000	0.0000	0.0000	0.0001	0.9999
0.0000	0.0000	0.0000	0.0000	0.0000	1.0000
