0.8947	0.1053	0.0000	0.0000	0.0000	0.0000
0.9995	0.0005	0.0000	0.0000	0.0000	0.0000
0.9956	0.0044	0.0000	0.0000	0.0000	0.0000
0.9695	0.0277	0.0000	0.0000	0.0027	0.0001
0.9670	0.0325	0.0000	0.0000	0.0006	0.0000
0.0033	0.9957	0.0000	0.0000	0.0010	0.0000
0.9420	0.0523	0.0000	0.0000	0.0057	0.0000
0.0257	0.9728	0.0000	0.0000	0.0013	0.0002
0.9937	0.0024	0.0000	0.0000	0.0037	0.0002
0.9805	0.0195	0.0000	0.0000	0.0000	0.0000
0.0000	0.0000	1.0000	0.0000	0.0000	0.0000
0.0000	0.0000	0.0045	0.9955	0.0000	0.0000
0.0000	0.0000	0.0000	1.0000	0.0000	0.0000
0.0000	0.0000	0.5061	0.4939	0.0000	0.0000
0.0000	0.0000	0.0000	1.0000	0.0000	0.0000
0.0000	0.0000	0.0000	1.0000	0.0000	0.0000
0.0000	0.0000	0.0001	0.9999	0.0000	0.0000
0.0000	0.0000	0.9989	0.0011	0.0000	0.0000
0.0000	0.0000	1.0000	0.0000	0.0000	0.0000
0.0000	0.0000	1.0000	0.0000	0.0000	0.0000
0.0000	0.0000	1.0000	0.0000	0.0000	0.0000
0.0000	0.0000	0.0000	1.0000	0.0000	0.0000
0.1874	0.0106	0.0000	0.0000	0.7817	0.0203
0.0000	0.0004	0.0000	0.0000	0.7950	0.2047
0.0000	0.0000	0.0000	0.0001	0.2005	0.7993
0.0000	0.0000	0.0000	0.0000	0.9904	0.0096
0.0000	0.0000	0.0000	0.0000	0.0639	0.9361
0.0000	0.0000	0.0000	0.0000	0.0166	0.9834
0.0000	0.0000	0.0000	0.0000	0.8318	0.1681
0.0000	0.0000	0.0000	0.0000	0.9739	0.0261
0.0000	0.0000	0.0000	0.0000	0.9628	0.0372
0.0000	0.0000	0.0000	0.0000	0.0006	0.9994
0.0000	0.0000	0.0000	0.0000	0.0000	1.0000
