0.5842	0.3598	0.0000	0.0000	0.0534	0.0026
0.8945	0.0955	0.0000	0.0000	0.0096	0.0003
0.9318	0.0484	0.0000	0.0000	0.0192	0.0006
0.4024	0.4495	0.0000	0.0000	0.1262	0.0219
0.1899	0.7647	0.0000	0.0000	0.0399	0.0054
0.2751	0.6481	0.0000	0.0000	0.0669	0.0099
0.4431	0.4810	0.0000	0.0000	0.0737	0.0022
0.0904	0.6851	0.0000	0.0000	0.1720	0.0525
0.6409	0.2531	0.0000	0.0000	0.0975	0.0085
0.9579	0.0381	0.0000	0.0000	0.0040	0.0000
0.0000	0.0000	1.0000	0.0000	0.0000	0.0000
0.0000	0.0000	0.0200	0.9800	0.0000	0.0000
0.0000	0.0000	0.0156	0.9844	0.0000	0.0000
0.0499	0.0001	0.0446	0.9051	0.0003	0.0000
0.0000	0.0000	0.0010	0.9984	0.0001	0.0005
0.0453	0.0006	0.0041	0.9473	0.0026	0.0001
0.0012	0.0000	0.0071	0.9916	0.0001	0.0000
0.0006	0.0000	0.1540	0.8454	0.0000	0.0000
0.0000	0.0000	0.9761	0.0238	0.0000	0.0000
0.0000	0.0000	0.9977	0.0023	0.0000	0.0000
0.0000	0.0000	1.0000	0.0000	0.0000	0.0000
0.0000	0.0000	0.0001	0.9999	0.0000	0.0000
0.4964	0.3429	0.0000	0.0000	0.1398	0.0209
0.0020	0.1193	0.0000	0.0000	0.3609	0.5179
0.0000	0.0000	0.0000	0.0000	0.0027	0.9973
0.0000	0.0000	0.0000	0.0000	0.7702	0.2297
0.0027	0.0396	0.0000	0.0000	0.4738	0.4839
0.0000	0.0002	0.0000	0.0000	0.5637	0.4362
0.0371	0.1337	0.0000	0.0000	0.7207	0.1085
0.0009	0.0349	0.0000	0.0000	0.9017	0.0625
0.0001	0.0059	0.0000	0.0000	0.8409	0.1532
0.0000	0.0035	0.0000	0.0000	0.0277	0.9688
0.0044	0.0158	0.0000	0.0000	0.1766	0.8032
