0.8949	0.1044	0.0000	0.0000	0.0006	0.0001
0.9360	0.0639	0.0000	0.0000	0.0001	0.0000
0.9938	0.0059	0.0000	0.0000	0.0002	0.0000
0.7226	0.2622	0.0000	0.0001	0.0110	0.0041
0.5214	0.4608	0.0000	0.0000	0.0146	0.0031
0.3504	0.6482	0.0000	0.0000	0.0009	0.0004
0.7744	0.2106	0.0000	0.0000	0.0144	0.0005
0.1208	0.7291	0.0000	0.0003	0.1002	0.0495
0.7802	0.0735	0.0000	0.0000	0.1364	0.0099
0.9924	0.0076	0.0000	0.0000	0.0000	0.0000
0.0000	0.0000	1.0000	0.0000	0.0000	0.0000
0.0000	0.0000	0.0263	0.9737	0.0000	0.0000
0.0000	0.0000	0.0258	0.9742	0.0000	0.0000
0.4536	0.0020	0.0150	0.5295	0.0000	0.0000
0.0000	0.0000	0.0009	0.9987	0.0004	0.0000
0.0021	0.0000	0.0004	0.9976	0.0000	0.0000
0.0018	0.0000	0.0009	0.9973	0.0000	0.0000
0.0030	0.0000	0.8609	0.1361	0.0000	0.0000
0.0000	0.0000	0.9997	0.0003	0.0000	0.0000
0.0000	0.0000	0.9997	0.0003	0.0000	0.0000
0.0000	0.0000	1.0000	0.0000	0.0000	0.0000
0.0000	0.0000	0.0000	1.0000	0.0000	0.0000
0.5718	0.1837	0.0000	0.0000	0.2046	0.0398
0.0005	0.0564	0.0000	0.0001	0.5189	0.4242
0.0000	0.0000	0.0000	0.0030	0.0125	0.9844
0.0000	0.0000	0.0000	0.0001	0.9006	0.0993
0.0011	0.0098	0.0000	0.0001	0.2804	0.7086
0.0000	0.0001	0.0000	0.0000	0.6175	0.3824
0.0498	0.0720	0.0000	0.0002	0.6971	0.1809
0.0013	0.0100	0.0000	0.0000	0.9042	0.0846
0.0001	0.0051	0.0000	0.0000	0.8164	0.1783
0.0000	0.0004	0.0000	0.0051	0.0553	0.9393
0.0009	0.0002	0.0000	0.0012	0.0203	0.9774
