0.8754	0.1081	0.0000	0.0000	0.0164	0.0002
0.9404	0.0533	0.0000	0.0000	0.0062	0.0001
0.9680	0.0234	0.0000	0.0000	0.0085	0.0001
0.7487	0.1806	0.0000	0.0000	0.0638	0.0069
0.2653	0.7113	0.0000	0.0000	0.0221	0.0013
0.5051	0.4631	0.0000	0.0000	0.0301	0.0017
0.8117	0.1520	0.0000	0.0000	0.0361	0.0002
0.1930	0.6162	0.0000	0.0000	0.1322	0.0586
0.8458	0.0851	0.0000	0.0000	0.0676	0.0014
0.9948	0.0045	0.0000	0.0000	0.0008	0.0000
0.0000	0.0000	0.9999	0.0001	0.0000	0.0000
0.0001	0.0000	0.0181	0.9817	0.0000	0.0000
0.0000	0.0000	0.0029	0.9970	0.0000	0.0001
0.0535	0.0000	0.0230	0.9234	0.0001	0.0000
0.0000	0.0000	0.0010	0.9979	0.0000	0.0011
0.0103	0.0000	0.0123	0.9769	0.0004	0.0002
0.0097	0.0000	0.0110	0.9791	0.0001	0.0000
0.0007	0.0000	0.0585	0.9407	0.0000	0.0000
0.0000	0.0000	0.9998	0.0002	0.0000	0.0000
0.0000	0.0000	0.9983	0.0017	0.0000	0.0000
0.0000	0.0000	0.9977	0.0023	0.0000	0.0000
0.0000	0.0000	0.0007	0.9993	0.0000	0.0000
0.5713	0.1875	0.0000	0.0000	0.2353	0.0059
0.0108	0.0879	0.0000	0.0000	0.3597	0.5415
0.0000	0.0000	0.0000	0.0001	0.0001	0.9998
0.0015	0.0011	0.0000	0.0000	0.9063	0.0911
0.0484	0.0785	0.0000	0.0000	0.7153	0.1578
0.0013	0.0020	0.0000	0.0000	0.6816	0.3151
0.2534	0.1151	0.0000	0.0000	0.5734	0.0581
0.0657	0.0497	0.0000	0.0000	0.8670	0.0177
0.0114	0.0141	0.0000	0.0000	0.9400	0.0344
0.0000	0.0001	0.0000	0.0001	0.0021	0.9977
0.0022	0.0018	0.0001	0.0002	0.0943	0.9014
