0.9526	0.0444	0.0000	0.0000	0.0030	0.0000
0.9153	0.0845	0.0000	0.0000	0.0001	0.0000
0.9988	0.0007	0.0000	0.0000	0.0005	0.0000
0.8992	0.0514	0.0000	0.0000	0.0491	0.0003
0.2346	0.7616	0.0000	0.0000	0.0038	0.0000
0.5501	0.4427	0.0000	0.0000	0.0072	0.0000
0.8398	0.1319	0.0000	0.0000	0.0282	0.0000
0.0165	0.9731	0.0000	0.0000	0.0077	0.0027
0.9777	0.0187	0.0000	0.0000	0.0037	0.0000
0.9952	0.0046	0.0000	0.0000	0.0002	0.0000
0.0000	0.0000	1.0000	0.0000	0.0000	0.0000
0.0000	0.0000	0.9767	0.0233	0.0000	0.0000
0.0000	0.0000	0.0003	0.9997	0.0000	0.0000
0.2131	0.0000	0.0047	0.7821	0.0000	0.0000
0.0000	0.0000	0.0000	1.0000	0.0000	0.0000
0.0137	0.0000	0.0001	0.9862	0.0000	0.0000
0.0211	0.0000	0.0110	0.9679	0.0000	0.0000
0.0000	0.0000	0.9998	0.0002	0.0000	0.0000
0.0000	0.0000	1.0000	0.0000	0.0000	0.0000
0.0000	0.0000	1.0000	0.0000	0.0000	0.0000
0.0000	0.0000	1.0000	0.0000	0.0000	0.0000
0.0000	0.0000	0.0002	0.9998	0.0000	0.0000
0.7007	0.0281	0.0000	0.0000	0.2710	0.0003
0.0000	0.0113	0.0000	0.0000	0.6177	0.3710
0.0000	0.0000	0.0000	0.2464	0.0000	0.7536
0.0000	0.0000	0.0000	0.0000	0.9985	0.0015
0.0000	0.0012	0.0000	0.0000	0.9869	0.0119
0.0000	0.0000	0.0000	0.0000	0.9704	0.0296
0.0377	0.0486	0.0000	0.0000	0.9061	0.0076
0.0000	0.0001	0.0000	0.0000	0.9998	0.0002
0.0000	0.0000	0.0000	0.0000	0.9999	0.0001
0.0000	0.0000	0.0000	0.0001	0.0000	0.9999
0.0036	0.0002	0.0000	0.0003	0.0678	0.9280
