0.6849	0.3151	0.0000	0.0000	0.0000	0.0000
0.8942	0.1058	0.0000	0.0000	0.0000	0.0000
0.9990	0.0010	0.0000	0.0000	0.0000	0.0000
0.0366	0.9620	0.0000	0.0011	0.0003	0.0001
0.8816	0.1143	0.0000	0.0002	0.0034	0.0005
0.0127	0.9872	0.0000	0.0000	0.0000	0.0000
0.7057	0.2935	0.0000	0.0000	0.0008	0.0000
0.0398	0.9566	0.0000	0.0007	0.0023	0.0006
0.6871	0.0924	0.0000	0.0000	0.2151	0.0055
0.9874	0.0126	0.0000	0.0000	0.0000	0.0000
0.0000	0.0000	1.0000	0.0000	0.0000	0.0000
0.0000	0.0000	0.1027	0.8973	0.0000	0.0000
0.0000	0.0000	0.0000	1.0000	0.0000	0.0000
0.6959	0.0000	0.2176	0.0865	0.0000	0.0000
0.0000	0.0000	0.0000	1.0000	0.0000	0.0000
0.0000	0.0000	0.0000	1.0000	0.0000	0.0000
0.0000	0.0000	0.0000	1.0000	0.0000	0.0000
0.0000	0.0000	0.9618	0.0382	0.0000	0.0000
0.0000	0.0000	0.9992	0.0008	0.0000	0.0000
0.0000	0.0000	1.0000	0.0000	0.0000	0.0000
0.0000	0.0000	1.0000	0.0000	0.0000	0.0000
0.0000	0.0000	0.0000	1.0000	0.0000	0.0000
0.0746	0.0073	0.0000	0.0002	0.7964	0.1214
0.0000	0.0016	0.0000	0.0000	0.9302	0.0682
0.0000	0.0000	0.0000	0.0005	0.2374	0.7621
0.0000	0.0000	0.0000	0.0000	0.9558	0.0442
0.0000	0.0000	0.0000	0.0000	0.0168	0.9832
0.0000	0.0000	0.0000	0.0000	0.0744	0.9256
0.0001	0.0000	0.0000	0.0000	0.9304	0.0694
0.0000	0.0000	0.0000	0.0000	0.7164	0.2836
0.0000	0.0000	0.0000	0.0000	0.9549	0.0451
0.0000	0.0000	0.0000	0.0009	0.0034	0.9956
0.0000	0.0000	0.0000	0.0000	0.0000	1.0000
