0.9996	0.0004	0.0000	0.0000	0.0000	0.0000
0.9999	0.0001	0.0000	0.0000	0.0000	0.0000
1.0000	0.0000	0.0000	0.0000	0.0000	0.0000
0.5381	0.4440	0.0000	0.0000	0.0163	0.0015
0.0012	0.9985	0.0000	0.0000	0.0002	0.0000
0.9066	0.0934	0.0000	0.0000	0.0000	0.0000
0.5558	0.4442	0.0000	0.0000	0.0000	0.0000
0.0083	0.0140	0.0000	0.0000	0.9776	0.0001
0.9992	0.0001	0.0000	0.0000	0.0007	0.0000
1.0000	0.0000	0.0000	0.0000	0.0000	0.0000
0.0000	0.0000	1.0000	0.0000	0.0000	0.0000
0.0000	0.0000	0.0000	1.0000	0.0000	0.0000
0.0000	0.0000	0.0024	0.9976	0.0000	0.0000
0.0000	0.0000	0.0010	0.9990	0.0000	0.0000
0.0000	0.0000	0.0000	1.0000	0.0000	0.0000
0.0000	0.0000	0.0000	1.0000	0.0000	0.0000
0.0007	0.0000	0.0000	0.9993	0.0000	0.0000
0.0000	0.0000	0.0000	1.0000	0.0000	0.0000
0.0000	0.0000	1.0000	0.0000	0.0000	0.0000
0.0000	0.0000	1.0000	0.0000	0.0000	0.0000
0.0000	0.0000	1.0000	0.0000	0.0000	0.0000
0.0000	0.0000	0.0000	1.0000	0.0000	0.0000
0.9778	0.0007	0.0000	0.0000	0.0215	0.0000
0.0000	0.0000	0.0000	0.0000	0.8586	0.1414
0.0000	0.0000	0.0000	0.0000	0.0000	1.0000
0.0000	0.0000	0.0000	0.0000	0.9112	0.0888
0.0000	0.0002	0.0000	0.0000	0.4568	0.5430
0.0000	0.0000	0.0000	0.0000	0.9880	0.0120
0.0000	0.0000	0.0000	0.0000	0.6886	0.3114
0.0034	0.0002	0.0000	0.0000	0.9962	0.0002
0.0001	0.0024	0.0000	0.0000	0.8974	0.1001
0.0000	0.0000	0.0000	0.0000	0.0078	0.9922
0.0000	0.0000	0.0000	0.0000	0.0000	1.0000
