0.9781	0.0219	0.0000	0.0000	0.0000	0.0000
0.9920	0.0080	0.0000	0.0000	0.0000	0.0000
1.0000	0.0000	0.0000	0.0000	0.0000	0.0000
0.9729	0.0250	0.0000	0.0000	0.0020	0.0001
0.3789	0.6164	0.0000	0.0000	0.0045	0.0002
0.5544	0.4454	0.0000	0.0000	0.0002	0.0000
0.8300	0.1652	0.0000	0.0000	0.0048	0.0000
0.1119	0.8482	0.0000	0.0000	0.0280	0.0119
0.9771	0.0085	0.0000	0.0000	0.0144	0.0000
1.0000	0.0000	0.0000	0.0000	0.0000	0.0000
0.0000	0.0000	1.0000	0.0000	0.0000	0.0000
0.0000	0.0000	0.0102	0.9898	0.0000	0.0000
0.0000	0.0000	0.0006	0.9982	0.0000	0.0012
0.0042	0.0000	0.1674	0.8284	0.0000	0.0000
0.0000	0.0000	0.0000	0.9966	0.0000	0.0034
0.0000	0.0000	0.0000	1.0000	0.0000	0.0000
0.0009	0.0000	0.0000	0.9991	0.0000	0.0000
0.0000	0.0000	0.0020	0.9980	0.0000	0.0000
0.0000	0.0000	1.0000	0.0000	0.0000	0.0000
0.0000	0.0000	1.0000	0.0000	0.0000	0.0000
0.0000	0.0000	0.9999	0.0001	0.0000	0.0000
0.0000	0.0000	0.0000	1.0000	0.0000	0.0000
0.6743	0.0538	0.0000	0.0000	0.2717	0.0001
0.0002	0.0156	0.0000	0.0000	0.1554	0.8289
0.0000	0.0000	0.0000	0.0000	0.0000	1.0000
0.0000	0.0000	0.0000	0.0000	0.9898	0.0102
0.0045	0.0093	0.0000	0.0000	0.9271	0.0590
0.0000	0.0000	0.0000	0.0000	0.5760	0.4240
0.0996	0.0012	0.0000	0.0000	0.8766	0.0225
0.0034	0.0003	0.0000	0.0000	0.9960	0.0003
0.0007	0.0000	0.0000	0.0000	0.9974	0.0018
0.0000	0.0000	0.0000	0.0000	0.0000	1.0000
0.0000	0.0000	0.0000	0.0000	0.0000	1.0000
