0.8379	0.1621	0.0000	0.0000	0.0000	0.0000
0.8239	0.1761	0.0000	0.0000	0.0000	0.0000
0.9945	0.0055	0.0000	0.0000	0.0000	0.0000
0.8743	0.1244	0.0000	0.0000	0.0010	0.0003
0.7483	0.2428	0.0000	0.0000	0.0055	0.0033
0.0757	0.9241	0.0000	0.0000	0.0001	0.0001
0.6774	0.3072	0.0000	0.0000	0.0153	0.0002
0.1134	0.7653	0.0000	0.0000	0.0928	0.0284
0.8475	0.0790	0.0000	0.0000	0.0632	0.0102
0.9539	0.0461	0.0000	0.0000	0.0000	0.0000
0.0000	0.0000	1.0000	0.0000	0.0000	0.0000
0.0000	0.0000	0.1617	0.8383	0.0000	0.0000
0.0000	0.0000	0.0022	0.9978	0.0000	0.0000
0.0025	0.0000	0.9710	0.0264	0.0000	0.0000
0.0000	0.0000	0.0002	0.9998	0.0000	0.0000
0.0002	0.0000	0.0002	0.9996	0.0000	0.0000
0.0003	0.0000	0.0003	0.9994	0.0000	0.0000
0.0000	0.0000	0.5359	0.4641	0.0000	0.0000
0.0000	0.0000	1.0000	0.0000	0.0000	0.0000
0.0000	0.0000	1.0000	0.0000	0.0000	0.0000
0.0000	0.0000	1.0000	0.0000	0.0000	0.0000
0.0000	0.0000	0.0000	1.0000	0.0000	0.0000
0.5918	0.1310	0.0000	0.0000	0.2303	0.0469
0.0000	0.0023	0.0000	0.0000	0.7779	0.2198
0.0000	0.0000	0.0000	0.0163	0.0297	0.9540
0.0000	0.0000	0.0000	0.0000	0.9277	0.0723
0.0007	0.0018	0.0000	0.0000	0.2819	0.7157
0.0000	0.0000	0.0000	0.0000	0.2943	0.7057
0.0276	0.0014	0.0000	0.0000	0.8713	0.0996
0.0017	0.0007	0.0000	0.0000	0.9435	0.0541
0.0003	0.0002	0.0000	0.0000	0.9258	0.0737
0.0000	0.0000	0.0000	0.0002	0.0091	0.9907
0.0000	0.0000	0.0000	0.0000	0.0141	0.9858
