0.9791	0.0209	0.0000	0.0000	0.0000	0.0000
0.9761	0.0239	0.0000	0.0000	0.0000	0.0000
1.0000	0.0000	0.0000	0.0000	0.0000	0.0000
0.0040	0.9960	0.0000	0.0000	0.0000	0.0000
0.9938	0.0059	0.0000	0.0000	0.0002	0.0002
0.0726	0.9274	0.0000	0.0000	0.0000	0.0000
0.9560	0.0439	0.0000	0.0000	0.0000	0.0000
0.0052	0.9804	0.0000	0.0000	0.0128	0.0015
0.7307	0.0016	0.0000	0.0000	0.2674	0.0003
0.9998	0.0002	0.0000	0.0000	0.0000	0.0000
0.0000	0.0000	1.0000	0.0000	0.0000	0.0000
0.0000	0.0000	0.0385	0.9615	0.0000	0.0000
0.0000	0.0000	0.0000	1.0000	0.0000	0.0000
0.0002	0.0000	0.9928	0.0070	0.0000	0.0000
0.0000	0.0000	0.0000	1.0000	0.0000	0.0000
0.0000	0.0000	0.0000	1.0000	0.0000	0.0000
0.0000	0.0000	0.0000	1.0000	0.0000	0.0000
0.0000	0.0000	0.9980	0.0020	0.0000	0.0000
0.0000	0.0000	1.0000	0.0000	0.0000	0.0000
0.0000	0.0000	1.0000	0.0000	0.0000	0.0000
0.0000	0.0000	1.0000	0.0000	0.0000	0.0000
0.0000	0.0000	0.0000	1.0000	0.0000	0.0000
0.1396	0.0000	0.0000	0.0000	0.3849	0.4755
0.0000	0.0000	0.0000	0.0000	0.6360	0.3640
0.0000	0.0000	0.0000	0.0000	0.0003	0.9997
0.0000	0.0000	0.0000	0.0000	0.9870	0.0130
0.0000	0.0000	0.0000	0.0000	0.0001	0.9999
0.0000	0.0000	0.0000	0.0000	0.0011	0.9989
0.0001	0.0000	0.0000	0.0000	0.8043	0.1956
0.0000	0.0000	0.0000	0.0000	0.9789	0.0211
0.0000	0.0000	0.0000	0.0000	0.8386	0.1614
0.0000	0.0000	0.0000	0.0000	0.0020	0.9980
0.0000	0.0000	0.0000	0.0000	0.0000	1.0000
