0.7721	0.2167	0.0000	0.0000	0.0111	0.0000
0.9207	0.0741	0.0000	0.0000	0.0052	0.0000
0.9461	0.0437	0.0000	0.0000	0.0102	0.0000
0.5197	0.3471	0.0000	0.0000	0.1297	0.0035
0.0898	0.9003	0.0000	0.0000	0.0098	0.0001
0.3068	0.6888	0.0000	0.0000	0.0044	0.0000
0.7590	0.2204	0.0000	0.0000	0.0206	0.0000
0.0309	0.6772	0.0000	0.0000	0.2690	0.0229
0.8614	0.1133	0.0000	0.0000	0.0253	0.0000
0.9927	0.0059	0.0000	0.0000	0.0014	0.0000
0.0000	0.0000	1.0000	0.0000	0.0000	0.0000
0.0000	0.0000	0.0907	0.9093	0.0000	0.0000
0.0000	0.0000	0.0097	0.9903	0.0000	0.0000
0.0438	0.0000	0.0028	0.9533	0.0001	0.0000
0.0000	0.0000	0.0001	0.9987	0.0000	0.0012
0.0141	0.0000	0.0006	0.9844	0.0004	0.0004
0.0022	0.0000	0.0219	0.9760	0.0000	0.0000
0.0000	0.0000	0.4547	0.5453	0.0000	0.0000
0.0000	0.0000	0.9968	0.0032	0.0000	0.0000
0.0000	0.0000	0.9999	0.0001	0.0000	0.0000
0.0000	0.0000	1.0000	0.0000	0.0000	0.0000
0.0000	0.0000	0.0003	0.9997	0.0000	0.0000
0.7525	0.1464	0.0000	0.0000	0.0998	0.0013
0.0004	0.0476	0.0000	0.0000	0.7197	0.2323
0.0000	0.0000	0.0000	0.0000	0.0000	1.0000
0.0000	0.0000	0.0000	0.0000	0.8199	0.1801
0.0021	0.0129	0.0000	0.0000	0.8549	0.1300
0.0000	0.0002	0.0000	0.0000	0.7710	0.2288
0.0362	0.0783	0.0000	0.0000	0.8697	0.0158
0.0027	0.0223	0.0000	0.0000	0.9658	0.0093
0.0002	0.0010	0.0000	0.0000	0.9777	0.0211
0.0000	0.0000	0.0000	0.0000	0.0080	0.9920
0.0003	0.0003	0.0000	0.0000	0.1542	0.8452
