0.9957	0.0043	0.0000	0.0000	0.0000	0.0000
0.9973	0.0027	0.0000	0.0000	0.0000	0.0000
1.0000	0.0000	0.0000	0.0000	0.0000	0.0000
0.9941	0.0057	0.0000	0.0000	0.0001	0.0000
0.6705	0.3280	0.0000	0.0000	0.0015	0.0000
0.5356	0.4644	0.0000	0.0000	0.0000	0.0000
0.8639	0.1349	0.0000	0.0000	0.0012	0.0000
0.0764	0.9147	0.0000	0.0000	0.0084	0.0005
0.9933	0.0013	0.0000	0.0000	0.0053	0.0000
1.0000	0.0000	0.0000	0.0000	0.0000	0.0000
0.0000	0.0000	1.0000	0.0000	0.0000	0.0000
0.0000	0.0000	0.0056	0.9944	0.0000	0.0000
0.0000	0.0000	0.0013	0.9986	0.0000	0.0001
0.9687	0.0000	0.0252	0.0061	0.0000	0.0000
0.0000	0.0000	0.0000	1.0000	0.0000	0.0000
0.0157	0.0000	0.0000	0.9843	0.0000	0.0000
0.5633	0.0000	0.0000	0.4367	0.0000	0.0000
0.0103	0.0000	0.3027	0.6870	0.0000	0.0000
0.0000	0.0000	1.0000	0.0000	0.0000	0.0000
0.0000	0.0000	1.0000	0.0000	0.0000	0.0000
0.0000	0.0000	1.0000	0.0000	0.0000	0.0000
0.0000	0.0000	0.0000	1.0000	0.0000	0.0000
0.7794	0.0121	0.0000	0.0000	0.2083	0.0002
0.0000	0.0198	0.0000	0.0000	0.4380	0.5422
0.0000	0.0000	0.0000	0.0000	0.0000	1.0000
0.0000	0.0000	0.0000	0.0000	0.9994	0.0006
0.0000	0.0004	0.0000	0.0000	0.9145	0.0851
0.0000	0.0000	0.0000	0.0000	0.9404	0.0596
0.0198	0.0004	0.0000	0.0000	0.9609	0.0188
0.0000	0.0000	0.0000	0.0000	0.9995	0.0005
0.0000	0.0000	0.0000	0.0000	0.9992	0.0008
0.0000	0.0000	0.0000	0.0000	0.0000	1.0000
0.0000	0.0000	0.0000	0.0000	0.0004	0.9996
