0.9150	0.0847	0.0000	0.0000	0.0004	0.0000
0.9220	0.0779	0.0000	0.0000	0.0001	0.0000
0.9979	0.0019	0.0000	0.0000	0.0002	0.0000
0.7785	0.2089	0.0000	0.0000	0.0117	0.0009
0.3273	0.6595	0.0000	0.0000	0.0110	0.0022
0.4653	0.5333	0.0000	0.0000	0.0011	0.0004
0.8091	0.1761	0.0000	0.0000	0.0147	0.0002
0.1959	0.7206	0.0000	0.0000	0.0710	0.0125
0.7219	0.0595	0.0000	0.0000	0.2167	0.0020
0.9940	0.0060	0.0000	0.0000	0.0000	0.0000
0.0000	0.0000	1.0000	0.0000	0.0000	0.0000
0.0000	0.0000	0.1409	0.8590	0.0000	0.0000
0.0000	0.0000	0.0877	0.9122	0.0000	0.0001
0.5572	0.0002	0.3490	0.0936	0.0000	0.0000
0.0000	0.0000	0.0000	0.9998	0.0002	0.0000
0.0056	0.0000	0.0003	0.9941	0.0000	0.0000
0.0227	0.0000	0.0055	0.9716	0.0001	0.0000
0.0019	0.0000	0.8449	0.1532	0.0000	0.0000
0.0000	0.0000	0.9988	0.0012	0.0000	0.0000
0.0000	0.0000	0.9994	0.0006	0.0000	0.0000
0.0000	0.0000	0.9999	0.0001	0.0000	0.0000
0.0000	0.0000	0.0001	0.9999	0.0000	0.0000
0.4219	0.0913	0.0000	0.0000	0.4728	0.0141
0.0007	0.0428	0.0000	0.0000	0.4040	0.5525
0.0000	0.0005	0.0000	0.0008	0.0041	0.9946
0.0000	0.0000	0.0000	0.0000	0.9564	0.0435
0.0034	0.0271	0.0000	0.0000	0.6887	0.2808
0.0000	0.0004	0.0000	0.0000	0.6314	0.3681
0.0756	0.0449	0.0000	0.0000	0.7867	0.0929
0.0020	0.0038	0.0000	0.0000	0.9211	0.0731
0.0009	0.0020	0.0000	0.0000	0.9376	0.0595
0.0000	0.0004	0.0000	0.0004	0.0347	0.9645
0.0016	0.0002	0.0000	0.0007	0.0702	0.9274
