0.8464	0.1372	0.0000	0.0000	0.0163	0.0001
0.9483	0.0482	0.0000	0.0000	0.0035	0.0001
0.9877	0.0093	0.0000	0.0000	0.0029	0.0001
0.5699	0.2780	0.0000	0.0000	0.1441	0.0080
0.4185	0.4787	0.0000	0.0000	0.0995	0.0034
0.5632	0.3862	0.0000	0.0000	0.0480	0.0026
0.6485	0.2887	0.0000	0.0000	0.0626	0.0003
0.0968	0.4329	0.0000	0.0000	0.4325	0.0378
0.6707	0.1412	0.0000	0.0000	0.1848	0.0033
0.9945	0.0054	0.0000	0.0000	0.0001	0.0000
0.0000	0.0000	0.9999	0.0001	0.0000	0.0000
0.0001	0.0000	0.1338	0.8661	0.0000	0.0000
0.0000	0.0000	0.0293	0.9706	0.0000	0.0000
0.1176	0.0000	0.3314	0.5509	0.0001	0.0000
0.0000	0.0000	0.0016	0.9966	0.0003	0.0015
0.0045	0.0000	0.0191	0.9760	0.0004	0.0000
0.0238	0.0000	0.0675	0.9084	0.0002	0.0000
0.0084	0.0000	0.3550	0.6366	0.0000	0.0000
0.0000	0.0000	0.9948	0.0051	0.0000	0.0000
0.0000	0.0000	0.9996	0.0004	0.0000	0.0000
0.0000	0.0000	0.9996	0.0004	0.0000	0.0000
0.0000	0.0000	0.0002	0.9998	0.0000	0.0000
0.4632	0.2546	0.0000	0.0000	0.2756	0.0066
0.0007	0.0382	0.0000	0.0000	0.7452	0.2158
0.0000	0.0000	0.0000	0.0000	0.0051	0.9949
0.0000	0.0007	0.0000	0.0000	0.9139	0.0854
0.0072	0.0415	0.0000	0.0000	0.7984	0.1529
0.0001	0.0029	0.0000	0.0000	0.7642	0.2328
0.0206	0.0248	0.0000	0.0000	0.9168	0.0377
0.0061	0.0219	0.0000	0.0000	0.9603	0.0117
0.0009	0.0138	0.0000	0.0000	0.9421	0.0432
0.0000	0.0002	0.0000	0.0003	0.0438	0.9557
0.0009	0.0010	0.0000	0.0003	0.3259	0.6718
