0.1296	0.8704	0.0000	0.0000	0.0000	0.0000
0.9985	0.0015	0.0000	0.0000	0.0000	0.0000
1.0000	0.0000	0.0000	0.0000	0.0000	0.0000
0.9477	0.0519	0.0000	0.0000	0.0004	0.0000
0.6777	0.3223	0.0000	0.0000	0.0000	0.0000
0.0150	0.9850	0.0000	0.0000	0.0000	0.0000
0.7459	0.2540	0.0000	0.0000	0.0000	0.0000
0.0078	0.9918	0.0000	0.0000	0.0003	0.0001
0.5640	0.3868	0.0000	0.0000	0.0492	0.0000
0.9894	0.0106	0.0000	0.0000	0.0000	0.0000
0.0000	0.0000	1.0000	0.0000	0.0000	0.0000
0.0000	0.0000	0.0486	0.9514	0.0000	0.0000
0.0000	0.0000	0.0000	1.0000	0.0000	0.0000
0.0006	0.0000	0.9943	0.0051	0.0000	0.0000
0.0000	0.0000	0.0000	1.0000	0.0000	0.0000
0.0000	0.0000	0.0000	1.0000	0.0000	0.0000
0.0000	0.0000	0.0000	1.0000	0.0000	0.0000
0.0000	0.0000	1.0000	0.0000	0.0000	0.0000
0.0000	0.0000	1.0000	0.0000	0.0000	0.0000
0.0000	0.0000	1.0000	0.0000	0.0000	0.0000
0.0000	0.0000	1.0000	0.0000	0.0000	0.0000
0.0000	0.0000	0.0000	1.0000	0.0000	0.0000
0.5608	0.0000	0.0000	0.0000	0.4391	0.0001
0.0000	0.0000	0.0000	0.0000	0.6514	0.3486
0.0000	0.0000	0.0000	0.0000	0.4440	0.5560
0.0000	0.0000	0.0000	0.0000	1.0000	0.0000
0.0000	0.0000	0.0000	0.0000	0.0024	0.9976
0.0000	0.0000	0.0000	0.0000	0.9969	0.0031
0.0000	0.0000	0.0000	0.0000	0.1105	0.8895
0.0000	0.0000	0.0000	0.0000	0.5995	0.4005
0.0000	0.0000	0.0000	0.0000	0.9689	0.0311
0.0000	0.0000	0.0000	0.0000	0.8677	0.1323
0.0000	0.0000	0.0000	0.0000	0.0000	1.0000
