0.9780	0.0219	0.0000	0.0000	0.0001	0.0000
0.9984	0.0016	0.0000	0.0000	0.0000	0.0000
1.0000	0.0000	0.0000	0.0000	0.0000	0.0000
0.9148	0.0305	0.0000	0.0000	0.0543	0.0004
0.7254	0.2706	0.0000	0.0000	0.0039	0.0001
0.0320	0.9673	0.0000	0.0000	0.0007	0.0000
0.6181	0.3815	0.0000	0.0000	0.0004	0.0000
0.1000	0.8352	0.0000	0.0000	0.0616	0.0032
0.9904	0.0060	0.0000	0.0000	0.0036	0.0000
1.0000	0.0000	0.0000	0.0000	0.0000	0.0000
0.0000	0.0000	1.0000	0.0000	0.0000	0.0000
0.0000	0.0000	0.0340	0.9660	0.0000	0.0000
0.0000	0.0000	0.4635	0.5365	0.0000	0.0000
0.0000	0.0000	1.0000	0.0000	0.0000	0.0000
0.0000	0.0000	0.0000	1.0000	0.0000	0.0000
0.0000	0.0000	0.0007	0.9993	0.0000	0.0000
0.0001	0.0000	0.0000	0.9999	0.0000	0.0000
0.0000	0.0000	0.0022	0.9978	0.0000	0.0000
0.0000	0.0000	1.0000	0.0000	0.0000	0.0000
0.0000	0.0000	1.0000	0.0000	0.0000	0.0000
0.0000	0.0000	1.0000	0.0000	0.0000	0.0000
0.0000	0.0000	0.0000	1.0000	0.0000	0.0000
0.9648	0.0052	0.0000	0.0000	0.0300	0.0000
0.0000	0.0263	0.0000	0.0000	0.2705	0.7032
0.0000	0.0000	0.0000	0.0000	0.0000	1.0000
0.0000	0.0000	0.0000	0.0000	0.9989	0.0011
0.0000	0.0006	0.0000	0.0000	0.9785	0.0209
0.0000	0.0000	0.0000	0.0000	0.9610	0.0390
0.0001	0.0000	0.0000	0.0000	0.9929	0.0070
0.0000	0.0001	0.0000	0.0000	0.9998	0.0000
0.0000	0.0000	0.0000	0.0000	0.9995	0.0005
0.0000	0.0000	0.0000	0.0000	0.0000	1.0000
0.0000	0.0000	0.0000	0.0000	0.0001	0.9999
