0.8946	0.1054	0.0000	0.0000	0.0000	0.0000
0.9992	0.0008	0.0000	0.0000	0.0000	0.0000
1.0000	0.0000	0.0000	0.0000	0.0000	0.0000
0.9725	0.0260	0.0000	0.0000	0.0015	0.0000
0.9916	0.0079	0.0000	0.0000	0.0005	0.0000
0.0000	1.0000	0.0000	0.0000	0.0000	0.0000
0.8107	0.1886	0.0000	0.0000	0.0007	0.0000
0.0626	0.9358	0.0000	0.0000	0.0015	0.0001
0.9956	0.0035	0.0000	0.0000	0.0009	0.0000
0.9991	0.0009	0.0000	0.0000	0.0000	0.0000
0.0000	0.0000	1.0000	0.0000	0.0000	0.0000
0.0000	0.0000	0.0434	0.9566	0.0000	0.0000
0.0000	0.0000	0.0000	1.0000	0.0000	0.0000
0.0001	0.0000	0.9866	0.0132	0.0000	0.0000
0.0000	0.0000	0.0000	1.0000	0.0000	0.0000
0.0000	0.0000	0.0000	1.0000	0.0000	0.0000
0.0013	0.0000	0.0002	0.9985	0.0000	0.0000
0.0000	0.0000	0.9662	0.0338	0.0000	0.0000
0.0000	0.0000	1.0000	0.0000	0.0000	0.0000
0.0000	0.0000	1.0000	0.0000	0.0000	0.0000
0.0000	0.0000	1.0000	0.0000	0.0000	0.0000
0.0000	0.0000	0.0000	1.0000	0.0000	0.0000
0.5738	0.0163	0.0000	0.0000	0.4059	0.0040
0.0000	0.0004	0.0000	0.0000	0.8550	0.1446
0.0000	0.0000	0.0000	0.0000	0.1338	0.8662
0.0000	0.0000	0.0000	0.0000	0.9997	0.0003
0.0000	0.0000	0.0000	0.0000	0.1668	0.8332
0.0000	0.0000	0.0000	0.0000	0.1331	0.8669
0.0003	0.0000	0.0000	0.0000	0.9480	0.0517
0.0000	0.0000	0.0000	0.0000	0.9902	0.0098
0.0000	0.0000	0.0000	0.0000	0.9932	0.0068
0.0000	0.0000	0.0000	0.0000	0.0000	1.0000
0.0000	0.0000	0.0000	0.0000	0.0000	1.0000
