0.9959	0.0041	0.0000	0.0000	0.0000	0.0000
0.9960	0.0040	0.0000	0.0000	0.0000	0.0000
1.0000	0.0000	0.0000	0.0000	0.0000	0.0000
0.9617	0.0382	0.0000	0.0000	0.0001	0.0000
0.8701	0.1294	0.0000	0.0000	0.0004	0.0001
0.2661	0.7339	0.0000	0.0000	0.0000	0.0000
0.9618	0.0380	0.0000	0.0000	0.0002	0.0000
0.1599	0.8176	0.0000	0.0000	0.0194	0.0031
0.9933	0.0014	0.0000	0.0000	0.0054	0.0000
1.0000	0.0000	0.0000	0.0000	0.0000	0.0000
0.0000	0.0000	1.0000	0.0000	0.0000	0.0000
0.0000	0.0000	0.1285	0.8715	0.0000	0.0000
0.0000	0.0000	0.0000	1.0000	0.0000	0.0000
0.1404	0.0000	0.8593	0.0003	0.0000	0.0000
0.0000	0.0000	0.0000	1.0000	0.0000	0.0000
0.0670	0.0000	0.0000	0.9330	0.0000	0.0000
0.9085	0.0000	0.0002	0.0913	0.0000	0.0000
0.0002	0.0000	0.5399	0.4599	0.0000	0.0000
0.0000	0.0000	1.0000	0.0000	0.0000	0.0000
0.0000	0.0000	1.0000	0.0000	0.0000	0.0000
0.0000	0.0000	1.0000	0.0000	0.0000	0.0000
0.0000	0.0000	0.0000	1.0000	0.0000	0.0000
0.8906	0.0688	0.0000	0.0000	0.0394	0.0013
0.0000	0.0262	0.0000	0.0000	0.6313	0.3425
0.0000	0.0000	0.0000	0.0000	0.0007	0.9993
0.0000	0.0000	0.0000	0.0000	0.9967	0.0033
0.0003	0.0067	0.0000	0.0000	0.4782	0.5147
0.0000	0.0000	0.0000	0.0000	0.5108	0.4891
0.0971	0.0005	0.0000	0.0000	0.9010	0.0014
0.0000	0.0001	0.0000	0.0000	0.9971	0.0028
0.0000	0.0000	0.0000	0.0000	0.9990	0.0010
0.0000	0.0000	0.0000	0.0000	0.0003	0.9997
0.0454	0.0000	0.0000	0.0000	0.1494	0.8053
