0.9128	0.0839	0.0000	0.0000	0.0033	0.0000
0.9845	0.0133	0.0000	0.0000	0.0022	0.0000
0.9953	0.0020	0.0000	0.0000	0.0027	0.0000
0.7650	0.1372	0.0000	0.0000	0.0943	0.0035
0.1750	0.8055	0.0000	0.0000	0.0192	0.0003
0.3335	0.6476	0.0000	0.0000	0.0186	0.0003
0.7657	0.2056	0.0000	0.0000	0.0286	0.0000
0.1645	0.3810	0.0000	0.0000	0.4104	0.0441
0.7582	0.1073	0.0000	0.0000	0.1341	0.0004
0.9994	0.0004	0.0000	0.0000	0.0002	0.0000
0.0000	0.0000	1.0000	0.0000	0.0000	0.0000
0.0000	0.0000	0.0267	0.9733	0.0000	0.0000
0.0000	0.0000	0.0325	0.9666	0.0000	0.0009
0.0043	0.0000	0.0566	0.9391	0.0000	0.0000
0.0000	0.0000	0.0033	0.9643	0.0000	0.0323
0.0004	0.0000	0.0075	0.9916	0.0000	0.0005
0.0007	0.0000	0.0268	0.9726	0.0000	0.0000
0.0000	0.0000	0.0413	0.9587	0.0000	0.0000
0.0000	0.0000	1.0000	0.0000	0.0000	0.0000
0.0000	0.0000	0.9999	0.0001	0.0000	0.0000
0.0000	0.0000	0.9976	0.0024	0.0000	0.0000
0.0000	0.0000	0.0001	0.9999	0.0000	0.0000
0.4863	0.1524	0.0000	0.0000	0.3606	0.0007
0.0011	0.0153	0.0000	0.0000	0.6832	0.3004
0.0000	0.0000	0.0000	0.0000	0.0000	1.0000
0.0000	0.0000	0.0000	0.0000	0.8283	0.1717
0.0040	0.0068	0.0000	0.0000	0.9313	0.0579
0.0000	0.0001	0.0000	0.0000	0.4170	0.5829
0.0504	0.0156	0.0000	0.0000	0.9025	0.0315
0.0084	0.0091	0.0000	0.0000	0.9770	0.0056
0.0004	0.0012	0.0000	0.0000	0.9747	0.0237
0.0000	0.0000	0.0000	0.0000	0.0002	0.9998
0.0000	0.0000	0.0000	0.0000	0.0065	0.9935
