0.8203	0.1465	0.0000	0.0000	0.0331	0.0001
0.8429	0.1285	0.0000	0.0000	0.0285	0.0002
0.9299	0.0514	0.0000	0.0000	0.0186	0.0000
0.6002	0.2148	0.0000	0.0000	0.1765	0.0085
0.1217	0.8642	0.0000	0.0000	0.0137	0.0004
0.3430	0.6202	0.0000	0.0000	0.0361	0.0007
0.7782	0.1803	0.0000	0.0000	0.0415	0.0000
0.0432	0.5957	0.0000	0.0000	0.2653	0.0957
0.7794	0.1011	0.0000	0.0000	0.1189	0.0006
0.9873	0.0100	0.0000	0.0000	0.0027	0.0000
0.0000	0.0000	1.0000	0.0000	0.0000	0.0000
0.0000	0.0000	0.0242	0.9758	0.0000	0.0000
0.0000	0.0000	0.0015	0.9984	0.0000	0.0001
0.0057	0.0000	0.0033	0.9910	0.0001	0.0000
0.0000	0.0000	0.0005	0.9796	0.0000	0.0199
0.0013	0.0000	0.0010	0.9954	0.0012	0.0012
0.0003	0.0000	0.0022	0.9974	0.0000	0.0000
0.0000	0.0000	0.0416	0.9584	0.0000	0.0000
0.0000	0.0000	0.9999	0.0001	0.0000	0.0001
0.0000	0.0000	0.9999	0.0001	0.0000	0.0000
0.0000	0.0000	0.9999	0.0001	0.0000	0.0000
0.0000	0.0000	0.0013	0.9987	0.0000	0.0000
0.4073	0.1405	0.0000	0.0000	0.4468	0.0054
0.0015	0.0316	0.0000	0.0000	0.3822	0.5847
0.0000	0.0000	0.0000	0.0000	0.0000	1.0000
0.0056	0.0021	0.0000	0.0000	0.9282	0.0642
0.0168	0.0524	0.0000	0.0000	0.8356	0.0951
0.0026	0.0019	0.0000	0.0000	0.7815	0.2140
0.1317	0.1036	0.0000	0.0000	0.7392	0.0255
0.2105	0.0727	0.0000	0.0000	0.7107	0.0061
0.0180	0.0140	0.0000	0.0000	0.9583	0.0096
0.0000	0.0000	0.0000	0.0000	0.0002	0.9998
0.0001	0.0002	0.0000	0.0000	0.0800	0.9197
