0.9858	0.0142	0.0000	0.0000	0.0000	0.0000
0.9994	0.0006	0.0000	0.0000	0.0000	0.0000
1.0000	0.0000	0.0000	0.0000	0.0000	0.0000
0.9243	0.0737	0.0000	0.0000	0.0020	0.0000
0.0523	0.9472	0.0000	0.0000	0.0006	0.0000
0.2774	0.7224	0.0000	0.0000	0.0002	0.0000
0.8673	0.1318	0.0000	0.0000	0.0009	0.0000
0.0037	0.9935	0.0000	0.0000	0.0026	0.0001
0.9764	0.0073	0.0000	0.0000	0.0163	0.0000
1.0000	0.0000	0.0000	0.0000	0.0000	0.0000
0.0000	0.0000	1.0000	0.0000	0.0000	0.0000
0.0000	0.0000	0.0004	0.9996	0.0000	0.0000
0.0000	0.0000	0.0003	0.9997	0.0000	0.0000
0.0000	0.0000	0.9994	0.0006	0.0000	0.0000
0.0000	0.0000	0.0000	0.9998	0.0000	0.0002
0.0000	0.0000	0.0307	0.9693	0.0000	0.0000
0.0000	0.0000	0.0041	0.9959	0.0000	0.0000
0.0000	0.0000	0.0065	0.9935	0.0000	0.0000
0.0000	0.0000	1.0000	0.0000	0.0000	0.0000
0.0000	0.0000	1.0000	0.0000	0.0000	0.0000
0.0000	0.0000	1.0000	0.0000	0.0000	0.0000
0.0000	0.0000	0.0000	1.0000	0.0000	0.0000
0.7308	0.0588	0.0000	0.0000	0.2104	0.0000
0.0000	0.0223	0.0000	0.0000	0.4266	0.5511
0.0000	0.0000	0.0000	0.0000	0.0000	1.0000
0.0000	0.0000	0.0000	0.0000	0.9995	0.0005
0.0001	0.0011	0.0000	0.0000	0.9941	0.0048
0.0000	0.0000	0.0000	0.0000	0.9047	0.0953
0.0104	0.0005	0.0000	0.0000	0.9885	0.0006
0.0001	0.0000	0.0000	0.0000	0.9999	0.0000
0.0000	0.0000	0.0000	0.0000	1.0000	0.0000
0.0000	0.0000	0.0000	0.0000	0.0000	1.0000
0.0000	0.0000	0.0000	0.0000	0.0001	0.9999
