0.3345	0.0000	0.0000	0.0000	0.0000	0.0058	0.1693	0.1959	0.0000	0.0467	0.0005	0.2473
0.0000	0.0000	0.0000	0.0000	0.0000	0.0000	0.0000	0.0000	1.0000	0.0000	0.0000	0.0000
0.0000	0.0000	0.0000	0.0000	0.0000	0.0000	0.0000	0.0000	1.0000	0.0000	0.0000	0.0000
0.0000	0.0001	0.0000	0.0000	0.0000	0.0004	0.2276	0.7715	0.0000	0.0000	0.0000	0.0003
0.0000	0.0000	0.0000	0.0000	0.0000	0.0000	0.7018	0.0809	0.0000	0.0000	0.1476	0.0696
0.0000	0.0000	0.0000	0.0000	0.0000	0.0000	0.0000	0.0000	0.0000	1.0000	0.0000	0.0000
0.0009	0.0000	0.0000	0.0000	0.0000	0.0000	0.0000	0.0000	0.0000	0.9949	0.0000	0.0042
0.0000	0.0000	0.0000	0.0000	0.0000	0.0001	0.4694	0.0754	0.0000	0.1096	0.0007	0.3448
0.0000	0.0000	0.0000	0.0000	0.0000	0.0000	0.0002	0.9967	0.0000	0.0000	0.0001	0.0030
1.0000	0.0000	0.0000	0.0000	0.0000	0.0000	0.0000	0.0000	0.0000	0.0000	0.0000	0.0000
0.0000	0.0000	0.0001	0.0000	0.0000	0.0000	0.5467	0.0006	0.0000	0.0006	0.0000	0.4520
0.0000	0.0000	0.0000	0.0000	0.0000	0.0000	0.0000	0.0000	0.0000	1.0000	0.0000	0.0000
0.0000	0.0486	0.8620	0.0000	0.0000	0.0792	0.0091	0.0008	0.0000	0.0000	0.0000	0.0002
0.8095	0.0000	0.0053	0.0000	0.0000	0.0002	0.1194	0.0103	0.0000	0.0546	0.0000	0.0008
0.0000	0.0000	0.0000	0.0000	0.0000	0.0000	0.0000	0.0000	1.0000	0.0000	0.0000	0.0000
0.0000	0.0000	0.0000	0.0000	0.0000	0.0001	0.9754	0.0208	0.0000	0.0028	0.0000	0.0009
0.0000	0.0000	0.0000	0.0000	0.0000	0.0006	0.9619	0.0171	0.0000	0.0015	0.0000	0.0190
0.0000	0.8615	0.1381	0.0000	0.0000	0.0000	0.0003	0.0000	0.0000	0.0000	0.0000	0.0000
0.0001	0.0157	0.6855	0.0000	0.0000	0.2007	0.0908	0.0028	0.0000	0.0001	0.0000	0.0043
0.0006	0.0000	0.0000	0.0000	0.0000	0.0000	0.0000	0.0000	0.9992	0.0002	0.0000	0.0000
0.0000	0.0000	0.0000	0.0000	0.9914	0.0000	0.0000	0.0000	0.0000	0.0000	0.0086	0.0000
0.0000	0.0001	0.0004	0.0000	0.0000	0.0001	0.8394	0.0017	0.0000	0.0057	0.0000	0.1527
0.0000	0.0006	0.0666	0.0000	0.0000	0.0070	0.7732	0.0125	0.0000	0.0002	0.0000	0.1399
0.0000	0.0000	0.0000	0.0000	0.0000	0.0000	0.0000	0.0000	0.0000	0.9986	0.0002	0.0011
0.0039	0.0000	0.0000	0.0000	0.0000	0.9931	0.0000	0.0000	0.0000	0.0029	0.0000	0.0000
0.0000	0.0000	0.0000	0.0000	0.0000	0.0005	0.1997	0.0001	0.0000	0.0523	0.0000	0.7474
0.0000	0.0074	0.0000	0.0000	0.0000	0.1603	0.5378	0.2069	0.0000	0.0001	0.0000	0.0874
0.0000	0.0000	0.0000	0.0000	0.0000	0.0000	0.0000	0.0000	0.0053	0.9910	0.0000	0.0037
0.0000	0.0000	0.0000	0.0000	0.0000	0.0000	0.0000	0.0004	0.0000	0.0001	0.9995	0.0000
0.0000	0.0000	0.0000	0.0000	0.0000	0.9999	0.0001	0.0000	0.0000	0.0000	0.0000	0.0000
0.0000	0.0000	0.0000	0.0000	0.0000	0.0000	0.0002	0.9996	0.0000	0.0000	0.0000	0.0002
0.0000	0.0000	0.0000	0.0085	0.0000	0.1489	0.0779	0.3981	0.0000	0.0532	0.0000	0.3133
0.0000	0.0000	0.0000	0.0000	0.0000	0.0000	0.0000	0.0000	1.0000	0.0000	0.0000	0.0000
0.0000	0.0355	0.0017	0.0000	0.0000	0.5987	0.3558	0.0036	0.0000	0.0000	0.0000	0.0046
0.0000	0.0000	0.0000	0.0181	0.0000	0.0000	0.0000	0.0000	0.0000	0.9818	0.0000	0.0002
0.0000	0.0000	0.0000	0.0000	0.0000	0.0000	0.0000	0.0000	0.0000	0.9998	0.0000	0.0002
0.0000	0.8162	0.0000	0.0000	0.0000	0.0184	0.1547	0.0105	0.0000	0.0000	0.0000	0.0001
0.0000	0.5074	0.0069	0.0000	0.0000	0.2048	0.2523	0.0248	0.0000	0.0000	0.0000	0.0038
0.0000	0.0154	0.0000	0.0000	0.0000	0.0026	0.9289	0.0151	0.0000	0.0000	0.0000	0.0380
0.5706	0.0000	0.0000	0.0000	0.0000	0.0000	0.0000	0.0000	0.0000	0.3133	0.0000	0.1161
0.0012	0.0000	0.0000	0.0000	0.0000	0.0001	0.0274	0.0006	0.0000	0.9638	0.0000	0.0070
0.0000	0.0000	0.0000	0.0000	1.0000	0.0000	0.0000	0.0000	0.0000	0.0000	0.0000	0.0000
0.0000	0.0524	0.8554	0.0000	0.0000	0.0234	0.0452	0.0157	0.0000	0.0001	0.0000	0.0078
0.0000	0.0000	0.0000	0.0000	0.0000	0.0000	0.0006	0.0819	0.0000	0.0000	0.0001	0.9174
1.0000	0.0000	0.0000	0.0000	0.0000	0.0000	0.0000	0.0000	0.0000	0.0000	0.0000	0.0000
0.0000	0.0000	0.0000	0.0000	0.0000	0.0000	0.9790	0.0186	0.0000	0.0009	0.0000	0.0015
0.0000	0.0000	0.0003	0.0000	0.0000	0.0000	0.9363	0.0603	0.0000	0.0000	0.0000	0.0031
0.0523	0.0000	0.0000	0.0000	0.0000	0.0000	0.0000	0.0000	0.0000	0.0129	0.0012	0.9337
0.0000	0.0296	0.8698	0.0000	0.0000	0.0932	0.0064	0.0010	0.0000	0.0000	0.0000	0.0001
0.0000	0.0411	0.2714	0.0000	0.0000	0.6813	0.0054	0.0008	0.0000	0.0000	0.0000	0.0000
0.0000	0.0000	0.3792	0.0000	0.0000	0.0000	0.5106	0.0011	0.0000	0.0448	0.0000	0.0644
0.0000	0.2304	0.0000	0.0000	0.0000	0.0000	0.0283	0.7412	0.0000	0.0001	0.0000	0.0000
0.0000	0.0000	0.0000	0.0000	0.0000	0.0001	0.9084	0.0720	0.0000	0.0117	0.0001	0.0077
0.0000	0.0000	0.0000	0.0000	0.0000	0.0000	0.0000	0.0000	1.0000	0.0000	0.0000	0.0000
0.0000	0.0000	0.0000	0.0000	1.0000	0.0000	0.0000	0.0000	0.0000	0.0000	0.0000	0.0000
0.0000	0.0062	0.8330	0.0000	0.0000	0.1065	0.0429	0.0106	0.0000	0.0001	0.0000	0.0009
0.0000	0.0199	0.7912	0.0000	0.0000	0.1770	0.0096	0.0020	0.0000	0.0000	0.0000	0.0004
0.0101	0.0000	0.0000	0.0000	0.0000	0.0000	0.5489	0.4247	0.0000	0.0010	0.0019	0.0134
0.0000	0.0000	0.0000	0.0000	0.0000	0.0000	0.0039	0.0000	0.0000	0.0303	0.0000	0.9657
0.0000	0.0284	0.7526	0.0000	0.0000	0.0171	0.1998	0.0002	0.0000	0.0000	0.0000	0.0019
0.0000	0.0000	0.0000	0.0000	1.0000	0.0000	0.0000	0.0000	0.0000	0.0000	0.0000	0.0000
0.0000	0.0011	0.1761	0.0000	0.0000	0.0068	0.7660	0.0001	0.0000	0.0002	0.0000	0.0498
0.0066	0.0000	0.0000	0.0000	0.0000	0.8953	0.0339	0.0001	0.0000	0.0641	0.0000	0.0000
0.0000	0.0000	0.0000	0.0000	0.0000	0.0000	0.9800	0.0000	0.0000	0.0003	0.0000	0.0197
0.9193	0.0000	0.0398	0.0000	0.0000	0.0139	0.0047	0.0012	0.0000	0.0207	0.0000	0.0004
0.0000	0.1884	0.0001	0.0000	0.0000	0.0847	0.6801	0.0277	0.0000	0.0002	0.0000	0.0189
0.0000	0.0000	0.0000	0.0000	0.0000	0.0000	0.0000	0.0000	0.0000	0.0000	1.0000	0.0000
0.0002	0.0025	0.0001	0.0000	0.0000	0.0018	0.6245	0.3709	0.0000	0.0000	0.0000	0.0000
0.0000	0.0000	0.0000	0.0000	0.0000	0.0000	0.0577	0.9373	0.0000	0.0000	0.0000	0.0051
0.5007	0.0000	0.0000	0.0000	0.0000	0.0000	0.0000	0.0000	0.0578	0.4414	0.0000	0.0000
0.0000	0.0000	0.0000	0.0000	0.0000	0.0000	0.0000	0.0000	0.0000	0.9875	0.0124	0.0001
0.0000	0.0000	0.0000	0.4057	0.0000	0.0003	0.0000	0.0000	0.0000	0.5940	0.0000	0.0000
0.0000	0.0000	0.0000	0.0000	0.0000	0.0000	0.1992	0.0354	0.0000	0.0000	0.0000	0.7653
0.0000	0.0000	0.0000	0.0000	0.0000	0.0020	0.0053	0.0000	0.0000	0.0227	0.0000	0.9700
0.0000	0.0000	0.0000	0.0000	0.0000	0.0000	0.0000	0.0000	1.0000	0.0000	0.0000	0.0000
0.0000	0.0000	0.0000	0.0000	0.0000	0.0000	0.0000	0.0000	1.0000	0.0000	0.0000	0.0000
0.0000	0.2363	0.0000	0.0000	0.0000	0.1901	0.4747	0.0765	0.0000	0.0000	0.0000	0.0223
0.0000	0.0003	0.0000	0.0000	0.0000	0.1689	0.0465	0.2865	0.0000	0.0000	0.0000	0.4978
0.0000	0.0000	0.0000	0.0000	0.0000	0.0000	0.9811	0.0000	0.0000	0.0000	0.0000	0.0189
0.0000	0.0000	0.0000	0.0000	0.0000	0.0000	0.0000	0.0000	0.0000	0.0000	0.0000	1.0000
0.0000	0.0000	0.0000	0.0000	0.0000	0.0000	0.0000	0.0000	0.0000	0.0000	1.0000	0.0000
0.0000	0.0561	0.0776	0.0000	0.0000	0.8620	0.0033	0.0005	0.0000	0.0000	0.0000	0.0005
0.0000	0.0000	0.0000	0.0000	0.0000	0.0000	0.9973	0.0023	0.0000	0.0000	0.0000	0.0003
0.0000	0.0000	0.0000	0.0000	0.0000	0.0000	0.0000	0.0000	0.0000	0.0000	0.0000	1.0000
0.0000	0.0000	0.0000	0.0000	0.0000	0.0000	0.0000	0.0000	0.0000	0.0000	0.0000	1.0000
0.0000	0.0000	0.9856	0.0000	0.0000	0.0137	0.0000	0.0000	0.0007	0.0000	0.0000	0.0000
0.0000	0.0000	0.0000	0.0000	0.0000	0.0000	0.0000	0.0000	0.0000	0.0000	0.0000	0.9999
0.0004	0.0000	0.0397	0.0000	0.0000	0.0000	0.0000	0.0000	0.0065	0.0034	0.0000	0.9499
0.0000	0.0000	0.9978	0.0000	0.0000	0.0000	0.0000	0.0000	0.0000	0.0000	0.0000	0.0022
0.0000	0.0000	0.0000	0.0000	0.0000	0.0000	0.0000	0.0000	0.0000	0.0000	0.0000	1.0000
0.0000	0.0000	0.0000	0.0000	0.0000	0.0000	0.0000	0.0000	0.0000	0.0000	0.0000	1.0000
0.0000	0.0000	0.0000	0.0000	0.0000	0.0000	0.0000	0.0000	0.0000	0.0000	0.0000	1.0000
0.0000	0.0000	0.0000	0.0000	0.0000	0.0000	0.0000	0.0000	0.0000	0.0000	0.0000	1.0000
0.0000	0.0000	0.0000	0.0000	0.0000	0.0000	0.0000	0.0000	0.0000	0.0000	0.0000	1.0000
0.0000	0.0000	0.0000	0.0000	0.0000	0.0000	0.0000	0.0000	0.0000	0.0000	0.0000	1.0000
0.0000	0.0000	0.9973	0.0000	0.0000	0.0019	0.0000	0.0000	0.0008	0.0000	0.0000	0.0000
0.0000	0.0000	0.9947	0.0000	0.0000	0.0047	0.0000	0.0000	0.0006	0.0000	0.0000	0.0000
0.0005	0.0000	0.0000	0.0000	0.0000	0.0000	0.0001	0.0000	0.0000	0.0001	0.0000	0.9992
0.0000	0.0000	0.8841	0.0000	0.0000	0.0000	0.0000	0.0000	0.0004	0.0000	0.0000	0.1155
0.0000	0.0000	0.0103	0.0000	0.0000	0.0000	0.0000	0.0000	0.0000	0.0000	0.0000	0.9897
0.0000	0.0000	0.0000	0.0000	0.0000	0.0000	0.0000	0.0000	0.0000	0.0000	0.0000	1.0000
0.0000	0.0000	0.9967	0.0000	0.0000	0.0000	0.0000	0.0000	0.0000	0.0000	0.0000	0.0033
0.0000	0.0000	0.9951	0.0000	0.0000	0.0001	0.0000	0.0000	0.0018	0.0001	0.0000	0.0029
0.0000	0.0000	0.0000	0.0000	0.0000	0.0000	0.0000	0.0000	1.0000	0.0000	0.0000	0.0000
0.0000	0.0000	0.9979	0.0000	0.0000	0.0007	0.0013	0.0000	0.0000	0.0000	0.0000	0.0000
0.0000	0.0000	0.0000	0.0000	0.0000	0.0000	1.0000	0.0000	0.0000	0.0000	0.0000	0.0000
0.0000	0.0000	0.0000	0.0000	0.0000	0.0000	0.0000	0.0000	1.0000	0.0000	0.0000	0.0000
0.0000	0.0000	0.0000	0.0000	0.0000	0.0000	1.0000	0.0000	0.0000	0.0000	0.0000	0.0000
0.0000	0.0000	0.0000	0.0000	0.0000	0.0000	0.0000	0.0000	1.0000	0.0000	0.0000	0.0000
0.0000	0.0000	0.0000	0.0000	0.0000	0.0000	0.0000	0.0000	1.0000	0.0000	0.0000	0.0000
0.0000	0.0000	0.9950	0.0000	0.0000	0.0000	0.0050	0.0000	0.0000	0.0000	0.0000	0.0000
0.0000	0.0000	0.0000	0.0000	0.0000	0.0000	0.0000	0.0000	1.0000	0.0000	0.0000	0.0000
0.0000	0.0000	0.0017	0.0000	0.0000	0.0014	0.9969	0.0000	0.0000	0.0000	0.0000	0.0000
0.0000	0.0000	0.0000	0.0000	0.0000	0.0000	0.0000	0.0000	1.0000	0.0000	0.0000	0.0000
0.0000	0.0000	0.0000	0.0000	0.0000	0.0000	1.0000	0.0000	0.0000	0.0000	0.0000	0.0000
0.0000	0.0000	0.0000	0.0000	0.0000	0.0000	0.0028	0.0000	0.9972	0.0000	0.0000	0.0000
0.0000	0.0000	0.9904	0.0000	0.0000	0.0030	0.0066	0.0000	0.0000	0.0000	0.0000	0.0000
0.0000	0.0000	0.0000	0.0000	0.0000	0.0000	1.0000	0.0000	0.0000	0.0000	0.0000	0.0000
0.0000	0.0000	0.0323	0.0000	0.0000	0.1001	0.8676	0.0000	0.0000	0.0000	0.0000	0.0000
0.0000	0.0000	0.9976	0.0000	0.0000	0.0000	0.0024	0.0000	0.0000	0.0000	0.0000	0.0000
0.0000	0.0000	0.9981	0.0000	0.0000	0.0004	0.0016	0.0000	0.0000	0.0000	0.0000	0.0000
0.0000	0.0000	0.1544	0.0000	0.0000	0.0007	0.8449	0.0000	0.0000	0.0000	0.0000	0.0000
0.0000	0.0000	0.0000	0.0000	0.0000	0.0000	0.0000	0.0000	1.0000	0.0000	0.0000	0.0000
0.0000	0.0000	0.0001	0.0000	0.0000	0.0000	0.9999	0.0000	0.0000	0.0000	0.0000	0.0000
0.0000	0.0000	0.0000	0.0000	0.0000	0.0000	0.0000	0.0000	1.0000	0.0000	0.0000	0.0000
0.0000	0.0000	0.0593	0.0000	0.0000	0.0000	0.9407	0.0000	0.0000	0.0000	0.0000	0.0000
0.0000	0.0000	0.0000	0.0000	0.0000	0.0000	0.0000	0.0000	1.0000	0.0000	0.0000	0.0000
0.0000	0.0000	0.9904	0.0000	0.0000	0.0002	0.0093	0.0000	0.0000	0.0000	0.0000	0.0000
0.0000	0.0000	0.0000	0.0000	0.0000	0.0000	1.0000	0.0000	0.0000	0.0000	0.0000	0.0000
0.0000	0.0000	0.0000	0.0000	0.0000	0.0000	0.0000	0.0000	1.0000	0.0000	0.0000	0.0000
0.0000	0.0000	0.0000	0.0000	0.0000	0.0000	1.0000	0.0000	0.0000	0.0000	0.0000	0.0000
0.0000	0.0000	0.0000	0.0000	0.0000	0.0000	0.0000	0.0000	1.0000	0.0000	0.0000	0.0000
0.0000	0.0000	0.0001	0.0000	0.0000	0.0113	0.9886	0.0000	0.0000	0.0000	0.0000	0.0000
