0.0032	0.0000	0.0000	0.0000	0.0000	0.0000	0.8588	0.0806	0.0000	0.0353	0.0073	0.0147
0.0000	0.0000	0.0000	0.0000	0.0000	0.0000	0.0000	0.0000	1.0000	0.0000	0.0000	0.0000
0.0000	0.0000	0.0000	0.0000	0.0000	0.0000	0.0000	0.0000	0.9999	0.0001	0.0000	0.0000
0.0000	0.0052	0.0003	0.0000	0.0000	0.0066	0.4468	0.5388	0.0000	0.0017	0.0000	0.0006
0.0000	0.0000	0.0000	0.0000	0.0000	0.0000	0.1470	0.1574	0.0000	0.0007	0.6843	0.0105
0.0000	0.0000	0.0000	0.0000	0.0000	0.0000	0.0000	0.0000	0.0000	0.9999	0.0000	0.0000
0.0009	0.0000	0.0000	0.0000	0.0000	0.0000	0.0000	0.0000	0.0000	0.9988	0.0000	0.0003
0.0000	0.0000	0.0001	0.0000	0.0000	0.0005	0.4361	0.0117	0.0000	0.5164	0.0126	0.0225
0.0000	0.0000	0.0000	0.0000	0.0000	0.0002	0.0001	0.9957	0.0000	0.0000	0.0039	0.0002
0.9999	0.0000	0.0000	0.0000	0.0000	0.0000	0.0000	0.0000	0.0001	0.0000	0.0000	0.0000
0.0000	0.0000	0.0013	0.0000	0.0000	0.0008	0.8708	0.0054	0.0000	0.0087	0.0000	0.1130
0.0000	0.0000	0.0000	0.0000	0.0000	0.0000	0.0000	0.0000	0.0000	1.0000	0.0000	0.0000
0.0000	0.0343	0.7821	0.0000	0.0000	0.1426	0.0401	0.0006	0.0000	0.0000	0.0000	0.0001
0.5794	0.0003	0.0165	0.0000	0.0000	0.0220	0.0837	0.0313	0.0000	0.2618	0.0003	0.0047
0.0000	0.0000	0.0000	0.0000	0.0000	0.0000	0.0000	0.0000	1.0000	0.0000	0.0000	0.0000
0.0004	0.0001	0.0001	0.0000	0.0000	0.0222	0.8446	0.0746	0.0000	0.0508	0.0000	0.0072
0.0000	0.0000	0.0000	0.0000	0.0000	0.0140	0.8558	0.0887	0.0000	0.0159	0.0000	0.0254
0.0000	0.8163	0.1832	0.0000	0.0000	0.0001	0.0005	0.0000	0.0000	0.0000	0.0000	0.0000
0.0001	0.0150	0.1176	0.0000	0.0000	0.6330	0.2295	0.0014	0.0000	0.0009	0.0000	0.0024
0.0001	0.0000	0.0000	0.0000	0.0000	0.0001	0.0000	0.0000	0.9998	0.0001	0.0000	0.0000
0.0000	0.0000	0.0000	0.0008	0.9795	0.0000	0.0000	0.0000	0.0000	0.0000	0.0198	0.0000
0.0000	0.0006	0.0030	0.0000	0.0000	0.0014	0.9272	0.0084	0.0000	0.0285	0.0001	0.0309
0.0000	0.0012	0.1423	0.0000	0.0000	0.0249	0.8042	0.0092	0.0000	0.0007	0.0000	0.0174
0.0000	0.0000	0.0000	0.0000	0.0000	0.0000	0.0000	0.0000	0.0000	0.9989	0.0007	0.0004
0.0012	0.0000	0.0000	0.0000	0.0000	0.9948	0.0002	0.0001	0.0000	0.0037	0.0000	0.0000
0.0000	0.0000	0.0000	0.0000	0.0000	0.0954	0.2501	0.0002	0.0000	0.5701	0.0000	0.0841
0.0000	0.0057	0.0000	0.0000	0.0000	0.6767	0.2755	0.0264	0.0000	0.0007	0.0000	0.0150
0.0000	0.0000	0.0000	0.0000	0.0000	0.0000	0.0000	0.0000	0.0002	0.9994	0.0000	0.0005
0.0000	0.0000	0.0000	0.0000	0.0000	0.0000	0.0000	0.0001	0.0000	0.0012	0.9986	0.0000
0.0000	0.0000	0.0000	0.0000	0.0000	0.9993	0.0006	0.0000	0.0000	0.0001	0.0000	0.0000
0.0000	0.0000	0.0000	0.0000	0.0000	0.0000	0.0048	0.9950	0.0000	0.0000	0.0000	0.0001
0.0000	0.0000	0.0000	0.0020	0.0000	0.6727	0.0191	0.1528	0.0000	0.0484	0.0000	0.1049
0.0000	0.0000	0.0000	0.0000	0.0000	0.0000	0.0000	0.0000	1.0000	0.0000	0.0000	0.0000
0.0000	0.0936	0.0177	0.0001	0.0000	0.2007	0.6843	0.0023	0.0000	0.0000	0.0000	0.0013
0.0000	0.0000	0.0000	0.0000	0.0000	0.0002	0.0000	0.0000	0.0000	0.9998	0.0000	0.0000
0.0000	0.0000	0.0000	0.0000	0.0000	0.0000	0.0000	0.0000	0.0000	0.9999	0.0000	0.0001
0.0000	0.6541	0.0005	0.0000	0.0000	0.0044	0.3378	0.0030	0.0000	0.0000	0.0000	0.0001
0.0000	0.4517	0.0123	0.0000	0.0000	0.1535	0.3728	0.0088	0.0000	0.0000	0.0000	0.0009
0.0000	0.0331	0.0000	0.0000	0.0000	0.0020	0.9414	0.0112	0.0000	0.0000	0.0000	0.0122
0.9925	0.0000	0.0000	0.0000	0.0000	0.0000	0.0000	0.0000	0.0000	0.0070	0.0000	0.0004
0.0131	0.0000	0.0000	0.0000	0.0000	0.0012	0.1589	0.0030	0.0000	0.8202	0.0000	0.0035
0.0000	0.0000	0.0000	0.0000	1.0000	0.0000	0.0000	0.0000	0.0000	0.0000	0.0000	0.0000
0.0000	0.0446	0.8708	0.0000	0.0000	0.0250	0.0555	0.0032	0.0000	0.0002	0.0000	0.0007
0.0000	0.0000	0.0002	0.0000	0.0000	0.0000	0.0214	0.3123	0.0000	0.0000	0.0303	0.6357
0.9990	0.0000	0.0000	0.0000	0.0000	0.0000	0.0000	0.0000	0.0007	0.0002	0.0000	0.0000
0.0000	0.0000	0.0023	0.0000	0.0000	0.0011	0.8800	0.0040	0.0000	0.0997	0.0001	0.0128
0.0000	0.0000	0.0022	0.0000	0.0000	0.0000	0.9464	0.0508	0.0000	0.0000	0.0000	0.0005
0.4263	0.0000	0.0000	0.0000	0.0000	0.0000	0.0000	0.0000	0.0000	0.4705	0.0886	0.0146
0.0000	0.0244	0.8125	0.0000	0.0000	0.1349	0.0275	0.0006	0.0000	0.0000	0.0000	0.0000
0.0000	0.0428	0.4026	0.0000	0.0000	0.5208	0.0330	0.0007	0.0000	0.0000	0.0000	0.0000
0.0000	0.0000	0.2282	0.0000	0.0000	0.0000	0.7236	0.0011	0.0000	0.0437	0.0000	0.0034
0.0000	0.3728	0.0000	0.0000	0.0000	0.0000	0.0029	0.6240	0.0000	0.0002	0.0001	0.0000
0.0005	0.0000	0.0000	0.0000	0.0000	0.0131	0.7389	0.1785	0.0000	0.0558	0.0003	0.0129
0.0000	0.0000	0.0000	0.0000	0.0000	0.0000	0.0000	0.0000	1.0000	0.0000	0.0000	0.0000
0.0000	0.0000	0.0000	0.0000	1.0000	0.0000	0.0000	0.0000	0.0000	0.0000	0.0000	0.0000
0.0000	0.0076	0.5541	0.0000	0.0000	0.3504	0.0808	0.0060	0.0000	0.0004	0.0000	0.0007
0.0000	0.0195	0.5845	0.0000	0.0000	0.3526	0.0409	0.0021	0.0000	0.0001	0.0000	0.0004
0.0121	0.0000	0.0000	0.0000	0.0000	0.0003	0.4819	0.4741	0.0000	0.0070	0.0140	0.0106
0.0000	0.0000	0.0000	0.0000	0.0000	0.0000	0.0033	0.0000	0.0000	0.2019	0.0001	0.7947
0.0000	0.0284	0.5998	0.0000	0.0000	0.1082	0.2621	0.0006	0.0000	0.0002	0.0000	0.0007
0.0000	0.0000	0.0000	0.0000	1.0000	0.0000	0.0000	0.0000	0.0000	0.0000	0.0000	0.0000
0.0000	0.0041	0.1714	0.0000	0.0000	0.0566	0.7591	0.0002	0.0000	0.0015	0.0000	0.0071
0.0011	0.0000	0.0000	0.0000	0.0000	0.9271	0.0479	0.0005	0.0000	0.0234	0.0000	0.0000
0.0000	0.0000	0.0003	0.0000	0.0000	0.0000	0.9914	0.0000	0.0000	0.0037	0.0000	0.0046
0.8260	0.0000	0.0031	0.0000	0.0000	0.1344	0.0057	0.0002	0.0003	0.0282	0.0000	0.0021
0.0000	0.1293	0.0016	0.0002	0.0000	0.0845	0.7726	0.0060	0.0000	0.0009	0.0000	0.0048
0.0000	0.0000	0.0000	0.0000	0.0000	0.0000	0.0000	0.0000	0.0000	0.0000	1.0000	0.0000
0.0029	0.0119	0.0001	0.0000	0.0000	0.0080	0.9093	0.0678	0.0000	0.0000	0.0000	0.0001
0.0000	0.0000	0.0000	0.0000	0.0000	0.0000	0.3583	0.6402	0.0000	0.0000	0.0000	0.0014
0.7925	0.0000	0.0000	0.0000	0.0000	0.0000	0.0000	0.0000	0.0043	0.2031	0.0000	0.0000
0.0000	0.0000	0.0000	0.0000	0.0000	0.0000	0.0000	0.0000	0.0000	0.9960	0.0039	0.0000
0.0000	0.0000	0.0000	0.0300	0.0000	0.0014	0.0000	0.0000	0.0000	0.9686	0.0000	0.0000
0.0001	0.0003	0.0000	0.0000	0.0000	0.0000	0.3603	0.0996	0.0000	0.0006	0.0000	0.5392
0.0001	0.0000	0.0000	0.0000	0.0000	0.1023	0.0085	0.0001	0.0000	0.2727	0.0000	0.6164
0.0000	0.0000	0.0000	0.0000	0.0000	0.0000	0.0000	0.0000	1.0000	0.0000	0.0000	0.0000
0.0000	0.0000	0.0000	0.0000	0.0000	0.0000	0.0000	0.0000	1.0000	0.0000	0.0000	0.0000
0.0000	0.1067	0.0000	0.0000	0.0000	0.0764	0.7812	0.0309	0.0000	0.0000	0.0000	0.0049
0.0000	0.0003	0.0000	0.0000	0.0000	0.6696	0.1233	0.0789	0.0000	0.0000	0.0000	0.1279
0.0000	0.0000	0.0000	0.0000	0.0000	0.0000	0.7106	0.0000	0.0000	0.0000	0.0000	0.2894
0.0000	0.0000	0.0000	0.0000	0.0000	0.0000	0.0000	0.0000	0.0000	0.0000	0.0000	1.0000
0.0000	0.0000	0.0000	0.0000	0.0000	0.0000	0.0000	0.0000	0.0000	0.0000	1.0000	0.0000
0.0000	0.0307	0.1091	0.0000	0.0000	0.8326	0.0269	0.0004	0.0000	0.0000	0.0000	0.0003
0.0000	0.0001	0.0000	0.0000	0.0000	0.0000	0.9973	0.0022	0.0000	0.0000	0.0000	0.0004
0.0000	0.0000	0.0000	0.0000	0.0000	0.0010	0.0000	0.0000	0.0000	0.0000	0.0000	0.9990
0.0000	0.0000	0.0005	0.0000	0.0000	0.0006	0.0000	0.0000	0.0000	0.0000	0.0000	0.9989
0.0005	0.0000	0.9819	0.0000	0.0000	0.0175	0.0000	0.0000	0.0001	0.0000	0.0000	0.0000
0.0011	0.0000	0.0031	0.0000	0.0000	0.0000	0.0012	0.0000	0.0000	0.0006	0.0000	0.9941
0.0318	0.0000	0.8779	0.0000	0.0000	0.0000	0.0001	0.0000	0.0018	0.0096	0.0000	0.0787
0.0000	0.0000	1.0000	0.0000	0.0000	0.0000	0.0000	0.0000	0.0000	0.0000	0.0000	0.0000
0.0000	0.0000	0.0000	0.0000	0.0000	0.0000	0.0000	0.0000	0.0000	0.0000	0.0000	1.0000
0.0000	0.0000	0.0000	0.0000	0.0000	0.0000	0.0000	0.0000	0.0000	0.0000	0.0000	1.0000
0.0000	0.0000	0.0000	0.0000	0.0000	0.0000	0.0000	0.0000	0.0000	0.0000	0.0000	1.0000
0.0000	0.0000	0.0000	0.0000	0.0000	0.0000	0.0000	0.0000	0.0000	0.0000	0.0000	1.0000
0.0000	0.0000	0.0000	0.0000	0.0000	0.0000	0.0000	0.0000	0.0000	0.0000	0.0000	1.0000
0.0000	0.0000	0.0001	0.0000	0.0000	0.0001	0.0000	0.0000	0.0004	0.0000	0.0000	0.9994
0.0006	0.0000	0.9917	0.0000	0.0000	0.0075	0.0000	0.0000	0.0001	0.0001	0.0000	0.0000
0.0006	0.0000	0.9900	0.0000	0.0000	0.0092	0.0000	0.0000	0.0001	0.0000	0.0000	0.0000
0.0087	0.0000	0.0003	0.0000	0.0000	0.0000	0.0004	0.0000	0.0001	0.0024	0.0000	0.9881
0.0000	0.0000	0.9996	0.0000	0.0000	0.0000	0.0000	0.0000	0.0000	0.0000	0.0000	0.0004
0.0000	0.0000	0.9488	0.0000	0.0000	0.0000	0.0000	0.0000	0.0000	0.0000	0.0000	0.0512
0.0000	0.0000	0.0000	0.0000	0.0000	0.0000	0.0000	0.0000	0.0000	0.0000	0.0000	1.0000
0.0003	0.0000	0.9983	0.0000	0.0000	0.0000	0.0000	0.0000	0.0000	0.0000	0.0000	0.0014
0.0009	0.0000	0.9985	0.0000	0.0000	0.0000	0.0000	0.0000	0.0001	0.0001	0.0000	0.0003
0.0000	0.0000	0.0000	0.0000	0.0000	0.0000	0.0000	0.0000	1.0000	0.0000	0.0000	0.0000
0.0000	0.0000	0.9919	0.0000	0.0000	0.0074	0.0007	0.0000	0.0000	0.0000	0.0000	0.0000
0.0000	0.0000	0.0118	0.0000	0.0000	0.0002	0.9880	0.0000	0.0000	0.0000	0.0000	0.0000
0.0000	0.0000	0.0000	0.0000	0.0000	0.0000	0.0000	0.0000	1.0000	0.0000	0.0000	0.0000
0.0000	0.0000	0.0001	0.0000	0.0000	0.0000	0.9999	0.0000	0.0000	0.0000	0.0000	0.0000
0.0000	0.0000	0.0000	0.0000	0.0000	0.0000	0.0000	0.0000	1.0000	0.0000	0.0000	0.0000
0.0000	0.0000	0.0000	0.0000	0.0000	0.0000	0.0000	0.0000	1.0000	0.0000	0.0000	0.0000
0.0000	0.0000	0.9990	0.0000	0.0000	0.0000	0.0010	0.0000	0.0000	0.0000	0.0000	0.0000
0.0000	0.0000	0.0000	0.0000	0.0000	0.0000	0.0000	0.0000	1.0000	0.0000	0.0000	0.0000
0.0000	0.0000	0.4393	0.0000	0.0000	0.0720	0.4887	0.0000	0.0000	0.0000	0.0000	0.0000
0.0000	0.0000	0.0000	0.0000	0.0000	0.0000	0.0000	0.0000	1.0000	0.0000	0.0000	0.0000
0.0000	0.0000	0.0037	0.0000	0.0000	0.0000	0.9963	0.0000	0.0000	0.0000	0.0000	0.0000
0.0000	0.0000	0.0000	0.0000	0.0000	0.0000	0.0007	0.0000	0.9993	0.0000	0.0000	0.0000
0.0000	0.0000	0.9913	0.0000	0.0000	0.0072	0.0015	0.0000	0.0000	0.0000	0.0000	0.0000
0.0000	0.0000	0.0000	0.0000	0.0000	0.0647	0.6610	0.0000	0.2743	0.0000	0.0000	0.0000
0.0000	0.0000	0.5609	0.0000	0.0000	0.1581	0.2810	0.0000	0.0000	0.0000	0.0000	0.0000
0.0000	0.0000	0.9989	0.0000	0.0000	0.0000	0.0011	0.0000	0.0000	0.0000	0.0000	0.0000
0.0000	0.0000	0.9956	0.0000	0.0000	0.0036	0.0008	0.0000	0.0000	0.0000	0.0000	0.0000
0.0000	0.0000	0.9278	0.0000	0.0000	0.0053	0.0669	0.0000	0.0000	0.0000	0.0000	0.0000
0.0000	0.0000	0.0000	0.0000	0.0000	0.0000	0.0000	0.0000	1.0000	0.0000	0.0000	0.0000
0.0000	0.0000	0.0956	0.0000	0.0000	0.0000	0.9044	0.0000	0.0000	0.0000	0.0000	0.0000
0.0000	0.0000	0.0000	0.0000	0.0000	0.0000	0.0000	0.0000	1.0000	0.0000	0.0000	0.0000
0.0000	0.0000	0.4386	0.0000	0.0000	0.0000	0.5613	0.0000	0.0000	0.0000	0.0000	0.0000
0.0000	0.0000	0.0000	0.0000	0.0000	0.0000	0.0000	0.0000	1.0000	0.0000	0.0000	0.0000
0.0000	0.0000	0.9974	0.0000	0.0000	0.0012	0.0014	0.0000	0.0000	0.0000	0.0000	0.0000
0.0000	0.0000	0.0000	0.0000	0.0000	0.0000	0.9999	0.0000	0.0000	0.0000	0.0000	0.0000
0.0000	0.0000	0.0000	0.0000	0.0000	0.0000	0.0000	0.0000	1.0000	0.0000	0.0000	0.0000
0.0000	0.0000	0.0000	0.0000	0.0000	0.0003	0.9997	0.0000	0.0000	0.0000	0.0000	0.0000
0.0000	0.0000	0.0000	0.0000	0.0000	0.0000	0.0000	0.0000	1.0000	0.0000	0.0000	0.0000
0.0000	0.0000	0.0068	0.0000	0.0000	0.2706	0.7226	0.0000	0.0000	0.0000	0.0000	0.0000
