0.0001	0.0000	0.0000	0.0000	0.0000	0.0006	0.2606	0.6267	0.0000	0.0093	0.0007	0.1020
0.0000	0.0000	0.0000	0.0000	0.0000	0.0000	0.0000	0.0000	1.0000	0.0000	0.0000	0.0000
0.0000	0.0000	0.0000	0.0000	0.0000	0.0000	0.0000	0.0000	1.0000	0.0000	0.0000	0.0000
0.0000	0.0170	0.0000	0.0000	0.0000	0.0001	0.0954	0.8873	0.0000	0.0001	0.0000	0.0001
0.0000	0.0000	0.0000	0.0000	0.0000	0.0000	0.7046	0.0721	0.0000	0.0034	0.1650	0.0549
0.0000	0.0000	0.0000	0.0000	0.0000	0.0000	0.0000	0.0000	0.0000	1.0000	0.0000	0.0000
0.0075	0.0000	0.0000	0.0000	0.0000	0.0000	0.0000	0.0000	0.0000	0.9923	0.0000	0.0002
0.0000	0.0000	0.0000	0.0000	0.0000	0.0000	0.0476	0.0002	0.0000	0.4776	0.0360	0.4385
0.0000	0.0000	0.0000	0.0000	0.0001	0.0000	0.0128	0.7373	0.0000	0.0000	0.1100	0.1397
0.9997	0.0000	0.0000	0.0000	0.0000	0.0000	0.0000	0.0000	0.0000	0.0003	0.0000	0.0000
0.0000	0.0000	0.0000	0.0000	0.0000	0.0000	0.2312	0.0006	0.0000	0.0126	0.0000	0.7555
0.0000	0.0000	0.0000	0.0000	0.0000	0.0000	0.0000	0.0000	0.0000	1.0000	0.0000	0.0000
0.0000	0.1871	0.0447	0.0000	0.0000	0.7463	0.0207	0.0011	0.0000	0.0000	0.0000	0.0000
0.6792	0.0000	0.0001	0.0000	0.0000	0.0008	0.1123	0.0006	0.0000	0.1820	0.0003	0.0247
0.0000	0.0000	0.0000	0.0000	0.0000	0.0000	0.0000	0.0000	1.0000	0.0000	0.0000	0.0000
0.0000	0.0000	0.0000	0.0000	0.0000	0.0008	0.8924	0.0814	0.0000	0.0195	0.0000	0.0059
0.0000	0.0000	0.0000	0.0000	0.0000	0.0018	0.3618	0.0367	0.0000	0.0079	0.0000	0.5917
0.0000	0.9954	0.0046	0.0000	0.0000	0.0000	0.0000	0.0000	0.0000	0.0000	0.0000	0.0000
0.0002	0.1449	0.0058	0.0000	0.0000	0.6498	0.1957	0.0021	0.0000	0.0004	0.0000	0.0011
0.0000	0.0000	0.0000	0.0000	0.0000	0.0000	0.0000	0.0000	0.9993	0.0006	0.0000	0.0000
0.0000	0.0000	0.0000	0.0280	0.5133	0.0000	0.0375	0.0000	0.0000	0.0009	0.4204	0.0000
0.0000	0.0000	0.0000	0.0000	0.0000	0.0000	0.9124	0.0032	0.0000	0.0102	0.0004	0.0738
0.0000	0.0006	0.0006	0.0000	0.0000	0.0041	0.8678	0.0081	0.0000	0.0001	0.0000	0.1188
0.0000	0.0000	0.0000	0.0000	0.0000	0.0000	0.0001	0.0000	0.0000	0.9852	0.0001	0.0145
0.0010	0.0000	0.0000	0.0000	0.0000	0.9908	0.0002	0.0000	0.0000	0.0080	0.0000	0.0000
0.0000	0.0000	0.0000	0.0000	0.0000	0.0027	0.0598	0.0001	0.0000	0.1502	0.0000	0.7873
0.0000	0.0004	0.0000	0.0000	0.0000	0.2598	0.2213	0.2130	0.0000	0.0002	0.0000	0.3052
0.0000	0.0000	0.0000	0.0000	0.0000	0.0000	0.0000	0.0000	0.0195	0.9770	0.0000	0.0035
0.0000	0.0000	0.0000	0.0000	0.0000	0.0000	0.0000	0.0000	0.0000	0.0014	0.9986	0.0000
0.0000	0.0000	0.0000	0.0000	0.0000	0.9999	0.0001	0.0000	0.0000	0.0000	0.0000	0.0000
0.0000	0.0000	0.0000	0.0000	0.0000	0.0000	0.0000	1.0000	0.0000	0.0000	0.0000	0.0000
0.0000	0.0000	0.0000	0.0001	0.0000	0.0296	0.0003	0.1028	0.0000	0.0092	0.0000	0.8581
0.0000	0.0000	0.0000	0.0000	0.0000	0.0000	0.0000	0.0000	1.0000	0.0000	0.0000	0.0000
0.0000	0.7653	0.0001	0.0000	0.0000	0.1512	0.0825	0.0009	0.0000	0.0000	0.0000	0.0000
0.0000	0.0000	0.0000	0.0001	0.0000	0.0000	0.0000	0.0000	0.0000	0.9978	0.0007	0.0014
0.0000	0.0000	0.0000	0.0000	0.0000	0.0000	0.0000	0.0000	0.0000	0.9980	0.0000	0.0020
0.0000	0.9368	0.0000	0.0000	0.0000	0.0035	0.0579	0.0019	0.0000	0.0000	0.0000	0.0000
0.0000	0.6941	0.0002	0.0000	0.0000	0.2345	0.0628	0.0084	0.0000	0.0000	0.0000	0.0000
0.0000	0.0142	0.0000	0.0000	0.0000	0.0030	0.7671	0.1904	0.0000	0.0000	0.0000	0.0252
0.8881	0.0000	0.0000	0.0000	0.0000	0.0000	0.0000	0.0000	0.0000	0.0017	0.0000	0.1102
0.0071	0.0000	0.0000	0.0000	0.0000	0.0000	0.0894	0.0007	0.0000	0.8940	0.0000	0.0087
0.0000	0.0000	0.0000	0.0000	1.0000	0.0000	0.0000	0.0000	0.0000	0.0000	0.0000	0.0000
0.0000	0.1644	0.1545	0.0000	0.0000	0.1867	0.2545	0.2392	0.0000	0.0000	0.0000	0.0006
0.0000	0.0000	0.0000	0.0000	0.0000	0.0000	0.0002	0.1405	0.0000	0.0000	0.0008	0.8585
1.0000	0.0000	0.0000	0.0000	0.0000	0.0000	0.0000	0.0000	0.0000	0.0000	0.0000	0.0000
0.0000	0.0000	0.0001	0.0000	0.0000	0.0001	0.6940	0.0144	0.0000	0.0335	0.0003	0.2577
0.0000	0.0000	0.0001	0.0000	0.0000	0.0000	0.9601	0.0396	0.0000	0.0000	0.0000	0.0001
0.0766	0.0000	0.0000	0.0000	0.0000	0.0000	0.0000	0.0000	0.0000	0.2403	0.1915	0.4916
0.0000	0.3255	0.1625	0.0000	0.0000	0.5050	0.0059	0.0011	0.0000	0.0000	0.0000	0.0000
0.0000	0.2138	0.0265	0.0000	0.0000	0.7580	0.0016	0.0001	0.0000	0.0000	0.0000	0.0000
0.0000	0.0000	0.0003	0.0000	0.0000	0.0000	0.9872	0.0006	0.0000	0.0006	0.0000	0.0114
0.0005	0.9807	0.0000	0.0000	0.0000	0.0000	0.0083	0.0088	0.0000	0.0000	0.0015	0.0000
0.0000	0.0000	0.0000	0.0000	0.0000	0.0002	0.7244	0.1798	0.0000	0.0587	0.0000	0.0368
0.0000	0.0000	0.0000	0.0000	0.0000	0.0000	0.0000	0.0000	1.0000	0.0000	0.0000	0.0000
0.0000	0.0000	0.0000	0.0000	1.0000	0.0000	0.0000	0.0000	0.0000	0.0000	0.0000	0.0000
0.0000	0.0127	0.0302	0.0000	0.0000	0.9239	0.0310	0.0020	0.0000	0.0000	0.0000	0.0002
0.0000	0.1798	0.0182	0.0000	0.0000	0.7842	0.0165	0.0011	0.0000	0.0000	0.0000	0.0001
0.0014	0.0000	0.0000	0.0000	0.0000	0.0017	0.5480	0.2855	0.0000	0.0007	0.0024	0.1604
0.0000	0.0000	0.0000	0.0000	0.0000	0.0000	0.0013	0.0000	0.0000	0.3430	0.0002	0.6555
0.0000	0.0356	0.0469	0.0000	0.0000	0.0820	0.8338	0.0007	0.0000	0.0000	0.0000	0.0010
0.0000	0.0000	0.0000	0.0198	0.9802	0.0000	0.0000	0.0000	0.0000	0.0000	0.0000	0.0000
0.0000	0.0001	0.0004	0.0000	0.0000	0.0009	0.9926	0.0000	0.0000	0.0001	0.0000	0.0059
0.0257	0.0000	0.0000	0.0000	0.0000	0.2177	0.3132	0.0000	0.0000	0.4434	0.0000	0.0000
0.0000	0.0000	0.0000	0.0000	0.0000	0.0000	0.9948	0.0000	0.0000	0.0003	0.0000	0.0048
0.9567	0.0000	0.0000	0.0000	0.0000	0.0136	0.0112	0.0000	0.0011	0.0158	0.0000	0.0014
0.0000	0.0210	0.0000	0.0000	0.0000	0.1926	0.7536	0.0305	0.0000	0.0000	0.0000	0.0023
0.0000	0.0000	0.0000	0.0000	0.0000	0.0000	0.0000	0.0000	0.0000	0.0000	1.0000	0.0000
0.0079	0.0000	0.0000	0.0000	0.0000	0.0279	0.4515	0.4220	0.0000	0.0039	0.0000	0.0868
0.0000	0.0000	0.0000	0.0000	0.0000	0.0000	0.0114	0.1292	0.0000	0.0000	0.0000	0.8594
0.2151	0.0000	0.0000	0.0000	0.0000	0.0000	0.0000	0.0000	0.0356	0.7482	0.0011	0.0000
0.0000	0.0000	0.0000	0.0000	0.0000	0.0000	0.0000	0.0000	0.0000	0.9998	0.0001	0.0001
0.0036	0.0000	0.0000	0.0566	0.0000	0.0000	0.0000	0.0000	0.0000	0.9024	0.0288	0.0086
0.0000	0.0000	0.0000	0.0000	0.0000	0.0000	0.1443	0.0525	0.0000	0.0000	0.0000	0.8032
0.0000	0.0000	0.0000	0.0000	0.0000	0.0000	0.0000	0.0000	0.0000	0.0007	0.0000	0.9993
0.0000	0.0000	0.0000	0.0000	0.0000	0.0000	0.0000	0.0000	1.0000	0.0000	0.0000	0.0000
0.0000	0.0000	0.0000	0.0000	0.0000	0.0000	0.0000	0.0000	1.0000	0.0000	0.0000	0.0000
0.0000	0.0049	0.0000	0.0000	0.0000	0.1830	0.4986	0.3106	0.0000	0.0000	0.0000	0.0028
0.0000	0.0000	0.0000	0.0000	0.0000	0.0444	0.0102	0.2207	0.0000	0.0000	0.0000	0.7247
0.0000	0.0000	0.0000	0.0000	0.0000	0.0000	0.0681	0.0001	0.0000	0.0000	0.0000	0.9318
0.0000	0.0000	0.0000	0.0000	0.0000	0.0000	0.0000	0.0000	0.0000	0.0000	0.0000	1.0000
0.0000	0.0000	0.0000	0.0000	0.0000	0.0000	0.0000	0.0000	0.0000	0.0000	1.0000	0.0000
0.0000	0.0311	0.0011	0.0000	0.0000	0.9654	0.0022	0.0001	0.0000	0.0000	0.0000	0.0000
0.0000	0.0000	0.0000	0.0000	0.0000	0.0000	0.9785	0.0214	0.0000	0.0000	0.0000	0.0001
0.0000	0.0000	0.0000	0.0000	0.0000	0.0000	0.0000	0.0000	0.0000	0.0000	0.0000	1.0000
0.0000	0.0000	0.0000	0.0000	0.0000	0.0000	0.0000	0.0000	0.0000	0.0000	0.0000	1.0000
0.0000	0.0000	0.9993	0.0000	0.0000	0.0000	0.0000	0.0000	0.0007	0.0000	0.0000	0.0000
0.0000	0.0000	0.0000	0.0000	0.0000	0.0000	0.0000	0.0000	0.0000	0.0000	0.0000	1.0000
0.0000	0.0000	0.0123	0.0000	0.0000	0.0000	0.0000	0.0000	0.0000	0.0001	0.0000	0.9876
0.0000	0.0000	0.9627	0.0000	0.0000	0.0000	0.0000	0.0000	0.0000	0.0000	0.0000	0.0373
0.0000	0.0000	0.0000	0.0000	0.0000	0.0000	0.0000	0.0000	0.0000	0.0000	0.0000	1.0000
0.0000	0.0000	0.0000	0.0000	0.0000	0.0000	0.0000	0.0000	0.0000	0.0000	0.0000	1.0000
0.0000	0.0000	0.0000	0.0000	0.0000	0.0000	0.0000	0.0000	0.0000	0.0000	0.0000	1.0000
0.0000	0.0000	0.0000	0.0000	0.0000	0.0000	0.0000	0.0000	0.0000	0.0000	0.0000	1.0000
0.0000	0.0000	0.0000	0.0000	0.0000	0.0000	0.0000	0.0000	0.0000	0.0000	0.0000	1.0000
0.0000	0.0000	0.0000	0.0000	0.0000	0.0000	0.0000	0.0000	0.0003	0.0000	0.0000	0.9997
0.0000	0.0000	0.9991	0.0000	0.0000	0.0000	0.0000	0.0000	0.0008	0.0000	0.0000	0.0001
0.0000	0.0000	0.9990	0.0000	0.0000	0.0000	0.0000	0.0000	0.0010	0.0000	0.0000	0.0001
0.0000	0.0000	0.0000	0.0000	0.0000	0.0000	0.0000	0.0000	0.0000	0.0000	0.0000	1.0000
0.0000	0.0000	0.9779	0.0000	0.0000	0.0000	0.0000	0.0000	0.0089	0.0000	0.0000	0.0132
0.0000	0.0000	0.9159	0.0000	0.0000	0.0000	0.0000	0.0000	0.0006	0.0001	0.0000	0.0835
0.0000	0.0000	0.0000	0.0000	0.0000	0.0000	0.0000	0.0000	0.0000	0.0000	0.0000	1.0000
0.0000	0.0000	0.7044	0.0000	0.0000	0.0000	0.0000	0.0000	0.0001	0.0000	0.0000	0.2955
0.0000	0.0000	0.9954	0.0000	0.0000	0.0000	0.0000	0.0000	0.0001	0.0000	0.0000	0.0045
0.0000	0.0000	0.0000	0.0000	0.0000	0.0000	0.0000	0.0000	1.0000	0.0000	0.0000	0.0000
0.0000	0.0000	0.9613	0.0000	0.0000	0.0304	0.0084	0.0000	0.0000	0.0000	0.0000	0.0000
0.0000	0.0000	0.0006	0.0000	0.0000	0.0000	0.9994	0.0000	0.0000	0.0000	0.0000	0.0000
0.0000	0.0000	0.0000	0.0000	0.0000	0.0000	0.0000	0.0000	1.0000	0.0000	0.0000	0.0000
0.0000	0.0000	0.0000	0.0000	0.0000	0.0000	1.0000	0.0000	0.0000	0.0000	0.0000	0.0000
0.0000	0.0000	0.0000	0.0000	0.0000	0.0000	0.0000	0.0000	1.0000	0.0000	0.0000	0.0000
0.0000	0.0000	0.0000	0.0000	0.0000	0.0000	0.0000	0.0000	1.0000	0.0000	0.0000	0.0000
0.0000	0.0000	0.9452	0.0000	0.0000	0.0000	0.0548	0.0000	0.0000	0.0000	0.0000	0.0000
0.0000	0.0000	0.0000	0.0000	0.0000	0.0000	0.0000	0.0000	1.0000	0.0000	0.0000	0.0000
0.0000	0.0000	0.0065	0.0000	0.0000	0.0000	0.9935	0.0000	0.0000	0.0000	0.0000	0.0000
0.0000	0.0000	0.0000	0.0000	0.0000	0.0000	0.0000	0.0000	1.0000	0.0000	0.0000	0.0000
0.0000	0.0000	0.0000	0.0000	0.0000	0.0000	1.0000	0.0000	0.0000	0.0000	0.0000	0.0000
0.0000	0.0000	0.0000	0.0000	0.0000	0.0000	0.0001	0.0000	0.9999	0.0000	0.0000	0.0000
0.0000	0.0000	0.9731	0.0000	0.0000	0.0213	0.0056	0.0000	0.0000	0.0000	0.0000	0.0000
0.0000	0.0000	0.0000	0.0000	0.0000	0.0000	1.0000	0.0000	0.0000	0.0000	0.0000	0.0000
0.0000	0.0000	0.7055	0.0000	0.0000	0.2029	0.0916	0.0000	0.0000	0.0000	0.0000	0.0000
0.0000	0.0000	0.9669	0.0000	0.0000	0.0002	0.0329	0.0000	0.0000	0.0000	0.0000	0.0000
0.0000	0.0000	0.9746	0.0000	0.0000	0.0135	0.0119	0.0000	0.0000	0.0000	0.0000	0.0000
0.0000	0.0000	0.0425	0.0000	0.0000	0.0001	0.9574	0.0000	0.0000	0.0000	0.0000	0.0000
0.0000	0.0000	0.0000	0.0000	0.0000	0.0000	0.0000	0.0000	1.0000	0.0000	0.0000	0.0000
0.0000	0.0000	0.0028	0.0000	0.0000	0.0000	0.9972	0.0000	0.0000	0.0000	0.0000	0.0000
0.0000	0.0000	0.0000	0.0000	0.0000	0.0000	0.0000	0.0000	1.0000	0.0000	0.0000	0.0000
0.0000	0.0000	0.0670	0.0000	0.0000	0.0000	0.9329	0.0000	0.0000	0.0000	0.0000	0.0000
0.0000	0.0000	0.0000	0.0000	0.0000	0.0000	0.0000	0.0000	1.0000	0.0000	0.0000	0.0000
0.0000	0.0000	0.9640	0.0000	0.0000	0.0010	0.0350	0.0000	0.0000	0.0000	0.0000	0.0000
0.0000	0.0000	0.0000	0.0000	0.0000	0.0000	1.0000	0.0000	0.0000	0.0000	0.0000	0.0000
0.0000	0.0000	0.0000	0.0000	0.0000	0.0000	0.0000	0.0000	1.0000	0.0000	0.0000	0.0000
0.0000	0.0000	0.0000	0.0000	0.0000	0.0022	0.9978	0.0000	0.0000	0.0000	0.0000	0.0000
0.0000	0.0000	0.0000	0.0000	0.0000	0.0000	0.0000	0.0000	1.0000	0.0000	0.0000	0.0000
0.0000	0.0000	0.0000	0.0000	0.0000	0.0025	0.9975	0.0000	0.0000	0.0000	0.0000	0.0000
