0.1861	0.0000	0.0000	0.0000	0.0000	0.0003	0.0091	0.0031	0.0000	0.0118	0.7887	0.0009
0.0000	0.0000	0.0000	0.0000	0.0000	0.0000	0.0000	0.0000	1.0000	0.0000	0.0000	0.0000
0.0000	0.0000	0.0000	0.0000	0.0000	0.0000	0.0000	0.0000	1.0000	0.0000	0.0000	0.0000
0.0000	0.0006	0.0000	0.0000	0.0000	0.0001	0.0194	0.9798	0.0000	0.0000	0.0000	0.0000
0.0000	0.0000	0.0000	0.0000	0.0000	0.0000	0.0038	0.0000	0.0000	0.0000	0.9942	0.0020
0.0002	0.0000	0.0000	0.0000	0.0000	0.0000	0.0000	0.0000	0.0000	0.9998	0.0000	0.0000
0.0570	0.0000	0.0000	0.0000	0.0000	0.0000	0.0000	0.0000	0.0000	0.9425	0.0000	0.0005
0.0000	0.0000	0.0000	0.0000	0.0000	0.0000	0.0088	0.0003	0.0000	0.0034	0.1927	0.7947
0.0000	0.0000	0.0000	0.0000	0.0000	0.0000	0.0007	0.0027	0.0000	0.0000	0.9033	0.0933
1.0000	0.0000	0.0000	0.0000	0.0000	0.0000	0.0000	0.0000	0.0000	0.0000	0.0000	0.0000
0.0000	0.0000	0.0000	0.0000	0.0000	0.0000	0.2912	0.0039	0.0000	0.0001	0.0001	0.7047
0.0003	0.0000	0.0000	0.0000	0.0000	0.0000	0.0000	0.0000	0.0000	0.9997	0.0000	0.0000
0.0000	0.4297	0.3888	0.0000	0.0000	0.1411	0.0055	0.0348	0.0000	0.0000	0.0000	0.0001
0.8913	0.0000	0.0001	0.0000	0.0000	0.0065	0.0104	0.0134	0.0000	0.0753	0.0000	0.0029
0.0000	0.0000	0.0000	0.0000	0.0000	0.0000	0.0000	0.0000	1.0000	0.0000	0.0000	0.0000
0.0001	0.0000	0.0000	0.0000	0.0000	0.0149	0.3611	0.6215	0.0000	0.0014	0.0000	0.0011
0.0000	0.0000	0.0000	0.0000	0.0000	0.1214	0.4249	0.1675	0.0000	0.0012	0.0000	0.2850
0.0000	0.9854	0.0146	0.0000	0.0000	0.0000	0.0000	0.0000	0.0000	0.0000	0.0000	0.0000
0.0039	0.0188	0.5383	0.0000	0.0000	0.3485	0.0254	0.0578	0.0000	0.0000	0.0000	0.0074
0.0000	0.0000	0.0000	0.0000	0.0000	0.0000	0.0000	0.0000	1.0000	0.0000	0.0000	0.0000
0.0000	0.0000	0.0000	0.0000	1.0000	0.0000	0.0000	0.0000	0.0000	0.0000	0.0000	0.0000
0.0001	0.0000	0.0001	0.0000	0.0000	0.0002	0.3396	0.0252	0.0000	0.0006	0.0308	0.6034
0.0000	0.0002	0.0086	0.0000	0.0000	0.1586	0.2322	0.1320	0.0000	0.0000	0.0003	0.4682
0.0000	0.0000	0.0000	0.0000	0.0000	0.0000	0.0000	0.0000	0.0000	0.9992	0.0003	0.0005
0.0039	0.0000	0.0000	0.0000	0.0000	0.9960	0.0000	0.0001	0.0000	0.0000	0.0000	0.0000
0.0000	0.0000	0.0000	0.0000	0.0000	0.0244	0.0007	0.0000	0.0000	0.0078	0.0000	0.9671
0.0000	0.0020	0.0000	0.0000	0.0000	0.7064	0.0017	0.2463	0.0000	0.0000	0.0000	0.0437
0.0000	0.0000	0.0000	0.0000	0.0000	0.0000	0.0000	0.0000	0.0006	0.9994	0.0000	0.0000
0.0000	0.0000	0.0000	0.0000	0.0000	0.0000	0.0000	0.0000	0.0000	0.0010	0.9990	0.0000
0.0000	0.0000	0.0000	0.0000	0.0000	1.0000	0.0000	0.0000	0.0000	0.0000	0.0000	0.0000
0.0000	0.0000	0.0000	0.0000	0.0000	0.0000	0.0000	0.9992	0.0000	0.0000	0.0008	0.0000
0.0001	0.0000	0.0000	0.0010	0.0000	0.2069	0.0000	0.5923	0.0000	0.0012	0.0001	0.1985
0.0000	0.0000	0.0000	0.0000	0.0000	0.0000	0.0000	0.0000	1.0000	0.0000	0.0000	0.0000
0.0000	0.3588	0.0005	0.0003	0.0000	0.5152	0.0958	0.0289	0.0000	0.0000	0.0000	0.0005
0.0000	0.0000	0.0000	0.0001	0.0000	0.0000	0.0000	0.0000	0.0000	0.9999	0.0000	0.0000
0.0000	0.0000	0.0000	0.0000	0.0000	0.0000	0.0000	0.0000	0.0000	0.9999	0.0000	0.0001
0.0000	0.9776	0.0000	0.0000	0.0000	0.0009	0.0104	0.0110	0.0000	0.0000	0.0000	0.0000
0.0000	0.8110	0.0015	0.0000	0.0000	0.0526	0.0114	0.1232	0.0000	0.0000	0.0000	0.0003
0.0000	0.3179	0.0000	0.0000	0.0000	0.0421	0.4192	0.2124	0.0000	0.0000	0.0000	0.0084
0.9986	0.0000	0.0000	0.0000	0.0000	0.0000	0.0000	0.0000	0.0000	0.0000	0.0000	0.0014
0.3047	0.0000	0.0000	0.0000	0.0000	0.0001	0.4615	0.0057	0.0000	0.1814	0.0006	0.0460
0.0000	0.0000	0.0000	0.0000	1.0000	0.0000	0.0000	0.0000	0.0000	0.0000	0.0000	0.0000
0.0001	0.2810	0.3469	0.0000	0.0000	0.0312	0.0154	0.3227	0.0000	0.0000	0.0000	0.0028
0.0000	0.0000	0.0000	0.0000	0.0000	0.0000	0.0000	0.0093	0.0000	0.0000	0.1404	0.8503
1.0000	0.0000	0.0000	0.0000	0.0000	0.0000	0.0000	0.0000	0.0000	0.0000	0.0000	0.0000
0.0000	0.0000	0.0065	0.0000	0.0000	0.6690	0.0076	0.0180	0.0000	0.0393	0.0124	0.2473
0.0000	0.0000	0.0002	0.0000	0.0000	0.0000	0.6940	0.3056	0.0000	0.0000	0.0000	0.0002
0.2836	0.0000	0.0000	0.0000	0.0000	0.0000	0.0000	0.0000	0.0000	0.0095	0.4644	0.2425
0.0000	0.2351	0.6331	0.0000	0.0000	0.0981	0.0012	0.0325	0.0000	0.0000	0.0000	0.0000
0.0000	0.1389	0.2176	0.0000	0.0000	0.6161	0.0010	0.0264	0.0000	0.0000	0.0000	0.0000
0.0009	0.0000	0.0451	0.0000	0.0000	0.0000	0.8698	0.0025	0.0000	0.0008	0.0011	0.0797
0.9901	0.0035	0.0000	0.0000	0.0000	0.0000	0.0000	0.0032	0.0000	0.0000	0.0032	0.0000
0.0001	0.0000	0.0000	0.0000	0.0000	0.0002	0.5001	0.4881	0.0000	0.0064	0.0000	0.0050
0.0000	0.0000	0.0000	0.0000	0.0000	0.0000	0.0000	0.0000	1.0000	0.0000	0.0000	0.0000
0.0000	0.0000	0.0000	0.0000	1.0000	0.0000	0.0000	0.0000	0.0000	0.0000	0.0000	0.0000
0.0000	0.0067	0.3558	0.0000	0.0000	0.5687	0.0051	0.0630	0.0000	0.0000	0.0000	0.0007
0.0001	0.0282	0.1484	0.0000	0.0000	0.7777	0.0041	0.0413	0.0000	0.0000	0.0000	0.0003
0.0467	0.0000	0.0000	0.0000	0.0000	0.0017	0.0989	0.8346	0.0000	0.0001	0.0066	0.0114
0.0000	0.0000	0.0000	0.0000	0.0000	0.0000	0.0007	0.0000	0.0000	0.0861	0.0013	0.9118
0.0000	0.0242	0.7690	0.0000	0.0000	0.0478	0.1492	0.0075	0.0000	0.0000	0.0000	0.0024
0.0000	0.0000	0.0000	0.0000	1.0000	0.0000	0.0000	0.0000	0.0000	0.0000	0.0000	0.0000
0.0000	0.0000	0.1134	0.0000	0.0000	0.0759	0.6986	0.0010	0.0000	0.0000	0.0000	0.1110
0.0187	0.0000	0.0000	0.0000	0.0000	0.8989	0.0775	0.0032	0.0000	0.0016	0.0000	0.0000
0.0000	0.0000	0.0000	0.0000	0.0000	0.0000	0.9833	0.0000	0.0000	0.0000	0.0000	0.0166
0.7184	0.0000	0.0355	0.0000	0.0000	0.1947	0.0019	0.0005	0.0000	0.0419	0.0000	0.0070
0.0000	0.1851	0.0006	0.0001	0.0000	0.1539	0.4885	0.1651	0.0000	0.0000	0.0000	0.0066
0.0000	0.0000	0.0000	0.0000	0.0000	0.0000	0.0000	0.0000	0.0000	0.0000	1.0000	0.0000
0.0005	0.0013	0.0000	0.0000	0.0000	0.1667	0.0623	0.7689	0.0000	0.0000	0.0003	0.0000
0.0000	0.0000	0.0000	0.0000	0.0000	0.0000	0.0017	0.0100	0.0000	0.0000	0.0000	0.9882
0.0925	0.0000	0.0000	0.0000	0.0000	0.0000	0.0000	0.0000	0.7627	0.1446	0.0002	0.0000
0.0000	0.0000	0.0000	0.0000	0.0000	0.0000	0.0000	0.0000	0.0000	0.9990	0.0010	0.0000
0.0000	0.0000	0.0000	0.9982	0.0000	0.0001	0.0000	0.0000	0.0000	0.0017	0.0001	0.0000
0.0000	0.0000	0.0000	0.0000	0.0000	0.0000	0.0452	0.3439	0.0000	0.0000	0.0000	0.6109
0.0000	0.0000	0.0000	0.0000	0.0000	0.0042	0.0000	0.0000	0.0000	0.0027	0.0000	0.9931
0.0000	0.0000	0.0000	0.0000	0.0000	0.0000	0.0000	0.0000	1.0000	0.0000	0.0000	0.0000
0.0000	0.0000	0.0000	0.0000	0.0000	0.0000	0.0000	0.0000	1.0000	0.0000	0.0000	0.0000
0.0000	0.3384	0.0000	0.0000	0.0000	0.4147	0.0148	0.2287	0.0000	0.0000	0.0000	0.0035
0.0000	0.0003	0.0000	0.0000	0.0000	0.6202	0.0000	0.1366	0.0000	0.0000	0.0000	0.2428
0.0000	0.0000	0.0000	0.0000	0.0000	0.0000	0.4028	0.0000	0.0000	0.0000	0.0000	0.5972
0.0000	0.0000	0.0000	0.0000	0.0000	0.0000	0.0000	0.0000	0.0000	0.0000	0.0000	1.0000
0.0000	0.0000	0.0000	0.0000	0.0000	0.0000	0.0000	0.0000	0.0000	0.0000	1.0000	0.0000
0.0000	0.1121	0.0540	0.0000	0.0000	0.8300	0.0002	0.0034	0.0000	0.0000	0.0000	0.0003
0.0000	0.0001	0.0000	0.0000	0.0000	0.0000	0.9880	0.0118	0.0000	0.0000	0.0000	0.0001
0.0000	0.0000	0.0000	0.0000	0.0000	0.0000	0.0000	0.0000	0.0000	0.0000	0.0000	1.0000
0.0000	0.0000	0.0000	0.0000	0.0000	0.0000	0.0000	0.0000	0.0000	0.0000	0.0000	1.0000
0.0000	0.0000	0.9700	0.0000	0.0000	0.0300	0.0000	0.0000	0.0000	0.0000	0.0000	0.0000
0.0000	0.0000	0.0000	0.0000	0.0000	0.0000	0.0000	0.0000	0.0000	0.0000	0.0000	1.0000
0.0001	0.0000	0.0804	0.0000	0.0000	0.0000	0.0000	0.0000	0.0000	0.0007	0.0000	0.9188
0.0001	0.0000	0.9160	0.0000	0.0000	0.0000	0.0000	0.0000	0.0000	0.0000	0.0000	0.0840
0.0000	0.0000	0.0000	0.0000	0.0000	0.0000	0.0000	0.0000	0.0000	0.0000	0.0000	1.0000
0.0000	0.0000	0.0000	0.0000	0.0000	0.0000	0.0000	0.0000	0.0000	0.0000	0.0000	1.0000
0.0000	0.0000	0.0000	0.0000	0.0000	0.0000	0.0000	0.0000	0.0000	0.0000	0.0000	1.0000
0.0000	0.0000	0.0000	0.0000	0.0000	0.0000	0.0000	0.0000	0.0000	0.0000	0.0000	1.0000
0.0000	0.0000	0.0000	0.0000	0.0000	0.0000	0.0000	0.0000	0.0000	0.0000	0.0000	1.0000
0.0000	0.0000	0.0000	0.0000	0.0000	0.0000	0.0000	0.0000	0.0000	0.0000	0.0000	1.0000
0.0000	0.0000	0.9973	0.0000	0.0000	0.0027	0.0000	0.0000	0.0000	0.0000	0.0000	0.0000
0.0000	0.0000	0.9886	0.0000	0.0000	0.0113	0.0000	0.0000	0.0000	0.0000	0.0000	0.0000
0.0000	0.0000	0.0000	0.0000	0.0000	0.0000	0.0000	0.0000	0.0000	0.0000	0.0000	1.0000
0.0000	0.0000	0.9999	0.0000	0.0000	0.0000	0.0000	0.0000	0.0000	0.0000	0.0000	0.0001
0.0024	0.0000	0.9941	0.0000	0.0000	0.0000	0.0000	0.0000	0.0000	0.0000	0.0000	0.0035
0.0000	0.0000	0.0000	0.0000	0.0000	0.0000	0.0000	0.0000	0.0000	0.0000	0.0000	1.0000
0.0000	0.0000	0.9978	0.0000	0.0000	0.0000	0.0000	0.0000	0.0000	0.0000	0.0000	0.0022
0.0000	0.0000	0.9992	0.0000	0.0000	0.0000	0.0000	0.0000	0.0000	0.0000	0.0000	0.0007
0.0000	0.0000	0.0000	0.0000	0.0000	0.0000	0.0000	0.0000	1.0000	0.0000	0.0000	0.0000
0.0000	0.0000	0.9865	0.0000	0.0000	0.0051	0.0084	0.0000	0.0000	0.0000	0.0000	0.0000
0.0000	0.0000	0.0000	0.0000	0.0000	0.0000	1.0000	0.0000	0.0000	0.0000	0.0000	0.0000
0.0000	0.0000	0.0000	0.0000	0.0000	0.0000	0.0000	0.0000	1.0000	0.0000	0.0000	0.0000
0.0000	0.0000	0.0000	0.0000	0.0000	0.0000	1.0000	0.0000	0.0000	0.0000	0.0000	0.0000
0.0000	0.0000	0.0000	0.0000	0.0000	0.0000	0.0000	0.0000	1.0000	0.0000	0.0000	0.0000
0.0000	0.0000	0.0000	0.0000	0.0000	0.0000	0.0000	0.0000	1.0000	0.0000	0.0000	0.0000
0.0000	0.0000	0.9972	0.0000	0.0000	0.0000	0.0028	0.0000	0.0000	0.0000	0.0000	0.0000
0.0000	0.0000	0.0000	0.0000	0.0000	0.0000	0.0000	0.0000	1.0000	0.0000	0.0000	0.0000
0.0000	0.0000	0.0049	0.0000	0.0000	0.0000	0.9951	0.0000	0.0000	0.0000	0.0000	0.0000
0.0000	0.0000	0.0000	0.0000	0.0000	0.0000	0.0000	0.0000	1.0000	0.0000	0.0000	0.0000
0.0000	0.0000	0.0000	0.0000	0.0000	0.0000	1.0000	0.0000	0.0000	0.0000	0.0000	0.0000
0.0000	0.0000	0.0000	0.0000	0.0000	0.0000	0.0007	0.0000	0.9993	0.0000	0.0000	0.0000
0.0000	0.0000	0.9972	0.0000	0.0000	0.0004	0.0024	0.0000	0.0000	0.0000	0.0000	0.0000
0.0000	0.0000	0.0000	0.0000	0.0000	0.0000	0.9998	0.0000	0.0002	0.0000	0.0000	0.0000
0.0000	0.0000	0.5242	0.0000	0.0000	0.0026	0.4732	0.0000	0.0000	0.0000	0.0000	0.0000
0.0000	0.0000	0.9942	0.0000	0.0000	0.0000	0.0058	0.0000	0.0000	0.0000	0.0000	0.0000
0.0000	0.0000	0.9877	0.0000	0.0000	0.0030	0.0093	0.0000	0.0000	0.0000	0.0000	0.0000
0.0000	0.0000	0.2083	0.0000	0.0000	0.0001	0.7915	0.0000	0.0000	0.0000	0.0000	0.0000
0.0000	0.0000	0.0000	0.0000	0.0000	0.0000	0.0000	0.0000	1.0000	0.0000	0.0000	0.0000
0.0000	0.0000	0.0041	0.0000	0.0000	0.0000	0.9959	0.0000	0.0000	0.0000	0.0000	0.0000
0.0000	0.0000	0.0000	0.0000	0.0000	0.0000	0.0000	0.0000	1.0000	0.0000	0.0000	0.0000
0.0000	0.0000	0.4172	0.0000	0.0000	0.0000	0.5828	0.0000	0.0000	0.0000	0.0000	0.0000
0.0000	0.0000	0.0000	0.0000	0.0000	0.0000	0.0000	0.0000	1.0000	0.0000	0.0000	0.0000
0.0000	0.0000	0.9902	0.0000	0.0000	0.0001	0.0098	0.0000	0.0000	0.0000	0.0000	0.0000
0.0000	0.0000	0.0000	0.0000	0.0000	0.0000	1.0000	0.0000	0.0000	0.0000	0.0000	0.0000
0.0000	0.0000	0.0000	0.0000	0.0000	0.0000	0.0000	0.0000	1.0000	0.0000	0.0000	0.0000
0.0000	0.0000	0.0000	0.0000	0.0000	0.0000	1.0000	0.0000	0.0000	0.0000	0.0000	0.0000
0.0000	0.0000	0.0000	0.0000	0.0000	0.0000	0.0000	0.0000	1.0000	0.0000	0.0000	0.0000
0.0000	0.0000	0.0000	0.0000	0.0000	0.0000	1.0000	0.0000	0.0000	0.0000	0.0000	0.0000
