0.0048	0.0000	0.0000	0.0000	0.0000	0.0000	0.2994	0.6432	0.0000	0.0027	0.0477	0.0022
0.0000	0.0000	0.0000	0.0000	0.0000	0.0000	0.0000	0.0000	1.0000	0.0000	0.0000	0.0000
0.0000	0.0000	0.0000	0.0000	0.0000	0.0000	0.0000	0.0000	1.0000	0.0000	0.0000	0.0000
0.0000	0.0145	0.0000	0.0000	0.0000	0.0066	0.5179	0.4609	0.0000	0.0000	0.0000	0.0001
0.0000	0.0000	0.0000	0.0000	0.0000	0.0000	0.0538	0.0271	0.0000	0.0000	0.9184	0.0007
0.0001	0.0000	0.0000	0.0000	0.0000	0.0000	0.0000	0.0000	0.0000	0.9999	0.0000	0.0000
0.0091	0.0000	0.0000	0.0000	0.0000	0.0000	0.0000	0.0000	0.0000	0.9892	0.0000	0.0017
0.0000	0.0000	0.0000	0.0000	0.0000	0.0001	0.8450	0.0204	0.0000	0.0668	0.0244	0.0433
0.0000	0.0000	0.0000	0.0000	0.0000	0.0000	0.0000	0.9998	0.0000	0.0000	0.0002	0.0000
1.0000	0.0000	0.0000	0.0000	0.0000	0.0000	0.0000	0.0000	0.0000	0.0000	0.0000	0.0000
0.0000	0.0000	0.0001	0.0000	0.0000	0.0000	0.7746	0.0006	0.0000	0.0001	0.0000	0.2247
0.0000	0.0000	0.0000	0.0000	0.0000	0.0000	0.0000	0.0000	0.0000	1.0000	0.0000	0.0000
0.0000	0.1601	0.7990	0.0000	0.0000	0.0388	0.0020	0.0001	0.0000	0.0000	0.0000	0.0000
0.8088	0.0000	0.0001	0.0000	0.0000	0.0034	0.0310	0.0016	0.0000	0.1548	0.0001	0.0002
0.0000	0.0000	0.0000	0.0000	0.0000	0.0000	0.0000	0.0000	1.0000	0.0000	0.0000	0.0000
0.0000	0.0000	0.0000	0.0000	0.0000	0.0066	0.9379	0.0442	0.0000	0.0110	0.0000	0.0002
0.0000	0.0000	0.0000	0.0000	0.0000	0.0089	0.9614	0.0253	0.0000	0.0025	0.0000	0.0019
0.0000	0.9989	0.0011	0.0000	0.0000	0.0000	0.0000	0.0000	0.0000	0.0000	0.0000	0.0000
0.0000	0.0389	0.7755	0.0000	0.0000	0.1302	0.0547	0.0003	0.0000	0.0000	0.0000	0.0004
0.0002	0.0000	0.0000	0.0000	0.0000	0.0000	0.0000	0.0000	0.9998	0.0000	0.0000	0.0000
0.0000	0.0000	0.0000	0.0180	0.8940	0.0000	0.0000	0.0013	0.0000	0.0000	0.0867	0.0000
0.0000	0.0006	0.0014	0.0000	0.0000	0.0000	0.9527	0.0031	0.0000	0.0004	0.0000	0.0418
0.0000	0.0103	0.3518	0.0000	0.0000	0.0018	0.6042	0.0131	0.0000	0.0000	0.0000	0.0187
0.0000	0.0000	0.0000	0.0000	0.0000	0.0000	0.0001	0.0000	0.0000	0.9945	0.0049	0.0006
0.0004	0.0000	0.0000	0.0000	0.0000	0.9995	0.0000	0.0000	0.0000	0.0000	0.0000	0.0000
0.0000	0.0000	0.0000	0.0000	0.0000	0.1249	0.4857	0.0007	0.0000	0.1881	0.0000	0.2007
0.0000	0.0021	0.0000	0.0000	0.0000	0.3875	0.4044	0.1978	0.0000	0.0000	0.0000	0.0081
0.0000	0.0000	0.0000	0.0000	0.0000	0.0000	0.0000	0.0000	0.9436	0.0564	0.0000	0.0000
0.0000	0.0000	0.0000	0.0000	0.0000	0.0000	0.0000	0.0011	0.0000	0.0000	0.9989	0.0000
0.0000	0.0000	0.0000	0.0000	0.0000	1.0000	0.0000	0.0000	0.0000	0.0000	0.0000	0.0000
0.0000	0.0000	0.0000	0.0000	0.0000	0.0000	0.0001	0.9999	0.0000	0.0000	0.0000	0.0000
0.0000	0.0000	0.0000	0.0146	0.0000	0.6681	0.0063	0.2898	0.0000	0.0018	0.0000	0.0194
0.0000	0.0000	0.0000	0.0000	0.0000	0.0000	0.0000	0.0000	1.0000	0.0000	0.0000	0.0000
0.0000	0.6334	0.0001	0.0005	0.0000	0.2606	0.1049	0.0003	0.0000	0.0000	0.0000	0.0002
0.0000	0.0000	0.0000	0.0001	0.0000	0.0000	0.0000	0.0000	0.0000	0.9999	0.0000	0.0000
0.0000	0.0000	0.0000	0.0000	0.0000	0.0000	0.0000	0.0000	0.0000	1.0000	0.0000	0.0000
0.0000	0.9971	0.0000	0.0000	0.0000	0.0003	0.0025	0.0000	0.0000	0.0000	0.0000	0.0000
0.0000	0.9377	0.0001	0.0000	0.0000	0.0443	0.0170	0.0008	0.0000	0.0000	0.0000	0.0000
0.0000	0.3368	0.0000	0.0000	0.0000	0.0016	0.6535	0.0030	0.0000	0.0000	0.0000	0.0050
0.9889	0.0000	0.0000	0.0000	0.0000	0.0000	0.0000	0.0000	0.0000	0.0025	0.0000	0.0086
0.0027	0.0000	0.0000	0.0000	0.0000	0.0000	0.5122	0.0024	0.0000	0.4817	0.0000	0.0011
0.0000	0.0000	0.0000	0.0000	1.0000	0.0000	0.0000	0.0000	0.0000	0.0000	0.0000	0.0000
0.0000	0.2612	0.7223	0.0000	0.0000	0.0036	0.0089	0.0036	0.0000	0.0000	0.0000	0.0003
0.0000	0.0000	0.0000	0.0000	0.0000	0.0000	0.0001	0.0543	0.0000	0.0000	0.0050	0.9405
1.0000	0.0000	0.0000	0.0000	0.0000	0.0000	0.0000	0.0000	0.0000	0.0000	0.0000	0.0000
0.0000	0.0000	0.0000	0.0000	0.0000	0.0000	0.9923	0.0013	0.0000	0.0007	0.0000	0.0056
0.0000	0.0000	0.0002	0.0000	0.0000	0.0000	0.9382	0.0615	0.0000	0.0000	0.0000	0.0001
0.1114	0.0000	0.0000	0.0000	0.0000	0.0000	0.0000	0.0000	0.0000	0.0019	0.2291	0.6576
0.0000	0.1067	0.8573	0.0000	0.0000	0.0347	0.0012	0.0001	0.0000	0.0000	0.0000	0.0000
0.0000	0.0925	0.2390	0.0000	0.0000	0.6678	0.0006	0.0000	0.0000	0.0000	0.0000	0.0000
0.0000	0.0000	0.4150	0.0000	0.0000	0.0000	0.5794	0.0005	0.0000	0.0049	0.0000	0.0002
0.0000	0.9753	0.0000	0.0000	0.0000	0.0000	0.0000	0.0247	0.0000	0.0000	0.0000	0.0000
0.0001	0.0000	0.0000	0.0000	0.0000	0.0035	0.8257	0.1411	0.0000	0.0281	0.0011	0.0004
0.0000	0.0000	0.0000	0.0000	0.0000	0.0000	0.0000	0.0000	1.0000	0.0000	0.0000	0.0000
0.0000	0.0000	0.0000	0.0000	1.0000	0.0000	0.0000	0.0000	0.0000	0.0000	0.0000	0.0000
0.0000	0.0117	0.6480	0.0000	0.0000	0.3321	0.0072	0.0010	0.0000	0.0000	0.0000	0.0000
0.0000	0.2109	0.6899	0.0000	0.0000	0.0974	0.0017	0.0002	0.0000	0.0000	0.0000	0.0000
0.0237	0.0000	0.0000	0.0000	0.0000	0.0009	0.1465	0.4299	0.0000	0.0006	0.3979	0.0005
0.0000	0.0000	0.0000	0.0000	0.0000	0.0000	0.0006	0.0000	0.0000	0.0878	0.0003	0.9113
0.0000	0.0312	0.9440	0.0000	0.0000	0.0085	0.0162	0.0000	0.0000	0.0000	0.0000	0.0000
0.0000	0.0000	0.0000	0.0000	1.0000	0.0000	0.0000	0.0000	0.0000	0.0000	0.0000	0.0000
0.0000	0.0066	0.7509	0.0000	0.0000	0.0069	0.2335	0.0000	0.0000	0.0000	0.0000	0.0022
0.0015	0.0000	0.0000	0.0000	0.0000	0.9951	0.0019	0.0000	0.0000	0.0014	0.0000	0.0000
0.0000	0.0000	0.0001	0.0000	0.0000	0.0000	0.9944	0.0000	0.0000	0.0001	0.0000	0.0054
0.9125	0.0000	0.0216	0.0000	0.0000	0.0347	0.0025	0.0003	0.0001	0.0277	0.0000	0.0006
0.0000	0.6086	0.0001	0.0004	0.0000	0.0827	0.2947	0.0115	0.0000	0.0000	0.0000	0.0020
0.0000	0.0000	0.0000	0.0000	0.0000	0.0000	0.0000	0.0000	0.0000	0.0000	1.0000	0.0000
0.0002	0.0003	0.0000	0.0000	0.0000	0.0005	0.8551	0.1437	0.0000	0.0000	0.0000	0.0002
0.0000	0.0000	0.0000	0.0000	0.0000	0.0000	0.1075	0.8171	0.0000	0.0000	0.0000	0.0753
0.9811	0.0000	0.0000	0.0000	0.0000	0.0000	0.0000	0.0000	0.0169	0.0019	0.0000	0.0000
0.0000	0.0000	0.0000	0.0000	0.0000	0.0000	0.0000	0.0000	0.0000	0.9551	0.0449	0.0000
0.0000	0.0000	0.0000	0.7084	0.0000	0.0000	0.0000	0.0000	0.0000	0.2916	0.0000	0.0000
0.0000	0.0002	0.0000	0.0000	0.0000	0.0000	0.1672	0.0863	0.0000	0.0000	0.0000	0.7463
0.0001	0.0000	0.0000	0.0000	0.0000	0.0068	0.0015	0.0000	0.0000	0.0150	0.0000	0.9766
0.0000	0.0000	0.0000	0.0000	0.0000	0.0000	0.0000	0.0000	1.0000	0.0000	0.0000	0.0000
0.0000	0.0000	0.0000	0.0000	0.0000	0.0000	0.0000	0.0000	1.0000	0.0000	0.0000	0.0000
0.0000	0.7049	0.0000	0.0000	0.0000	0.1412	0.1355	0.0171	0.0000	0.0000	0.0000	0.0013
0.0000	0.0002	0.0000	0.0000	0.0000	0.5927	0.0228	0.3741	0.0000	0.0000	0.0000	0.0102
0.0000	0.0000	0.0000	0.0000	0.0000	0.0000	0.9764	0.0000	0.0000	0.0000	0.0000	0.0236
0.0000	0.0000	0.0000	0.0000	0.0000	0.0000	0.0000	0.0000	0.0000	0.0000	0.0000	1.0000
0.0000	0.0000	0.0000	0.0000	0.0000	0.0000	0.0000	0.0000	0.0000	0.0000	1.0000	0.0000
0.0000	0.3009	0.1408	0.0000	0.0000	0.5573	0.0007	0.0001	0.0000	0.0000	0.0000	0.0000
0.0000	0.0000	0.0000	0.0000	0.0000	0.0000	0.9996	0.0003	0.0000	0.0000	0.0000	0.0001
0.0000	0.0000	0.0000	0.0000	0.0000	0.0000	0.0000	0.0000	0.0000	0.0000	0.0000	1.0000
0.0000	0.0000	0.0000	0.0000	0.0000	0.0000	0.0000	0.0000	0.0000	0.0000	0.0000	1.0000
0.0000	0.0000	0.9992	0.0000	0.0000	0.0008	0.0000	0.0000	0.0000	0.0000	0.0000	0.0000
0.0000	0.0000	0.0000	0.0000	0.0000	0.0000	0.0000	0.0000	0.0000	0.0000	0.0000	1.0000
0.0065	0.0000	0.3220	0.0000	0.0000	0.0000	0.0000	0.0000	0.0009	0.0005	0.0000	0.6701
0.0000	0.0000	0.9998	0.0000	0.0000	0.0000	0.0000	0.0000	0.0000	0.0000	0.0000	0.0002
0.0000	0.0000	0.0000	0.0000	0.0000	0.0000	0.0000	0.0000	0.0000	0.0000	0.0000	1.0000
0.0000	0.0000	0.0000	0.0000	0.0000	0.0000	0.0000	0.0000	0.0000	0.0000	0.0000	1.0000
0.0000	0.0000	0.0000	0.0000	0.0000	0.0000	0.0000	0.0000	0.0000	0.0000	0.0000	1.0000
0.0000	0.0000	0.0000	0.0000	0.0000	0.0000	0.0000	0.0000	0.0000	0.0000	0.0000	1.0000
0.0000	0.0000	0.0000	0.0000	0.0000	0.0000	0.0000	0.0000	0.0000	0.0000	0.0000	1.0000
0.0000	0.0000	0.0000	0.0000	0.0000	0.0000	0.0000	0.0000	0.0009	0.0000	0.0000	0.9991
0.0000	0.0000	0.9999	0.0000	0.0000	0.0001	0.0000	0.0000	0.0000	0.0000	0.0000	0.0000
0.0000	0.0000	0.9998	0.0000	0.0000	0.0002	0.0000	0.0000	0.0000	0.0000	0.0000	0.0000
0.0142	0.0000	0.0000	0.0000	0.0000	0.0000	0.0000	0.0000	0.0000	0.0000	0.0000	0.9857
0.0000	0.0000	0.9995	0.0000	0.0000	0.0000	0.0000	0.0000	0.0001	0.0000	0.0000	0.0004
0.0000	0.0000	0.3147	0.0000	0.0000	0.0000	0.0000	0.0000	0.0036	0.0000	0.0000	0.6817
0.0000	0.0000	0.0000	0.0000	0.0000	0.0000	0.0000	0.0000	0.0000	0.0000	0.0000	1.0000
0.0000	0.0000	0.9998	0.0000	0.0000	0.0000	0.0000	0.0000	0.0000	0.0000	0.0000	0.0002
0.0000	0.0000	0.9998	0.0000	0.0000	0.0000	0.0000	0.0000	0.0000	0.0000	0.0000	0.0001
0.0000	0.0000	0.0000	0.0000	0.0000	0.0000	0.0000	0.0000	1.0000	0.0000	0.0000	0.0000
0.0000	0.0000	0.9969	0.0000	0.0000	0.0029	0.0002	0.0000	0.0000	0.0000	0.0000	0.0000
0.0000	0.0000	0.0001	0.0000	0.0000	0.0000	0.9999	0.0000	0.0000	0.0000	0.0000	0.0000
0.0000	0.0000	0.0000	0.0000	0.0000	0.0000	0.0000	0.0000	1.0000	0.0000	0.0000	0.0000
0.0000	0.0000	0.0000	0.0000	0.0000	0.0000	1.0000	0.0000	0.0000	0.0000	0.0000	0.0000
0.0000	0.0000	0.0000	0.0000	0.0000	0.0000	0.0000	0.0000	1.0000	0.0000	0.0000	0.0000
0.0000	0.0000	0.0000	0.0000	0.0000	0.0000	0.0000	0.0000	1.0000	0.0000	0.0000	0.0000
0.0000	0.0000	0.9971	0.0000	0.0000	0.0000	0.0029	0.0000	0.0000	0.0000	0.0000	0.0000
0.0000	0.0000	0.0000	0.0000	0.0000	0.0000	0.0000	0.0000	1.0000	0.0000	0.0000	0.0000
0.0000	0.0000	0.0063	0.0000	0.0000	0.0112	0.9825	0.0000	0.0000	0.0000	0.0000	0.0000
0.0000	0.0000	0.0000	0.0000	0.0000	0.0000	0.0000	0.0000	1.0000	0.0000	0.0000	0.0000
0.0000	0.0000	0.0000	0.0000	0.0000	0.0000	1.0000	0.0000	0.0000	0.0000	0.0000	0.0000
0.0000	0.0000	0.0000	0.0000	0.0000	0.0000	0.0001	0.0000	0.9999	0.0000	0.0000	0.0000
0.0000	0.0000	0.9488	0.0000	0.0000	0.0490	0.0021	0.0000	0.0000	0.0000	0.0000	0.0000
0.0000	0.0000	0.0000	0.0000	0.0000	0.0000	0.0028	0.0000	0.9972	0.0000	0.0000	0.0000
0.0000	0.0000	0.0018	0.0000	0.0000	0.9653	0.0329	0.0000	0.0000	0.0000	0.0000	0.0000
0.0000	0.0000	0.9989	0.0000	0.0000	0.0000	0.0011	0.0000	0.0000	0.0000	0.0000	0.0000
0.0000	0.0000	0.9985	0.0000	0.0000	0.0012	0.0003	0.0000	0.0000	0.0000	0.0000	0.0000
0.0000	0.0000	0.4886	0.0000	0.0000	0.0016	0.5098	0.0000	0.0000	0.0000	0.0000	0.0000
0.0000	0.0000	0.0000	0.0000	0.0000	0.0000	0.0000	0.0000	1.0000	0.0000	0.0000	0.0000
0.0000	0.0000	0.0057	0.0000	0.0000	0.0000	0.9943	0.0000	0.0000	0.0000	0.0000	0.0000
0.0000	0.0000	0.0000	0.0000	0.0000	0.0000	0.0000	0.0000	1.0000	0.0000	0.0000	0.0000
0.0000	0.0000	0.0995	0.0000	0.0000	0.0000	0.9005	0.0000	0.0000	0.0000	0.0000	0.0000
0.0000	0.0000	0.0000	0.0000	0.0000	0.0000	0.0000	0.0000	1.0000	0.0000	0.0000	0.0000
0.0000	0.0000	0.9960	0.0000	0.0000	0.0006	0.0035	0.0000	0.0000	0.0000	0.0000	0.0000
0.0000	0.0000	0.0000	0.0000	0.0000	0.0000	1.0000	0.0000	0.0000	0.0000	0.0000	0.0000
0.0000	0.0000	0.0000	0.0000	0.0000	0.0000	0.0000	0.0000	1.0000	0.0000	0.0000	0.0000
0.0000	0.0000	0.0000	0.0000	0.0000	0.0000	1.0000	0.0000	0.0000	0.0000	0.0000	0.0000
0.0000	0.0000	0.0000	0.0000	0.0000	0.0000	0.0000	0.0000	1.0000	0.0000	0.0000	0.0000
0.0000	0.0000	0.0000	0.0000	0.0000	0.0036	0.9964	0.0000	0.0000	0.0000	0.0000	0.0000
