0.1507	0.0000	0.0001	0.0000	0.0000	0.0042	0.3171	0.1019	0.0000	0.0615	0.2377	0.1270
0.0000	0.0000	0.0000	0.0000	0.0000	0.0000	0.0000	0.0000	1.0000	0.0000	0.0000	0.0000
0.0000	0.0000	0.0000	0.0000	0.0000	0.0000	0.0000	0.0000	0.9999	0.0000	0.0000	0.0000
0.0001	0.0242	0.0071	0.0000	0.0000	0.0166	0.1867	0.7564	0.0000	0.0023	0.0001	0.0066
0.0000	0.0000	0.0000	0.0000	0.0000	0.0004	0.0062	0.3628	0.0000	0.0184	0.0964	0.5156
0.0030	0.0000	0.0000	0.0000	0.0000	0.0000	0.0000	0.0000	0.0000	0.9861	0.0002	0.0108
0.0869	0.0000	0.0000	0.0000	0.0000	0.0000	0.0004	0.0000	0.0000	0.8666	0.0019	0.0443
0.0013	0.0000	0.0004	0.0000	0.0000	0.0017	0.0971	0.0656	0.0000	0.0795	0.0174	0.7369
0.0000	0.0000	0.0000	0.0000	0.0000	0.0028	0.0001	0.5126	0.0000	0.0027	0.0049	0.4769
0.9931	0.0000	0.0000	0.0000	0.0000	0.0000	0.0000	0.0000	0.0068	0.0001	0.0000	0.0000
0.0012	0.0002	0.0162	0.0000	0.0000	0.0065	0.2750	0.0401	0.0000	0.0258	0.0001	0.6350
0.0008	0.0000	0.0000	0.0000	0.0000	0.0000	0.0000	0.0000	0.0001	0.9990	0.0000	0.0000
0.0001	0.1520	0.7176	0.0000	0.0000	0.1180	0.0081	0.0030	0.0000	0.0000	0.0000	0.0011
0.2883	0.0030	0.1048	0.0000	0.0000	0.1080	0.1634	0.1122	0.0072	0.1423	0.0075	0.0633
0.0000	0.0000	0.0000	0.0000	0.0000	0.0000	0.0000	0.0000	0.9995	0.0005	0.0000	0.0000
0.0008	0.0005	0.0060	0.0000	0.0000	0.0298	0.6757	0.2367	0.0000	0.0228	0.0000	0.0278
0.0013	0.0005	0.0003	0.0000	0.0000	0.0616	0.3417	0.2051	0.0000	0.0388	0.0006	0.3500
0.0000	0.6553	0.3397	0.0000	0.0000	0.0021	0.0008	0.0001	0.0000	0.0000	0.0000	0.0020
0.0033	0.0724	0.5857	0.0002	0.0000	0.2633	0.0365	0.0108	0.0000	0.0006	0.0000	0.0272
0.0239	0.0000	0.0000	0.0000	0.0000	0.0099	0.0000	0.0000	0.9551	0.0112	0.0000	0.0000
0.0000	0.0000	0.0000	0.0004	0.9567	0.0000	0.0000	0.0000	0.0000	0.0000	0.0429	0.0000
0.0010	0.0004	0.0071	0.0001	0.0000	0.0027	0.7383	0.0711	0.0000	0.0316	0.0003	0.1474
0.0005	0.0108	0.1292	0.0009	0.0000	0.0902	0.3822	0.1090	0.0000	0.0050	0.0001	0.2722
0.0000	0.0000	0.0000	0.0000	0.0000	0.0000	0.0005	0.0000	0.0000	0.8770	0.1017	0.0208
0.0231	0.0001	0.0000	0.0000	0.0000	0.9731	0.0004	0.0004	0.0000	0.0029	0.0000	0.0000
0.0000	0.0000	0.0000	0.0000	0.0000	0.0206	0.0764	0.0038	0.0000	0.2396	0.0000	0.6597
0.0004	0.0952	0.0011	0.0001	0.0000	0.4638	0.1351	0.1125	0.0000	0.0047	0.0000	0.1871
0.0000	0.0000	0.0000	0.0000	0.0000	0.0000	0.0000	0.0000	0.0395	0.8984	0.0020	0.0601
0.0000	0.0000	0.0000	0.1822	0.0126	0.0000	0.0000	0.0000	0.0000	0.0301	0.7751	0.0000
0.0004	0.0000	0.0012	0.0000	0.0000	0.9955	0.0019	0.0001	0.0000	0.0003	0.0000	0.0006
0.0000	0.0000	0.0000	0.0000	0.0000	0.0000	0.0020	0.9977	0.0000	0.0000	0.0001	0.0002
0.0076	0.0005	0.0000	0.0184	0.0000	0.4711	0.0206	0.1308	0.0000	0.0406	0.0002	0.3103
0.0000	0.0000	0.0000	0.0000	0.0000	0.0000	0.0000	0.0000	1.0000	0.0000	0.0000	0.0000
0.0002	0.2894	0.1706	0.0044	0.0000	0.4451	0.0659	0.0146	0.0000	0.0001	0.0000	0.0097
0.0000	0.0000	0.0000	0.0167	0.0000	0.0052	0.0000	0.0000	0.0000	0.9763	0.0000	0.0019
0.0003	0.0000	0.0000	0.0000	0.0000	0.0000	0.0000	0.0000	0.0000	0.9817	0.0000	0.0180
0.0001	0.8877	0.0242	0.0005	0.0000	0.0436	0.0309	0.0121	0.0000	0.0000	0.0000	0.0009
0.0001	0.3854	0.3520	0.0004	0.0000	0.2088	0.0302	0.0184	0.0000	0.0000	0.0000	0.0046
0.0043	0.2696	0.0007	0.0015	0.0000	0.1607	0.3647	0.1580	0.0000	0.0005	0.0000	0.0400
0.5360	0.0000	0.0035	0.0000	0.0000	0.0021	0.0189	0.0003	0.0027	0.0228	0.0006	0.4131
0.0572	0.0001	0.0142	0.0000	0.0000	0.0015	0.5199	0.0268	0.0000	0.2826	0.0014	0.0964
0.0000	0.0000	0.0000	0.0000	1.0000	0.0000	0.0000	0.0000	0.0000	0.0000	0.0000	0.0000
0.0008	0.1470	0.6249	0.0000	0.0000	0.1469	0.0494	0.0217	0.0000	0.0002	0.0000	0.0091
0.0001	0.0000	0.0007	0.0000	0.0000	0.0007	0.0197	0.5168	0.0000	0.0017	0.0393	0.4211
0.9456	0.0000	0.0000	0.0000	0.0000	0.0003	0.0000	0.0000	0.0532	0.0009	0.0000	0.0000
0.0022	0.0003	0.0081	0.0000	0.0000	0.0081	0.4183	0.1037	0.0000	0.1063	0.0021	0.3509
0.0001	0.0000	0.0206	0.0000	0.0000	0.0000	0.7680	0.1818	0.0000	0.0003	0.0000	0.0292
0.4910	0.0000	0.0000	0.0000	0.0000	0.0000	0.0000	0.0000	0.0000	0.1223	0.1466	0.2402
0.0001	0.1394	0.7489	0.0000	0.0000	0.1021	0.0055	0.0030	0.0000	0.0000	0.0000	0.0010
0.0000	0.1466	0.5606	0.0001	0.0000	0.2830	0.0058	0.0029	0.0000	0.0000	0.0000	0.0009
0.0254	0.0000	0.1924	0.0000	0.0000	0.0000	0.5799	0.0384	0.0000	0.0068	0.0000	0.1570
0.0461	0.0337	0.0000	0.0000	0.0000	0.0002	0.1757	0.6502	0.0002	0.0055	0.0518	0.0365
0.0006	0.0001	0.0001	0.0001	0.0000	0.0098	0.5602	0.2772	0.0000	0.0777	0.0020	0.0721
0.0000	0.0000	0.0000	0.0000	0.0000	0.0000	0.0000	0.0000	1.0000	0.0000	0.0000	0.0000
0.0000	0.0000	0.0000	0.0000	0.9995	0.0000	0.0000	0.0000	0.0000	0.0005	0.0000	0.0000
0.0006	0.0635	0.6526	0.0000	0.0000	0.2204	0.0332	0.0167	0.0000	0.0005	0.0000	0.0125
0.0007	0.0828	0.5736	0.0001	0.0000	0.3120	0.0128	0.0094	0.0000	0.0001	0.0000	0.0086
0.0104	0.0014	0.0000	0.0000	0.0000	0.0032	0.3385	0.3598	0.0000	0.0236	0.0210	0.2421
0.0000	0.0000	0.0000	0.0000	0.0000	0.0000	0.0485	0.0000	0.0000	0.1727	0.0334	0.7453
0.0003	0.0652	0.7717	0.0001	0.0000	0.0300	0.1125	0.0068	0.0000	0.0002	0.0000	0.0131
0.0000	0.0000	0.0000	0.0000	0.9999	0.0000	0.0000	0.0000	0.0000	0.0000	0.0001	0.0000
0.0003	0.0026	0.4867	0.0002	0.0000	0.0335	0.3430	0.0067	0.0000	0.0023	0.0000	0.1248
0.1758	0.0011	0.0023	0.0001	0.0000	0.5578	0.1653	0.0073	0.0000	0.0876	0.0000	0.0027
0.0007	0.0000	0.0016	0.0000	0.0000	0.0000	0.8950	0.0003	0.0000	0.0056	0.0000	0.0967
0.2065	0.0018	0.3813	0.0000	0.0000	0.2814	0.0373	0.0039	0.0185	0.0419	0.0001	0.0271
0.0000	0.5936	0.1195	0.0009	0.0000	0.1057	0.1478	0.0204	0.0000	0.0008	0.0000	0.0113
0.0000	0.0000	0.0000	0.0000	0.0000	0.0000	0.0000	0.0000	0.0000	0.0000	1.0000	0.0000
0.0064	0.0634	0.0285	0.0001	0.0000	0.0543	0.6586	0.1753	0.0000	0.0013	0.0008	0.0112
0.0000	0.0000	0.0000	0.0000	0.0000	0.0000	0.6079	0.2178	0.0000	0.0000	0.0001	0.1741
0.4622	0.0000	0.0000	0.0000	0.0000	0.0000	0.0000	0.0000	0.3930	0.1337	0.0106	0.0005
0.0000	0.0000	0.0000	0.0002	0.0000	0.0000	0.0001	0.0000	0.0002	0.8450	0.0874	0.0671
0.0058	0.0000	0.0000	0.0368	0.0000	0.0002	0.0000	0.0000	0.0034	0.9480	0.0018	0.0039
0.0002	0.0061	0.0000	0.0000	0.0000	0.0021	0.4648	0.2458	0.0000	0.0033	0.0000	0.2776
0.0118	0.0000	0.0000	0.0000	0.0000	0.0737	0.0177	0.0039	0.0000	0.1160	0.0001	0.7767
0.0000	0.0000	0.0000	0.0000	0.0000	0.0000	0.0000	0.0000	1.0000	0.0000	0.0000	0.0000
0.0000	0.0000	0.0000	0.0000	0.0000	0.0000	0.0000	0.0000	1.0000	0.0000	0.0000	0.0000
0.0002	0.4359	0.0041	0.0000	0.0000	0.3414	0.1076	0.0791	0.0000	0.0000	0.0000	0.0316
0.0003	0.0053	0.0000	0.0000	0.0000	0.1713	0.0529	0.4485	0.0000	0.0004	0.0000	0.3213
0.0000	0.0000	0.0000	0.0000	0.0000	0.0000	0.5120	0.2444	0.0000	0.0000	0.0000	0.2436
0.0000	0.0000	0.0000	0.0000	0.0000	0.0000	0.0013	0.0001	0.0000	0.0006	0.0000	0.9980
0.0000	0.0000	0.0000	0.0000	0.0000	0.0000	0.0000	0.0000	0.0000	0.0000	0.9998	0.0002
0.0001	0.1822	0.5316	0.0002	0.0000	0.2734	0.0061	0.0026	0.0000	0.0000	0.0000	0.0038
0.0000	0.0185	0.0001	0.0000	0.0000	0.0083	0.7198	0.2421	0.0000	0.0000	0.0000	0.0112
0.0000	0.0000	0.0000	0.0000	0.0000	0.0000	0.0000	0.0012	0.0000	0.0000	0.0000	0.9988
0.0000	0.0000	0.0060	0.0000	0.0000	0.0007	0.0000	0.0040	0.0000	0.0000	0.0000	0.9894
0.0073	0.0001	0.8581	0.0015	0.0000	0.1224	0.0000	0.0000	0.0093	0.0010	0.0000	0.0003
0.0000	0.0000	0.0190	0.0000	0.0000	0.0000	0.0044	0.0000	0.0000	0.0003	0.0000	0.9763
0.0006	0.0000	0.4437	0.0000	0.0000	0.0003	0.0031	0.0000	0.0003	0.0127	0.0000	0.5392
0.0043	0.0000	0.6450	0.0000	0.0000	0.0000	0.0007	0.0000	0.0001	0.0344	0.0000	0.3155
0.0000	0.0000	0.0035	0.0000	0.0000	0.0000	0.0000	0.0000	0.0000	0.0000	0.0001	0.9964
0.0000	0.0000	0.0000	0.0000	0.0000	0.0004	0.0000	0.0000	0.0000	0.0001	0.0000	0.9994
0.0000	0.0000	0.0001	0.0000	0.0000	0.0000	0.0001	0.0000	0.0000	0.0000	0.0000	0.9998
0.0000	0.0000	0.0004	0.0000	0.0000	0.0000	0.0000	0.0000	0.0000	0.0000	0.0000	0.9995
0.0000	0.0000	0.0003	0.0000	0.0000	0.0005	0.0000	0.0000	0.0000	0.0000	0.0000	0.9991
0.0000	0.0000	0.0107	0.0000	0.0000	0.0017	0.0012	0.0000	0.0009	0.0000	0.0000	0.9855
0.0055	0.0001	0.9249	0.0005	0.0000	0.0603	0.0000	0.0000	0.0068	0.0014	0.0000	0.0005
0.0042	0.0001	0.9023	0.0005	0.0000	0.0842	0.0000	0.0000	0.0072	0.0011	0.0000	0.0004
0.0000	0.0000	0.0128	0.0000	0.0000	0.0000	0.0033	0.0000	0.0000	0.0001	0.0000	0.9839
0.0005	0.0000	0.9772	0.0000	0.0000	0.0000	0.0010	0.0000	0.0046	0.0004	0.0000	0.0163
0.0011	0.0000	0.8515	0.0000	0.0000	0.0000	0.0010	0.0001	0.0548	0.0009	0.0000	0.0905
0.0000	0.0000	0.0000	0.0000	0.0000	0.0000	0.0000	0.0000	0.0000	0.0000	0.0000	1.0000
0.0010	0.0001	0.9865	0.0004	0.0000	0.0009	0.0001	0.0000	0.0000	0.0001	0.0000	0.0110
0.0024	0.0000	0.9837	0.0000	0.0000	0.0023	0.0000	0.0000	0.0042	0.0017	0.0000	0.0056
0.0000	0.0000	0.0000	0.0000	0.0000	0.0000	0.0000	0.0000	1.0000	0.0000	0.0000	0.0000
0.0000	0.0000	0.9406	0.0000	0.0000	0.0449	0.0145	0.0000	0.0000	0.0000	0.0000	0.0000
0.0000	0.0000	0.0210	0.0000	0.0000	0.0001	0.9788	0.0000	0.0000	0.0000	0.0000	0.0000
0.0000	0.0000	0.0000	0.0000	0.0000	0.0000	0.0000	0.0000	1.0000	0.0000	0.0000	0.0000
0.0000	0.0000	0.0001	0.0000	0.0000	0.0000	0.9999	0.0000	0.0000	0.0000	0.0000	0.0000
0.0000	0.0000	0.0000	0.0000	0.0000	0.0000	0.0000	0.0000	1.0000	0.0000	0.0000	0.0000
0.0000	0.0000	0.0000	0.0000	0.0000	0.0000	0.0000	0.0000	1.0000	0.0000	0.0000	0.0000
0.0000	0.0000	0.9789	0.0000	0.0000	0.0000	0.0210	0.0000	0.0000	0.0000	0.0000	0.0000
0.0000	0.0000	0.0000	0.0000	0.0000	0.0000	0.0000	0.0000	1.0000	0.0000	0.0000	0.0000
0.0000	0.0000	0.3485	0.0000	0.0000	0.0028	0.6486	0.0000	0.0001	0.0000	0.0000	0.0000
0.0000	0.0000	0.0000	0.0000	0.0000	0.0000	0.0000	0.0000	1.0000	0.0000	0.0000	0.0000
0.0000	0.0000	0.0054	0.0000	0.0000	0.0000	0.9945	0.0000	0.0000	0.0000	0.0000	0.0000
0.0000	0.0000	0.0001	0.0000	0.0000	0.0000	0.0520	0.0000	0.9480	0.0000	0.0000	0.0000
0.0000	0.0000	0.9314	0.0000	0.0000	0.0441	0.0244	0.0000	0.0000	0.0000	0.0000	0.0000
0.0000	0.0000	0.0000	0.0000	0.0000	0.0000	1.0000	0.0000	0.0000	0.0000	0.0000	0.0000
0.0000	0.0000	0.3275	0.0000	0.0000	0.0250	0.6474	0.0000	0.0002	0.0000	0.0000	0.0000
0.0000	0.0000	0.9666	0.0000	0.0000	0.0021	0.0313	0.0000	0.0000	0.0000	0.0000	0.0000
0.0000	0.0000	0.9550	0.0000	0.0000	0.0284	0.0166	0.0000	0.0000	0.0000	0.0000	0.0000
0.0000	0.0000	0.7829	0.0000	0.0000	0.0122	0.2049	0.0000	0.0000	0.0000	0.0000	0.0000
0.0000	0.0000	0.0000	0.0000	0.0000	0.0000	0.0000	0.0000	1.0000	0.0000	0.0000	0.0000
0.0000	0.0000	0.0078	0.0000	0.0000	0.0000	0.9922	0.0000	0.0000	0.0000	0.0000	0.0000
0.0000	0.0000	0.0000	0.0000	0.0000	0.0000	0.0000	0.0000	1.0000	0.0000	0.0000	0.0000
0.0000	0.0000	0.3748	0.0000	0.0000	0.0000	0.6250	0.0000	0.0001	0.0000	0.0000	0.0001
0.0000	0.0000	0.0000	0.0000	0.0000	0.0000	0.0000	0.0000	1.0000	0.0000	0.0000	0.0000
0.0000	0.0000	0.9669	0.0000	0.0000	0.0106	0.0225	0.0000	0.0000	0.0000	0.0000	0.0000
0.0000	0.0000	0.0000	0.0000	0.0000	0.0000	1.0000	0.0000	0.0000	0.0000	0.0000	0.0000
0.0000	0.0000	0.0000	0.0000	0.0000	0.0000	0.0005	0.0000	0.9995	0.0000	0.0000	0.0000
0.0000	0.0001	0.0001	0.0000	0.0000	0.0907	0.9087	0.0004	0.0000	0.0000	0.0000	0.0000
0.0000	0.0000	0.0000	0.0000	0.0000	0.0000	0.0000	0.0000	1.0000	0.0000	0.0000	0.0000
0.0000	0.0000	0.0048	0.0000	0.0000	0.0323	0.9628	0.0000	0.0001	0.0000	0.0000	0.0000
