0.0477	0.0000	0.0000	0.0000	0.0000	0.0000	0.0601	0.6795	0.0000	0.0002	0.0771	0.1354
0.0000	0.0000	0.0000	0.0000	0.0000	0.0000	0.0000	0.0000	1.0000	0.0000	0.0000	0.0000
0.0000	0.0000	0.0000	0.0000	0.0000	0.0000	0.0000	0.0000	1.0000	0.0000	0.0000	0.0000
0.0000	0.0017	0.0150	0.0000	0.0000	0.0013	0.8556	0.1247	0.0000	0.0005	0.0000	0.0012
0.0000	0.0000	0.0012	0.0000	0.0000	0.0000	0.7734	0.0713	0.0000	0.0032	0.0959	0.0551
0.0000	0.0000	0.0000	0.0000	0.0000	0.0000	0.0000	0.0000	0.0000	1.0000	0.0000	0.0000
0.0022	0.0000	0.0000	0.0000	0.0000	0.0000	0.0000	0.0000	0.0000	0.9977	0.0000	0.0000
0.0000	0.0000	0.0000	0.0000	0.0000	0.0000	0.1684	0.2628	0.0000	0.3225	0.0551	0.1912
0.0000	0.0000	0.0000	0.0000	0.0000	0.0000	0.0007	0.7633	0.0000	0.0000	0.0000	0.2360
1.0000	0.0000	0.0000	0.0000	0.0000	0.0000	0.0000	0.0000	0.0000	0.0000	0.0000	0.0000
0.0000	0.0000	0.0000	0.0000	0.0000	0.0000	0.0777	0.0025	0.0000	0.0011	0.0001	0.9186
0.0000	0.0000	0.0000	0.0000	0.0000	0.0000	0.0000	0.0000	0.0000	1.0000	0.0000	0.0000
0.0004	0.0911	0.1902	0.0000	0.0000	0.7126	0.0034	0.0019	0.0000	0.0000	0.0000	0.0003
0.1720	0.0024	0.0248	0.0000	0.0000	0.0162	0.2398	0.0112	0.0041	0.5085	0.0018	0.0192
0.0000	0.0000	0.0000	0.0000	0.0000	0.0000	0.0000	0.0000	1.0000	0.0000	0.0000	0.0000
0.0000	0.0000	0.0000	0.0000	0.0000	0.0003	0.9812	0.0162	0.0000	0.0018	0.0000	0.0005
0.0000	0.0000	0.0000	0.0000	0.0000	0.0016	0.7592	0.1694	0.0000	0.0002	0.0001	0.0695
0.0000	0.9959	0.0041	0.0000	0.0000	0.0000	0.0000	0.0000	0.0000	0.0000	0.0000	0.0000
0.0502	0.0343	0.0000	0.0000	0.0000	0.8620	0.0502	0.0015	0.0000	0.0002	0.0000	0.0016
0.0006	0.0000	0.0000	0.0000	0.0000	0.0000	0.0000	0.0000	0.9993	0.0001	0.0000	0.0000
0.0000	0.0000	0.0000	0.0567	0.9397	0.0000	0.0000	0.0000	0.0000	0.0000	0.0036	0.0000
0.0004	0.0000	0.0000	0.0000	0.0000	0.0001	0.0864	0.0372	0.0000	0.0006	0.0004	0.8748
0.0003	0.0006	0.0083	0.0000	0.0000	0.0049	0.7859	0.0070	0.0000	0.0002	0.0007	0.1922
0.0000	0.0000	0.0000	0.0000	0.0000	0.0000	0.0000	0.0000	0.0000	0.9876	0.0080	0.0043
0.0024	0.0000	0.0000	0.0000	0.0000	0.9968	0.0002	0.0003	0.0000	0.0003	0.0000	0.0000
0.0000	0.0000	0.0000	0.0000	0.0000	0.0097	0.1136	0.0008	0.0000	0.0696	0.0000	0.8063
0.0000	0.0049	0.0000	0.0000	0.0000	0.5660	0.0132	0.2708	0.0000	0.0004	0.0000	0.1447
0.0000	0.0000	0.0000	0.0000	0.0000	0.0000	0.0000	0.0000	0.0000	0.9846	0.0000	0.0153
0.0000	0.0000	0.0000	0.0000	0.0000	0.0000	0.0000	0.0000	0.0000	0.0000	1.0000	0.0000
0.0000	0.0000	0.0000	0.0000	0.0000	0.9998	0.0001	0.0000	0.0000	0.0000	0.0000	0.0000
0.0000	0.0000	0.0000	0.0000	0.0000	0.0000	0.0000	1.0000	0.0000	0.0000	0.0000	0.0000
0.0000	0.0000	0.0000	0.0020	0.0000	0.0005	0.0036	0.0131	0.0000	0.0066	0.0000	0.9742
0.0000	0.0000	0.0000	0.0000	0.0000	0.0000	0.0000	0.0000	1.0000	0.0000	0.0000	0.0000
0.0000	0.0609	0.0002	0.0028	0.0000	0.8240	0.0999	0.0087	0.0000	0.0000	0.0000	0.0035
0.0000	0.0000	0.0000	0.0000	0.0000	0.0000	0.0000	0.0000	0.0000	0.9999	0.0000	0.0001
0.0000	0.0000	0.0000	0.0000	0.0000	0.0000	0.0000	0.0000	0.0000	1.0000	0.0000	0.0000
0.0000	0.6577	0.0000	0.0008	0.0000	0.1156	0.1939	0.0318	0.0000	0.0000	0.0000	0.0002
0.0000	0.4375	0.0013	0.0001	0.0000	0.4177	0.0738	0.0673	0.0000	0.0000	0.0000	0.0023
0.0000	0.0036	0.0000	0.0001	0.0000	0.0174	0.9458	0.0222	0.0000	0.0000	0.0000	0.0109
0.8122	0.0000	0.0001	0.0000	0.0000	0.0000	0.0016	0.0005	0.0239	0.0002	0.0000	0.1615
0.0629	0.0000	0.0000	0.0000	0.0000	0.0013	0.1197	0.0254	0.0000	0.7890	0.0003	0.0014
0.0000	0.0000	0.0000	0.0000	1.0000	0.0000	0.0000	0.0000	0.0000	0.0000	0.0000	0.0000
0.0001	0.0387	0.8604	0.0000	0.0000	0.0359	0.0161	0.0480	0.0000	0.0000	0.0000	0.0007
0.0000	0.0000	0.0000	0.0000	0.0000	0.0000	0.0000	0.9986	0.0000	0.0000	0.0000	0.0014
1.0000	0.0000	0.0000	0.0000	0.0000	0.0000	0.0000	0.0000	0.0000	0.0000	0.0000	0.0000
0.0000	0.0000	0.0038	0.0000	0.0000	0.0008	0.0008	0.7853	0.0000	0.2093	0.0000	0.0000
0.0000	0.0000	0.0000	0.0000	0.0000	0.0000	0.9093	0.0903	0.0000	0.0000	0.0000	0.0004
0.6267	0.0000	0.0000	0.0000	0.0000	0.0000	0.0000	0.0000	0.0000	0.0115	0.3455	0.0163
0.0000	0.0924	0.7363	0.0000	0.0000	0.1645	0.0030	0.0037	0.0000	0.0000	0.0000	0.0001
0.0000	0.0396	0.2151	0.0000	0.0000	0.7440	0.0004	0.0009	0.0000	0.0000	0.0000	0.0000
0.0000	0.0000	0.0005	0.0000	0.0000	0.0000	0.9968	0.0026	0.0000	0.0000	0.0000	0.0000
0.0004	0.6349	0.0000	0.0000	0.0000	0.0000	0.0611	0.0861	0.0000	0.0000	0.2174	0.0000
0.0000	0.0000	0.0000	0.0000	0.0000	0.0000	0.9254	0.0742	0.0000	0.0000	0.0003	0.0000
0.0000	0.0000	0.0000	0.0000	0.0000	0.0000	0.0000	0.0000	1.0000	0.0000	0.0000	0.0000
0.0000	0.0000	0.0000	0.0000	1.0000	0.0000	0.0000	0.0000	0.0000	0.0000	0.0000	0.0000
0.0000	0.0242	0.7908	0.0000	0.0000	0.1670	0.0083	0.0089	0.0000	0.0000	0.0000	0.0006
0.0013	0.2366	0.0100	0.0000	0.0000	0.7399	0.0088	0.0029	0.0000	0.0000	0.0000	0.0005
0.0000	0.0000	0.0000	0.0000	0.0000	0.0000	0.1494	0.8428	0.0000	0.0000	0.0048	0.0028
0.0000	0.0000	0.0000	0.0000	0.0000	0.0000	0.0004	0.0000	0.0000	0.0005	0.0003	0.9989
0.0006	0.0011	0.9782	0.0000	0.0000	0.0008	0.0169	0.0006	0.0000	0.0000	0.0000	0.0019
0.0000	0.0000	0.0000	0.0000	0.9997	0.0000	0.0000	0.0000	0.0000	0.0000	0.0002	0.0000
0.0003	0.0000	0.7482	0.0000	0.0000	0.0007	0.0330	0.0001	0.0000	0.0002	0.0000	0.2175
0.6298	0.0000	0.0000	0.0000	0.0000	0.1318	0.1591	0.0037	0.0000	0.0753	0.0000	0.0001
0.0038	0.0000	0.0001	0.0000	0.0000	0.0000	0.8592	0.0000	0.0000	0.0001	0.0000	0.1367
0.1507	0.0146	0.0000	0.0000	0.0000	0.8195	0.0055	0.0003	0.0008	0.0067	0.0000	0.0020
0.0000	0.3574	0.0000	0.0024	0.0000	0.5373	0.0893	0.0101	0.0000	0.0001	0.0000	0.0033
0.0000	0.0000	0.0000	0.0000	0.0000	0.0000	0.0000	0.0000	0.0000	0.0000	1.0000	0.0000
0.0017	0.0032	0.0000	0.0000	0.0000	0.0197	0.5098	0.4628	0.0000	0.0000	0.0029	0.0001
0.0000	0.0000	0.0000	0.0000	0.0000	0.0000	0.0040	0.9959	0.0000	0.0000	0.0000	0.0000
0.3348	0.0000	0.0000	0.0000	0.0000	0.0000	0.0000	0.0000	0.5773	0.0871	0.0008	0.0000
0.0000	0.0000	0.0000	0.0000	0.0000	0.0000	0.0000	0.0000	0.0000	0.9935	0.0064	0.0001
0.0000	0.0000	0.0000	0.0110	0.0000	0.0000	0.0000	0.0000	0.0000	0.9890	0.0000	0.0000
0.0000	0.0000	0.0000	0.0000	0.0000	0.0000	0.0790	0.5491	0.0000	0.0002	0.0000	0.3716
0.0000	0.0000	0.0000	0.0000	0.0000	0.0011	0.0006	0.0001	0.0000	0.0157	0.0000	0.9825
0.0000	0.0000	0.0000	0.0000	0.0000	0.0000	0.0000	0.0000	1.0000	0.0000	0.0000	0.0000
0.0000	0.0000	0.0000	0.0000	0.0000	0.0000	0.0000	0.0000	1.0000	0.0000	0.0000	0.0000
0.0000	0.0040	0.0000	0.0000	0.0000	0.4706	0.1014	0.4142	0.0000	0.0000	0.0000	0.0098
0.0000	0.0002	0.0000	0.0000	0.0000	0.7547	0.0005	0.2352	0.0000	0.0000	0.0000	0.0094
0.0000	0.0000	0.0000	0.0000	0.0000	0.0000	0.4054	0.5760	0.0001	0.0184	0.0000	0.0000
0.0000	0.0000	0.0000	0.0000	0.0000	0.0000	0.0003	0.0000	0.0026	0.0000	0.0000	0.9971
0.0000	0.0000	0.0000	0.0000	0.0000	0.0000	0.0000	0.0000	0.0000	0.0000	1.0000	0.0000
0.0000	0.0004	0.0000	0.0000	0.0000	0.9996	0.0000	0.0000	0.0000	0.0000	0.0000	0.0000
0.0000	0.0000	0.0000	0.0000	0.0000	0.0008	0.9478	0.0487	0.0000	0.0000	0.0000	0.0026
0.0000	0.0000	0.0000	0.0000	0.0000	0.0000	0.0000	0.0000	0.0000	0.0000	0.0000	1.0000
0.0000	0.0000	0.0000	0.0000	0.0000	0.0000	0.0000	0.0000	0.0000	0.0000	0.0000	1.0000
0.0000	0.0000	0.9933	0.0000	0.0000	0.0009	0.0000	0.0000	0.0058	0.0000	0.0000	0.0000
0.0000	0.0000	0.0018	0.0000	0.0000	0.0000	0.0000	0.0000	0.0000	0.0000	0.0000	0.9982
0.0000	0.0000	0.8402	0.0000	0.0000	0.0000	0.0000	0.0000	0.0000	0.0000	0.0000	0.1598
0.0000	0.0000	0.9985	0.0000	0.0000	0.0000	0.0000	0.0000	0.0000	0.0000	0.0000	0.0015
0.0000	0.0000	0.0000	0.0000	0.0000	0.0000	0.0000	0.0000	0.0000	0.0000	0.0000	1.0000
0.0000	0.0000	0.0000	0.0000	0.0000	0.0000	0.0000	0.0000	0.0000	0.0000	0.0000	1.0000
0.0000	0.0000	0.0000	0.0000	0.0000	0.0000	0.0000	0.0000	0.0000	0.0000	0.0000	1.0000
0.0000	0.0000	0.0000	0.0000	0.0000	0.0000	0.0000	0.0000	0.0000	0.0000	0.0000	1.0000
0.0000	0.0000	0.0000	0.0000	0.0000	0.0000	0.0000	0.0000	0.0000	0.0000	0.0000	1.0000
0.0000	0.0000	0.0000	0.0000	0.0000	0.0000	0.0000	0.0000	0.0000	0.0000	0.0000	1.0000
0.0000	0.0000	0.9912	0.0000	0.0000	0.0009	0.0000	0.0000	0.0079	0.0000	0.0000	0.0000
0.0000	0.0000	0.9958	0.0000	0.0000	0.0006	0.0000	0.0000	0.0036	0.0000	0.0000	0.0000
0.0000	0.0000	0.0008	0.0000	0.0000	0.0000	0.0000	0.0000	0.0000	0.0000	0.0000	0.9992
0.0000	0.0000	0.9896	0.0000	0.0000	0.0000	0.0000	0.0000	0.0000	0.0000	0.0000	0.0104
0.0000	0.0000	0.6856	0.0000	0.0000	0.0000	0.0000	0.0000	0.0001	0.0000	0.0000	0.3143
0.0000	0.0000	0.0000	0.0000	0.0000	0.0000	0.0000	0.0000	0.0000	0.0000	0.0000	1.0000
0.0000	0.0000	0.9608	0.0000	0.0000	0.0000	0.0000	0.0000	0.0026	0.0000	0.0000	0.0366
0.0000	0.0000	0.9988	0.0000	0.0000	0.0000	0.0000	0.0000	0.0006	0.0000	0.0000	0.0006
0.0000	0.0000	0.0000	0.0000	0.0000	0.0000	0.0000	0.0000	1.0000	0.0000	0.0000	0.0000
0.0000	0.0000	0.9980	0.0000	0.0000	0.0016	0.0005	0.0000	0.0000	0.0000	0.0000	0.0000
0.0000	0.0000	0.0067	0.0000	0.0000	0.0000	0.9933	0.0000	0.0000	0.0000	0.0000	0.0000
0.0000	0.0000	0.0000	0.0000	0.0000	0.0000	0.0000	0.0000	1.0000	0.0000	0.0000	0.0000
0.0000	0.0000	0.0000	0.0000	0.0000	0.0000	1.0000	0.0000	0.0000	0.0000	0.0000	0.0000
0.0000	0.0000	0.0000	0.0000	0.0000	0.0000	0.0000	0.0000	1.0000	0.0000	0.0000	0.0000
0.0000	0.0000	0.0000	0.0000	0.0000	0.0000	0.0000	0.0000	1.0000	0.0000	0.0000	0.0000
0.0000	0.0000	0.9966	0.0000	0.0000	0.0000	0.0034	0.0000	0.0000	0.0000	0.0000	0.0000
0.0000	0.0000	0.0000	0.0000	0.0000	0.0000	0.0000	0.0000	1.0000	0.0000	0.0000	0.0000
0.0000	0.0000	0.0128	0.0000	0.0000	0.0002	0.9870	0.0000	0.0000	0.0000	0.0000	0.0000
0.0000	0.0000	0.0000	0.0000	0.0000	0.0000	0.0000	0.0000	1.0000	0.0000	0.0000	0.0000
0.0000	0.0000	0.0000	0.0000	0.0000	0.0000	1.0000	0.0000	0.0000	0.0000	0.0000	0.0000
0.0000	0.0000	0.0000	0.0000	0.0000	0.0000	0.0017	0.0000	0.9983	0.0000	0.0000	0.0000
0.0000	0.0000	0.9953	0.0000	0.0000	0.0019	0.0028	0.0000	0.0000	0.0000	0.0000	0.0000
0.0000	0.0000	0.0000	0.0000	0.0000	0.0000	1.0000	0.0000	0.0000	0.0000	0.0000	0.0000
0.0000	0.0000	0.5272	0.0000	0.0000	0.0211	0.4517	0.0000	0.0000	0.0000	0.0000	0.0000
0.0000	0.0000	0.9968	0.0000	0.0000	0.0000	0.0032	0.0000	0.0000	0.0000	0.0000	0.0000
0.0000	0.0000	0.9984	0.0000	0.0000	0.0007	0.0009	0.0000	0.0000	0.0000	0.0000	0.0000
0.0000	0.0000	0.8653	0.0000	0.0000	0.0001	0.1347	0.0000	0.0000	0.0000	0.0000	0.0000
0.0000	0.0000	0.0000	0.0000	0.0000	0.0000	0.0000	0.0000	1.0000	0.0000	0.0000	0.0000
0.0000	0.0000	0.0135	0.0000	0.0000	0.0000	0.9865	0.0000	0.0000	0.0000	0.0000	0.0000
0.0000	0.0000	0.0000	0.0000	0.0000	0.0000	0.0000	0.0000	1.0000	0.0000	0.0000	0.0000
0.0000	0.0000	0.1468	0.0000	0.0000	0.0000	0.8532	0.0000	0.0000	0.0000	0.0000	0.0000
0.0000	0.0000	0.0000	0.0000	0.0000	0.0000	0.0000	0.0000	1.0000	0.0000	0.0000	0.0000
0.0000	0.0000	0.9931	0.0000	0.0000	0.0005	0.0064	0.0000	0.0000	0.0000	0.0000	0.0000
0.0000	0.0000	0.0000	0.0000	0.0000	0.0000	1.0000	0.0000	0.0000	0.0000	0.0000	0.0000
0.0000	0.0000	0.0000	0.0000	0.0000	0.0000	0.0000	0.0000	1.0000	0.0000	0.0000	0.0000
0.0000	0.0000	0.0000	0.0000	0.0000	0.0001	0.9999	0.0000	0.0000	0.0000	0.0000	0.0000
0.0000	0.0000	0.0000	0.0000	0.0000	0.0000	0.0000	0.0000	1.0000	0.0000	0.0000	0.0000
0.0000	0.0000	0.0000	0.0000	0.0000	0.0002	0.9998	0.0000	0.0000	0.0000	0.0000	0.0000
