0.6365	0.0000	0.0000	0.0000	0.0000	0.0000	0.0095	0.2275	0.0000	0.0005	0.0004	0.1256
0.0000	0.0000	0.0000	0.0000	0.0000	0.0000	0.0000	0.0000	1.0000	0.0000	0.0000	0.0000
0.0000	0.0000	0.0000	0.0000	0.0000	0.0000	0.0000	0.0000	1.0000	0.0000	0.0000	0.0000
0.0000	0.0001	0.0014	0.0000	0.0000	0.0071	0.6581	0.3330	0.0000	0.0000	0.0000	0.0003
0.0000	0.0000	0.0000	0.0000	0.0000	0.0000	0.9936	0.0023	0.0000	0.0001	0.0010	0.0029
0.0000	0.0000	0.0000	0.0000	0.0000	0.0000	0.0000	0.0000	0.0000	1.0000	0.0000	0.0000
0.0133	0.0000	0.0000	0.0000	0.0000	0.0000	0.0000	0.0000	0.0000	0.9867	0.0000	0.0000
0.0000	0.0000	0.0002	0.0000	0.0000	0.0000	0.8217	0.1064	0.0000	0.0440	0.0009	0.0269
0.0000	0.0000	0.0000	0.0000	0.0000	0.0000	0.0363	0.8399	0.0000	0.0001	0.0001	0.1236
1.0000	0.0000	0.0000	0.0000	0.0000	0.0000	0.0000	0.0000	0.0000	0.0000	0.0000	0.0000
0.0000	0.0000	0.0000	0.0000	0.0000	0.0000	0.5121	0.0021	0.0000	0.0001	0.0000	0.4858
0.0000	0.0000	0.0000	0.0000	0.0000	0.0000	0.0000	0.0000	0.0000	1.0000	0.0000	0.0000
0.0000	0.4827	0.1598	0.0000	0.0000	0.3559	0.0008	0.0006	0.0000	0.0000	0.0000	0.0001
0.9054	0.0000	0.0072	0.0000	0.0000	0.0082	0.0050	0.0065	0.0000	0.0596	0.0001	0.0080
0.0000	0.0000	0.0000	0.0000	0.0000	0.0000	0.0000	0.0000	1.0000	0.0000	0.0000	0.0000
0.0000	0.0000	0.0000	0.0000	0.0000	0.0135	0.8772	0.0986	0.0000	0.0081	0.0000	0.0026
0.0000	0.0000	0.0000	0.0000	0.0000	0.0027	0.8666	0.1218	0.0000	0.0006	0.0000	0.0083
0.0000	0.9607	0.0392	0.0000	0.0000	0.0000	0.0001	0.0000	0.0000	0.0000	0.0000	0.0000
0.0004	0.3905	0.0004	0.0000	0.0000	0.4206	0.1854	0.0003	0.0000	0.0000	0.0000	0.0024
0.0000	0.0000	0.0000	0.0000	0.0000	0.0000	0.0000	0.0000	1.0000	0.0000	0.0000	0.0000
0.0000	0.0000	0.0000	0.0001	0.0006	0.0000	0.0000	0.0000	0.0000	0.0000	0.9993	0.0000
0.0000	0.0000	0.0001	0.0000	0.0000	0.0001	0.3109	0.0018	0.0000	0.0001	0.0000	0.6870
0.0000	0.0002	0.0726	0.0000	0.0000	0.0008	0.6860	0.0110	0.0000	0.0000	0.0000	0.2294
0.0000	0.0000	0.0000	0.0000	0.0000	0.0000	0.0000	0.0000	0.0000	0.9957	0.0022	0.0021
0.0007	0.0000	0.0000	0.0000	0.0000	0.9992	0.0000	0.0000	0.0000	0.0000	0.0000	0.0000
0.0000	0.0000	0.0000	0.0000	0.0000	0.4025	0.1810	0.0010	0.0000	0.1127	0.0000	0.3028
0.0000	0.0001	0.0000	0.0000	0.0000	0.7614	0.0076	0.1882	0.0000	0.0000	0.0000	0.0426
0.0000	0.0000	0.0000	0.0000	0.0000	0.0000	0.0000	0.0000	0.0000	0.9987	0.0000	0.0013
0.0000	0.0000	0.0000	0.0000	0.0000	0.0000	0.0000	0.0000	0.0000	0.0000	1.0000	0.0000
0.0000	0.0000	0.0000	0.0000	0.0000	1.0000	0.0000	0.0000	0.0000	0.0000	0.0000	0.0000
0.0000	0.0000	0.0000	0.0000	0.0000	0.0000	0.0000	0.9932	0.0000	0.0000	0.0000	0.0068
0.0000	0.0000	0.0000	0.0003	0.0000	0.0008	0.0018	0.0150	0.0000	0.0007	0.0000	0.9815
0.0000	0.0000	0.0000	0.0000	0.0000	0.0000	0.0000	0.0000	1.0000	0.0000	0.0000	0.0000
0.0000	0.5699	0.0007	0.0000	0.0000	0.3009	0.1225	0.0036	0.0000	0.0000	0.0000	0.0024
0.0000	0.0000	0.0000	0.0000	0.0000	0.0000	0.0000	0.0000	0.0000	1.0000	0.0000	0.0000
0.0000	0.0000	0.0000	0.0000	0.0000	0.0000	0.0000	0.0000	0.0000	1.0000	0.0000	0.0000
0.0000	0.9957	0.0000	0.0000	0.0000	0.0003	0.0033	0.0007	0.0000	0.0000	0.0000	0.0000
0.0000	0.7261	0.0026	0.0000	0.0000	0.1582	0.0831	0.0282	0.0000	0.0000	0.0000	0.0018
0.0000	0.0072	0.0000	0.0000	0.0000	0.0015	0.7336	0.0051	0.0000	0.0000	0.0000	0.2525
0.0834	0.0000	0.0000	0.0000	0.0000	0.0000	0.0013	0.0000	0.0000	0.0003	0.0000	0.9150
0.0003	0.0000	0.0000	0.0000	0.0000	0.0051	0.0266	0.0478	0.0000	0.9178	0.0000	0.0024
0.0000	0.0000	0.0000	0.0000	1.0000	0.0000	0.0000	0.0000	0.0000	0.0000	0.0000	0.0000
0.0000	0.0574	0.9301	0.0000	0.0000	0.0039	0.0014	0.0069	0.0000	0.0000	0.0000	0.0004
0.0000	0.0000	0.0000	0.0000	0.0000	0.0000	0.0003	0.0627	0.0000	0.0000	0.0000	0.9370
1.0000	0.0000	0.0000	0.0000	0.0000	0.0000	0.0000	0.0000	0.0000	0.0000	0.0000	0.0000
0.0000	0.0000	0.0000	0.0000	0.0000	0.0000	0.0908	0.8943	0.0000	0.0148	0.0000	0.0001
0.0000	0.0000	0.0001	0.0000	0.0000	0.0000	0.8095	0.1898	0.0000	0.0000	0.0000	0.0006
0.7666	0.0000	0.0000	0.0000	0.0000	0.0000	0.0000	0.0000	0.0000	0.0040	0.0469	0.1825
0.0000	0.4144	0.5042	0.0000	0.0000	0.0802	0.0004	0.0008	0.0000	0.0000	0.0000	0.0000
0.0000	0.0906	0.1003	0.0000	0.0000	0.8089	0.0001	0.0002	0.0000	0.0000	0.0000	0.0000
0.0000	0.0000	0.0093	0.0000	0.0000	0.0000	0.9896	0.0010	0.0000	0.0000	0.0000	0.0000
0.0000	0.9750	0.0000	0.0000	0.0000	0.0000	0.0036	0.0213	0.0000	0.0000	0.0000	0.0000
0.0000	0.0000	0.0000	0.0000	0.0000	0.0002	0.4730	0.5143	0.0000	0.0015	0.0108	0.0002
0.0000	0.0000	0.0000	0.0000	0.0000	0.0023	0.0000	0.0000	0.9977	0.0000	0.0000	0.0000
0.0000	0.0000	0.0000	0.0000	1.0000	0.0000	0.0000	0.0000	0.0000	0.0000	0.0000	0.0000
0.0000	0.0075	0.7028	0.0000	0.0000	0.2817	0.0027	0.0051	0.0000	0.0000	0.0000	0.0001
0.0000	0.7003	0.1296	0.0000	0.0000	0.1688	0.0009	0.0003	0.0000	0.0000	0.0000	0.0000
0.0008	0.0000	0.0000	0.0000	0.0000	0.0001	0.1276	0.8593	0.0000	0.0000	0.0081	0.0041
0.0000	0.0000	0.0000	0.0000	0.0000	0.0000	0.0039	0.0000	0.0000	0.0041	0.0002	0.9918
0.0000	0.0000	0.9814	0.0000	0.0000	0.0044	0.0139	0.0001	0.0000	0.0000	0.0000	0.0001
0.0000	0.0000	0.0000	0.0000	0.9995	0.0000	0.0000	0.0000	0.0000	0.0000	0.0005	0.0000
0.0000	0.0000	0.9342	0.0000	0.0000	0.0007	0.0618	0.0001	0.0000	0.0000	0.0000	0.0032
0.0519	0.0000	0.0000	0.0000	0.0000	0.9348	0.0099	0.0002	0.0000	0.0031	0.0000	0.0000
0.0004	0.0000	0.0004	0.0000	0.0000	0.0000	0.9830	0.0000	0.0000	0.0000	0.0000	0.0162
0.7833	0.0013	0.0000	0.0000	0.0000	0.2102	0.0012	0.0009	0.0000	0.0026	0.0001	0.0004
0.0000	0.5682	0.0000	0.0000	0.0000	0.3135	0.1075	0.0103	0.0000	0.0000	0.0000	0.0005
0.0000	0.0000	0.0000	0.0000	0.0000	0.0000	0.0000	0.0000	0.0000	0.0000	1.0000	0.0000
0.0000	0.0002	0.0000	0.0000	0.0000	0.0017	0.5190	0.4790	0.0000	0.0000	0.0000	0.0000
0.0000	0.0000	0.0000	0.0000	0.0000	0.0000	0.0351	0.9630	0.0000	0.0000	0.0019	0.0000
0.8850	0.0000	0.0000	0.0000	0.0000	0.0000	0.0000	0.0000	0.0014	0.1136	0.0000	0.0000
0.0000	0.0000	0.0000	0.0000	0.0000	0.0000	0.0000	0.0000	0.0000	0.9921	0.0074	0.0005
0.0000	0.0000	0.0000	0.0022	0.0000	0.0000	0.0000	0.0000	0.0000	0.9978	0.0000	0.0000
0.0000	0.0000	0.0000	0.0000	0.0000	0.0000	0.0210	0.0920	0.0000	0.0001	0.0000	0.8869
0.0000	0.0000	0.0000	0.0000	0.0000	0.0033	0.0001	0.0000	0.0000	0.0037	0.0000	0.9930
0.0000	0.0000	0.0000	0.0000	0.0000	0.0000	0.0000	0.0000	1.0000	0.0000	0.0000	0.0000
0.0000	0.0000	0.0000	0.0000	0.0000	0.0000	0.0000	0.0000	1.0000	0.0000	0.0000	0.0000
0.0000	0.0709	0.0000	0.0000	0.0000	0.3384	0.3854	0.1930	0.0000	0.0000	0.0000	0.0123
0.0000	0.0006	0.0000	0.0000	0.0000	0.4217	0.0093	0.5670	0.0000	0.0000	0.0000	0.0014
0.0000	0.0000	0.0000	0.0000	0.0000	0.0000	1.0000	0.0000	0.0000	0.0000	0.0000	0.0000
0.0000	0.0000	0.0000	0.0000	0.0000	0.0000	0.0000	0.0000	0.0000	0.0000	0.0000	1.0000
0.0000	0.0000	0.0000	0.0000	0.0000	0.0000	0.0000	0.0000	0.0000	0.0000	1.0000	0.0000
0.0000	0.0012	0.0000	0.0000	0.0000	0.9987	0.0000	0.0000	0.0000	0.0000	0.0000	0.0000
0.0000	0.0000	0.0000	0.0000	0.0000	0.0000	0.9861	0.0007	0.0000	0.0000	0.0000	0.0132
0.0000	0.0000	0.0000	0.0000	0.0000	0.0000	0.0000	0.0000	0.0000	0.0000	0.0000	1.0000
0.0000	0.0000	0.0000	0.0000	0.0000	0.0000	0.0000	0.0000	0.0000	0.0000	0.0000	1.0000
0.0000	0.0000	0.9996	0.0000	0.0000	0.0000	0.0000	0.0000	0.0004	0.0000	0.0000	0.0000
0.0000	0.0000	0.0001	0.0000	0.0000	0.0000	0.0000	0.0000	0.0000	0.0000	0.0000	0.9999
0.0000	0.0000	0.9758	0.0000	0.0000	0.0000	0.0004	0.0000	0.0001	0.0000	0.0000	0.0237
0.0000	0.0000	0.9999	0.0000	0.0000	0.0000	0.0000	0.0000	0.0000	0.0000	0.0000	0.0001
0.0000	0.0000	0.0000	0.0000	0.0000	0.0000	0.0000	0.0000	0.0000	0.0000	0.0000	1.0000
0.0000	0.0000	0.0000	0.0000	0.0000	0.0000	0.0000	0.0000	0.0000	0.0000	0.0000	1.0000
0.0000	0.0000	0.0000	0.0000	0.0000	0.0000	0.0000	0.0000	0.0000	0.0000	0.0000	1.0000
0.0000	0.0000	0.0000	0.0000	0.0000	0.0000	0.0000	0.0000	0.0000	0.0000	0.0000	1.0000
0.0000	0.0000	0.0000	0.0000	0.0000	0.0000	0.0000	0.0000	0.0000	0.0000	0.0000	1.0000
0.0000	0.0000	0.0000	0.0000	0.0000	0.0000	0.0000	0.0000	0.0000	0.0000	0.0000	1.0000
0.0000	0.0000	0.9996	0.0000	0.0000	0.0000	0.0000	0.0000	0.0004	0.0000	0.0000	0.0000
0.0000	0.0000	0.9997	0.0000	0.0000	0.0000	0.0000	0.0000	0.0003	0.0000	0.0000	0.0000
0.0000	0.0000	0.0026	0.0000	0.0000	0.0000	0.0000	0.0000	0.0000	0.0000	0.0000	0.9974
0.0000	0.0000	0.9941	0.0000	0.0000	0.0000	0.0000	0.0000	0.0004	0.0000	0.0000	0.0055
0.0000	0.0000	0.0253	0.0000	0.0000	0.0000	0.0000	0.0000	0.0000	0.0000	0.0000	0.9747
0.0000	0.0000	0.0000	0.0000	0.0000	0.0000	0.0000	0.0000	0.0000	0.0000	0.0000	1.0000
0.0000	0.0000	0.9976	0.0000	0.0000	0.0000	0.0000	0.0000	0.0000	0.0000	0.0000	0.0024
0.0000	0.0000	0.9994	0.0000	0.0000	0.0000	0.0000	0.0000	0.0001	0.0000	0.0000	0.0005
0.0000	0.0000	0.0000	0.0000	0.0000	0.0000	0.0000	0.0000	1.0000	0.0000	0.0000	0.0000
0.0000	0.0000	0.9561	0.0000	0.0000	0.0438	0.0000	0.0000	0.0000	0.0000	0.0000	0.0000
0.0000	0.0000	0.0681	0.0000	0.0000	0.0000	0.9319	0.0000	0.0000	0.0000	0.0000	0.0000
0.0000	0.0000	0.0000	0.0000	0.0000	0.0000	0.0000	0.0000	1.0000	0.0000	0.0000	0.0000
0.0000	0.0000	0.0000	0.0000	0.0000	0.0000	1.0000	0.0000	0.0000	0.0000	0.0000	0.0000
0.0000	0.0000	0.0000	0.0000	0.0000	0.0000	0.0000	0.0000	1.0000	0.0000	0.0000	0.0000
0.0000	0.0000	0.0000	0.0000	0.0000	0.0000	0.0000	0.0000	1.0000	0.0000	0.0000	0.0000
0.0000	0.0000	0.9984	0.0000	0.0000	0.0000	0.0016	0.0000	0.0000	0.0000	0.0000	0.0000
0.0000	0.0000	0.0000	0.0000	0.0000	0.0000	0.0000	0.0000	1.0000	0.0000	0.0000	0.0000
0.0000	0.0000	0.2993	0.0000	0.0000	0.1210	0.5797	0.0000	0.0000	0.0000	0.0000	0.0000
0.0000	0.0000	0.0000	0.0000	0.0000	0.0000	0.0000	0.0000	1.0000	0.0000	0.0000	0.0000
0.0000	0.0000	0.0000	0.0000	0.0000	0.0000	1.0000	0.0000	0.0000	0.0000	0.0000	0.0000
0.0000	0.0000	0.0000	0.0000	0.0000	0.0000	0.0103	0.0000	0.9897	0.0000	0.0000	0.0000
0.0000	0.0000	0.9718	0.0000	0.0000	0.0281	0.0002	0.0000	0.0000	0.0000	0.0000	0.0000
0.0000	0.0000	1.0000	0.0000	0.0000	0.0000	0.0000	0.0000	0.0000	0.0000	0.0000	0.0000
0.0000	0.0000	0.6635	0.0000	0.0000	0.2192	0.1173	0.0000	0.0000	0.0000	0.0000	0.0000
0.0000	0.0000	0.9994	0.0000	0.0000	0.0001	0.0005	0.0000	0.0000	0.0000	0.0000	0.0000
0.0000	0.0000	0.9863	0.0000	0.0000	0.0137	0.0001	0.0000	0.0000	0.0000	0.0000	0.0000
0.0000	0.0000	0.8655	0.0000	0.0000	0.0134	0.1210	0.0000	0.0001	0.0000	0.0000	0.0000
0.0000	0.0000	0.0000	0.0000	0.0000	0.0000	0.0000	0.0000	1.0000	0.0000	0.0000	0.0000
0.0000	0.0000	0.1236	0.0000	0.0000	0.0000	0.8764	0.0000	0.0000	0.0000	0.0000	0.0000
0.0000	0.0000	0.0000	0.0000	0.0000	0.0000	0.0000	0.0000	1.0000	0.0000	0.0000	0.0000
0.0000	0.0000	0.6246	0.0000	0.0000	0.0000	0.3754	0.0000	0.0000	0.0000	0.0000	0.0000
0.0000	0.0000	0.0000	0.0000	0.0000	0.0000	0.0000	0.0000	1.0000	0.0000	0.0000	0.0000
0.0000	0.0000	0.9961	0.0000	0.0000	0.0030	0.0008	0.0000	0.0000	0.0000	0.0000	0.0000
0.0000	0.0000	0.0000	0.0000	0.0000	0.0000	1.0000	0.0000	0.0000	0.0000	0.0000	0.0000
0.0000	0.0000	0.0000	0.0000	0.0000	0.0000	0.0000	0.0000	1.0000	0.0000	0.0000	0.0000
0.0000	0.0000	0.0000	0.0000	0.0000	0.0000	1.0000	0.0000	0.0000	0.0000	0.0000	0.0000
0.0000	0.0000	0.0000	0.0000	0.0000	0.0000	0.0000	0.0000	1.0000	0.0000	0.0000	0.0000
0.0000	0.0000	0.0032	0.0000	0.0000	0.1187	0.8781	0.0000	0.0000	0.0000	0.0000	0.0000
