0.0391	0.0000	0.0000	0.0000	0.0000	0.0001	0.0513	0.7444	0.0000	0.0198	0.0270	0.1183
0.0000	0.0000	0.0000	0.0000	0.0000	0.0000	0.0000	0.0000	1.0000	0.0000	0.0000	0.0000
0.0018	0.0000	0.0000	0.0000	0.0000	0.0000	0.0000	0.0000	0.9970	0.0010	0.0002	0.0000
0.0000	0.0000	0.0000	0.0000	0.0000	0.0000	0.3043	0.6954	0.0000	0.0000	0.0000	0.0002
0.0000	0.0000	0.0000	0.0000	0.0000	0.0000	0.1861	0.6747	0.0000	0.0000	0.1267	0.0124
0.0000	0.0000	0.0000	0.0000	0.0000	0.0000	0.0000	0.0000	0.0000	1.0000	0.0000	0.0000
0.0000	0.0000	0.0000	0.0000	0.0000	0.0000	0.0000	0.0000	0.0000	0.9096	0.0000	0.0904
0.0000	0.0000	0.0000	0.0000	0.0000	0.0000	0.3659	0.2917	0.0000	0.0035	0.0033	0.3356
0.0000	0.0000	0.0000	0.0000	0.0000	0.0000	0.0000	1.0000	0.0000	0.0000	0.0000	0.0000
1.0000	0.0000	0.0000	0.0000	0.0000	0.0000	0.0000	0.0000	0.0000	0.0000	0.0000	0.0000
0.0000	0.0000	0.0001	0.0000	0.0000	0.0004	0.5767	0.0331	0.0000	0.0000	0.0000	0.3897
0.0000	0.0000	0.0000	0.0000	0.0000	0.0000	0.0000	0.0000	0.0000	1.0000	0.0000	0.0000
0.0000	0.0618	0.9139	0.0000	0.0000	0.0235	0.0005	0.0002	0.0000	0.0000	0.0000	0.0000
0.9395	0.0000	0.0068	0.0000	0.0000	0.0003	0.0158	0.0080	0.0000	0.0290	0.0000	0.0005
0.0000	0.0000	0.0000	0.0000	0.0000	0.0000	0.0000	0.0000	1.0000	0.0000	0.0000	0.0000
0.0000	0.0000	0.0000	0.0000	0.0000	0.0007	0.9828	0.0116	0.0000	0.0001	0.0000	0.0048
0.0000	0.0000	0.0000	0.0000	0.0000	0.0035	0.9151	0.0712	0.0000	0.0001	0.0000	0.0102
0.0000	0.9244	0.0738	0.0000	0.0000	0.0004	0.0011	0.0003	0.0000	0.0000	0.0000	0.0000
0.0000	0.0072	0.2520	0.0000	0.0000	0.7338	0.0058	0.0010	0.0000	0.0000	0.0000	0.0001
0.0000	0.0000	0.0000	0.0000	0.0000	0.0000	0.0000	0.0000	0.9996	0.0004	0.0000	0.0000
0.0000	0.0000	0.0000	0.0000	0.9996	0.0000	0.0000	0.0000	0.0000	0.0004	0.0000	0.0000
0.0000	0.0001	0.0000	0.0000	0.0000	0.0001	0.9630	0.0181	0.0000	0.0000	0.0000	0.0187
0.0000	0.0137	0.0800	0.0000	0.0000	0.0179	0.5630	0.2997	0.0000	0.0000	0.0000	0.0257
0.0000	0.0000	0.0000	0.0000	0.0000	0.0000	0.0000	0.0000	0.0000	1.0000	0.0000	0.0000
0.0000	0.0000	0.0000	0.0000	0.0000	0.9986	0.0000	0.0000	0.0000	0.0014	0.0000	0.0000
0.0000	0.0000	0.0000	0.0000	0.0000	0.0011	0.0124	0.0004	0.0000	0.0026	0.0000	0.9835
0.0000	0.0398	0.0000	0.0000	0.0000	0.6803	0.0496	0.1326	0.0000	0.0000	0.0000	0.0976
0.0000	0.0000	0.0000	0.0000	0.0000	0.0000	0.0000	0.0000	0.9997	0.0003	0.0000	0.0000
0.0000	0.0000	0.0000	0.0001	0.0002	0.0000	0.0000	0.0000	0.0000	0.0074	0.9924	0.0000
0.0000	0.0000	0.0000	0.0000	0.0000	1.0000	0.0000	0.0000	0.0000	0.0000	0.0000	0.0000
0.0000	0.0000	0.0000	0.0000	0.0000	0.0000	0.0001	0.9998	0.0000	0.0000	0.0000	0.0001
0.0000	0.0000	0.0000	0.0029	0.0000	0.0695	0.0015	0.7568	0.0000	0.0001	0.0000	0.1692
0.0000	0.0000	0.0000	0.0000	0.0000	0.0000	0.0000	0.0000	1.0000	0.0000	0.0000	0.0000
0.0000	0.0897	0.0561	0.0000	0.0000	0.8146	0.0359	0.0036	0.0000	0.0000	0.0000	0.0001
0.0000	0.0000	0.0000	0.8358	0.0000	0.0000	0.0000	0.0000	0.0001	0.1640	0.0000	0.0001
0.0000	0.0000	0.0000	0.0000	0.0000	0.0000	0.0000	0.0000	0.0000	0.9999	0.0000	0.0001
0.0000	0.9650	0.0030	0.0000	0.0000	0.0027	0.0239	0.0054	0.0000	0.0000	0.0000	0.0000
0.0000	0.7398	0.0706	0.0000	0.0000	0.1797	0.0045	0.0054	0.0000	0.0000	0.0000	0.0000
0.0000	0.0877	0.0000	0.0000	0.0000	0.0007	0.8699	0.0400	0.0000	0.0000	0.0000	0.0018
0.9326	0.0000	0.0000	0.0000	0.0000	0.0000	0.0000	0.0000	0.0674	0.0000	0.0000	0.0000
0.0005	0.0000	0.0000	0.0000	0.0000	0.0002	0.0290	0.0059	0.0000	0.9392	0.0000	0.0251
0.0000	0.0000	0.0000	0.0000	1.0000	0.0000	0.0000	0.0000	0.0000	0.0000	0.0000	0.0000
0.0000	0.0756	0.8528	0.0000	0.0000	0.0287	0.0107	0.0303	0.0000	0.0000	0.0000	0.0019
0.0000	0.0000	0.0000	0.0000	0.0000	0.0000	0.0004	0.7946	0.0000	0.0000	0.0001	0.2050
1.0000	0.0000	0.0000	0.0000	0.0000	0.0000	0.0000	0.0000	0.0000	0.0000	0.0000	0.0000
0.0000	0.0000	0.0001	0.0000	0.0000	0.0000	0.8696	0.0342	0.0000	0.0002	0.0000	0.0960
0.0000	0.0000	0.0011	0.0000	0.0000	0.0000	0.5086	0.4795	0.0000	0.0000	0.0000	0.0108
0.2765	0.0000	0.0000	0.0000	0.0000	0.0000	0.0000	0.0000	0.0000	0.0017	0.0007	0.7211
0.0000	0.0392	0.8981	0.0000	0.0000	0.0620	0.0004	0.0004	0.0000	0.0000	0.0000	0.0000
0.0000	0.0799	0.1931	0.0000	0.0000	0.7262	0.0003	0.0005	0.0000	0.0000	0.0000	0.0000
0.0000	0.0000	0.0494	0.0007	0.0000	0.0000	0.8219	0.0141	0.0000	0.0280	0.0000	0.0859
0.0003	0.0000	0.0000	0.0000	0.0000	0.0000	0.0241	0.9753	0.0000	0.0000	0.0000	0.0003
0.0437	0.0000	0.0000	0.0000	0.0000	0.0329	0.7843	0.1290	0.0000	0.0006	0.0001	0.0093
0.0000	0.0000	0.0000	0.0000	0.0000	0.0000	0.0000	0.0000	1.0000	0.0000	0.0000	0.0000
0.0000	0.0000	0.0000	0.0000	1.0000	0.0000	0.0000	0.0000	0.0000	0.0000	0.0000	0.0000
0.0000	0.0039	0.9436	0.0000	0.0000	0.0502	0.0009	0.0014	0.0000	0.0000	0.0000	0.0000
0.0000	0.0041	0.8042	0.0000	0.0000	0.1905	0.0007	0.0005	0.0000	0.0000	0.0000	0.0000
0.1987	0.0000	0.0000	0.0000	0.0000	0.0000	0.1283	0.6699	0.0000	0.0000	0.0024	0.0008
0.0000	0.0000	0.0000	0.0000	0.0000	0.0000	0.0040	0.0000	0.0000	0.0000	0.0001	0.9959
0.0000	0.3316	0.4626	0.0000	0.0000	0.1363	0.0670	0.0020	0.0000	0.0000	0.0000	0.0005
0.0000	0.0000	0.0000	0.0000	0.9629	0.0000	0.0000	0.0000	0.0000	0.0371	0.0000	0.0000
0.0000	0.0116	0.1675	0.0000	0.0000	0.1988	0.6131	0.0022	0.0000	0.0000	0.0000	0.0068
0.0000	0.0000	0.0000	0.0000	0.0000	0.9989	0.0003	0.0003	0.0000	0.0006	0.0000	0.0000
0.0000	0.0001	0.0000	0.0000	0.0000	0.0000	0.9261	0.0001	0.0000	0.0000	0.0000	0.0738
0.9731	0.0000	0.0005	0.0000	0.0000	0.0048	0.0000	0.0000	0.0000	0.0216	0.0000	0.0000
0.0000	0.4906	0.0041	0.0000	0.0000	0.3307	0.1305	0.0398	0.0000	0.0001	0.0000	0.0042
0.0000	0.0000	0.0000	0.0696	0.0000	0.0000	0.0000	0.0000	0.0000	0.0000	0.9302	0.0002
0.0000	0.6306	0.0000	0.0000	0.0000	0.0002	0.2970	0.0717	0.0000	0.0001	0.0000	0.0003
0.0000	0.0000	0.0000	0.0000	0.0000	0.0000	0.0005	0.9876	0.0000	0.0000	0.0005	0.0114
0.1316	0.0000	0.0000	0.0000	0.0000	0.0000	0.0000	0.0000	0.8682	0.0002	0.0000	0.0000
0.0000	0.0000	0.0000	0.0000	0.0000	0.0000	0.0000	0.0000	0.0000	0.6984	0.2981	0.0035
0.0000	0.0000	0.0000	0.9449	0.0000	0.0004	0.0000	0.0000	0.0524	0.0023	0.0000	0.0000
0.0000	0.0009	0.0000	0.0000	0.0000	0.0000	0.0949	0.5721	0.0000	0.0000	0.0000	0.3321
0.0000	0.0000	0.0000	0.0000	0.0000	0.0249	0.0048	0.0066	0.0000	0.0041	0.0000	0.9596
0.0000	0.0000	0.0000	0.0000	0.0000	0.0000	0.0000	0.0000	1.0000	0.0000	0.0000	0.0000
0.0000	0.0000	0.0000	0.0000	0.0000	0.0000	0.0000	0.0000	1.0000	0.0000	0.0000	0.0000
0.0000	0.8398	0.0001	0.0000	0.0000	0.0196	0.1029	0.0372	0.0000	0.0000	0.0000	0.0004
0.0000	0.0039	0.0000	0.0000	0.0000	0.0150	0.1329	0.5574	0.0000	0.0000	0.0000	0.2908
0.2394	0.0000	0.0000	0.0000	0.0000	0.0000	0.7412	0.0018	0.0000	0.0000	0.0000	0.0175
0.0000	0.0000	0.0000	0.0000	0.0000	0.0000	0.0000	0.0000	0.0000	0.0003	0.0000	0.9997
0.0000	0.0000	0.0000	0.0000	0.0000	0.0000	0.0000	0.0000	0.2682	0.0000	0.7318	0.0000
0.0000	0.1090	0.1684	0.0000	0.0000	0.7217	0.0005	0.0004	0.0000	0.0000	0.0000	0.0000
0.0000	0.0019	0.0000	0.0000	0.0000	0.0000	0.9595	0.0379	0.0000	0.0000	0.0000	0.0007
0.0000	0.0000	0.0000	0.0000	0.0000	0.0000	0.0000	0.0000	0.0000	0.0000	0.0000	1.0000
0.0000	0.0000	0.0000	0.0000	0.0000	0.0000	0.0000	0.0000	0.0000	0.0000	0.0000	1.0000
0.0000	0.0000	1.0000	0.0000	0.0000	0.0000	0.0000	0.0000	0.0000	0.0000	0.0000	0.0000
0.0000	0.0000	0.0000	0.0000	0.0000	0.0000	0.0000	0.0000	0.0000	0.0000	0.0000	0.9999
0.2105	0.0000	0.6106	0.0000	0.0000	0.0000	0.0000	0.0000	0.0000	0.0027	0.0000	0.1763
0.0000	0.0000	0.9967	0.0000	0.0000	0.0000	0.0000	0.0000	0.0000	0.0027	0.0000	0.0006
0.0000	0.0000	0.0001	0.0000	0.0000	0.0000	0.0046	0.0000	0.0000	0.0000	0.0000	0.9952
0.0000	0.0000	0.0000	0.0000	0.0000	0.0000	0.0000	0.0000	0.0000	0.0000	0.0000	1.0000
0.0000	0.0000	0.0000	0.0000	0.0000	0.0000	0.0000	0.0000	0.0000	0.0000	0.0000	1.0000
0.0000	0.0000	0.0000	0.0000	0.0000	0.0000	0.0000	0.0000	0.0000	0.0000	0.0000	1.0000
0.0000	0.0000	0.0000	0.0000	0.0000	0.0000	0.0000	0.0000	0.0000	0.0000	0.0000	1.0000
0.0000	0.0000	0.0000	0.0000	0.0000	0.0000	0.0000	0.0000	0.0000	0.0000	0.0000	1.0000
0.0000	0.0000	1.0000	0.0000	0.0000	0.0000	0.0000	0.0000	0.0000	0.0000	0.0000	0.0000
0.0000	0.0000	1.0000	0.0000	0.0000	0.0000	0.0000	0.0000	0.0000	0.0000	0.0000	0.0000
0.0030	0.0000	0.0000	0.0000	0.0000	0.0000	0.0000	0.0000	0.0000	0.0001	0.0000	0.9969
0.0040	0.0000	0.9508	0.0000	0.0000	0.0000	0.0000	0.0000	0.0000	0.0000	0.0000	0.0451
0.0121	0.0000	0.0356	0.0000	0.0000	0.0000	0.0000	0.0000	0.0000	0.0000	0.0000	0.9523
0.0000	0.0000	0.0000	0.0000	0.0000	0.0000	0.0000	0.0000	0.0000	0.0000	0.0000	1.0000
0.0001	0.0000	0.9992	0.0000	0.0000	0.0000	0.0000	0.0000	0.0000	0.0000	0.0000	0.0008
0.0029	0.0000	0.9969	0.0000	0.0000	0.0000	0.0000	0.0000	0.0000	0.0000	0.0000	0.0002
0.0000	0.0000	0.0000	0.0000	0.0000	0.0000	0.0000	0.0000	1.0000	0.0000	0.0000	0.0000
0.0000	0.0000	1.0000	0.0000	0.0000	0.0000	0.0000	0.0000	0.0000	0.0000	0.0000	0.0000
0.0000	0.0000	0.0001	0.0000	0.0000	0.0001	0.9998	0.0000	0.0000	0.0000	0.0000	0.0000
0.0000	0.0000	0.0000	0.0000	0.0000	0.0000	0.0000	0.0000	1.0000	0.0000	0.0000	0.0000
0.0000	0.0000	0.0000	0.0000	0.0000	0.0000	1.0000	0.0000	0.0000	0.0000	0.0000	0.0000
0.0000	0.0000	0.0000	0.0000	0.0000	0.0000	0.0000	0.0000	1.0000	0.0000	0.0000	0.0000
0.0000	0.0000	0.0000	0.0000	0.0000	0.0000	0.0000	0.0000	1.0000	0.0000	0.0000	0.0000
0.0000	0.0000	1.0000	0.0000	0.0000	0.0000	0.0000	0.0000	0.0000	0.0000	0.0000	0.0000
0.0000	0.0000	0.0000	0.0000	0.0000	0.0000	0.0000	0.0000	1.0000	0.0000	0.0000	0.0000
0.0000	0.0000	0.0368	0.0000	0.0000	0.0168	0.9465	0.0000	0.0000	0.0000	0.0000	0.0000
0.0000	0.0000	0.0000	0.0000	0.0000	0.0000	0.0000	0.0000	1.0000	0.0000	0.0000	0.0000
0.0000	0.0000	0.0000	0.0000	0.0000	0.0000	0.9998	0.0000	0.0002	0.0000	0.0000	0.0000
0.0000	0.0000	0.0000	0.0000	0.0000	0.0000	0.3939	0.0000	0.6051	0.0000	0.0000	0.0009
0.0000	0.0000	0.9995	0.0000	0.0000	0.0004	0.0001	0.0000	0.0000	0.0000	0.0000	0.0000
0.0000	0.0000	0.0000	0.0000	0.0000	0.0000	0.0000	0.0000	1.0000	0.0000	0.0000	0.0000
0.0000	0.0000	0.2193	0.0000	0.0000	0.0513	0.7294	0.0000	0.0000	0.0000	0.0000	0.0000
0.0000	0.0000	0.9992	0.0000	0.0000	0.0000	0.0008	0.0000	0.0000	0.0000	0.0000	0.0000
0.0000	0.0000	1.0000	0.0000	0.0000	0.0000	0.0000	0.0000	0.0000	0.0000	0.0000	0.0000
0.0000	0.0000	0.8437	0.0000	0.0000	0.0027	0.1536	0.0000	0.0000	0.0000	0.0000	0.0000
0.0000	0.0000	0.0000	0.0000	0.0000	0.0000	0.0000	0.0000	1.0000	0.0000	0.0000	0.0000
0.0000	0.0000	0.0009	0.0000	0.0000	0.0000	0.9991	0.0000	0.0000	0.0000	0.0000	0.0000
0.0000	0.0000	0.0000	0.0000	0.0000	0.0000	0.0000	0.0000	1.0000	0.0000	0.0000	0.0000
0.0000	0.0000	0.5391	0.0000	0.0000	0.0000	0.3984	0.0000	0.0000	0.0000	0.0001	0.0624
0.0000	0.0000	0.0000	0.0000	0.0000	0.0000	0.0000	0.0000	1.0000	0.0000	0.0000	0.0000
0.0000	0.0000	0.9999	0.0000	0.0000	0.0000	0.0000	0.0000	0.0000	0.0000	0.0000	0.0000
0.0000	0.0000	0.0000	0.0000	0.0000	0.0000	0.9999	0.0000	0.0000	0.0000	0.0000	0.0001
0.0000	0.0000	0.0000	0.0000	0.0000	0.0000	0.0000	0.0000	1.0000	0.0000	0.0000	0.0000
0.0000	0.0000	0.0000	0.0000	0.0000	0.0000	1.0000	0.0000	0.0000	0.0000	0.0000	0.0000
0.0000	0.0000	0.0000	0.0000	0.0000	0.0000	0.0000	0.0000	1.0000	0.0000	0.0000	0.0000
0.0000	0.0000	0.0000	0.0000	0.0000	0.2254	0.7746	0.0000	0.0000	0.0000	0.0000	0.0000
