0.9981	0.0000	0.0000	0.0000	0.0000	0.0000	0.0000	0.0003	0.0000	0.0013	0.0003	0.0000
0.0000	0.0000	0.0000	0.0000	0.0000	0.0000	0.0000	0.0000	1.0000	0.0000	0.0000	0.0000
0.0000	0.0000	0.0000	0.0000	0.0000	0.0000	0.0000	0.0000	1.0000	0.0000	0.0000	0.0000
0.0000	0.0000	0.0000	0.0000	0.0000	0.0000	0.0268	0.9729	0.0000	0.0000	0.0000	0.0002
0.0000	0.0000	0.0000	0.0000	0.0000	0.0000	0.0006	0.0001	0.0000	0.0000	0.9923	0.0070
0.0000	0.0000	0.0000	0.0000	0.0000	0.0000	0.0000	0.0000	0.0000	1.0000	0.0000	0.0000
0.0002	0.0000	0.0000	0.0000	0.0000	0.0000	0.0000	0.0000	0.0000	0.9990	0.0000	0.0007
0.0000	0.0000	0.0000	0.0000	0.0000	0.0000	0.2080	0.1411	0.0000	0.1177	0.1420	0.3911
0.0000	0.0000	0.0000	0.0000	0.0000	0.0000	0.0001	0.8434	0.0000	0.0000	0.1035	0.0529
1.0000	0.0000	0.0000	0.0000	0.0000	0.0000	0.0000	0.0000	0.0000	0.0000	0.0000	0.0000
0.0000	0.0000	0.0000	0.0000	0.0000	0.0000	0.4757	0.0237	0.0000	0.0002	0.0000	0.5004
0.0000	0.0000	0.0000	0.0000	0.0000	0.0000	0.0000	0.0000	0.0000	1.0000	0.0000	0.0000
0.0000	0.0524	0.8168	0.0000	0.0000	0.1051	0.0050	0.0206	0.0000	0.0000	0.0000	0.0001
0.7104	0.0002	0.0092	0.0000	0.0000	0.0041	0.0311	0.0910	0.0000	0.1417	0.0003	0.0120
0.0000	0.0000	0.0000	0.0000	0.0000	0.0000	0.0000	0.0000	1.0000	0.0000	0.0000	0.0000
0.0000	0.0000	0.0000	0.0000	0.0000	0.0038	0.8338	0.1564	0.0000	0.0032	0.0000	0.0028
0.0000	0.0000	0.0000	0.0000	0.0000	0.0027	0.9045	0.0250	0.0000	0.0015	0.0000	0.0663
0.0000	0.9565	0.0435	0.0000	0.0000	0.0000	0.0000	0.0000	0.0000	0.0000	0.0000	0.0000
0.0000	0.0012	0.8936	0.0000	0.0000	0.0677	0.0316	0.0044	0.0000	0.0000	0.0000	0.0015
0.0000	0.0000	0.0000	0.0000	0.0000	0.0000	0.0000	0.0000	1.0000	0.0000	0.0000	0.0000
0.0000	0.0000	0.0000	0.0000	0.5892	0.0000	0.0000	0.0000	0.0000	0.0000	0.4108	0.0000
0.0000	0.0000	0.0003	0.0000	0.0000	0.0001	0.5200	0.0746	0.0000	0.0044	0.0002	0.4003
0.0000	0.0005	0.0588	0.0000	0.0000	0.0315	0.2255	0.5818	0.0000	0.0001	0.0000	0.1019
0.0000	0.0000	0.0000	0.0000	0.0000	0.0000	0.0000	0.0000	0.0000	0.9876	0.0113	0.0012
0.0017	0.0000	0.0000	0.0000	0.0000	0.9977	0.0000	0.0003	0.0000	0.0003	0.0000	0.0000
0.0000	0.0000	0.0000	0.0000	0.0000	0.2022	0.1698	0.0000	0.0000	0.0910	0.0000	0.5370
0.0000	0.0002	0.0000	0.0000	0.0000	0.6855	0.1245	0.1421	0.0000	0.0000	0.0000	0.0477
0.0000	0.0000	0.0000	0.0000	0.0000	0.0000	0.0000	0.0000	0.0005	0.9992	0.0000	0.0003
0.0000	0.0000	0.0000	0.0005	0.0000	0.0000	0.0000	0.0000	0.0000	0.0000	0.9995	0.0000
0.0000	0.0000	0.0000	0.0000	0.0000	0.9999	0.0001	0.0000	0.0000	0.0000	0.0000	0.0000
0.0000	0.0000	0.0000	0.0000	0.0000	0.0000	0.0013	0.9974	0.0000	0.0000	0.0009	0.0004
0.0000	0.0000	0.0000	0.0025	0.0000	0.3386	0.0285	0.4044	0.0000	0.0013	0.0000	0.2247
0.0000	0.0000	0.0000	0.0000	0.0000	0.0000	0.0000	0.0000	1.0000	0.0000	0.0000	0.0000
0.0000	0.0094	0.0030	0.0001	0.0000	0.6550	0.3164	0.0127	0.0000	0.0000	0.0000	0.0035
0.0000	0.0000	0.0000	0.0000	0.0000	0.0000	0.0000	0.0000	0.0000	1.0000	0.0000	0.0000
0.0000	0.0000	0.0000	0.0000	0.0000	0.0000	0.0000	0.0000	0.0000	1.0000	0.0000	0.0000
0.0000	0.8656	0.0000	0.0000	0.0000	0.0031	0.0539	0.0774	0.0000	0.0000	0.0000	0.0000
0.0000	0.4084	0.0032	0.0000	0.0000	0.3181	0.0902	0.1786	0.0000	0.0000	0.0000	0.0014
0.0000	0.0024	0.0000	0.0000	0.0000	0.0012	0.9642	0.0174	0.0000	0.0000	0.0000	0.0148
1.0000	0.0000	0.0000	0.0000	0.0000	0.0000	0.0000	0.0000	0.0000	0.0000	0.0000	0.0000
0.0306	0.0000	0.0000	0.0000	0.0000	0.0005	0.0630	0.0504	0.0000	0.8441	0.0000	0.0114
0.0000	0.0000	0.0000	0.0000	1.0000	0.0000	0.0000	0.0000	0.0000	0.0000	0.0000	0.0000
0.0000	0.0191	0.8283	0.0000	0.0000	0.0286	0.0110	0.1108	0.0000	0.0000	0.0000	0.0022
0.0000	0.0000	0.0000	0.0000	0.0000	0.0000	0.0004	0.1178	0.0000	0.0000	0.0101	0.8717
1.0000	0.0000	0.0000	0.0000	0.0000	0.0000	0.0000	0.0000	0.0000	0.0000	0.0000	0.0000
0.0000	0.0000	0.0001	0.0000	0.0000	0.0001	0.0003	0.9083	0.0000	0.0910	0.0000	0.0003
0.0000	0.0000	0.0000	0.0000	0.0000	0.0000	0.1632	0.8356	0.0000	0.0000	0.0000	0.0012
0.2852	0.0000	0.0000	0.0000	0.0000	0.0000	0.0000	0.0000	0.0000	0.0276	0.2598	0.4274
0.0000	0.0477	0.8209	0.0000	0.0000	0.0947	0.0033	0.0334	0.0000	0.0000	0.0000	0.0000
0.0000	0.0213	0.1594	0.0000	0.0000	0.8024	0.0033	0.0135	0.0000	0.0000	0.0000	0.0000
0.0000	0.0000	0.5567	0.0000	0.0000	0.0000	0.2345	0.0140	0.0000	0.0260	0.0000	0.1689
0.0003	0.0024	0.0000	0.0000	0.0000	0.0000	0.0025	0.1047	0.0000	0.0000	0.8901	0.0001
0.0001	0.0000	0.0000	0.0000	0.0000	0.0013	0.8891	0.0687	0.0000	0.0201	0.0175	0.0032
0.0000	0.0000	0.0000	0.0000	0.0000	0.0000	0.0000	0.0000	1.0000	0.0000	0.0000	0.0000
0.0000	0.0000	0.0000	0.0000	1.0000	0.0000	0.0000	0.0000	0.0000	0.0000	0.0000	0.0000
0.0000	0.0117	0.7769	0.0000	0.0000	0.1404	0.0150	0.0557	0.0000	0.0000	0.0000	0.0003
0.0000	0.0066	0.9441	0.0000	0.0000	0.0362	0.0027	0.0103	0.0000	0.0000	0.0000	0.0001
0.0121	0.0002	0.0000	0.0000	0.0000	0.0000	0.0674	0.7495	0.0000	0.0010	0.1561	0.0137
0.0000	0.0000	0.0000	0.0000	0.0000	0.0000	0.0000	0.0000	0.0000	0.1087	0.0000	0.8913
0.0000	0.0081	0.9280	0.0000	0.0000	0.0193	0.0416	0.0027	0.0000	0.0000	0.0000	0.0004
0.0000	0.0000	0.0000	0.0000	0.9985	0.0000	0.0000	0.0000	0.0000	0.0000	0.0015	0.0000
0.0000	0.0001	0.8543	0.0000	0.0000	0.0108	0.1210	0.0011	0.0000	0.0000	0.0000	0.0128
0.0007	0.0000	0.0000	0.0000	0.0000	0.9386	0.0340	0.0204	0.0000	0.0062	0.0000	0.0000
0.0000	0.0000	0.0001	0.0000	0.0000	0.0000	0.9582	0.0000	0.0000	0.0001	0.0000	0.0417
0.6125	0.0000	0.2600	0.0000	0.0000	0.0946	0.0115	0.0004	0.0000	0.0145	0.0000	0.0066
0.0000	0.1335	0.0000	0.0000	0.0000	0.1216	0.7154	0.0281	0.0000	0.0000	0.0000	0.0014
0.0000	0.0000	0.0000	0.0000	0.0000	0.0000	0.0000	0.0000	0.0000	0.0000	1.0000	0.0000
0.0007	0.0224	0.0000	0.0000	0.0000	0.0098	0.2001	0.7669	0.0000	0.0000	0.0000	0.0000
0.0000	0.0000	0.0000	0.0000	0.0000	0.0000	0.0027	0.4944	0.0000	0.0000	0.0000	0.5030
0.9564	0.0000	0.0000	0.0000	0.0000	0.0000	0.0000	0.0000	0.0188	0.0247	0.0001	0.0000
0.0000	0.0000	0.0000	0.0000	0.0000	0.0000	0.0000	0.0000	0.0000	0.7183	0.2815	0.0002
0.0000	0.0000	0.0000	0.0045	0.0000	0.0001	0.0000	0.0000	0.0000	0.9955	0.0000	0.0000
0.0000	0.0000	0.0000	0.0000	0.0000	0.0000	0.0377	0.4209	0.0000	0.0000	0.0000	0.5415
0.0000	0.0000	0.0000	0.0000	0.0000	0.0088	0.0015	0.0000	0.0000	0.0093	0.0000	0.9804
0.0000	0.0000	0.0000	0.0000	0.0000	0.0000	0.0000	0.0000	1.0000	0.0000	0.0000	0.0000
0.0000	0.0000	0.0000	0.0000	0.0000	0.0000	0.0000	0.0000	1.0000	0.0000	0.0000	0.0000
0.0000	0.1755	0.0000	0.0000	0.0000	0.5054	0.1452	0.1548	0.0000	0.0000	0.0000	0.0190
0.0000	0.0000	0.0000	0.0000	0.0000	0.8092	0.0011	0.0287	0.0000	0.0000	0.0000	0.1610
0.0000	0.0199	0.0000	0.0000	0.0000	0.0000	0.9777	0.0000	0.0000	0.0000	0.0000	0.0025
0.0000	0.0000	0.0000	0.0000	0.0000	0.0000	0.0000	0.0000	0.0000	0.0000	0.0000	1.0000
0.0000	0.0000	0.0000	0.0000	0.0000	0.0000	0.0000	0.0000	0.0000	0.0000	1.0000	0.0000
0.0000	0.0299	0.0547	0.0000	0.0000	0.9074	0.0032	0.0045	0.0000	0.0000	0.0000	0.0002
0.0000	0.0000	0.0000	0.0000	0.0000	0.0000	0.9898	0.0097	0.0000	0.0000	0.0000	0.0004
0.0000	0.0000	0.0000	0.0000	0.0000	0.0000	0.0000	0.0000	0.0000	0.0000	0.0000	1.0000
0.0000	0.0000	0.0000	0.0000	0.0000	0.0000	0.0000	0.0000	0.0000	0.0000	0.0000	1.0000
0.0004	0.0000	0.9292	0.0000	0.0000	0.0703	0.0000	0.0000	0.0001	0.0000	0.0000	0.0000
0.0000	0.0000	0.0000	0.0000	0.0000	0.0000	0.0004	0.0000	0.0000	0.0000	0.0000	0.9996
0.0162	0.0000	0.1610	0.0000	0.0000	0.0000	0.0011	0.0000	0.0021	0.0188	0.0000	0.8008
0.0000	0.0000	0.9998	0.0000	0.0000	0.0000	0.0000	0.0000	0.0000	0.0000	0.0000	0.0001
0.0000	0.0000	0.0000	0.0000	0.0000	0.0000	0.0000	0.0000	0.0000	0.0000	0.0000	1.0000
0.0000	0.0000	0.0000	0.0000	0.0000	0.0000	0.0000	0.0000	0.0000	0.0000	0.0000	1.0000
0.0000	0.0000	0.0000	0.0000	0.0000	0.0000	0.0000	0.0000	0.0000	0.0000	0.0000	1.0000
0.0000	0.0000	0.0000	0.0000	0.0000	0.0000	0.0000	0.0000	0.0000	0.0000	0.0000	1.0000
0.0000	0.0000	0.0000	0.0000	0.0000	0.0000	0.0000	0.0000	0.0000	0.0000	0.0000	1.0000
0.0000	0.0000	0.0000	0.0000	0.0000	0.0000	0.0000	0.0000	0.0000	0.0000	0.0000	1.0000
0.0003	0.0000	0.9795	0.0000	0.0000	0.0201	0.0000	0.0000	0.0001	0.0000	0.0000	0.0000
0.0004	0.0000	0.9635	0.0000	0.0000	0.0359	0.0000	0.0000	0.0001	0.0000	0.0000	0.0000
0.0000	0.0000	0.0000	0.0000	0.0000	0.0000	0.0000	0.0000	0.0000	0.0000	0.0000	1.0000
0.0000	0.0000	0.9988	0.0000	0.0000	0.0000	0.0000	0.0000	0.0000	0.0000	0.0000	0.0012
0.0000	0.0000	0.6605	0.0000	0.0000	0.0000	0.0000	0.0000	0.0000	0.0000	0.0000	0.3395
0.0000	0.0000	0.0000	0.0000	0.0000	0.0000	0.0000	0.0000	0.0000	0.0000	0.0001	0.9999
0.0000	0.0000	0.9881	0.0000	0.0000	0.0000	0.0000	0.0000	0.0000	0.0000	0.0000	0.0119
0.0006	0.0000	0.9907	0.0000	0.0000	0.0000	0.0000	0.0000	0.0002	0.0001	0.0000	0.0084
0.0000	0.0000	0.0000	0.0000	0.0000	0.0000	0.0000	0.0000	1.0000	0.0000	0.0000	0.0000
0.0000	0.0000	0.9969	0.0000	0.0000	0.0020	0.0011	0.0000	0.0000	0.0000	0.0000	0.0000
0.0000	0.0000	0.0000	0.0000	0.0000	0.0000	1.0000	0.0000	0.0000	0.0000	0.0000	0.0000
0.0000	0.0000	0.0000	0.0000	0.0000	0.0000	0.0000	0.0000	1.0000	0.0000	0.0000	0.0000
0.0000	0.0000	0.0000	0.0000	0.0000	0.0000	1.0000	0.0000	0.0000	0.0000	0.0000	0.0000
0.0000	0.0000	0.0000	0.0000	0.0000	0.0000	0.0000	0.0000	1.0000	0.0000	0.0000	0.0000
0.0000	0.0000	0.0000	0.0000	0.0000	0.0000	0.0000	0.0000	1.0000	0.0000	0.0000	0.0000
0.0000	0.0000	0.9924	0.0000	0.0000	0.0000	0.0076	0.0000	0.0000	0.0000	0.0000	0.0000
0.0000	0.0000	0.0000	0.0000	0.0000	0.0000	0.0000	0.0000	1.0000	0.0000	0.0000	0.0000
0.0000	0.0000	0.0008	0.0000	0.0000	0.0024	0.9969	0.0000	0.0000	0.0000	0.0000	0.0000
0.0000	0.0000	0.0000	0.0000	0.0000	0.0000	0.0000	0.0000	1.0000	0.0000	0.0000	0.0000
0.0000	0.0000	0.0000	0.0000	0.0000	0.0000	1.0000	0.0000	0.0000	0.0000	0.0000	0.0000
0.0000	0.0000	0.0000	0.0000	0.0000	0.0000	0.0015	0.0000	0.9985	0.0000	0.0000	0.0000
0.0000	0.0000	0.9815	0.0000	0.0000	0.0068	0.0117	0.0000	0.0000	0.0000	0.0000	0.0000
0.0000	0.0000	0.0000	0.0000	0.0000	0.0000	1.0000	0.0000	0.0000	0.0000	0.0000	0.0000
0.0000	0.0000	0.0006	0.0000	0.0000	0.0005	0.9988	0.0000	0.0000	0.0000	0.0000	0.0000
0.0000	0.0000	0.9988	0.0000	0.0000	0.0001	0.0011	0.0000	0.0000	0.0000	0.0000	0.0000
0.0000	0.0000	0.9970	0.0000	0.0000	0.0017	0.0013	0.0000	0.0000	0.0000	0.0000	0.0000
0.0000	0.0000	0.3626	0.0000	0.0000	0.0010	0.6364	0.0000	0.0000	0.0000	0.0000	0.0000
0.0000	0.0000	0.0000	0.0000	0.0000	0.0000	0.0000	0.0000	1.0000	0.0000	0.0000	0.0000
0.0000	0.0000	0.0006	0.0000	0.0000	0.0000	0.9994	0.0000	0.0000	0.0000	0.0000	0.0000
0.0000	0.0000	0.0000	0.0000	0.0000	0.0000	0.0000	0.0000	1.0000	0.0000	0.0000	0.0000
0.0000	0.0000	0.0754	0.0000	0.0000	0.0000	0.9245	0.0000	0.0000	0.0000	0.0000	0.0000
0.0000	0.0000	0.0000	0.0000	0.0000	0.0000	0.0000	0.0000	1.0000	0.0000	0.0000	0.0000
0.0000	0.0000	0.9961	0.0000	0.0000	0.0003	0.0037	0.0000	0.0000	0.0000	0.0000	0.0000
0.0000	0.0000	0.0000	0.0000	0.0000	0.0000	1.0000	0.0000	0.0000	0.0000	0.0000	0.0000
0.0000	0.0000	0.0000	0.0000	0.0000	0.0000	0.0000	0.0000	1.0000	0.0000	0.0000	0.0000
0.0000	0.0000	0.0000	0.0000	0.0000	0.0000	1.0000	0.0000	0.0000	0.0000	0.0000	0.0000
0.0000	0.0000	0.0000	0.0000	0.0000	0.0000	0.0000	0.0000	1.0000	0.0000	0.0000	0.0000
0.0000	0.0000	0.0000	0.0000	0.0000	0.0007	0.9993	0.0000	0.0000	0.0000	0.0000	0.0000
