0.0003	0.0000	0.0000	0.0000	0.0000	0.0000	0.1024	0.0000	0.0000	0.0001	0.0043	0.8930
0.0000	0.0000	0.0000	0.0000	0.0000	0.0000	0.0000	0.0000	0.0006	0.0000	0.9993	0.0000
0.0300	0.0000	0.0000	0.0000	0.0000	0.0000	0.0000	0.0000	0.0002	0.9559	0.0140	0.0000
0.0554	0.0000	0.0000	0.0000	0.0000	0.0000	0.0000	0.0000	0.0000	0.9446	0.0000	0.0000
0.0000	0.0000	0.7960	0.0000	0.0000	0.0000	0.2040	0.0000	0.0000	0.0000	0.0000	0.0000
0.0000	0.0000	0.0001	0.0000	0.0000	0.0000	0.8281	0.0056	0.0000	0.0360	0.0205	0.1097
1.0000	0.0000	0.0000	0.0000	0.0000	0.0000	0.0000	0.0000	0.0000	0.0000	0.0000	0.0000
0.0000	0.0000	0.0000	0.0000	0.0000	0.0000	0.9081	0.0047	0.0000	0.0059	0.0000	0.0812
0.2052	0.0000	0.0000	0.0000	0.0000	0.0000	0.0000	0.0000	0.7948	0.0000	0.0000	0.0000
0.0000	0.0005	0.0560	0.0000	0.0000	0.0011	0.1457	0.7892	0.0000	0.0000	0.0000	0.0075
0.0000	0.0000	0.0000	0.0000	0.0000	0.0000	0.0000	0.0000	0.0000	1.0000	0.0000	0.0000
0.0000	0.0000	0.0000	0.0000	1.0000	0.0000	0.0000	0.0000	0.0000	0.0000	0.0000	0.0000
0.0000	0.0000	0.1586	0.0000	0.0000	0.0000	0.8188	0.0001	0.0000	0.0000	0.0000	0.0225
0.3833	0.0000	0.0001	0.0000	0.0000	0.0187	0.0282	0.0012	0.0000	0.5439	0.0002	0.0246
0.0086	0.0000	0.0000	0.0000	0.0000	0.0003	0.3838	0.5956	0.0000	0.0076	0.0000	0.0040
0.0000	0.0000	0.0000	0.0000	0.0000	0.0000	0.0003	0.0000	0.0000	0.3386	0.0000	0.6611
0.0000	0.0000	0.0000	0.0000	1.0000	0.0000	0.0000	0.0000	0.0000	0.0000	0.0000	0.0000
0.0000	0.0072	0.0006	0.0000	0.0000	0.0146	0.0286	0.9490	0.0000	0.0000	0.0000	0.0000
0.0007	0.0000	0.0041	0.0000	0.0000	0.0004	0.0438	0.3506	0.0000	0.0313	0.0000	0.5690
0.9730	0.0000	0.0000	0.0000	0.0000	0.0000	0.0000	0.0000	0.0270	0.0000	0.0000	0.0000
0.0000	0.0000	0.0002	0.0000	0.0000	0.0000	0.6449	0.3410	0.0000	0.0092	0.0001	0.0047
0.0000	0.0000	0.0000	0.0000	0.0000	0.0000	0.0000	0.0000	0.0000	1.0000	0.0000	0.0000
0.0000	0.9951	0.0000	0.0000	0.0000	0.0000	0.0000	0.0049	0.0000	0.0000	0.0000	0.0000
0.0000	0.0000	0.0000	0.0000	0.0000	0.0000	0.3047	0.0001	0.0000	0.0162	0.0001	0.6790
0.9657	0.0008	0.0040	0.0000	0.0000	0.0196	0.0000	0.0004	0.0000	0.0016	0.0000	0.0079
0.0001	0.0000	0.0000	0.0000	0.0000	0.0024	0.0375	0.0709	0.0000	0.0058	0.0000	0.8833
0.0000	0.0000	0.0000	0.0000	0.0000	0.0000	0.0000	0.0000	1.0000	0.0000	0.0000	0.0000
0.0000	0.0000	0.0000	0.0126	0.0000	0.0000	0.0000	0.0000	0.0000	0.9865	0.0000	0.0009
0.0001	0.0001	0.9824	0.0000	0.0000	0.0169	0.0000	0.0000	0.0000	0.0004	0.0000	0.0001
1.0000	0.0000	0.0000	0.0000	0.0000	0.0000	0.0000	0.0000	0.0000	0.0000	0.0000	0.0000
0.0000	0.0000	0.0000	0.0000	0.0000	0.0000	0.0005	0.0258	0.0000	0.9736	0.0000	0.0000
0.0001	0.0000	0.0006	0.0000	0.0000	0.0000	0.0051	0.0006	0.0000	0.5007	0.0018	0.4910
0.0000	0.0000	0.0000	0.0000	0.0000	0.0000	0.0000	0.0000	1.0000	0.0000	0.0000	0.0000
0.0000	0.3533	0.5155	0.0000	0.0000	0.1097	0.0001	0.0215	0.0000	0.0000	0.0000	0.0000
0.0000	0.0000	0.0000	1.0000	0.0000	0.0000	0.0000	0.0000	0.0000	0.0000	0.0000	0.0000
0.0000	0.0000	0.0000	0.0000	0.0000	0.0000	0.0000	0.0000	0.0012	0.9988	0.0000	0.0000
0.0000	0.7051	0.2526	0.0000	0.0000	0.0261	0.0000	0.0161	0.0000	0.0000	0.0000	0.0000
0.0000	0.2633	0.0000	0.0000	0.0000	0.0007	0.0004	0.7356	0.0000	0.0000	0.0000	0.0000
0.9997	0.0000	0.0000	0.0003	0.0000	0.0000	0.0000	0.0000	0.0000	0.0000	0.0000	0.0000
0.0000	0.0000	0.0005	0.0000	0.0000	0.0001	0.0001	0.9934	0.0000	0.0000	0.0000	0.0059
0.0000	0.0000	0.0000	0.0000	0.0000	0.0000	0.0000	0.0000	1.0000	0.0000	0.0000	0.0000
0.0000	0.0953	0.6015	0.0000	0.0000	0.2736	0.0005	0.0289	0.0000	0.0000	0.0000	0.0001
0.0000	0.0000	0.0000	0.0000	0.0000	0.0000	0.0000	0.0000	0.0000	0.9803	0.0000	0.0197
0.0000	0.0000	0.0000	0.0000	0.0000	0.0000	0.0000	0.0000	0.0000	0.0000	0.0119	0.9881
0.0000	0.0042	0.3046	0.0000	0.0000	0.6701	0.0000	0.0206	0.0000	0.0000	0.0000	0.0004
0.0000	0.0336	0.0507	0.0000	0.0000	0.0715	0.0197	0.8202	0.0000	0.0000	0.0000	0.0043
0.0000	0.1059	0.5672	0.0000	0.0000	0.0306	0.0013	0.2906	0.0000	0.0000	0.0000	0.0044
0.0101	0.0000	0.0008	0.0000	0.0000	0.0000	0.0001	0.0000	0.0036	0.8335	0.0241	0.1279
0.0001	0.0000	0.1708	0.0000	0.0000	0.0000	0.0715	0.0000	0.0000	0.0016	0.0945	0.6616
0.0000	0.0000	0.0000	0.0000	0.0000	0.0000	0.0000	0.0000	0.0000	0.0000	1.0000	0.0000
0.2834	0.0000	0.0000	0.0000	0.0000	0.0000	0.0000	0.0000	0.0006	0.2267	0.4893	0.0000
0.0000	0.0000	0.0000	0.0000	0.0000	0.0020	0.5032	0.4325	0.0000	0.0000	0.0000	0.0623
0.7656	0.0000	0.0000	0.0000	0.0000	0.0003	0.0101	0.0499	0.0000	0.1736	0.0000	0.0005
0.0000	0.0000	0.0000	0.0000	0.0000	0.0000	0.0000	0.0000	0.0000	0.0000	1.0000	0.0000
0.0000	0.4427	0.4798	0.0000	0.0000	0.0133	0.0112	0.0527	0.0000	0.0000	0.0000	0.0003
0.0120	0.0126	0.0082	0.0000	0.0000	0.0036	0.8994	0.0100	0.0000	0.0418	0.0000	0.0123
0.0000	0.0001	0.0015	0.0000	0.0000	0.0000	0.6031	0.2696	0.0000	0.0123	0.0000	0.1135
0.0000	0.0000	0.0000	0.0000	0.0000	0.0000	0.8500	0.1485	0.0000	0.0001	0.0000	0.0013
0.0000	0.0000	0.0000	0.0000	0.0000	0.0000	0.9583	0.0156	0.0000	0.0017	0.0168	0.0075
0.0000	0.0000	0.0000	0.0000	0.0000	0.0000	0.0000	0.0000	0.0000	0.0000	0.0000	1.0000
0.0083	0.0000	0.0000	0.0000	0.0000	0.0020	0.7072	0.2022	0.0000	0.0124	0.0002	0.0676
0.0209	0.0000	0.0000	0.0000	0.0000	0.0012	0.7261	0.0013	0.0000	0.1104	0.0000	0.1400
0.5162	0.0000	0.0000	0.0000	0.0000	0.0001	0.4356	0.0354	0.0000	0.0006	0.0107	0.0014
0.0000	0.0000	0.0000	0.0000	0.0000	0.0000	0.0001	0.0000	0.0000	0.0153	0.0002	0.9843
0.0000	0.0001	0.8473	0.0000	0.0000	0.0094	0.1248	0.0179	0.0000	0.0000	0.0000	0.0006
0.0000	0.0000	0.2781	0.0000	0.0000	0.0569	0.6072	0.0252	0.0000	0.0001	0.0000	0.0324
0.0000	0.0000	0.0000	0.0000	0.0000	0.0000	0.0000	0.0000	0.0000	0.9998	0.0000	0.0001
0.0000	0.0000	0.0000	0.0000	0.0000	0.1319	0.0168	0.0042	0.0000	0.0013	0.0000	0.8458
0.0000	0.0000	0.0000	0.9214	0.0000	0.0000	0.0000	0.0013	0.0000	0.0772	0.0000	0.0000
0.0000	0.0008	0.0000	0.0000	0.0000	0.0027	0.9475	0.0402	0.0000	0.0000	0.0000	0.0088
0.0000	0.0026	0.6120	0.0000	0.0000	0.3787	0.0000	0.0040	0.0000	0.0000	0.0000	0.0026
0.0017	0.0000	0.0011	0.0000	0.0000	0.5472	0.0068	0.0513	0.0000	0.0004	0.0000	0.3915
0.0000	0.0000	0.0005	0.0000	0.0000	0.0000	0.1029	0.8960	0.0000	0.0000	0.0000	0.0007
0.0001	0.0000	0.0000	0.0000	0.0000	0.0000	0.0000	0.0000	0.9997	0.0002	0.0000	0.0000
0.0000	0.0000	0.0000	0.0000	0.0000	0.0000	0.5450	0.0002	0.0000	0.0000	0.0000	0.4548
0.0000	0.0000	0.0000	0.0001	0.0000	0.0000	0.0000	0.0000	0.0000	0.9999	0.0000	0.0000
0.0000	0.0000	0.9959	0.0000	0.0000	0.0000	0.0003	0.0038	0.0000	0.0000	0.0000	0.0000
0.6244	0.0000	0.0000	0.0000	0.0000	0.0895	0.0000	0.0000	0.0000	0.2860	0.0000	0.0000
0.0000	0.0000	0.8159	0.0000	0.0000	0.0000	0.1809	0.0032	0.0000	0.0000	0.0000	0.0000
0.0000	0.0000	0.0000	1.0000	0.0000	0.0000	0.0000	0.0000	0.0000	0.0000	0.0000	0.0000
0.0000	0.0000	0.0002	0.0000	0.0000	0.0001	0.0001	0.0002	0.0000	0.0005	0.0000	0.9989
0.0001	0.0000	0.0000	0.0932	0.0000	0.0000	0.0000	0.0000	0.0000	0.9056	0.0000	0.0010
0.0001	0.0000	0.0000	0.0000	0.0000	0.0000	0.9957	0.0000	0.0000	0.0022	0.0000	0.0020
0.0000	0.0000	0.0000	0.0000	0.0000	0.0000	0.0000	0.0000	0.0000	0.0000	0.0001	0.9999
0.0005	0.0000	0.0000	0.0000	0.0000	0.0000	0.0000	0.9994	0.0000	0.0000	0.0000	0.0000
0.0000	0.0000	0.0089	0.0000	0.0000	0.0001	0.8692	0.0916	0.0000	0.0000	0.0000	0.0301
0.0000	0.0000	0.0000	0.0000	0.0000	0.0000	0.0000	0.0000	0.0000	0.0000	0.0000	1.0000
0.0000	0.0000	0.0000	0.0000	0.0000	0.0000	0.0000	0.0000	0.0000	0.0000	0.0000	1.0000
0.0000	0.0000	0.0000	0.0000	0.0000	0.0000	0.0000	0.0000	0.0000	0.0000	0.0000	1.0000
0.0000	0.0000	1.0000	0.0000	0.0000	0.0000	0.0000	0.0000	0.0000	0.0000	0.0000	0.0000
0.0000	0.0000	0.5957	0.0000	0.0000	0.0000	0.0000	0.0000	0.0000	0.0001	0.0000	0.4042
0.0000	0.0000	0.9853	0.0000	0.0000	0.0144	0.0000	0.0000	0.0000	0.0000	0.0000	0.0003
0.0000	0.0000	0.9851	0.0000	0.0000	0.0010	0.0000	0.0000	0.0000	0.0000	0.0000	0.0138
0.0000	0.0000	0.0000	0.0000	0.0000	0.0000	0.0000	0.0000	0.0000	0.0000	0.0000	1.0000
0.0000	0.0000	0.8533	0.0000	0.0000	0.0014	0.0000	0.0000	0.0000	0.0001	0.0000	0.1452
0.0000	0.0000	0.2910	0.0000	0.0000	0.0001	0.0000	0.0000	0.0000	0.0001	0.0000	0.7088
0.0000	0.0000	0.0000	0.0000	0.0000	0.0000	0.0000	0.0000	0.0000	0.0000	0.0000	1.0000
0.0000	0.0000	0.0000	0.0000	0.0000	0.0000	0.0000	0.0000	0.0000	0.0000	0.0000	1.0000
0.0000	0.0000	0.0000	0.0000	0.0000	0.0000	0.0000	0.0000	0.0000	0.0000	0.0000	1.0000
0.0000	0.0000	0.9916	0.0000	0.0000	0.0000	0.0000	0.0000	0.0000	0.0000	0.0000	0.0083
0.0000	0.0000	0.9733	0.0000	0.0000	0.0264	0.0000	0.0000	0.0000	0.0002	0.0000	0.0002
0.0004	0.0001	0.9089	0.0000	0.0000	0.0010	0.0000	0.0000	0.0000	0.0000	0.0000	0.0896
0.0000	0.0000	0.9982	0.0000	0.0000	0.0006	0.0000	0.0000	0.0000	0.0000	0.0000	0.0011
0.0000	0.0000	0.0000	0.0000	0.0000	0.0000	0.0000	0.0000	0.0000	0.0000	0.0000	1.0000
0.0028	0.0000	0.7964	0.0000	0.0000	0.0097	0.0000	0.0000	0.0000	0.0150	0.0000	0.1760
0.0000	0.0000	0.9908	0.0000	0.0000	0.0000	0.0000	0.0000	0.0000	0.0002	0.0000	0.0090
0.0000	0.0000	0.0000	0.0000	0.0000	0.0000	0.0000	0.0000	1.0000	0.0000	0.0000	0.0000
0.0000	0.0000	0.0000	0.0000	0.0000	0.0000	1.0000	0.0000	0.0000	0.0000	0.0000	0.0000
0.0000	0.0000	0.0000	0.0000	0.0000	0.0000	0.0000	0.0000	1.0000	0.0000	0.0000	0.0000
0.0000	0.0000	0.0000	0.0000	0.0000	0.0000	0.0000	0.0000	1.0000	0.0000	0.0000	0.0000
0.0000	0.0000	0.0000	0.0000	0.0000	0.0000	1.0000	0.0000	0.0000	0.0000	0.0000	0.0000
0.0000	0.0000	0.0000	0.0000	0.0000	0.0000	0.0000	0.0000	1.0000	0.0000	0.0000	0.0000
0.0000	0.0000	0.0000	0.0000	0.0000	0.0000	0.0000	0.0000	1.0000	0.0000	0.0000	0.0000
0.0000	0.0000	0.7816	0.0000	0.0000	0.0000	0.2184	0.0000	0.0000	0.0000	0.0000	0.0000
0.0000	0.0000	0.9875	0.0000	0.0000	0.0000	0.0125	0.0000	0.0000	0.0000	0.0000	0.0000
0.0000	0.0000	0.0023	0.0000	0.0000	0.0000	0.9977	0.0000	0.0000	0.0000	0.0000	0.0000
0.0000	0.0000	0.0007	0.0000	0.0000	0.0000	0.9993	0.0000	0.0000	0.0000	0.0000	0.0000
0.0000	0.0000	0.0000	0.0000	0.0000	0.0000	0.0000	0.0000	1.0000	0.0000	0.0000	0.0000
0.0000	0.0000	0.0000	0.0000	0.0000	0.0000	0.1272	0.0000	0.8728	0.0000	0.0000	0.0000
0.0000	0.0000	0.0000	0.0000	0.0000	0.0000	0.1439	0.0000	0.8561	0.0000	0.0000	0.0000
0.0000	0.0000	0.8379	0.0000	0.0000	0.0000	0.1621	0.0000	0.0000	0.0000	0.0000	0.0000
0.0000	0.0000	0.0000	0.0000	0.0000	0.0000	0.9998	0.0000	0.0002	0.0000	0.0000	0.0000
0.0000	0.0000	0.0000	0.0000	0.0000	0.0000	0.0000	0.0000	1.0000	0.0000	0.0000	0.0000
0.0000	0.0000	0.9914	0.0000	0.0000	0.0000	0.0086	0.0000	0.0000	0.0000	0.0000	0.0000
0.0000	0.0000	0.0000	0.0000	0.0000	0.0000	1.0000	0.0000	0.0000	0.0000	0.0000	0.0000
0.0000	0.0000	0.0000	0.0000	0.0000	0.0000	1.0000	0.0000	0.0000	0.0000	0.0000	0.0000
0.0000	0.0000	0.0000	0.0000	0.0000	0.0000	1.0000	0.0000	0.0000	0.0000	0.0000	0.0000
0.0000	0.0000	0.0000	0.0000	0.0000	0.0000	0.0000	0.0000	1.0000	0.0000	0.0000	0.0000
0.0000	0.0000	0.9755	0.0000	0.0000	0.0000	0.0245	0.0000	0.0000	0.0000	0.0000	0.0000
0.0000	0.0000	0.0002	0.0000	0.0000	0.0000	0.9998	0.0000	0.0000	0.0000	0.0000	0.0000
0.0000	0.0000	0.0000	0.0000	0.0000	0.0000	0.0000	0.0000	1.0000	0.0000	0.0000	0.0000
0.0000	0.0000	0.0000	0.0000	0.0000	0.0000	0.0000	0.0000	1.0000	0.0000	0.0000	0.0000
0.0000	0.0000	0.0000	0.0000	0.0000	0.0000	1.0000	0.0000	0.0000	0.0000	0.0000	0.0000
