0.5331	0.0000	0.0000	0.0000	0.0000	0.0000	0.0736	0.0000	0.0000	0.0000	0.0000	0.3933
0.0083	0.0000	0.0000	0.0000	0.0000	0.0000	0.0000	0.0000	0.3615	0.0363	0.5939	0.0000
0.0002	0.0000	0.0000	0.0000	0.0000	0.0000	0.0000	0.0000	0.0000	0.9998	0.0000	0.0000
0.0230	0.0000	0.0000	0.0000	0.0000	0.0000	0.0000	0.0000	0.0000	0.9770	0.0000	0.0000
0.0000	0.0000	0.5078	0.0000	0.0000	0.0000	0.4922	0.0000	0.0000	0.0000	0.0000	0.0000
0.0000	0.0000	0.0001	0.0000	0.0000	0.0000	0.9414	0.0046	0.0000	0.0129	0.0002	0.0409
1.0000	0.0000	0.0000	0.0000	0.0000	0.0000	0.0000	0.0000	0.0000	0.0000	0.0000	0.0000
0.0001	0.0000	0.0001	0.0000	0.0000	0.0000	0.9719	0.0010	0.0000	0.0007	0.0000	0.0262
0.0321	0.0000	0.0000	0.0000	0.0000	0.0000	0.0000	0.0000	0.9679	0.0000	0.0000	0.0000
0.0000	0.0000	0.0154	0.0000	0.0000	0.0009	0.3487	0.6310	0.0000	0.0000	0.0000	0.0040
0.0000	0.0000	0.0000	0.0000	0.0000	0.0000	0.0000	0.0000	0.0000	1.0000	0.0000	0.0000
0.0000	0.0000	0.0000	0.0000	1.0000	0.0000	0.0000	0.0000	0.0000	0.0000	0.0000	0.0000
0.0000	0.0000	0.7964	0.0000	0.0000	0.0000	0.2021	0.0000	0.0000	0.0000	0.0000	0.0015
0.9441	0.0000	0.0004	0.0000	0.0000	0.0078	0.0005	0.0001	0.0000	0.0104	0.0000	0.0368
0.0445	0.0000	0.0000	0.0000	0.0000	0.0001	0.1076	0.8467	0.0000	0.0002	0.0000	0.0010
0.0000	0.0000	0.0000	0.0000	0.0000	0.0000	0.0003	0.0000	0.0000	0.0065	0.0000	0.9932
0.0000	0.0000	0.0000	0.0000	1.0000	0.0000	0.0000	0.0000	0.0000	0.0000	0.0000	0.0000
0.0000	0.0002	0.0000	0.0000	0.0000	0.0038	0.0323	0.9638	0.0000	0.0000	0.0000	0.0000
0.0002	0.0000	0.0033	0.0000	0.0000	0.0003	0.0138	0.0705	0.0000	0.0007	0.0000	0.9112
0.8624	0.0000	0.0000	0.0000	0.0000	0.0000	0.0000	0.0000	0.1376	0.0000	0.0000	0.0000
0.0001	0.0000	0.0001	0.0000	0.0000	0.0000	0.8986	0.1006	0.0000	0.0001	0.0000	0.0005
0.0000	0.0000	0.0000	0.0000	0.0000	0.0000	0.0000	0.0000	0.0000	1.0000	0.0000	0.0000
0.0000	0.9999	0.0000	0.0000	0.0000	0.0000	0.0000	0.0001	0.0000	0.0000	0.0000	0.0000
0.0000	0.0000	0.0000	0.0000	0.0000	0.0000	0.1010	0.0000	0.0000	0.0032	0.0000	0.8957
0.9986	0.0000	0.0005	0.0000	0.0000	0.0003	0.0000	0.0001	0.0000	0.0000	0.0000	0.0005
0.0000	0.0000	0.0000	0.0000	0.0000	0.0024	0.3804	0.1785	0.0000	0.0001	0.0000	0.4387
0.0000	0.0000	0.0000	0.0000	0.0000	0.0000	0.0000	0.0000	1.0000	0.0000	0.0000	0.0000
0.0000	0.0000	0.0000	0.0000	0.0000	0.0000	0.0000	0.0000	0.0000	0.9999	0.0000	0.0001
0.0001	0.0060	0.9676	0.0000	0.0000	0.0262	0.0000	0.0000	0.0000	0.0000	0.0000	0.0001
1.0000	0.0000	0.0000	0.0000	0.0000	0.0000	0.0000	0.0000	0.0000	0.0000	0.0000	0.0000
0.0000	0.0000	0.0000	0.0000	0.0000	0.0000	0.0000	0.0007	0.0000	0.9993	0.0000	0.0000
0.0163	0.0000	0.0000	0.0000	0.0000	0.0001	0.0102	0.0005	0.0000	0.1549	0.0001	0.8179
0.0000	0.0000	0.0000	0.0000	0.0000	0.0000	0.0000	0.0000	1.0000	0.0000	0.0000	0.0000
0.0000	0.0564	0.7042	0.0000	0.0000	0.2377	0.0000	0.0017	0.0000	0.0000	0.0000	0.0000
0.0000	0.0000	0.0000	1.0000	0.0000	0.0000	0.0000	0.0000	0.0000	0.0000	0.0000	0.0000
0.0000	0.0000	0.0000	0.0000	0.0000	0.0000	0.0000	0.0000	0.0003	0.9997	0.0000	0.0000
0.0000	0.4357	0.4827	0.0000	0.0000	0.0802	0.0000	0.0014	0.0000	0.0000	0.0000	0.0000
0.0000	0.7993	0.0000	0.0000	0.0000	0.0003	0.0001	0.2003	0.0000	0.0000	0.0000	0.0000
1.0000	0.0000	0.0000	0.0000	0.0000	0.0000	0.0000	0.0000	0.0000	0.0000	0.0000	0.0000
0.0000	0.0000	0.0000	0.0000	0.0000	0.0001	0.0001	0.9994	0.0000	0.0000	0.0000	0.0003
0.0000	0.0000	0.0000	0.0000	0.0000	0.0000	0.0000	0.0000	1.0000	0.0000	0.0000	0.0000
0.0000	0.0069	0.4599	0.0000	0.0000	0.5321	0.0002	0.0010	0.0000	0.0000	0.0000	0.0000
0.0000	0.0000	0.0000	0.0000	0.0000	0.0000	0.0000	0.0000	0.0000	1.0000	0.0000	0.0000
0.0000	0.0000	0.0000	0.0000	0.0000	0.0000	0.0000	0.0000	0.0000	0.0000	1.0000	0.0000
0.0000	0.0003	0.0213	0.0000	0.0000	0.9772	0.0000	0.0011	0.0000	0.0000	0.0000	0.0000
0.0000	0.2038	0.1115	0.0000	0.0000	0.3584	0.0119	0.3135	0.0000	0.0000	0.0000	0.0008
0.0000	0.1967	0.7838	0.0000	0.0000	0.0063	0.0001	0.0128	0.0000	0.0000	0.0000	0.0002
0.9949	0.0000	0.0001	0.0000	0.0000	0.0000	0.0000	0.0000	0.0000	0.0000	0.0001	0.0049
0.0000	0.0000	0.9953	0.0000	0.0000	0.0000	0.0002	0.0000	0.0000	0.0000	0.0011	0.0034
0.0000	0.0000	0.0000	0.0000	0.0000	0.0000	0.0000	0.0000	0.0000	0.0307	0.9693	0.0000
0.0188	0.0000	0.0000	0.0000	0.0000	0.0000	0.0000	0.0000	0.0000	0.9811	0.0000	0.0000
0.0000	0.0000	0.0000	0.0000	0.0000	0.0014	0.4694	0.5214	0.0000	0.0000	0.0000	0.0078
0.9836	0.0000	0.0000	0.0000	0.0000	0.0000	0.0002	0.0154	0.0000	0.0008	0.0000	0.0000
0.0000	0.0000	0.0000	0.0000	0.0000	0.0000	0.0000	0.0000	0.0000	0.0000	1.0000	0.0000
0.0000	0.0430	0.9455	0.0000	0.0000	0.0050	0.0017	0.0048	0.0000	0.0000	0.0000	0.0000
0.8616	0.0001	0.0004	0.0000	0.0000	0.0164	0.1196	0.0016	0.0000	0.0000	0.0000	0.0002
0.0000	0.0000	0.0005	0.0000	0.0000	0.0000	0.7897	0.1362	0.0000	0.0002	0.0000	0.0734
0.0000	0.0000	0.0000	0.0000	0.0000	0.0000	0.7864	0.2134	0.0000	0.0000	0.0000	0.0002
0.0000	0.0000	0.0000	0.0000	0.0000	0.0000	0.9935	0.0029	0.0000	0.0002	0.0024	0.0010
0.0000	0.0000	0.0000	0.0000	0.0000	0.0000	0.0000	0.0000	0.0000	0.0000	0.0000	1.0000
0.0169	0.0000	0.0000	0.0000	0.0000	0.0002	0.6534	0.2044	0.0000	0.0024	0.0000	0.1227
0.1461	0.0000	0.0000	0.0000	0.0000	0.0000	0.0748	0.0000	0.0000	0.0172	0.0000	0.7619
0.9480	0.0000	0.0000	0.0000	0.0000	0.0000	0.0496	0.0023	0.0000	0.0000	0.0000	0.0001
0.0000	0.0000	0.0000	0.0000	0.0000	0.0000	0.0000	0.0000	0.0000	0.0070	0.0000	0.9930
0.0000	0.0000	0.9810	0.0000	0.0000	0.0012	0.0174	0.0004	0.0000	0.0000	0.0000	0.0000
0.0000	0.0000	0.4998	0.0000	0.0000	0.0082	0.4840	0.0056	0.0000	0.0000	0.0000	0.0024
0.0000	0.0000	0.0000	0.0000	0.0000	0.0000	0.0000	0.0000	0.0000	1.0000	0.0000	0.0000
0.0000	0.0000	0.0000	0.0000	0.0000	0.0237	0.0070	0.0051	0.0000	0.0000	0.0000	0.9642
0.0000	0.0000	0.0000	0.7370	0.0000	0.0000	0.0187	0.2226	0.0000	0.0067	0.0146	0.0003
0.0000	0.0005	0.0000	0.0000	0.0000	0.0023	0.9842	0.0109	0.0000	0.0000	0.0000	0.0021
0.0000	0.0004	0.7360	0.0000	0.0000	0.2625	0.0000	0.0004	0.0000	0.0000	0.0000	0.0006
0.0009	0.0000	0.0005	0.0000	0.0000	0.9125	0.0060	0.0366	0.0000	0.0000	0.0000	0.0434
0.0000	0.0000	0.0001	0.0000	0.0000	0.0000	0.0212	0.9787	0.0000	0.0000	0.0000	0.0000
0.0001	0.0000	0.0000	0.0000	0.0000	0.0000	0.0000	0.0000	0.9999	0.0000	0.0000	0.0000
0.0000	0.0000	0.0000	0.0000	0.0000	0.0000	0.9015	0.0008	0.0000	0.0000	0.0000	0.0976
0.0000	0.0000	0.0000	0.0000	0.0000	0.0000	0.0000	0.0000	0.0000	1.0000	0.0000	0.0000
0.0000	0.0000	1.0000	0.0000	0.0000	0.0000	0.0000	0.0000	0.0000	0.0000	0.0000	0.0000
0.9673	0.0000	0.0000	0.0000	0.0000	0.0325	0.0000	0.0000	0.0000	0.0002	0.0000	0.0000
0.0000	0.0000	0.9986	0.0000	0.0000	0.0000	0.0013	0.0000	0.0000	0.0000	0.0000	0.0000
0.0000	0.0000	0.0000	0.0380	0.0000	0.0000	0.0000	0.0000	0.0000	0.9620	0.0000	0.0000
0.0000	0.0000	0.0002	0.0000	0.0000	0.0000	0.0001	0.0000	0.0000	0.0000	0.0000	0.9997
0.0000	0.0000	0.0000	0.0000	0.0000	0.0000	0.0000	0.0000	0.0000	1.0000	0.0000	0.0000
0.0025	0.0000	0.0000	0.0000	0.0000	0.0000	0.9969	0.0000	0.0000	0.0006	0.0000	0.0000
0.0000	0.0000	0.0000	0.0000	0.0000	0.0000	0.0000	0.0000	0.0000	0.0000	1.0000	0.0000
0.0030	0.0000	0.0000	0.0000	0.0000	0.0000	0.0000	0.9970	0.0000	0.0000	0.0000	0.0000
0.0000	0.0000	0.0269	0.0000	0.0000	0.0001	0.9407	0.0142	0.0000	0.0000	0.0000	0.0180
0.0000	0.0000	0.0000	0.0000	0.0000	0.0000	0.0000	0.0000	0.0000	0.0000	0.0000	1.0000
0.0000	0.0000	0.0000	0.0000	0.0000	0.0000	0.0000	0.0000	0.0000	0.0000	0.0000	1.0000
0.0000	0.0000	0.0000	0.0000	0.0000	0.0000	0.0000	0.0000	0.0000	0.0000	0.0000	1.0000
0.0000	0.0000	1.0000	0.0000	0.0000	0.0000	0.0000	0.0000	0.0000	0.0000	0.0000	0.0000
0.0000	0.0000	0.9990	0.0000	0.0000	0.0000	0.0000	0.0000	0.0000	0.0000	0.0000	0.0010
0.0000	0.0001	0.9965	0.0000	0.0000	0.0034	0.0000	0.0000	0.0000	0.0000	0.0000	0.0000
0.0000	0.0000	0.9901	0.0000	0.0000	0.0001	0.0000	0.0000	0.0000	0.0000	0.0000	0.0098
0.0000	0.0000	0.0000	0.0000	0.0000	0.0000	0.0000	0.0000	0.0000	0.0000	0.0000	1.0000
0.0011	0.0000	0.8526	0.0000	0.0000	0.0000	0.0000	0.0000	0.0002	0.0000	0.0000	0.1461
0.0001	0.0000	0.8599	0.0000	0.0000	0.0000	0.0000	0.0000	0.0000	0.0000	0.0000	0.1400
0.0000	0.0000	0.0000	0.0000	0.0000	0.0000	0.0000	0.0000	0.0000	0.0000	0.0000	1.0000
0.0000	0.0000	0.0000	0.0000	0.0000	0.0000	0.0000	0.0000	0.0000	0.0000	0.0000	1.0000
0.0000	0.0000	0.0000	0.0000	0.0000	0.0000	0.0000	0.0000	0.0000	0.0000	0.0000	1.0000
0.0000	0.0000	0.9969	0.0000	0.0000	0.0000	0.0000	0.0000	0.0000	0.0000	0.0000	0.0031
0.0000	0.0001	0.9406	0.0000	0.0000	0.0592	0.0000	0.0000	0.0000	0.0000	0.0000	0.0001
0.0001	0.0415	0.9271	0.0000	0.0000	0.0000	0.0000	0.0000	0.0000	0.0000	0.0000	0.0313
0.0000	0.0012	0.9988	0.0000	0.0000	0.0000	0.0000	0.0000	0.0000	0.0000	0.0000	0.0001
0.0000	0.0000	0.0000	0.0000	0.0000	0.0000	0.0000	0.0000	0.0000	0.0000	0.0000	1.0000
0.0457	0.0006	0.9319	0.0000	0.0000	0.0004	0.0000	0.0000	0.0004	0.0001	0.0000	0.0209
0.0000	0.0000	0.9994	0.0000	0.0000	0.0000	0.0000	0.0000	0.0000	0.0000	0.0000	0.0006
0.0000	0.0000	0.0000	0.0000	0.0000	0.0000	0.0000	0.0000	1.0000	0.0000	0.0000	0.0000
0.0000	0.0000	0.0000	0.0000	0.0000	0.0000	1.0000	0.0000	0.0000	0.0000	0.0000	0.0000
0.0000	0.0000	0.0000	0.0000	0.0000	0.0000	0.0000	0.0000	1.0000	0.0000	0.0000	0.0000
0.0000	0.0000	0.0000	0.0000	0.0000	0.0000	0.0000	0.0000	1.0000	0.0000	0.0000	0.0000
0.0000	0.0000	0.0000	0.0000	0.0000	0.0000	1.0000	0.0000	0.0000	0.0000	0.0000	0.0000
0.0000	0.0000	0.0000	0.0000	0.0000	0.0000	0.0000	0.0000	1.0000	0.0000	0.0000	0.0000
0.0000	0.0000	0.0000	0.0000	0.0000	0.0000	0.0000	0.0000	1.0000	0.0000	0.0000	0.0000
0.0000	0.0000	0.5637	0.0000	0.0000	0.0000	0.4363	0.0000	0.0000	0.0000	0.0000	0.0000
0.0000	0.0000	0.9183	0.0000	0.0000	0.0000	0.0817	0.0000	0.0000	0.0000	0.0000	0.0000
0.0000	0.0000	0.0003	0.0000	0.0000	0.0000	0.9997	0.0000	0.0000	0.0000	0.0000	0.0000
0.0000	0.0000	0.0001	0.0000	0.0000	0.0000	0.9999	0.0000	0.0000	0.0000	0.0000	0.0000
0.0000	0.0000	0.0000	0.0000	0.0000	0.0000	0.0000	0.0000	1.0000	0.0000	0.0000	0.0000
0.0000	0.0000	0.0000	0.0000	0.0000	0.0000	0.9917	0.0000	0.0083	0.0000	0.0000	0.0000
0.0000	0.0000	0.0000	0.0000	0.0000	0.0000	0.9903	0.0000	0.0097	0.0000	0.0000	0.0000
0.0000	0.0000	0.6059	0.0000	0.0000	0.0000	0.3941	0.0000	0.0000	0.0000	0.0000	0.0000
0.0000	0.0000	0.0000	0.0000	0.0000	0.0000	0.0000	0.0000	1.0000	0.0000	0.0000	0.0000
0.0000	0.0000	0.0000	0.0000	0.0000	0.0000	0.0000	0.0000	1.0000	0.0000	0.0000	0.0000
0.0000	0.0000	0.9931	0.0000	0.0000	0.0000	0.0069	0.0000	0.0000	0.0000	0.0000	0.0000
0.0000	0.0000	0.0000	0.0000	0.0000	0.0000	1.0000	0.0000	0.0000	0.0000	0.0000	0.0000
0.0000	0.0000	0.0000	0.0000	0.0000	0.0000	1.0000	0.0000	0.0000	0.0000	0.0000	0.0000
0.0000	0.0000	0.0000	0.0000	0.0000	0.0000	1.0000	0.0000	0.0000	0.0000	0.0000	0.0000
0.0000	0.0000	0.0000	0.0000	0.0000	0.0000	0.0000	0.0000	1.0000	0.0000	0.0000	0.0000
0.0000	0.0000	0.9466	0.0000	0.0000	0.0000	0.0534	0.0000	0.0000	0.0000	0.0000	0.0000
0.0000	0.0000	0.0000	0.0000	0.0000	0.0000	1.0000	0.0000	0.0000	0.0000	0.0000	0.0000
0.0000	0.0000	0.0000	0.0000	0.0000	0.0000	0.0000	0.0000	1.0000	0.0000	0.0000	0.0000
0.0000	0.0000	0.0000	0.0000	0.0000	0.0000	0.1733	0.0000	0.8267	0.0000	0.0000	0.0000
0.0000	0.0000	0.0000	0.0000	0.0000	0.0000	1.0000	0.0000	0.0000	0.0000	0.0000	0.0000
