0.0031	0.0000	0.0000	0.0000	0.0000	0.0000	0.1406	0.0000	0.0000	0.0000	0.0016	0.8547
0.0000	0.0000	0.0000	0.0000	0.0000	0.0000	0.0000	0.0000	0.0003	0.0000	0.9997	0.0000
0.0000	0.0000	0.0000	0.0000	0.0000	0.0000	0.0000	0.0000	0.0000	0.9998	0.0001	0.0000
0.0317	0.0000	0.0000	0.0000	0.0000	0.0000	0.0000	0.0000	0.0000	0.9683	0.0000	0.0000
0.0000	0.0000	0.9935	0.0000	0.0000	0.0000	0.0065	0.0000	0.0000	0.0000	0.0000	0.0000
0.0000	0.0000	0.0000	0.0000	0.0000	0.0000	0.9812	0.0016	0.0000	0.0009	0.0006	0.0157
1.0000	0.0000	0.0000	0.0000	0.0000	0.0000	0.0000	0.0000	0.0000	0.0000	0.0000	0.0000
0.0000	0.0000	0.0002	0.0000	0.0000	0.0001	0.9917	0.0003	0.0000	0.0000	0.0000	0.0076
0.3329	0.0000	0.0000	0.0000	0.0000	0.0000	0.0000	0.0000	0.6671	0.0000	0.0000	0.0000
0.0000	0.0000	0.0776	0.0000	0.0000	0.0058	0.7893	0.1263	0.0000	0.0000	0.0000	0.0009
0.0000	0.0000	0.0000	0.0000	0.0000	0.0000	0.0000	0.0000	0.0000	1.0000	0.0000	0.0000
0.0000	0.0000	0.0000	0.0000	1.0000	0.0000	0.0000	0.0000	0.0000	0.0000	0.0000	0.0000
0.0000	0.0000	0.3287	0.0000	0.0000	0.0000	0.6709	0.0000	0.0000	0.0000	0.0000	0.0003
0.9015	0.0000	0.0004	0.0000	0.0000	0.0036	0.0337	0.0003	0.0000	0.0546	0.0000	0.0060
0.0056	0.0000	0.0000	0.0000	0.0000	0.0000	0.5618	0.4317	0.0000	0.0007	0.0000	0.0002
0.0000	0.0000	0.0000	0.0000	0.0000	0.0000	0.0058	0.0013	0.0000	0.1997	0.0000	0.7932
0.0000	0.0000	0.0000	0.0000	1.0000	0.0000	0.0000	0.0000	0.0000	0.0000	0.0000	0.0000
0.0000	0.0006	0.0001	0.0000	0.0000	0.0036	0.1171	0.8787	0.0000	0.0000	0.0000	0.0000
0.0010	0.0001	0.0307	0.0000	0.0000	0.0001	0.3995	0.3604	0.0000	0.0043	0.0000	0.2040
0.9724	0.0000	0.0000	0.0000	0.0000	0.0000	0.0000	0.0000	0.0276	0.0000	0.0000	0.0000
0.0000	0.0000	0.0000	0.0000	0.0000	0.0000	0.9514	0.0484	0.0000	0.0000	0.0000	0.0001
0.0000	0.0000	0.0000	0.0000	0.0000	0.0000	0.0000	0.0000	0.0000	1.0000	0.0000	0.0000
0.0000	0.9978	0.0000	0.0000	0.0000	0.0000	0.0000	0.0022	0.0000	0.0000	0.0000	0.0000
0.0000	0.0000	0.0003	0.0000	0.0000	0.0000	0.6229	0.0000	0.0000	0.0015	0.0000	0.3753
0.9802	0.0000	0.0052	0.0000	0.0000	0.0040	0.0001	0.0050	0.0000	0.0004	0.0000	0.0051
0.0000	0.0000	0.0000	0.0000	0.0000	0.0007	0.2698	0.3610	0.0000	0.0003	0.0000	0.3681
0.0000	0.0000	0.0000	0.0000	0.0000	0.0000	0.0000	0.0000	1.0000	0.0000	0.0000	0.0000
0.0000	0.0000	0.0000	0.0004	0.0000	0.0000	0.0000	0.0000	0.0000	0.9992	0.0000	0.0005
0.0000	0.0002	0.9908	0.0000	0.0000	0.0090	0.0000	0.0000	0.0000	0.0000	0.0000	0.0000
1.0000	0.0000	0.0000	0.0000	0.0000	0.0000	0.0000	0.0000	0.0000	0.0000	0.0000	0.0000
0.0000	0.0000	0.0000	0.0000	0.0000	0.0000	0.0284	0.1354	0.0000	0.8361	0.0000	0.0000
0.0013	0.0000	0.0006	0.0000	0.0000	0.0010	0.4811	0.0013	0.0000	0.0107	0.0063	0.4977
0.0001	0.0000	0.0000	0.0000	0.0000	0.0000	0.0000	0.0000	0.9999	0.0000	0.0000	0.0000
0.0000	0.0204	0.9124	0.0000	0.0000	0.0664	0.0004	0.0004	0.0000	0.0000	0.0000	0.0000
0.0000	0.0000	0.0000	1.0000	0.0000	0.0000	0.0000	0.0000	0.0000	0.0000	0.0000	0.0000
0.0000	0.0000	0.0000	0.0000	0.0000	0.0000	0.0000	0.0000	0.0000	1.0000	0.0000	0.0000
0.0000	0.0762	0.9014	0.0000	0.0000	0.0219	0.0001	0.0004	0.0000	0.0000	0.0000	0.0000
0.0000	0.5808	0.0000	0.0000	0.0000	0.0023	0.0060	0.4109	0.0000	0.0000	0.0000	0.0000
1.0000	0.0000	0.0000	0.0000	0.0000	0.0000	0.0000	0.0000	0.0000	0.0000	0.0000	0.0000
0.0000	0.0000	0.0012	0.0000	0.0000	0.0028	0.0000	0.9942	0.0000	0.0000	0.0002	0.0015
0.0000	0.0000	0.0000	0.0000	0.0000	0.0000	0.0000	0.0000	1.0000	0.0000	0.0000	0.0000
0.0000	0.0035	0.5365	0.0000	0.0000	0.4561	0.0030	0.0010	0.0000	0.0000	0.0000	0.0000
0.0000	0.0000	0.0000	0.0000	0.0000	0.0000	0.0000	0.0000	0.0000	0.9999	0.0000	0.0001
0.0000	0.0000	0.0000	0.0000	0.0000	0.0000	0.0000	0.0000	0.0000	0.0005	0.8987	0.1008
0.0000	0.0002	0.2444	0.0000	0.0000	0.7535	0.0002	0.0016	0.0000	0.0000	0.0000	0.0000
0.0000	0.1062	0.1751	0.0000	0.0000	0.3722	0.0944	0.2517	0.0000	0.0000	0.0000	0.0003
0.0000	0.1852	0.6224	0.0000	0.0000	0.1115	0.0018	0.0789	0.0000	0.0000	0.0000	0.0003
0.0002	0.0000	0.0054	0.0000	0.0000	0.0000	0.0000	0.0000	0.0000	0.0000	0.8064	0.1880
0.0000	0.0000	0.3254	0.0000	0.0000	0.0000	0.0008	0.0000	0.0000	0.0000	0.5294	0.1444
0.0000	0.0000	0.0000	0.0000	0.0000	0.0000	0.0000	0.0000	0.0000	0.0004	0.9996	0.0000
0.0001	0.0000	0.0000	0.0000	0.0000	0.0000	0.0000	0.0000	0.0000	0.9530	0.0469	0.0000
0.0000	0.0000	0.0000	0.0000	0.0000	0.0036	0.7935	0.1957	0.0000	0.0000	0.0000	0.0072
0.8233	0.0000	0.0000	0.0000	0.0000	0.0014	0.0801	0.0902	0.0000	0.0044	0.0000	0.0006
0.0000	0.0000	0.0000	0.0000	0.0000	0.0000	0.0000	0.0000	0.0000	0.0000	1.0000	0.0000
0.0000	0.0400	0.9480	0.0000	0.0000	0.0044	0.0064	0.0012	0.0000	0.0000	0.0000	0.0000
0.0042	0.0015	0.0125	0.0000	0.0000	0.0551	0.9240	0.0021	0.0000	0.0000	0.0000	0.0006
0.0000	0.0000	0.0009	0.0000	0.0000	0.0000	0.8815	0.0979	0.0000	0.0000	0.0000	0.0196
0.0000	0.0000	0.0000	0.0000	0.0000	0.0000	0.9234	0.0765	0.0000	0.0000	0.0000	0.0001
0.0000	0.0000	0.0000	0.0000	0.0000	0.0000	0.9768	0.0195	0.0000	0.0000	0.0036	0.0001
0.0000	0.0000	0.0000	0.0000	0.0000	0.0000	0.0000	0.0000	0.0000	0.0000	0.0000	1.0000
0.0013	0.0000	0.0000	0.0000	0.0000	0.0000	0.9435	0.0309	0.0000	0.0028	0.0000	0.0216
0.0054	0.0000	0.0000	0.0000	0.0000	0.0000	0.8758	0.0000	0.0000	0.0262	0.0000	0.0925
0.1884	0.0000	0.0000	0.0000	0.0000	0.0000	0.8074	0.0010	0.0000	0.0014	0.0006	0.0011
0.0000	0.0000	0.0000	0.0000	0.0000	0.0000	0.0005	0.0000	0.0000	0.0058	0.0002	0.9935
0.0000	0.0000	0.9111	0.0000	0.0000	0.0028	0.0859	0.0002	0.0000	0.0000	0.0000	0.0000
0.0000	0.0000	0.0510	0.0000	0.0000	0.0106	0.9379	0.0002	0.0000	0.0000	0.0000	0.0003
0.0000	0.0000	0.0000	0.0000	0.0000	0.0000	0.0000	0.0000	0.0000	1.0000	0.0000	0.0000
0.0000	0.0000	0.0000	0.0000	0.0000	0.0695	0.0363	0.0069	0.0000	0.0002	0.0000	0.8871
0.0000	0.0000	0.0000	0.0641	0.0000	0.0000	0.0000	0.0003	0.0000	0.8976	0.0380	0.0000
0.0000	0.0001	0.0000	0.0000	0.0000	0.0006	0.9983	0.0008	0.0000	0.0000	0.0000	0.0002
0.0000	0.0001	0.8706	0.0000	0.0000	0.1280	0.0003	0.0009	0.0000	0.0000	0.0000	0.0001
0.0001	0.0000	0.0003	0.0000	0.0000	0.9590	0.0209	0.0097	0.0000	0.0000	0.0000	0.0100
0.0000	0.0000	0.0004	0.0000	0.0000	0.0000	0.3116	0.6880	0.0000	0.0000	0.0000	0.0001
0.0010	0.0000	0.0000	0.0000	0.0000	0.0000	0.0000	0.0000	0.9990	0.0000	0.0000	0.0000
0.0000	0.0000	0.0000	0.0000	0.0000	0.0000	0.9668	0.0008	0.0000	0.0000	0.0000	0.0323
0.0000	0.0000	0.0000	0.0000	0.0000	0.0000	0.0000	0.0000	0.0000	1.0000	0.0000	0.0000
0.0000	0.0000	0.9996	0.0000	0.0000	0.0000	0.0003	0.0000	0.0000	0.0000	0.0000	0.0000
0.8468	0.0000	0.0000	0.0000	0.0000	0.1525	0.0001	0.0000	0.0000	0.0005	0.0000	0.0000
0.0000	0.0000	0.7285	0.0000	0.0000	0.0000	0.2713	0.0001	0.0000	0.0000	0.0000	0.0000
0.0000	0.0000	0.0000	0.8041	0.0000	0.0000	0.0000	0.0000	0.0000	0.1959	0.0000	0.0000
0.0003	0.0000	0.0006	0.0000	0.0000	0.0000	0.0000	0.0000	0.0000	0.0004	0.0000	0.9986
0.0000	0.0000	0.0000	0.9691	0.0000	0.0000	0.0000	0.0000	0.0000	0.0309	0.0000	0.0000
0.0000	0.0000	0.0000	0.0000	0.0000	0.0000	0.9992	0.0000	0.0000	0.0008	0.0000	0.0001
0.0000	0.0000	0.0000	0.0000	0.0000	0.0000	0.0000	0.0000	0.0000	0.4382	0.0010	0.5608
0.0017	0.0000	0.0000	0.0000	0.0000	0.0000	0.0000	0.9983	0.0000	0.0000	0.0000	0.0000
0.0000	0.0000	0.0021	0.0000	0.0000	0.0000	0.9937	0.0036	0.0000	0.0000	0.0000	0.0006
0.0000	0.0000	0.0000	0.0000	0.0000	0.0000	0.0000	0.0000	0.0000	0.0000	0.0000	1.0000
0.0000	0.0000	0.0000	0.0000	0.0000	0.0000	0.0000	0.0000	0.0000	0.0000	0.0000	1.0000
0.0000	0.0000	0.0000	0.0000	0.0000	0.0000	0.0003	0.0000	0.0000	0.0000	0.0000	0.9997
0.0000	0.0000	1.0000	0.0000	0.0000	0.0000	0.0000	0.0000	0.0000	0.0000	0.0000	0.0000
0.0000	0.0000	0.9991	0.0000	0.0000	0.0000	0.0000	0.0000	0.0000	0.0000	0.0000	0.0009
0.0000	0.0000	0.9920	0.0000	0.0000	0.0080	0.0000	0.0000	0.0000	0.0000	0.0000	0.0000
0.0000	0.0000	0.9881	0.0000	0.0000	0.0001	0.0000	0.0000	0.0000	0.0000	0.0000	0.0118
0.0000	0.0000	0.0000	0.0000	0.0000	0.0000	0.0000	0.0000	0.0000	0.0000	0.0000	1.0000
0.0000	0.0000	0.9969	0.0000	0.0000	0.0000	0.0000	0.0000	0.0000	0.0000	0.0000	0.0031
0.0000	0.0000	0.9475	0.0000	0.0000	0.0000	0.0000	0.0000	0.0000	0.0000	0.0000	0.0525
0.0000	0.0000	0.0000	0.0000	0.0000	0.0000	0.0000	0.0000	0.0000	0.0000	0.0000	1.0000
0.0000	0.0000	0.0000	0.0000	0.0000	0.0000	0.0000	0.0000	0.0000	0.0000	0.0000	1.0000
0.0000	0.0000	0.0000	0.0000	0.0000	0.0000	0.0000	0.0000	0.0000	0.0000	0.0000	1.0000
0.0000	0.0000	0.9998	0.0000	0.0000	0.0000	0.0000	0.0000	0.0000	0.0000	0.0000	0.0002
0.0000	0.0000	0.9870	0.0000	0.0000	0.0130	0.0000	0.0000	0.0000	0.0000	0.0000	0.0000
0.0000	0.0013	0.9949	0.0000	0.0000	0.0000	0.0000	0.0000	0.0000	0.0000	0.0000	0.0038
0.0000	0.0001	0.9999	0.0000	0.0000	0.0000	0.0000	0.0000	0.0000	0.0000	0.0000	0.0000
0.0000	0.0000	0.0000	0.0000	0.0000	0.0000	0.0000	0.0000	0.0000	0.0000	0.0000	1.0000
0.0000	0.0000	0.9983	0.0000	0.0000	0.0000	0.0000	0.0000	0.0003	0.0003	0.0000	0.0010
0.0000	0.0000	0.9999	0.0000	0.0000	0.0000	0.0000	0.0000	0.0000	0.0000	0.0000	0.0001
0.0000	0.0000	0.0000	0.0000	0.0000	0.0000	0.0000	0.0000	1.0000	0.0000	0.0000	0.0000
0.0000	0.0000	0.0000	0.0000	0.0000	0.0000	1.0000	0.0000	0.0000	0.0000	0.0000	0.0000
0.0000	0.0000	0.0000	0.0000	0.0000	0.0000	0.0000	0.0000	1.0000	0.0000	0.0000	0.0000
0.0000	0.0000	0.0000	0.0000	0.0000	0.0000	0.0000	0.0000	1.0000	0.0000	0.0000	0.0000
0.0000	0.0000	0.0000	0.0000	0.0000	0.0000	1.0000	0.0000	0.0000	0.0000	0.0000	0.0000
0.0000	0.0000	0.0000	0.0000	0.0000	0.0000	0.0000	0.0000	1.0000	0.0000	0.0000	0.0000
0.0000	0.0000	0.0000	0.0000	0.0000	0.0000	0.0000	0.0000	1.0000	0.0000	0.0000	0.0000
0.0000	0.0000	0.9765	0.0000	0.0000	0.0000	0.0235	0.0000	0.0000	0.0000	0.0000	0.0000
0.0000	0.0000	0.9982	0.0000	0.0000	0.0000	0.0018	0.0000	0.0000	0.0000	0.0000	0.0000
0.0000	0.0000	0.0171	0.0000	0.0000	0.0000	0.9829	0.0000	0.0000	0.0000	0.0000	0.0000
0.0000	0.0000	0.0082	0.0000	0.0000	0.0000	0.9918	0.0000	0.0000	0.0000	0.0000	0.0000
0.0000	0.0000	0.0000	0.0000	0.0000	0.0000	0.0000	0.0000	1.0000	0.0000	0.0000	0.0000
0.0000	0.0000	0.0000	0.0000	0.0000	0.0000	0.5875	0.0000	0.4125	0.0000	0.0000	0.0000
0.0000	0.0000	0.0000	0.0000	0.0000	0.0000	0.9559	0.0000	0.0441	0.0000	0.0000	0.0000
0.0000	0.0000	0.9471	0.0000	0.0000	0.0000	0.0529	0.0000	0.0000	0.0000	0.0000	0.0000
0.0000	0.0000	0.0000	0.0000	0.0000	0.0000	0.9846	0.0000	0.0154	0.0000	0.0000	0.0000
0.0000	0.0000	0.0000	0.0000	0.0000	0.0000	0.0000	0.0000	1.0000	0.0000	0.0000	0.0000
0.0000	0.0000	0.9999	0.0000	0.0000	0.0000	0.0001	0.0000	0.0000	0.0000	0.0000	0.0000
0.0000	0.0000	0.0000	0.0000	0.0000	0.0000	1.0000	0.0000	0.0000	0.0000	0.0000	0.0000
0.0000	0.0000	0.0000	0.0000	0.0000	0.0000	1.0000	0.0000	0.0000	0.0000	0.0000	0.0000
0.0000	0.0000	0.0000	0.0000	0.0000	0.0000	1.0000	0.0000	0.0000	0.0000	0.0000	0.0000
0.0000	0.0000	0.0000	0.0000	0.0000	0.0000	0.0000	0.0000	1.0000	0.0000	0.0000	0.0000
0.0000	0.0000	0.9982	0.0000	0.0000	0.0000	0.0018	0.0000	0.0000	0.0000	0.0000	0.0000
0.0000	0.0000	0.0000	0.0000	0.0000	0.0000	1.0000	0.0000	0.0000	0.0000	0.0000	0.0000
0.0000	0.0000	0.0000	0.0000	0.0000	0.0000	0.0000	0.0000	1.0000	0.0000	0.0000	0.0000
0.0000	0.0000	0.0000	0.0000	0.0000	0.0000	0.0022	0.0000	0.9978	0.0000	0.0000	0.0000
0.0000	0.0000	0.0000	0.0000	0.0000	0.0000	1.0000	0.0000	0.0000	0.0000	0.0000	0.0000
