0.0068	0.0000	0.0000	0.0000	0.0000	0.0000	0.0966	0.0000	0.0000	0.0001	0.0002	0.8964
0.0000	0.0000	0.0000	0.0000	0.0000	0.0000	0.0000	0.0000	0.0999	0.7434	0.1567	0.0000
0.0000	0.0000	0.0000	0.0000	0.0000	0.0000	0.0000	0.0000	0.0000	1.0000	0.0000	0.0000
0.0044	0.0000	0.0000	0.0000	0.0000	0.0000	0.0000	0.0000	0.0000	0.9956	0.0000	0.0000
0.0000	0.0000	0.9752	0.0000	0.0000	0.0000	0.0248	0.0000	0.0000	0.0000	0.0000	0.0000
0.0000	0.0000	0.0001	0.0000	0.0000	0.0000	0.5901	0.0040	0.0000	0.0327	0.0016	0.3715
1.0000	0.0000	0.0000	0.0000	0.0000	0.0000	0.0000	0.0000	0.0000	0.0000	0.0000	0.0000
0.0000	0.0000	0.0000	0.0000	0.0000	0.0000	0.8842	0.0002	0.0000	0.0103	0.0000	0.1053
0.0026	0.0000	0.0000	0.0000	0.0000	0.0000	0.0000	0.0000	0.9974	0.0000	0.0000	0.0000
0.0000	0.0002	0.0506	0.0000	0.0000	0.0010	0.7939	0.1170	0.0000	0.0000	0.0000	0.0374
0.0000	0.0000	0.0000	0.0000	0.0000	0.0000	0.0000	0.0000	0.0000	1.0000	0.0000	0.0000
0.0000	0.0000	0.0000	0.0000	1.0000	0.0000	0.0000	0.0000	0.0000	0.0000	0.0000	0.0000
0.0000	0.0000	0.1043	0.0000	0.0000	0.0000	0.8732	0.0000	0.0000	0.0000	0.0000	0.0224
0.2644	0.0000	0.0000	0.0000	0.0000	0.0139	0.0162	0.0004	0.0000	0.6826	0.0000	0.0226
0.0211	0.0000	0.0000	0.0000	0.0000	0.0002	0.5223	0.4377	0.0000	0.0142	0.0000	0.0045
0.0000	0.0000	0.0000	0.0000	0.0000	0.0000	0.0002	0.0000	0.0000	0.6055	0.0000	0.3943
0.0000	0.0000	0.0000	0.0000	1.0000	0.0000	0.0000	0.0000	0.0000	0.0000	0.0000	0.0000
0.0000	0.0006	0.0005	0.0000	0.0000	0.0463	0.1773	0.7753	0.0000	0.0000	0.0000	0.0000
0.0004	0.0001	0.0054	0.0000	0.0000	0.0001	0.0771	0.0462	0.0000	0.0173	0.0000	0.8533
0.9819	0.0000	0.0000	0.0000	0.0000	0.0000	0.0000	0.0000	0.0181	0.0000	0.0000	0.0000
0.0003	0.0000	0.0000	0.0000	0.0000	0.0000	0.8142	0.1602	0.0000	0.0183	0.0005	0.0064
0.0000	0.0000	0.0000	0.0000	0.0000	0.0000	0.0000	0.0000	0.0000	1.0000	0.0000	0.0000
0.0000	0.9974	0.0000	0.0000	0.0000	0.0000	0.0000	0.0026	0.0000	0.0000	0.0000	0.0000
0.0000	0.0000	0.0000	0.0000	0.0000	0.0000	0.3893	0.0000	0.0000	0.0271	0.0000	0.5836
0.9451	0.0000	0.0003	0.0000	0.0000	0.0205	0.0000	0.0000	0.0000	0.0290	0.0000	0.0050
0.0000	0.0000	0.0000	0.0000	0.0000	0.0001	0.0038	0.0415	0.0000	0.0100	0.0000	0.9446
0.0000	0.0000	0.0000	0.0000	0.0000	0.0000	0.0000	0.0000	1.0000	0.0000	0.0000	0.0000
0.0000	0.0000	0.0000	0.0000	0.0000	0.0000	0.0000	0.0000	0.0000	0.9997	0.0000	0.0003
0.0008	0.0034	0.4176	0.0000	0.0000	0.5708	0.0000	0.0000	0.0000	0.0073	0.0000	0.0000
1.0000	0.0000	0.0000	0.0000	0.0000	0.0000	0.0000	0.0000	0.0000	0.0000	0.0000	0.0000
0.0000	0.0000	0.0000	0.0000	0.0000	0.0000	0.0000	0.0003	0.0000	0.9996	0.0000	0.0000
0.0005	0.0000	0.0000	0.0000	0.0000	0.0000	0.0039	0.0000	0.0000	0.2708	0.0003	0.7245
0.0000	0.0000	0.0000	0.0000	0.0000	0.0000	0.0000	0.0000	1.0000	0.0000	0.0000	0.0000
0.0000	0.0458	0.7766	0.0000	0.0000	0.1754	0.0008	0.0015	0.0000	0.0000	0.0000	0.0000
0.0000	0.0000	0.0000	1.0000	0.0000	0.0000	0.0000	0.0000	0.0000	0.0000	0.0000	0.0000
0.0000	0.0000	0.0000	0.0000	0.0000	0.0000	0.0000	0.0000	0.0007	0.9993	0.0000	0.0000
0.0000	0.3234	0.6141	0.0000	0.0000	0.0606	0.0003	0.0017	0.0000	0.0000	0.0000	0.0000
0.0000	0.3235	0.0000	0.0000	0.0000	0.0044	0.0077	0.6641	0.0000	0.0001	0.0000	0.0001
1.0000	0.0000	0.0000	0.0000	0.0000	0.0000	0.0000	0.0000	0.0000	0.0000	0.0000	0.0000
0.0000	0.0000	0.0003	0.0000	0.0000	0.0000	0.0000	0.9841	0.0000	0.0000	0.0000	0.0155
0.0000	0.0000	0.0000	0.0000	0.0000	0.0000	0.0000	0.0000	1.0000	0.0000	0.0000	0.0000
0.0000	0.0146	0.5210	0.0000	0.0000	0.4591	0.0025	0.0023	0.0000	0.0000	0.0000	0.0005
0.0000	0.0000	0.0000	0.0000	0.0000	0.0000	0.0000	0.0000	0.0000	0.9990	0.0000	0.0010
0.0000	0.0000	0.0000	0.0000	0.0000	0.0000	0.0000	0.0000	0.0000	0.0019	0.7429	0.2553
0.0000	0.0003	0.0665	0.0000	0.0000	0.9317	0.0000	0.0008	0.0000	0.0000	0.0000	0.0007
0.0000	0.1732	0.0621	0.0000	0.0000	0.2711	0.0998	0.3746	0.0000	0.0000	0.0000	0.0192
0.0000	0.2198	0.5305	0.0000	0.0000	0.1121	0.0015	0.1115	0.0000	0.0000	0.0000	0.0245
0.0101	0.0000	0.0008	0.0000	0.0000	0.0000	0.0000	0.0000	0.9023	0.0400	0.0004	0.0464
0.0000	0.0000	0.9469	0.0000	0.0000	0.0000	0.0051	0.0000	0.0000	0.0000	0.0245	0.0235
0.0000	0.0000	0.0000	0.0000	0.0000	0.0000	0.0000	0.0000	0.0000	0.9850	0.0150	0.0000
0.0000	0.0000	0.0000	0.0000	0.0000	0.0000	0.0000	0.0000	0.0000	1.0000	0.0000	0.0000
0.0000	0.0000	0.0000	0.0000	0.0000	0.0006	0.7927	0.1817	0.0000	0.0000	0.0000	0.0250
0.9644	0.0000	0.0000	0.0000	0.0000	0.0000	0.0026	0.0020	0.0000	0.0309	0.0000	0.0001
0.0000	0.0000	0.0000	0.0000	0.0000	0.0000	0.0000	0.0000	0.0000	0.0000	1.0000	0.0000
0.0000	0.1406	0.7959	0.0000	0.0000	0.0038	0.0527	0.0061	0.0000	0.0000	0.0000	0.0008
0.2093	0.0017	0.0075	0.0000	0.0000	0.0000	0.7595	0.0013	0.0000	0.0130	0.0000	0.0076
0.0002	0.0000	0.0003	0.0000	0.0000	0.0000	0.5747	0.1995	0.0000	0.0246	0.0000	0.2006
0.0000	0.0000	0.0000	0.0000	0.0000	0.0000	0.9826	0.0171	0.0000	0.0001	0.0000	0.0003
0.0000	0.0000	0.0000	0.0000	0.0000	0.0000	0.9949	0.0029	0.0000	0.0010	0.0004	0.0008
0.0000	0.0000	0.0000	0.0000	0.0000	0.0000	0.0000	0.0000	0.0000	0.0000	0.0000	1.0000
0.0054	0.0000	0.0000	0.0000	0.0000	0.0003	0.8215	0.0383	0.0000	0.0087	0.0000	0.1257
0.0063	0.0000	0.0000	0.0000	0.0000	0.0001	0.5335	0.0001	0.0000	0.0438	0.0000	0.4162
0.3921	0.0000	0.0000	0.0000	0.0000	0.0000	0.5916	0.0092	0.0000	0.0009	0.0009	0.0053
0.0000	0.0000	0.0000	0.0000	0.0000	0.0000	0.0002	0.0000	0.0000	0.0152	0.0000	0.9847
0.0000	0.0000	0.5494	0.0000	0.0000	0.0018	0.4471	0.0009	0.0000	0.0000	0.0000	0.0007
0.0000	0.0000	0.0246	0.0000	0.0000	0.0020	0.9483	0.0004	0.0000	0.0000	0.0000	0.0247
0.0000	0.0000	0.0000	0.0000	0.0000	0.0000	0.0000	0.0000	0.0000	1.0000	0.0000	0.0000
0.0000	0.0000	0.0000	0.0000	0.0000	0.0126	0.0009	0.0003	0.0000	0.0013	0.0000	0.9849
0.0000	0.0000	0.0000	0.0347	0.0000	0.0000	0.0000	0.0481	0.0000	0.9171	0.0000	0.0001
0.0000	0.0001	0.0000	0.0000	0.0000	0.0006	0.9814	0.0012	0.0000	0.0000	0.0000	0.0167
0.0000	0.0012	0.2831	0.0000	0.0000	0.7131	0.0000	0.0001	0.0000	0.0000	0.0000	0.0025
0.0003	0.0000	0.0006	0.0000	0.0000	0.7743	0.0004	0.0044	0.0000	0.0009	0.0000	0.2191
0.0000	0.0000	0.0021	0.0000	0.0000	0.0000	0.3958	0.6019	0.0000	0.0000	0.0000	0.0002
0.0000	0.0000	0.0000	0.0000	0.0000	0.0000	0.0000	0.0000	1.0000	0.0000	0.0000	0.0000
0.0000	0.0000	0.0000	0.0000	0.0000	0.0000	0.9753	0.0005	0.0000	0.0000	0.0000	0.0242
0.0000	0.0000	0.0000	0.0000	0.0000	0.0000	0.0000	0.0000	0.0000	1.0000	0.0000	0.0000
0.0000	0.0000	0.9994	0.0000	0.0000	0.0000	0.0005	0.0001	0.0000	0.0000	0.0000	0.0000
0.8393	0.0000	0.0000	0.0000	0.0000	0.0027	0.0000	0.0001	0.0000	0.1579	0.0000	0.0000
0.0000	0.0000	0.9617	0.0000	0.0000	0.0000	0.0383	0.0000	0.0000	0.0000	0.0000	0.0000
0.0000	0.0000	0.0000	0.9827	0.0000	0.0000	0.0000	0.0000	0.0000	0.0173	0.0000	0.0000
0.0000	0.0000	0.0001	0.0000	0.0000	0.0000	0.0000	0.0000	0.0000	0.0002	0.0000	0.9997
0.0000	0.0000	0.0000	0.0045	0.0000	0.0000	0.0000	0.0000	0.0000	0.9953	0.0000	0.0002
0.0004	0.0000	0.0000	0.0000	0.0000	0.0000	0.8289	0.0000	0.0000	0.1647	0.0000	0.0060
0.0000	0.0000	0.0000	0.0000	0.0000	0.0000	0.0000	0.0000	0.0000	0.6772	0.0242	0.2986
0.0006	0.0000	0.0002	0.0000	0.0000	0.0000	0.0000	0.9992	0.0000	0.0000	0.0000	0.0000
0.0000	0.0000	0.0178	0.0000	0.0000	0.0001	0.9530	0.0045	0.0000	0.0000	0.0000	0.0246
0.0000	0.0000	0.0000	0.0000	0.0000	0.0000	0.0000	0.0000	0.0000	0.0000	0.0000	1.0000
0.0000	0.0000	0.0000	0.0000	0.0000	0.0000	0.0000	0.0000	0.0000	0.0000	0.0000	1.0000
0.0000	0.0000	0.0005	0.0000	0.0000	0.0000	0.0000	0.0000	0.0000	0.0000	0.0000	0.9995
0.0000	0.0000	1.0000	0.0000	0.0000	0.0000	0.0000	0.0000	0.0000	0.0000	0.0000	0.0000
0.0000	0.0000	0.9999	0.0000	0.0000	0.0000	0.0000	0.0000	0.0000	0.0000	0.0000	0.0001
0.0000	0.0000	0.9993	0.0000	0.0000	0.0007	0.0000	0.0000	0.0000	0.0000	0.0000	0.0000
0.0000	0.0000	0.9850	0.0000	0.0000	0.0001	0.0000	0.0000	0.0000	0.0000	0.0000	0.0150
0.0000	0.0000	0.0000	0.0000	0.0000	0.0000	0.0000	0.0000	0.0000	0.0000	0.0000	1.0000
0.0000	0.0000	0.9888	0.0000	0.0000	0.0000	0.0000	0.0000	0.0000	0.0000	0.0000	0.0112
0.0000	0.0000	0.5237	0.0000	0.0000	0.0000	0.0000	0.0000	0.0000	0.0000	0.0000	0.4763
0.0000	0.0000	0.0000	0.0000	0.0000	0.0000	0.0000	0.0000	0.0000	0.0000	0.0000	1.0000
0.0000	0.0000	0.0000	0.0000	0.0000	0.0000	0.0000	0.0000	0.0000	0.0000	0.0000	1.0000
0.0000	0.0000	0.0000	0.0000	0.0000	0.0000	0.0000	0.0000	0.0000	0.0000	0.0000	1.0000
0.0000	0.0000	0.9996	0.0000	0.0000	0.0000	0.0000	0.0000	0.0000	0.0000	0.0000	0.0004
0.0000	0.0000	0.9991	0.0000	0.0000	0.0009	0.0000	0.0000	0.0000	0.0000	0.0000	0.0000
0.0000	0.0000	0.9731	0.0000	0.0000	0.0000	0.0000	0.0000	0.0000	0.0000	0.0000	0.0269
0.0000	0.0000	0.9998	0.0000	0.0000	0.0000	0.0000	0.0000	0.0000	0.0000	0.0000	0.0002
0.0000	0.0000	0.0000	0.0000	0.0000	0.0000	0.0000	0.0000	0.0000	0.0000	0.0000	1.0000
0.0000	0.0000	0.9974	0.0000	0.0000	0.0000	0.0000	0.0000	0.0000	0.0003	0.0000	0.0023
0.0000	0.0000	0.9986	0.0000	0.0000	0.0000	0.0000	0.0000	0.0000	0.0000	0.0000	0.0014
0.0000	0.0000	0.0000	0.0000	0.0000	0.0000	0.0000	0.0000	1.0000	0.0000	0.0000	0.0000
0.0000	0.0000	0.0000	0.0000	0.0000	0.0000	1.0000	0.0000	0.0000	0.0000	0.0000	0.0000
0.0000	0.0000	0.0000	0.0000	0.0000	0.0000	0.0000	0.0000	1.0000	0.0000	0.0000	0.0000
0.0000	0.0000	0.0000	0.0000	0.0000	0.0000	0.0000	0.0000	1.0000	0.0000	0.0000	0.0000
0.0000	0.0000	0.0000	0.0000	0.0000	0.0000	1.0000	0.0000	0.0000	0.0000	0.0000	0.0000
0.0000	0.0000	0.0000	0.0000	0.0000	0.0000	0.0000	0.0000	1.0000	0.0000	0.0000	0.0000
0.0000	0.0000	0.0000	0.0000	0.0000	0.0000	0.0000	0.0000	1.0000	0.0000	0.0000	0.0000
0.0000	0.0000	0.9779	0.0000	0.0000	0.0000	0.0221	0.0000	0.0000	0.0000	0.0000	0.0000
0.0000	0.0000	0.9933	0.0000	0.0000	0.0000	0.0067	0.0000	0.0000	0.0000	0.0000	0.0000
0.0000	0.0000	0.0023	0.0000	0.0000	0.0000	0.9977	0.0000	0.0000	0.0000	0.0000	0.0000
0.0000	0.0000	0.0004	0.0000	0.0000	0.0000	0.9996	0.0000	0.0000	0.0000	0.0000	0.0000
0.0000	0.0000	0.0000	0.0000	0.0000	0.0000	0.0000	0.0000	1.0000	0.0000	0.0000	0.0000
0.0000	0.0000	0.0000	0.0000	0.0000	0.0000	0.4888	0.0000	0.5112	0.0000	0.0000	0.0000
0.0000	0.0000	0.0000	0.0000	0.0000	0.0000	0.0527	0.0000	0.9473	0.0000	0.0000	0.0000
0.0000	0.0000	0.9527	0.0000	0.0000	0.0000	0.0473	0.0000	0.0000	0.0000	0.0000	0.0000
0.0000	0.0000	0.0000	0.0000	0.0000	0.0000	1.0000	0.0000	0.0000	0.0000	0.0000	0.0000
0.0000	0.0000	0.0000	0.0000	0.0000	0.0000	0.0000	0.0000	1.0000	0.0000	0.0000	0.0000
0.0000	0.0000	0.9989	0.0000	0.0000	0.0000	0.0011	0.0000	0.0000	0.0000	0.0000	0.0000
0.0000	0.0000	0.0000	0.0000	0.0000	0.0000	1.0000	0.0000	0.0000	0.0000	0.0000	0.0000
0.0000	0.0000	0.0001	0.0000	0.0000	0.0000	0.9999	0.0000	0.0000	0.0000	0.0000	0.0000
0.0000	0.0000	0.0000	0.0000	0.0000	0.0000	1.0000	0.0000	0.0000	0.0000	0.0000	0.0000
0.0000	0.0000	0.0000	0.0000	0.0000	0.0000	0.0000	0.0000	1.0000	0.0000	0.0000	0.0000
0.0000	0.0000	0.9830	0.0000	0.0000	0.0000	0.0170	0.0000	0.0000	0.0000	0.0000	0.0000
0.0000	0.0000	0.0000	0.0000	0.0000	0.0000	1.0000	0.0000	0.0000	0.0000	0.0000	0.0000
0.0000	0.0000	0.0000	0.0000	0.0000	0.0000	0.0000	0.0000	1.0000	0.0000	0.0000	0.0000
0.0000	0.0000	0.0000	0.0000	0.0000	0.0000	0.0001	0.0000	0.9999	0.0000	0.0000	0.0000
0.0000	0.0000	0.0000	0.0000	0.0000	0.0000	1.0000	0.0000	0.0000	0.0000	0.0000	0.0000
