0.0003	0.0000	0.0009	0.0000	0.0000	0.0000	0.0047	0.0000	0.0000	0.0002	0.0028	0.9911
0.0001	0.0000	0.0000	0.0000	0.0000	0.0000	0.0000	0.0000	0.0001	0.9997	0.0000	0.0000
0.0000	0.0000	0.0000	0.0000	0.0000	0.0000	0.0000	0.0000	0.0000	1.0000	0.0000	0.0000
0.0026	0.0000	0.0000	0.0000	0.0000	0.0000	0.0000	0.0000	0.0000	0.9974	0.0000	0.0000
0.0000	0.0000	0.9709	0.0000	0.0000	0.0000	0.0291	0.0000	0.0000	0.0000	0.0000	0.0000
0.0000	0.0000	0.0005	0.0000	0.0000	0.0001	0.9346	0.0118	0.0000	0.0111	0.0406	0.0014
1.0000	0.0000	0.0000	0.0000	0.0000	0.0000	0.0000	0.0000	0.0000	0.0000	0.0000	0.0000
0.0000	0.0000	0.0008	0.0000	0.0000	0.0074	0.9772	0.0010	0.0000	0.0000	0.0008	0.0128
0.5482	0.0000	0.0000	0.0000	0.0000	0.0000	0.0000	0.0000	0.4518	0.0000	0.0000	0.0000
0.0000	0.0024	0.0943	0.0000	0.0000	0.1663	0.4551	0.2796	0.0000	0.0000	0.0002	0.0021
0.0000	0.0000	0.0000	0.0000	0.0000	0.0000	0.0000	0.0000	0.0000	1.0000	0.0000	0.0000
0.0000	0.0000	0.0000	0.0000	1.0000	0.0000	0.0000	0.0000	0.0000	0.0000	0.0000	0.0000
0.0000	0.0000	0.1728	0.0000	0.0000	0.0108	0.8113	0.0002	0.0000	0.0000	0.0000	0.0049
0.6054	0.0000	0.0003	0.0000	0.0000	0.3003	0.0062	0.0003	0.0000	0.0860	0.0001	0.0015
0.0008	0.0000	0.0001	0.0000	0.0000	0.0086	0.7260	0.2429	0.0000	0.0196	0.0000	0.0020
0.0000	0.0000	0.0000	0.0000	0.0000	0.0000	0.0017	0.0000	0.0000	0.7184	0.0000	0.2799
0.0000	0.0000	0.0000	0.0000	1.0000	0.0000	0.0000	0.0000	0.0000	0.0000	0.0000	0.0000
0.0000	0.0542	0.0347	0.0000	0.0000	0.0273	0.1724	0.7113	0.0000	0.0000	0.0000	0.0000
0.0000	0.0028	0.0174	0.0000	0.0000	0.0346	0.8699	0.0474	0.0000	0.0007	0.0000	0.0271
1.0000	0.0000	0.0000	0.0000	0.0000	0.0000	0.0000	0.0000	0.0000	0.0000	0.0000	0.0000
0.0000	0.0001	0.0037	0.0000	0.0000	0.0088	0.5825	0.3742	0.0000	0.0000	0.0303	0.0004
0.0000	0.0000	0.0000	0.0000	0.0000	0.0000	0.0000	0.0000	0.0000	1.0000	0.0000	0.0000
0.0000	0.9998	0.0000	0.0000	0.0000	0.0000	0.0000	0.0002	0.0000	0.0000	0.0000	0.0000
0.0000	0.0000	0.0005	0.0000	0.0000	0.0000	0.9915	0.0001	0.0000	0.0000	0.0007	0.0072
0.9919	0.0035	0.0000	0.0000	0.0000	0.0045	0.0000	0.0000	0.0000	0.0000	0.0000	0.0000
0.0000	0.0000	0.0000	0.0000	0.0000	0.8553	0.0913	0.0182	0.0000	0.0018	0.0000	0.0334
0.0000	0.0000	0.0000	0.0000	0.0000	0.0000	0.0000	0.0000	1.0000	0.0000	0.0000	0.0000
0.0000	0.0000	0.0000	0.2776	0.0000	0.0000	0.0000	0.0000	0.0000	0.7224	0.0000	0.0000
0.0017	0.0000	0.0000	0.0000	0.0000	0.9981	0.0000	0.0000	0.0000	0.0003	0.0000	0.0000
1.0000	0.0000	0.0000	0.0000	0.0000	0.0000	0.0000	0.0000	0.0000	0.0000	0.0000	0.0000
0.0000	0.0001	0.0000	0.0000	0.0000	0.0009	0.0092	0.6589	0.0000	0.3308	0.0001	0.0000
0.0000	0.2312	0.0253	0.0000	0.0000	0.0190	0.0977	0.0482	0.0000	0.0113	0.4109	0.1564
0.0000	0.0000	0.0000	0.0000	0.0000	0.0000	0.0000	0.0000	1.0000	0.0000	0.0000	0.0000
0.0000	0.5682	0.0919	0.0000	0.0000	0.3319	0.0022	0.0057	0.0000	0.0000	0.0000	0.0000
0.0000	0.0000	0.0000	1.0000	0.0000	0.0000	0.0000	0.0000	0.0000	0.0000	0.0000	0.0000
0.0000	0.0000	0.0000	0.0000	0.0000	0.0000	0.0000	0.0000	0.0005	0.9995	0.0000	0.0000
0.0000	0.7845	0.1233	0.0000	0.0000	0.0813	0.0011	0.0097	0.0000	0.0000	0.0000	0.0000
0.0000	0.2665	0.0000	0.0000	0.0000	0.0059	0.0018	0.7258	0.0000	0.0000	0.0000	0.0000
1.0000	0.0000	0.0000	0.0000	0.0000	0.0000	0.0000	0.0000	0.0000	0.0000	0.0000	0.0000
0.0000	0.0000	0.1219	0.0000	0.0000	0.0012	0.0013	0.6134	0.0000	0.0000	0.0692	0.1930
0.0000	0.0000	0.0000	0.0000	0.0000	0.0000	0.0000	0.0000	1.0000	0.0000	0.0000	0.0000
0.0000	0.0814	0.0725	0.0000	0.0000	0.8445	0.0006	0.0010	0.0000	0.0000	0.0000	0.0000
0.0000	0.0000	0.0000	0.0000	0.0000	0.0000	0.0000	0.0000	0.0000	1.0000	0.0000	0.0000
0.0000	0.0000	0.0000	0.0000	0.0000	0.0000	0.0000	0.0000	0.0000	0.0000	1.0000	0.0000
0.0000	0.0001	0.0024	0.0000	0.0000	0.9975	0.0000	0.0000	0.0000	0.0000	0.0000	0.0000
0.0000	0.8975	0.0303	0.0000	0.0000	0.0503	0.0018	0.0199	0.0000	0.0000	0.0000	0.0001
0.0000	0.2458	0.7035	0.0000	0.0000	0.0211	0.0003	0.0262	0.0000	0.0000	0.0002	0.0030
0.0002	0.0000	0.0012	0.0000	0.0000	0.0000	0.0004	0.0000	0.0000	0.0001	0.0003	0.9977
0.0000	0.0000	0.1862	0.0000	0.0000	0.0000	0.0027	0.0000	0.0000	0.0001	0.0001	0.8109
0.0000	0.0000	0.0000	0.0000	0.0000	0.0000	0.0000	0.0000	0.0000	1.0000	0.0000	0.0000
0.0000	0.0000	0.0000	0.0000	0.0000	0.0000	0.0000	0.0000	0.0000	1.0000	0.0000	0.0000
0.0000	0.0000	0.0000	0.0000	0.0000	0.0025	0.9005	0.0969	0.0000	0.0000	0.0000	0.0001
0.1506	0.0381	0.0000	0.0000	0.0000	0.2528	0.0016	0.0261	0.0000	0.5302	0.0006	0.0000
0.0000	0.0000	0.0000	0.0000	0.0000	0.0000	0.0000	0.0000	0.0000	0.0000	1.0000	0.0000
0.0000	0.5122	0.2591	0.0000	0.0000	0.1652	0.0459	0.0175	0.0000	0.0000	0.0000	0.0000
0.0000	0.0103	0.0011	0.0000	0.0000	0.8226	0.1605	0.0051	0.0000	0.0000	0.0001	0.0003
0.0000	0.0050	0.0183	0.0000	0.0000	0.0049	0.8198	0.1443	0.0000	0.0000	0.0006	0.0071
0.0000	0.0000	0.0000	0.0000	0.0000	0.0000	0.9944	0.0055	0.0000	0.0000	0.0000	0.0001
0.0000	0.0000	0.0000	0.0000	0.0000	0.0000	0.9998	0.0002	0.0000	0.0000	0.0000	0.0000
0.0000	0.0000	0.0000	0.0000	0.0000	0.0000	0.0000	0.0000	0.0000	0.0000	0.0000	0.9999
0.0013	0.0000	0.0000	0.0000	0.0000	0.0006	0.9470	0.0338	0.0000	0.0045	0.0001	0.0127
0.0692	0.0000	0.0000	0.0000	0.0000	0.0004	0.7105	0.0009	0.0000	0.1147	0.0000	0.1043
0.1073	0.0000	0.0000	0.0000	0.0000	0.0005	0.8386	0.0144	0.0000	0.0009	0.0328	0.0056
0.0000	0.0000	0.0000	0.0000	0.0000	0.0000	0.0324	0.0000	0.0000	0.0002	0.0159	0.9514
0.0000	0.0006	0.6022	0.0000	0.0000	0.1914	0.1959	0.0098	0.0000	0.0000	0.0001	0.0000
0.0000	0.0000	0.3914	0.0000	0.0000	0.1528	0.4428	0.0121	0.0000	0.0000	0.0004	0.0006
0.0000	0.0000	0.0000	0.0000	0.0000	0.0000	0.0000	0.0000	0.0000	1.0000	0.0000	0.0000
0.0001	0.0000	0.0025	0.0000	0.0000	0.3742	0.1803	0.0062	0.0000	0.0017	0.0003	0.4348
0.0000	0.0000	0.0000	0.0019	0.0000	0.0000	0.0000	0.0001	0.0004	0.9969	0.0007	0.0000
0.0002	0.9952	0.0000	0.0000	0.0000	0.0000	0.0017	0.0025	0.0000	0.0000	0.0001	0.0003
0.0000	0.0032	0.0699	0.0000	0.0000	0.9269	0.0000	0.0000	0.0000	0.0000	0.0000	0.0000
0.0683	0.0002	0.0015	0.0000	0.0000	0.6275	0.0017	0.0045	0.0000	0.0001	0.0014	0.2947
0.0000	0.0000	0.0036	0.0000	0.0000	0.0000	0.3597	0.6361	0.0000	0.0000	0.0006	0.0000
0.0000	0.0000	0.0000	0.0000	0.0000	0.0000	0.0000	0.0000	1.0000	0.0000	0.0000	0.0000
0.0000	0.0000	0.0000	0.0000	0.0000	0.0000	0.9878	0.0048	0.0000	0.0000	0.0000	0.0074
0.0000	0.0000	0.0000	0.0000	0.0000	0.0000	0.0000	0.0000	0.0000	1.0000	0.0000	0.0000
0.0000	0.0000	0.9873	0.0000	0.0000	0.0000	0.0071	0.0055	0.0000	0.0000	0.0000	0.0000
0.0001	0.0000	0.0000	0.0000	0.0000	0.9944	0.0000	0.0000	0.0000	0.0055	0.0000	0.0000
0.0000	0.0000	0.6829	0.0000	0.0000	0.0000	0.3079	0.0092	0.0000	0.0000	0.0000	0.0000
0.0001	0.0000	0.0000	0.0156	0.0000	0.0000	0.0000	0.0000	0.0000	0.9836	0.0008	0.0000
0.0001	0.0000	0.1106	0.0000	0.0000	0.0018	0.0005	0.0002	0.0000	0.0006	0.0038	0.8824
0.0000	0.0000	0.0000	0.0000	0.0000	0.0000	0.0000	0.0000	0.0000	0.9980	0.0020	0.0000
0.0000	0.0000	0.0000	0.0000	0.0000	0.0000	0.0006	0.0000	0.0000	0.9994	0.0000	0.0000
0.0000	0.0000	0.0000	0.0000	0.0000	0.0000	0.0000	0.0000	0.0000	0.0000	1.0000	0.0000
0.0000	0.0012	0.0000	0.0000	0.0000	0.0000	0.0000	0.9988	0.0000	0.0000	0.0000	0.0000
0.0000	0.0020	0.2839	0.0000	0.0000	0.0000	0.6717	0.0255	0.0000	0.0000	0.0000	0.0169
0.0000	0.0000	0.0000	0.0000	0.0000	0.0000	0.0000	0.0000	0.0000	0.0000	0.0000	1.0000
0.0000	0.0000	0.0000	0.0000	0.0000	0.0000	0.0000	0.0000	0.0000	0.0000	0.0000	1.0000
0.0000	0.0000	0.0000	0.0000	0.0000	0.0000	0.0053	0.0000	0.0000	0.0000	0.0000	0.9947
0.0000	0.0000	1.0000	0.0000	0.0000	0.0000	0.0000	0.0000	0.0000	0.0000	0.0000	0.0000
0.0000	0.0000	1.0000	0.0000	0.0000	0.0000	0.0000	0.0000	0.0000	0.0000	0.0000	0.0000
0.0000	0.0000	0.9999	0.0000	0.0000	0.0000	0.0000	0.0000	0.0000	0.0000	0.0000	0.0001
0.0000	0.0000	0.9861	0.0000	0.0000	0.0000	0.0000	0.0000	0.0000	0.0000	0.0000	0.0139
0.0000	0.0000	0.0000	0.0000	0.0000	0.0000	0.0000	0.0000	0.0000	0.0000	0.0000	1.0000
0.0000	0.0000	0.9844	0.0000	0.0000	0.0000	0.0000	0.0000	0.0000	0.0000	0.0000	0.0156
0.0000	0.0000	0.9727	0.0000	0.0000	0.0000	0.0000	0.0000	0.0000	0.0000	0.0000	0.0273
0.0000	0.0000	0.0000	0.0000	0.0000	0.0000	0.0000	0.0000	0.0000	0.0000	0.0000	1.0000
0.0000	0.0000	0.0000	0.0000	0.0000	0.0000	0.0000	0.0000	0.0000	0.0000	0.0000	1.0000
0.0000	0.0000	0.0000	0.0000	0.0000	0.0000	0.0000	0.0000	0.0000	0.0000	0.0000	1.0000
0.0000	0.0000	0.9990	0.0000	0.0000	0.0000	0.0000	0.0000	0.0000	0.0000	0.0000	0.0009
0.0000	0.0000	0.9999	0.0000	0.0000	0.0000	0.0000	0.0000	0.0000	0.0000	0.0000	0.0001
0.0000	0.0000	0.9618	0.0000	0.0000	0.0000	0.0000	0.0000	0.0000	0.0000	0.0000	0.0382
0.0000	0.0000	0.9994	0.0000	0.0000	0.0000	0.0000	0.0000	0.0000	0.0000	0.0000	0.0006
0.0000	0.0000	0.0000	0.0000	0.0000	0.0000	0.0000	0.0000	0.0000	0.0000	0.0000	1.0000
0.0000	0.0000	0.9974	0.0000	0.0000	0.0000	0.0000	0.0000	0.0000	0.0000	0.0000	0.0026
0.0000	0.0000	0.9986	0.0000	0.0000	0.0000	0.0000	0.0000	0.0000	0.0000	0.0000	0.0014
0.0000	0.0000	0.0000	0.0000	0.0000	0.0000	0.0000	0.0000	1.0000	0.0000	0.0000	0.0000
0.0000	0.0000	0.0000	0.0000	0.0000	0.0000	1.0000	0.0000	0.0000	0.0000	0.0000	0.0000
0.0000	0.0000	0.0000	0.0000	0.0000	0.0000	0.0000	0.0000	1.0000	0.0000	0.0000	0.0000
0.0000	0.0000	0.0000	0.0000	0.0000	0.0000	0.0000	0.0000	1.0000	0.0000	0.0000	0.0000
0.0000	0.0000	0.0000	0.0000	0.0000	0.0000	1.0000	0.0000	0.0000	0.0000	0.0000	0.0000
0.0000	0.0000	0.0000	0.0000	0.0000	0.0000	0.0000	0.0000	1.0000	0.0000	0.0000	0.0000
0.0000	0.0000	0.0000	0.0000	0.0000	0.0000	0.0000	0.0000	1.0000	0.0000	0.0000	0.0000
0.0000	0.0000	0.9655	0.0000	0.0000	0.0000	0.0345	0.0000	0.0000	0.0000	0.0000	0.0000
0.0000	0.0000	0.9506	0.0000	0.0000	0.0000	0.0494	0.0000	0.0000	0.0000	0.0000	0.0000
0.0000	0.0000	0.0476	0.0000	0.0000	0.0000	0.9524	0.0000	0.0000	0.0000	0.0000	0.0000
0.0000	0.0000	0.0100	0.0000	0.0000	0.0000	0.9900	0.0000	0.0000	0.0000	0.0000	0.0000
0.0000	0.0000	0.0000	0.0000	0.0000	0.0000	0.0000	0.0000	1.0000	0.0000	0.0000	0.0000
0.0000	0.0000	0.0000	0.0000	0.0000	0.0000	0.0061	0.0000	0.9939	0.0000	0.0000	0.0000
0.0001	0.0000	0.0001	0.0000	0.0000	0.0000	0.1520	0.0000	0.8478	0.0000	0.0000	0.0000
0.0000	0.0000	0.9904	0.0000	0.0000	0.0000	0.0096	0.0000	0.0000	0.0000	0.0000	0.0000
0.0000	0.0000	0.0002	0.0000	0.0000	0.0000	0.1994	0.0000	0.8004	0.0000	0.0000	0.0000
0.0000	0.0000	0.0000	0.0000	0.0000	0.0000	0.0000	0.0000	1.0000	0.0000	0.0000	0.0000
0.0000	0.0000	0.9927	0.0000	0.0000	0.0000	0.0073	0.0000	0.0000	0.0000	0.0000	0.0000
0.0000	0.0000	0.0000	0.0000	0.0000	0.0000	1.0000	0.0000	0.0000	0.0000	0.0000	0.0000
0.0000	0.0000	0.0000	0.0000	0.0000	0.0000	1.0000	0.0000	0.0000	0.0000	0.0000	0.0000
0.0000	0.0000	0.0000	0.0000	0.0000	0.0000	1.0000	0.0000	0.0000	0.0000	0.0000	0.0000
0.0000	0.0000	0.0000	0.0000	0.0000	0.0000	0.0000	0.0000	1.0000	0.0000	0.0000	0.0000
0.0000	0.0000	0.9739	0.0000	0.0000	0.0000	0.0261	0.0000	0.0000	0.0000	0.0000	0.0000
0.0000	0.0000	0.0053	0.0000	0.0000	0.0000	0.9947	0.0000	0.0000	0.0000	0.0000	0.0000
0.0000	0.0000	0.0000	0.0000	0.0000	0.0000	0.0000	0.0000	1.0000	0.0000	0.0000	0.0000
0.0000	0.0000	0.0000	0.0000	0.0000	0.0000	0.0000	0.0000	1.0000	0.0000	0.0000	0.0000
0.0000	0.0000	0.0000	0.0000	0.0000	0.0000	1.0000	0.0000	0.0000	0.0000	0.0000	0.0000
