0.0002	0.0000	0.0001	0.0000	0.0000	0.0000	0.0001	0.0000	0.0000	0.0043	0.0018	0.9935
0.0000	0.0000	0.0000	0.0000	0.0000	0.0000	0.0000	0.0000	0.0009	0.5591	0.4400	0.0000
0.0000	0.0000	0.0000	0.0000	0.0000	0.0000	0.0000	0.0000	0.0000	1.0000	0.0000	0.0000
0.0088	0.0000	0.0000	0.0000	0.0000	0.0000	0.0000	0.0000	0.0000	0.9912	0.0000	0.0000
0.0000	0.0000	0.8944	0.0000	0.0000	0.0000	0.1056	0.0000	0.0000	0.0000	0.0000	0.0000
0.0001	0.0000	0.0005	0.0000	0.0000	0.0004	0.1257	0.0422	0.0000	0.0208	0.0835	0.7269
1.0000	0.0000	0.0000	0.0000	0.0000	0.0000	0.0000	0.0000	0.0000	0.0000	0.0000	0.0000
0.0000	0.0000	0.0002	0.0000	0.0000	0.0002	0.0800	0.0001	0.0000	0.0000	0.0000	0.9195
0.1368	0.0000	0.0000	0.0000	0.0000	0.0000	0.0000	0.0000	0.8632	0.0000	0.0000	0.0000
0.0000	0.0020	0.0360	0.0000	0.0000	0.1788	0.1245	0.1319	0.0000	0.0000	0.0000	0.5268
0.0000	0.0000	0.0000	0.0000	0.0000	0.0000	0.0000	0.0000	0.0000	1.0000	0.0000	0.0000
0.0000	0.0000	0.0000	0.0000	0.9994	0.0000	0.0000	0.0000	0.0000	0.0006	0.0000	0.0000
0.0000	0.0000	0.1738	0.0000	0.0000	0.0000	0.6483	0.0001	0.0000	0.0000	0.0000	0.1778
0.8210	0.0008	0.0088	0.0000	0.0000	0.0572	0.0107	0.0004	0.0016	0.0740	0.0038	0.0218
0.0058	0.0000	0.0007	0.0000	0.0000	0.0000	0.2206	0.0506	0.0000	0.0192	0.0000	0.7030
0.0000	0.0000	0.0000	0.0000	0.0000	0.0000	0.0001	0.0000	0.0000	0.7481	0.0000	0.2518
0.0000	0.0000	0.0000	0.0000	1.0000	0.0000	0.0000	0.0000	0.0000	0.0000	0.0000	0.0000
0.0004	0.0059	0.4696	0.0000	0.0000	0.1073	0.0244	0.0897	0.0000	0.0004	0.0004	0.3018
0.0001	0.0181	0.0032	0.0000	0.0000	0.0004	0.0145	0.0011	0.0000	0.0000	0.0000	0.9628
1.0000	0.0000	0.0000	0.0000	0.0000	0.0000	0.0000	0.0000	0.0000	0.0000	0.0000	0.0000
0.0033	0.0008	0.0000	0.0000	0.0000	0.0000	0.1129	0.8793	0.0000	0.0001	0.0005	0.0031
0.0000	0.0000	0.0000	0.0000	0.0000	0.0000	0.0000	0.0000	0.0000	1.0000	0.0000	0.0000
0.0001	0.9931	0.0000	0.0000	0.0000	0.0000	0.0000	0.0068	0.0000	0.0000	0.0000	0.0000
0.0026	0.0000	0.0000	0.0000	0.0000	0.0000	0.8064	0.0006	0.0000	0.0001	0.0004	0.1899
0.8517	0.0003	0.0000	0.0000	0.0000	0.1477	0.0000	0.0000	0.0000	0.0003	0.0000	0.0000
0.0001	0.0000	0.0002	0.0000	0.0000	0.0005	0.0003	0.0000	0.0000	0.0003	0.0000	0.9985
0.0000	0.0000	0.0000	0.0000	0.0000	0.0000	0.0000	0.0000	0.9999	0.0001	0.0000	0.0000
0.0000	0.0000	0.0000	0.9992	0.0000	0.0000	0.0000	0.0000	0.0000	0.0008	0.0000	0.0000
0.0161	0.0000	0.0000	0.0074	0.0000	0.9694	0.0000	0.0000	0.0000	0.0072	0.0000	0.0000
1.0000	0.0000	0.0000	0.0000	0.0000	0.0000	0.0000	0.0000	0.0000	0.0000	0.0000	0.0000
0.0001	0.0000	0.0000	0.0000	0.0000	0.0000	0.0288	0.0150	0.0000	0.9338	0.0000	0.0224
0.0031	0.0008	0.0007	0.0000	0.0000	0.0060	0.0030	0.0003	0.0000	0.0144	0.0027	0.9690
0.0209	0.0000	0.0000	0.0000	0.0000	0.0000	0.0000	0.0000	0.9781	0.0009	0.0000	0.0000
0.0000	0.3124	0.4434	0.0000	0.0000	0.2156	0.0024	0.0242	0.0000	0.0000	0.0000	0.0020
0.0000	0.0000	0.0000	1.0000	0.0000	0.0000	0.0000	0.0000	0.0000	0.0000	0.0000	0.0000
0.0000	0.0000	0.0000	0.0000	0.0000	0.0000	0.0000	0.0000	0.0000	1.0000	0.0000	0.0000
0.0000	0.2938	0.3792	0.0000	0.0000	0.2096	0.0011	0.1124	0.0000	0.0000	0.0000	0.0039
0.0000	0.3245	0.0001	0.0000	0.0000	0.0005	0.0012	0.6734	0.0000	0.0000	0.0000	0.0003
1.0000	0.0000	0.0000	0.0000	0.0000	0.0000	0.0000	0.0000	0.0000	0.0000	0.0000	0.0000
0.0001	0.0000	0.0205	0.0001	0.0000	0.0021	0.0003	0.3617	0.0000	0.0001	0.0002	0.6151
0.0000	0.0000	0.0000	0.0000	0.0000	0.0000	0.0000	0.0000	1.0000	0.0000	0.0000	0.0000
0.0000	0.1694	0.0269	0.0000	0.0000	0.7931	0.0001	0.0031	0.0000	0.0000	0.0000	0.0074
0.0000	0.0000	0.0000	0.0000	0.0000	0.0000	0.0000	0.0000	0.0000	1.0000	0.0000	0.0000
0.0000	0.0000	0.0000	0.0000	0.0000	0.0000	0.0000	0.0000	0.0000	0.0000	1.0000	0.0000
0.0001	0.0001	0.0021	0.0000	0.0000	0.9975	0.0000	0.0000	0.0000	0.0000	0.0000	0.0001
0.0000	0.9791	0.0007	0.0000	0.0000	0.0018	0.0001	0.0178	0.0000	0.0000	0.0000	0.0006
0.0006	0.4019	0.0806	0.0000	0.0000	0.0653	0.0000	0.3594	0.0000	0.0000	0.0000	0.0920
0.0002	0.0000	0.0000	0.0000	0.0000	0.0000	0.0000	0.0000	0.0000	0.0000	0.0009	0.9989
0.0000	0.0000	0.0906	0.0000	0.0000	0.0000	0.0000	0.0000	0.0000	0.0000	0.7827	0.1267
0.0000	0.0000	0.0000	0.0000	0.0000	0.0000	0.0000	0.0000	0.0000	0.9981	0.0019	0.0000
0.0000	0.0000	0.0000	0.0000	0.0000	0.0000	0.0000	0.0000	0.0000	0.9993	0.0007	0.0000
0.0000	0.0000	0.0000	0.0000	0.0000	0.0000	0.9753	0.0062	0.0000	0.0000	0.0000	0.0185
0.9004	0.0000	0.0000	0.0000	0.0000	0.0005	0.0003	0.0000	0.0000	0.0266	0.0000	0.0722
0.0000	0.0000	0.0000	0.0000	0.0000	0.0000	0.0000	0.0000	0.0000	0.0000	1.0000	0.0000
0.0004	0.8440	0.0728	0.0000	0.0000	0.0052	0.0057	0.0554	0.0000	0.0000	0.0000	0.0166
0.0392	0.0021	0.0018	0.0000	0.0000	0.3949	0.0043	0.0001	0.0000	0.0008	0.0000	0.5568
0.0003	0.0005	0.0004	0.0000	0.0000	0.0001	0.7511	0.1746	0.0000	0.0004	0.0000	0.0726
0.0000	0.0000	0.0002	0.0000	0.0000	0.0000	0.9817	0.0070	0.0000	0.0001	0.0000	0.0111
0.0000	0.0000	0.0000	0.0000	0.0000	0.0000	0.9997	0.0002	0.0000	0.0000	0.0000	0.0000
0.0000	0.0000	0.0000	0.0000	0.0000	0.0000	0.0000	0.0000	0.0000	0.0000	0.0000	1.0000
0.0585	0.0019	0.0001	0.0000	0.0000	0.0005	0.6386	0.0454	0.0000	0.0004	0.0029	0.2517
0.0058	0.0000	0.0001	0.0000	0.0000	0.0006	0.4312	0.0013	0.0000	0.0010	0.0004	0.5597
0.4155	0.0000	0.0000	0.0000	0.0000	0.0000	0.2366	0.0043	0.0000	0.0004	0.1273	0.2159
0.0000	0.0000	0.0000	0.0000	0.0000	0.0000	0.0096	0.0000	0.0000	0.0026	0.0003	0.9875
0.0029	0.0054	0.3610	0.0000	0.0000	0.1700	0.2223	0.1158	0.0000	0.0000	0.0000	0.1227
0.0062	0.0002	0.0975	0.0000	0.0000	0.0170	0.2210	0.0081	0.0000	0.0000	0.0000	0.6499
0.0000	0.0000	0.0000	0.0000	0.0000	0.0000	0.0000	0.0000	0.0000	1.0000	0.0000	0.0000
0.0003	0.0000	0.0152	0.0000	0.0000	0.2046	0.0013	0.0002	0.0000	0.0000	0.0001	0.7784
0.0000	0.0000	0.0000	0.0002	0.0000	0.0000	0.0000	0.0311	0.0000	0.9638	0.0049	0.0000
0.8175	0.1559	0.0003	0.0009	0.0000	0.0008	0.0025	0.0085	0.0000	0.0001	0.0001	0.0133
0.0013	0.0837	0.1122	0.0000	0.0000	0.8016	0.0000	0.0000	0.0000	0.0000	0.0000	0.0013
0.0003	0.0000	0.0009	0.0006	0.0000	0.9971	0.0000	0.0000	0.0000	0.0001	0.0000	0.0009
0.0000	0.0000	0.0693	0.0000	0.0000	0.0000	0.6918	0.0440	0.0000	0.0000	0.1888	0.0061
0.0155	0.0000	0.0000	0.0000	0.0000	0.0000	0.0000	0.0000	0.9841	0.0000	0.0000	0.0003
0.0000	0.0000	0.0000	0.0000	0.0000	0.0000	0.2026	0.0010	0.0000	0.0000	0.0000	0.7964
0.0000	0.0000	0.0000	0.0002	0.0000	0.0000	0.0000	0.0000	0.0000	0.9998	0.0000	0.0000
0.0000	0.0000	0.9979	0.0000	0.0000	0.0000	0.0010	0.0010	0.0000	0.0000	0.0000	0.0001
0.2479	0.0000	0.0000	0.0000	0.0000	0.7197	0.0318	0.0000	0.0000	0.0006	0.0000	0.0000
0.0000	0.0000	0.9931	0.0000	0.0000	0.0000	0.0047	0.0000	0.0000	0.0000	0.0022	0.0000
0.0000	0.0000	0.0000	0.9686	0.0000	0.0000	0.0000	0.0000	0.0000	0.0314	0.0000	0.0000
0.0003	0.0000	0.0020	0.0000	0.0000	0.0030	0.0001	0.0002	0.0000	0.0006	0.0002	0.9936
0.0000	0.0000	0.0000	0.9972	0.0000	0.0000	0.0000	0.0000	0.0000	0.0028	0.0000	0.0000
0.0027	0.0000	0.0000	0.0000	0.0000	0.0000	0.3106	0.0000	0.0000	0.4505	0.0000	0.2361
0.0000	0.0000	0.0000	0.0000	0.0000	0.0000	0.0000	0.0000	0.0000	0.0000	1.0000	0.0000
0.0000	0.0002	0.0000	0.0000	0.0000	0.0000	0.0000	0.9998	0.0000	0.0000	0.0000	0.0000
0.0001	0.0145	0.1457	0.0000	0.0000	0.0029	0.5744	0.0956	0.0000	0.0000	0.0000	0.1669
0.0000	0.0000	0.0000	0.0000	0.0000	0.0000	0.0000	0.0000	0.0000	0.0000	0.0000	1.0000
0.0000	0.0000	0.0020	0.0000	0.0000	0.0000	0.0000	0.0000	0.0000	0.0000	0.0000	0.9980
0.0000	0.0000	0.0002	0.0000	0.0000	0.0000	0.0003	0.0000	0.0000	0.0000	0.0000	0.9996
0.0000	0.0000	1.0000	0.0000	0.0000	0.0000	0.0000	0.0000	0.0000	0.0000	0.0000	0.0000
0.0000	0.0000	0.9991	0.0000	0.0000	0.0000	0.0000	0.0000	0.0000	0.0000	0.0000	0.0009
0.0000	0.0000	0.9989	0.0000	0.0000	0.0000	0.0000	0.0000	0.0000	0.0000	0.0000	0.0011
0.0000	0.0000	0.9579	0.0000	0.0000	0.0000	0.0000	0.0000	0.0000	0.0000	0.0000	0.0421
0.0000	0.0000	0.0000	0.0000	0.0000	0.0000	0.0000	0.0000	0.0000	0.0000	0.0000	1.0000
0.0000	0.0000	0.9927	0.0000	0.0000	0.0000	0.0000	0.0000	0.0000	0.0000	0.0000	0.0073
0.0000	0.0000	0.9041	0.0000	0.0000	0.0000	0.0000	0.0000	0.0000	0.0000	0.0000	0.0959
0.0000	0.0000	0.0000	0.0000	0.0000	0.0000	0.0000	0.0000	0.0000	0.0000	0.0000	1.0000
0.0000	0.0000	0.0000	0.0000	0.0000	0.0000	0.0000	0.0000	0.0000	0.0000	0.0000	1.0000
0.0000	0.0000	0.0000	0.0000	0.0000	0.0000	0.0000	0.0000	0.0000	0.0000	0.0000	1.0000
0.0000	0.0000	0.9617	0.0000	0.0000	0.0000	0.0000	0.0000	0.0000	0.0000	0.0000	0.0383
0.0000	0.0000	0.9977	0.0000	0.0000	0.0000	0.0000	0.0000	0.0000	0.0000	0.0000	0.0023
0.0000	0.0000	0.8029	0.0000	0.0000	0.0000	0.0000	0.0000	0.0000	0.0000	0.0000	0.1971
0.0000	0.0000	0.9713	0.0000	0.0000	0.0000	0.0000	0.0000	0.0000	0.0000	0.0000	0.0287
0.0000	0.0000	0.0000	0.0000	0.0000	0.0000	0.0000	0.0000	0.0000	0.0000	0.0000	1.0000
0.0000	0.0000	0.9956	0.0000	0.0000	0.0000	0.0000	0.0000	0.0000	0.0000	0.0000	0.0044
0.0000	0.0000	0.9899	0.0000	0.0000	0.0000	0.0000	0.0000	0.0000	0.0000	0.0000	0.0101
0.0000	0.0000	0.0000	0.0000	0.0000	0.0000	0.0000	0.0000	1.0000	0.0000	0.0000	0.0000
0.0000	0.0000	0.0000	0.0000	0.0000	0.0000	1.0000	0.0000	0.0000	0.0000	0.0000	0.0000
0.0000	0.0000	0.0000	0.0000	0.0000	0.0000	0.0000	0.0000	1.0000	0.0000	0.0000	0.0000
0.0000	0.0000	0.0000	0.0000	0.0000	0.0000	0.0000	0.0000	1.0000	0.0000	0.0000	0.0000
0.0000	0.0000	0.0000	0.0000	0.0000	0.0000	1.0000	0.0000	0.0000	0.0000	0.0000	0.0000
0.0000	0.0000	0.0000	0.0000	0.0000	0.0000	0.0000	0.0000	1.0000	0.0000	0.0000	0.0000
0.0000	0.0000	0.0000	0.0000	0.0000	0.0000	0.0000	0.0000	1.0000	0.0000	0.0000	0.0000
0.0000	0.0000	0.8708	0.0000	0.0000	0.0000	0.1292	0.0000	0.0000	0.0000	0.0000	0.0000
0.0000	0.0000	0.9129	0.0000	0.0000	0.0000	0.0871	0.0000	0.0000	0.0000	0.0000	0.0000
0.0000	0.0000	0.0207	0.0000	0.0000	0.0000	0.9793	0.0000	0.0000	0.0000	0.0000	0.0000
0.0000	0.0000	0.0012	0.0000	0.0000	0.0000	0.9988	0.0000	0.0000	0.0000	0.0000	0.0000
0.0000	0.0000	0.0000	0.0000	0.0000	0.0000	0.0000	0.0000	1.0000	0.0000	0.0000	0.0000
0.0000	0.0000	0.0000	0.0000	0.0000	0.0000	0.1513	0.0000	0.8487	0.0000	0.0000	0.0000
0.0000	0.0000	0.0002	0.0000	0.0000	0.0000	0.6144	0.0000	0.3854	0.0000	0.0000	0.0000
0.0000	0.0000	0.9407	0.0000	0.0000	0.0000	0.0593	0.0000	0.0000	0.0000	0.0000	0.0000
0.0000	0.0000	0.0000	0.0000	0.0000	0.0000	1.0000	0.0000	0.0000	0.0000	0.0000	0.0000
0.0000	0.0000	0.0000	0.0000	0.0000	0.0000	0.0000	0.0000	1.0000	0.0000	0.0000	0.0000
0.0000	0.0000	0.9882	0.0000	0.0000	0.0000	0.0118	0.0000	0.0000	0.0000	0.0000	0.0000
0.0000	0.0000	0.0000	0.0000	0.0000	0.0000	1.0000	0.0000	0.0000	0.0000	0.0000	0.0000
0.0000	0.0000	0.0004	0.0000	0.0000	0.0000	0.9996	0.0000	0.0000	0.0000	0.0000	0.0000
0.0000	0.0000	0.0000	0.0000	0.0000	0.0000	1.0000	0.0000	0.0000	0.0000	0.0000	0.0000
0.0000	0.0000	0.0000	0.0000	0.0000	0.0000	0.0000	0.0000	1.0000	0.0000	0.0000	0.0000
0.0000	0.0000	0.9789	0.0000	0.0000	0.0000	0.0211	0.0000	0.0000	0.0000	0.0000	0.0000
0.0000	0.0000	0.0151	0.0000	0.0000	0.0000	0.9849	0.0000	0.0000	0.0000	0.0000	0.0000
0.0000	0.0000	0.0000	0.0000	0.0000	0.0000	0.0000	0.0000	1.0000	0.0000	0.0000	0.0000
0.0000	0.0000	0.0000	0.0000	0.0000	0.0000	0.0017	0.0000	0.9983	0.0000	0.0000	0.0000
0.0000	0.0000	0.0000	0.0000	0.0000	0.0000	1.0000	0.0000	0.0000	0.0000	0.0000	0.0000
