0.0042	0.0000	0.0000	0.0000	0.0000	0.0000	0.0130	0.0000	0.0000	0.0037	0.0001	0.9790
0.0000	0.0000	0.0000	0.0000	0.0000	0.0000	0.0000	0.0000	0.0000	0.0000	1.0000	0.0000
0.0000	0.0000	0.0000	0.0000	0.0000	0.0000	0.0000	0.0000	0.0000	0.0002	0.9998	0.0000
0.0009	0.0000	0.0000	0.0000	0.0000	0.0000	0.0000	0.0000	0.0000	0.9911	0.0011	0.0069
0.0000	0.0000	0.9742	0.0000	0.0000	0.0000	0.0258	0.0000	0.0000	0.0000	0.0000	0.0000
0.0000	0.0000	0.0001	0.0000	0.0000	0.0000	0.8101	0.0237	0.0000	0.0004	0.0000	0.1658
1.0000	0.0000	0.0000	0.0000	0.0000	0.0000	0.0000	0.0000	0.0000	0.0000	0.0000	0.0000
0.0000	0.0000	0.0001	0.0000	0.0000	0.0011	0.9572	0.0122	0.0000	0.0000	0.0000	0.0293
0.1584	0.0000	0.0000	0.0000	0.0000	0.0000	0.0000	0.0000	0.8416	0.0000	0.0000	0.0000
0.0000	0.0042	0.3632	0.0000	0.0000	0.0470	0.0118	0.5737	0.0000	0.0000	0.0000	0.0000
0.0000	0.0000	0.0000	0.0000	0.0000	0.0000	0.0000	0.0000	0.0000	1.0000	0.0000	0.0000
0.0000	0.0000	0.0000	0.0000	1.0000	0.0000	0.0000	0.0000	0.0000	0.0000	0.0000	0.0000
0.0000	0.0005	0.0876	0.0000	0.0000	0.0059	0.8993	0.0008	0.0000	0.0000	0.0000	0.0060
0.9863	0.0000	0.0000	0.0000	0.0000	0.0000	0.0000	0.0000	0.0000	0.0136	0.0000	0.0000
0.0190	0.0000	0.0000	0.0000	0.0000	0.0013	0.5800	0.3935	0.0000	0.0022	0.0000	0.0039
0.0000	0.0000	0.0000	0.0000	0.0000	0.0000	0.0008	0.0001	0.0000	0.9533	0.0000	0.0458
0.0000	0.0000	0.0000	0.0000	0.9984	0.0000	0.0000	0.0000	0.0000	0.0016	0.0000	0.0000
0.0000	0.0103	0.0075	0.0000	0.0000	0.6384	0.0031	0.3407	0.0000	0.0000	0.0000	0.0000
0.0001	0.0000	0.0046	0.0000	0.0000	0.0000	0.1780	0.6079	0.0000	0.0002	0.0000	0.2093
0.9906	0.0000	0.0000	0.0000	0.0000	0.0000	0.0000	0.0000	0.0093	0.0000	0.0001	0.0000
0.0000	0.0002	0.0002	0.0000	0.0000	0.0001	0.5729	0.4258	0.0000	0.0000	0.0000	0.0008
0.0000	0.0000	0.0000	0.0000	0.0000	0.0000	0.0000	0.0000	0.0000	1.0000	0.0000	0.0000
0.0000	0.9402	0.0000	0.0000	0.0000	0.0000	0.0000	0.0598	0.0000	0.0000	0.0000	0.0000
0.0000	0.0000	0.0000	0.0000	0.0000	0.0000	0.9685	0.0000	0.0000	0.0000	0.0000	0.0314
0.9576	0.0000	0.0000	0.0000	0.0000	0.0424	0.0000	0.0000	0.0000	0.0000	0.0000	0.0000
0.0000	0.0000	0.0000	0.0000	0.0000	0.0001	0.1360	0.1273	0.0000	0.0001	0.0000	0.7365
0.0000	0.0000	0.0000	0.0000	0.0000	0.0001	0.0000	0.0000	0.9981	0.0018	0.0000	0.0000
0.0000	0.0000	0.0000	0.0802	0.0000	0.0000	0.0000	0.0000	0.0000	0.9198	0.0000	0.0000
0.0000	0.0000	0.0001	0.0000	0.0000	0.9999	0.0000	0.0000	0.0000	0.0000	0.0000	0.0000
1.0000	0.0000	0.0000	0.0000	0.0000	0.0000	0.0000	0.0000	0.0000	0.0000	0.0000	0.0000
0.0000	0.0000	0.0000	0.0000	0.0000	0.0059	0.0869	0.9064	0.0000	0.0007	0.0000	0.0000
0.0000	0.0444	0.4203	0.0000	0.0000	0.0005	0.0135	0.0036	0.0000	0.0004	0.0000	0.5173
0.0000	0.0000	0.0000	0.0000	0.0000	0.0000	0.0000	0.0000	1.0000	0.0000	0.0000	0.0000
0.0000	0.0664	0.7556	0.0000	0.0000	0.1776	0.0000	0.0004	0.0000	0.0000	0.0000	0.0000
0.0000	0.0000	0.0000	1.0000	0.0000	0.0000	0.0000	0.0000	0.0000	0.0000	0.0000	0.0000
0.0000	0.0000	0.0000	0.0000	0.0000	0.0000	0.0000	0.0000	0.0155	0.9845	0.0000	0.0000
0.0000	0.5913	0.3686	0.0000	0.0000	0.0391	0.0000	0.0010	0.0000	0.0000	0.0000	0.0000
0.0000	0.1433	0.0001	0.0000	0.0000	0.0594	0.0001	0.7971	0.0000	0.0000	0.0000	0.0000
1.0000	0.0000	0.0000	0.0000	0.0000	0.0000	0.0000	0.0000	0.0000	0.0000	0.0000	0.0000
0.0000	0.0000	0.0002	0.0000	0.0000	0.0001	0.0000	0.9958	0.0000	0.0000	0.0000	0.0039
0.0000	0.0000	0.0000	0.0000	0.0000	0.0000	0.0000	0.0000	1.0000	0.0000	0.0000	0.0000
0.0000	0.0295	0.3039	0.0000	0.0000	0.6656	0.0000	0.0010	0.0000	0.0000	0.0000	0.0000
0.0000	0.0000	0.0000	0.0000	0.0000	0.0000	0.0000	0.0000	0.0000	0.9999	0.0000	0.0001
0.0000	0.0000	0.0000	0.0000	0.0000	0.0000	0.0000	0.0000	0.0000	0.0000	1.0000	0.0000
0.0000	0.0001	0.0632	0.0000	0.0000	0.9367	0.0000	0.0000	0.0000	0.0000	0.0000	0.0000
0.0000	0.1725	0.0825	0.0000	0.0000	0.0711	0.0021	0.6688	0.0000	0.0000	0.0000	0.0029
0.0000	0.1477	0.2563	0.0000	0.0000	0.0144	0.0002	0.5585	0.0000	0.0000	0.0000	0.0229
0.0000	0.0000	0.0000	0.0000	0.0000	0.0000	0.0000	0.0000	0.9980	0.0020	0.0000	0.0000
0.0168	0.0000	0.0000	0.0000	0.0000	0.0000	0.0016	0.0000	0.9386	0.0406	0.0024	0.0000
0.0000	0.0000	0.0000	0.0000	0.0000	0.0000	0.0000	0.0000	0.0000	0.0000	1.0000	0.0000
0.0000	0.0000	0.0000	0.0000	0.0000	0.0000	0.0000	0.0000	0.0000	0.0000	1.0000	0.0000
0.0000	0.0000	0.0000	0.0000	0.0000	0.0015	0.2183	0.7714	0.0000	0.0000	0.0000	0.0088
0.0021	0.0000	0.0000	0.0000	0.0000	0.0024	0.0333	0.9607	0.0000	0.0014	0.0000	0.0001
0.0000	0.0000	0.0000	0.0000	0.0000	0.0000	0.0000	0.0000	0.0000	0.0000	1.0000	0.0000
0.0000	0.3176	0.6266	0.0000	0.0000	0.0531	0.0001	0.0026	0.0000	0.0000	0.0000	0.0000
0.0044	0.4415	0.1124	0.0000	0.0000	0.0009	0.4175	0.0086	0.0000	0.0019	0.0000	0.0128
0.0000	0.0007	0.0152	0.0000	0.0000	0.0018	0.4329	0.5219	0.0000	0.0000	0.0000	0.0275
0.0000	0.0000	0.0005	0.0000	0.0000	0.0000	0.9057	0.0937	0.0000	0.0000	0.0000	0.0001
0.0000	0.0000	0.0000	0.0000	0.0000	0.0000	0.9994	0.0000	0.0000	0.0005	0.0000	0.0001
0.0000	0.0000	0.0000	0.0000	0.0000	0.0000	0.0001	0.0002	0.0000	0.0000	0.0000	0.9997
0.6280	0.0000	0.0000	0.0000	0.0000	0.0011	0.2502	0.0944	0.0000	0.0064	0.0001	0.0198
0.9237	0.0000	0.0000	0.0000	0.0000	0.0000	0.0061	0.0000	0.0000	0.0668	0.0001	0.0032
0.9295	0.0000	0.0000	0.0000	0.0000	0.0000	0.0704	0.0000	0.0000	0.0000	0.0001	0.0000
0.0000	0.0000	0.0000	0.0000	0.0000	0.0000	0.0001	0.0000	0.0000	0.0000	0.0000	0.9999
0.0000	0.0069	0.9269	0.0000	0.0000	0.0544	0.0081	0.0036	0.0000	0.0000	0.0000	0.0000
0.0000	0.0011	0.5851	0.0000	0.0000	0.2453	0.1498	0.0187	0.0000	0.0000	0.0000	0.0000
0.0000	0.0000	0.0000	0.0000	0.0000	0.0000	0.0000	0.0000	0.0000	0.9984	0.0015	0.0001
0.0000	0.0000	0.0002	0.0000	0.0000	0.0461	0.0420	0.0006	0.0000	0.0006	0.0000	0.9105
0.0000	0.0000	0.0000	0.8836	0.0000	0.0000	0.0000	0.0060	0.0000	0.1104	0.0000	0.0000
0.0000	0.2331	0.0000	0.0000	0.0000	0.0018	0.7547	0.0004	0.0000	0.0000	0.0000	0.0100
0.0000	0.0000	0.5602	0.0000	0.0000	0.4398	0.0000	0.0000	0.0000	0.0000	0.0000	0.0000
0.0057	0.0001	0.0002	0.0000	0.0000	0.6410	0.0106	0.0019	0.0000	0.0001	0.0000	0.3406
0.0000	0.0000	0.0004	0.0000	0.0000	0.0000	0.9938	0.0058	0.0000	0.0000	0.0000	0.0000
0.0000	0.0000	0.0000	0.0000	0.0000	0.0000	0.0000	0.0000	1.0000	0.0000	0.0000	0.0000
0.0000	0.0000	0.0000	0.0000	0.0000	0.0000	0.9999	0.0000	0.0000	0.0000	0.0000	0.0000
0.0000	0.0000	0.0000	0.0000	0.0000	0.0000	0.0000	0.0000	0.0000	1.0000	0.0000	0.0000
0.0000	0.0000	0.9993	0.0000	0.0000	0.0000	0.0007	0.0001	0.0000	0.0000	0.0000	0.0000
0.5447	0.0000	0.0000	0.0000	0.0000	0.0686	0.0000	0.0039	0.0000	0.3828	0.0000	0.0000
0.0000	0.0000	0.0040	0.0000	0.0000	0.0000	0.9960	0.0000	0.0000	0.0000	0.0000	0.0000
0.0000	0.0000	0.0000	0.1344	0.0000	0.0000	0.0000	0.0000	0.0000	0.8655	0.0000	0.0000
0.0000	0.0000	0.0023	0.0000	0.0000	0.0000	0.0000	0.0018	0.0000	0.0001	0.0000	0.9957
0.0000	0.0000	0.0000	0.0000	0.0000	0.0000	0.0000	0.0000	0.0000	0.9997	0.0000	0.0002
0.9419	0.0000	0.0000	0.0000	0.0000	0.0000	0.0580	0.0000	0.0000	0.0000	0.0000	0.0001
0.0000	0.0000	0.0000	0.0000	0.0000	0.0000	0.0000	0.0000	0.0000	0.0000	1.0000	0.0000
0.0018	0.0000	0.0013	0.0000	0.0000	0.0000	0.0000	0.6355	0.0000	0.0000	0.0000	0.3613
0.0000	0.0008	0.0077	0.0000	0.0000	0.0000	0.5401	0.2759	0.0000	0.0000	0.0000	0.1755
0.0000	0.0000	0.0000	0.0000	0.0000	0.0000	0.0000	0.0000	0.0000	0.0000	0.0000	1.0000
0.0000	0.0000	0.0000	0.0000	0.0000	0.0000	0.0000	0.0000	0.0000	0.0000	0.0000	1.0000
0.0000	0.0000	0.0000	0.0000	0.0000	0.0000	0.0002	0.0000	0.0000	0.0000	0.0000	0.9998
0.0000	0.0000	1.0000	0.0000	0.0000	0.0000	0.0000	0.0000	0.0000	0.0000	0.0000	0.0000
0.0000	0.0000	1.0000	0.0000	0.0000	0.0000	0.0000	0.0000	0.0000	0.0000	0.0000	0.0000
0.0000	0.0000	0.9999	0.0000	0.0000	0.0001	0.0000	0.0000	0.0000	0.0000	0.0000	0.0000
0.0000	0.0000	0.9996	0.0000	0.0000	0.0002	0.0000	0.0000	0.0000	0.0000	0.0000	0.0002
0.0000	0.0000	0.0000	0.0000	0.0000	0.0000	0.0000	0.0000	0.0000	0.0000	0.0000	1.0000
0.0000	0.0000	0.9983	0.0000	0.0000	0.0017	0.0000	0.0000	0.0000	0.0000	0.0000	0.0000
0.0000	0.0000	0.9983	0.0000	0.0000	0.0016	0.0000	0.0000	0.0000	0.0000	0.0000	0.0000
0.0000	0.0000	0.0000	0.0000	0.0000	0.0000	0.0000	0.0000	0.0000	0.0000	0.0000	1.0000
0.0000	0.0000	0.0000	0.0000	0.0000	0.0000	0.0000	0.0000	0.0000	0.0000	0.0000	1.0000
0.0000	0.0000	0.0000	0.0000	0.0000	0.0000	0.0000	0.0000	0.0000	0.0000	0.0000	1.0000
0.0003	0.0000	0.9993	0.0000	0.0000	0.0000	0.0000	0.0000	0.0000	0.0000	0.0000	0.0004
0.0000	0.0000	0.9994	0.0000	0.0000	0.0006	0.0000	0.0000	0.0000	0.0000	0.0000	0.0000
0.0000	0.0000	0.9988	0.0000	0.0000	0.0012	0.0000	0.0000	0.0000	0.0000	0.0000	0.0000
0.0000	0.0000	1.0000	0.0000	0.0000	0.0000	0.0000	0.0000	0.0000	0.0000	0.0000	0.0000
0.0000	0.0000	0.0000	0.0000	0.0000	0.0000	0.0000	0.0000	0.0000	0.0000	0.0000	1.0000
0.0000	0.0000	0.9908	0.0000	0.0000	0.0092	0.0000	0.0000	0.0000	0.0000	0.0000	0.0000
0.0000	0.0000	1.0000	0.0000	0.0000	0.0000	0.0000	0.0000	0.0000	0.0000	0.0000	0.0000
0.0000	0.0000	0.0000	0.0000	0.0000	0.0000	0.0000	0.0000	1.0000	0.0000	0.0000	0.0000
0.0000	0.0000	0.0000	0.0000	0.0000	0.0000	1.0000	0.0000	0.0000	0.0000	0.0000	0.0000
0.0000	0.0000	0.0000	0.0000	0.0000	0.0000	0.0000	0.0000	1.0000	0.0000	0.0000	0.0000
0.0000	0.0000	0.0000	0.0000	0.0000	0.0000	0.0000	0.0000	1.0000	0.0000	0.0000	0.0000
0.0000	0.0000	0.0000	0.0000	0.0000	0.0000	1.0000	0.0000	0.0000	0.0000	0.0000	0.0000
0.0000	0.0000	0.0000	0.0000	0.0000	0.0000	0.0000	0.0000	1.0000	0.0000	0.0000	0.0000
0.0000	0.0000	0.0000	0.0000	0.0000	0.0000	0.0000	0.0000	1.0000	0.0000	0.0000	0.0000
0.0000	0.0000	0.9996	0.0000	0.0000	0.0000	0.0004	0.0000	0.0000	0.0000	0.0000	0.0000
0.0000	0.0000	1.0000	0.0000	0.0000	0.0000	0.0000	0.0000	0.0000	0.0000	0.0000	0.0000
0.0000	0.0000	0.0109	0.0000	0.0000	0.0000	0.9891	0.0000	0.0000	0.0000	0.0000	0.0000
0.0000	0.0000	0.0423	0.0000	0.0000	0.0000	0.9577	0.0000	0.0000	0.0000	0.0000	0.0000
0.0000	0.0000	0.0000	0.0000	0.0000	0.0000	0.0000	0.0000	1.0000	0.0000	0.0000	0.0000
0.0000	0.0000	0.0000	0.0000	0.0000	0.0000	0.0025	0.0000	0.9975	0.0001	0.0000	0.0000
0.0000	0.0000	0.0000	0.0000	0.0000	0.0000	0.0058	0.0000	0.9927	0.0015	0.0000	0.0000
0.0000	0.0000	0.9997	0.0000	0.0000	0.0000	0.0003	0.0000	0.0000	0.0000	0.0000	0.0000
0.0000	0.0000	0.0000	0.0000	0.0000	0.0000	0.0178	0.0000	0.9651	0.0172	0.0000	0.0000
0.0000	0.0000	0.0000	0.0000	0.0000	0.0000	0.0000	0.0000	1.0000	0.0000	0.0000	0.0000
0.0000	0.0000	0.9999	0.0000	0.0000	0.0000	0.0001	0.0000	0.0000	0.0000	0.0000	0.0000
0.0000	0.0000	0.0000	0.0000	0.0000	0.0000	1.0000	0.0000	0.0000	0.0000	0.0000	0.0000
0.0000	0.0000	0.0000	0.0000	0.0000	0.0000	1.0000	0.0000	0.0000	0.0000	0.0000	0.0000
0.0000	0.0000	0.0000	0.0000	0.0000	0.0000	1.0000	0.0000	0.0000	0.0000	0.0000	0.0000
0.0000	0.0000	0.0000	0.0000	0.0000	0.0000	0.0000	0.0000	1.0000	0.0000	0.0000	0.0000
0.0000	0.0000	1.0000	0.0000	0.0000	0.0000	0.0000	0.0000	0.0000	0.0000	0.0000	0.0000
0.0000	0.0000	0.0003	0.0000	0.0000	0.0000	0.9997	0.0000	0.0000	0.0000	0.0000	0.0000
0.0000	0.0000	0.0000	0.0000	0.0000	0.0000	0.0000	0.0000	1.0000	0.0000	0.0000	0.0000
0.0000	0.0000	0.0000	0.0000	0.0000	0.0000	0.0000	0.0000	1.0000	0.0000	0.0000	0.0000
0.0000	0.0000	0.0000	0.0000	0.0000	0.0000	1.0000	0.0000	0.0000	0.0000	0.0000	0.0000
