0.0037	0.0000	0.0002	0.0000	0.0000	0.0000	0.4606	0.0000	0.0000	0.0002	0.0020	0.5333
0.0000	0.0000	0.0000	0.0000	0.0000	0.0000	0.0000	0.0000	0.9559	0.0062	0.0379	0.0000
0.0019	0.0000	0.0000	0.0000	0.0000	0.0000	0.0000	0.0000	0.0305	0.9677	0.0000	0.0000
0.0221	0.0000	0.0000	0.0000	0.0000	0.0000	0.0000	0.0000	0.0000	0.9779	0.0000	0.0000
0.0000	0.0000	0.8218	0.0000	0.0000	0.0000	0.1782	0.0000	0.0000	0.0000	0.0000	0.0000
0.0000	0.0000	0.0001	0.0000	0.0000	0.0000	0.3269	0.0017	0.0000	0.0658	0.0092	0.5963
1.0000	0.0000	0.0000	0.0000	0.0000	0.0000	0.0000	0.0000	0.0000	0.0000	0.0000	0.0000
0.0000	0.0000	0.0003	0.0000	0.0000	0.0019	0.9365	0.0018	0.0000	0.0077	0.0000	0.0518
0.7263	0.0000	0.0000	0.0000	0.0000	0.0000	0.0000	0.0000	0.2737	0.0000	0.0000	0.0000
0.0000	0.0288	0.1113	0.0000	0.0000	0.0153	0.5626	0.2783	0.0000	0.0000	0.0000	0.0037
0.0000	0.0000	0.0000	0.0000	0.0000	0.0000	0.0000	0.0000	0.0000	1.0000	0.0000	0.0000
0.0000	0.0000	0.0000	0.0000	1.0000	0.0000	0.0000	0.0000	0.0000	0.0000	0.0000	0.0000
0.0000	0.0001	0.6306	0.0000	0.0000	0.0012	0.3659	0.0000	0.0000	0.0000	0.0000	0.0023
0.8901	0.0000	0.0000	0.0000	0.0000	0.0124	0.0168	0.0002	0.0000	0.0766	0.0000	0.0039
0.0384	0.0000	0.0001	0.0000	0.0000	0.0000	0.5085	0.4458	0.0000	0.0021	0.0000	0.0050
0.0000	0.0000	0.0000	0.0000	0.0000	0.0000	0.0003	0.0000	0.0000	0.7882	0.0000	0.2115
0.0000	0.0000	0.0000	0.0000	1.0000	0.0000	0.0000	0.0000	0.0000	0.0000	0.0000	0.0000
0.0000	0.0352	0.0004	0.0000	0.0000	0.4885	0.0140	0.4619	0.0000	0.0000	0.0000	0.0000
0.0037	0.0110	0.0242	0.0000	0.0000	0.0000	0.0704	0.2530	0.0000	0.0051	0.0000	0.6326
0.9105	0.0000	0.0000	0.0000	0.0000	0.0000	0.0000	0.0000	0.0895	0.0001	0.0000	0.0000
0.0000	0.0000	0.0001	0.0000	0.0000	0.0000	0.8398	0.1544	0.0000	0.0022	0.0001	0.0033
0.0000	0.0000	0.0000	0.0000	0.0000	0.0000	0.0000	0.0000	0.0000	1.0000	0.0000	0.0000
0.0000	0.9998	0.0000	0.0000	0.0000	0.0000	0.0000	0.0002	0.0000	0.0000	0.0000	0.0000
0.0000	0.0000	0.0000	0.0000	0.0000	0.0000	0.6809	0.0001	0.0000	0.0022	0.0001	0.3167
0.9723	0.0031	0.0003	0.0000	0.0000	0.0195	0.0000	0.0000	0.0000	0.0002	0.0000	0.0045
0.0001	0.0000	0.0000	0.0000	0.0000	0.0020	0.0035	0.0196	0.0000	0.0038	0.0000	0.9710
0.0000	0.0000	0.0000	0.0000	0.0000	0.0000	0.0000	0.0000	1.0000	0.0000	0.0000	0.0000
0.0000	0.0000	0.0000	0.0104	0.0000	0.0000	0.0000	0.0000	0.0000	0.9880	0.0000	0.0016
0.0006	0.0031	0.9880	0.0000	0.0000	0.0080	0.0000	0.0000	0.0000	0.0000	0.0000	0.0003
1.0000	0.0000	0.0000	0.0000	0.0000	0.0000	0.0000	0.0000	0.0000	0.0000	0.0000	0.0000
0.0000	0.0000	0.0000	0.0000	0.0000	0.0000	0.0005	0.0003	0.0000	0.9992	0.0000	0.0000
0.0007	0.0000	0.0086	0.0000	0.0000	0.0214	0.0371	0.0003	0.0000	0.4921	0.0090	0.4308
0.0002	0.0000	0.0000	0.0000	0.0000	0.0000	0.0000	0.0000	0.9994	0.0005	0.0000	0.0000
0.0000	0.5522	0.1110	0.0000	0.0000	0.3350	0.0003	0.0016	0.0000	0.0000	0.0000	0.0000
0.0000	0.0000	0.0000	1.0000	0.0000	0.0000	0.0000	0.0000	0.0000	0.0000	0.0000	0.0000
0.0000	0.0000	0.0000	0.0000	0.0000	0.0000	0.0000	0.0000	0.0000	1.0000	0.0000	0.0000
0.0000	0.8624	0.0817	0.0000	0.0000	0.0547	0.0001	0.0011	0.0000	0.0000	0.0000	0.0000
0.0000	0.9725	0.0000	0.0000	0.0000	0.0048	0.0003	0.0224	0.0000	0.0000	0.0000	0.0000
1.0000	0.0000	0.0000	0.0000	0.0000	0.0000	0.0000	0.0000	0.0000	0.0000	0.0000	0.0000
0.0002	0.0000	0.0068	0.0000	0.0000	0.0147	0.0000	0.9601	0.0000	0.0001	0.0004	0.0178
0.0000	0.0000	0.0000	0.0000	0.0000	0.0000	0.0000	0.0000	1.0000	0.0000	0.0000	0.0000
0.0000	0.2772	0.1196	0.0000	0.0000	0.6012	0.0005	0.0015	0.0000	0.0000	0.0000	0.0000
0.0000	0.0000	0.0000	0.0000	0.0000	0.0000	0.0000	0.0000	0.0000	0.9995	0.0000	0.0005
0.0000	0.0000	0.0000	0.0000	0.0000	0.0000	0.0000	0.0000	0.0000	0.0000	1.0000	0.0000
0.0000	0.0354	0.2383	0.0000	0.0000	0.7247	0.0000	0.0014	0.0000	0.0000	0.0000	0.0002
0.0000	0.9375	0.0104	0.0000	0.0000	0.0269	0.0016	0.0234	0.0000	0.0000	0.0000	0.0002
0.0000	0.9281	0.0444	0.0000	0.0000	0.0153	0.0000	0.0121	0.0000	0.0000	0.0000	0.0001
0.0009	0.0000	0.0006	0.0000	0.0000	0.0000	0.0000	0.0000	0.0000	0.0052	0.0230	0.9702
0.0000	0.0000	0.0903	0.0000	0.0000	0.0000	0.0044	0.0000	0.0000	0.0000	0.0521	0.8532
0.0003	0.0000	0.0000	0.0000	0.0000	0.0000	0.0000	0.0000	0.0165	0.9645	0.0187	0.0000
0.0072	0.0000	0.0000	0.0000	0.0000	0.0000	0.0000	0.0000	0.4820	0.5108	0.0000	0.0000
0.0000	0.0000	0.0001	0.0000	0.0000	0.0186	0.8943	0.0596	0.0000	0.0000	0.0000	0.0274
0.8312	0.0003	0.0000	0.0000	0.0000	0.0213	0.0387	0.0181	0.0000	0.0877	0.0000	0.0026
0.0000	0.0000	0.0000	0.0000	0.0000	0.0000	0.0000	0.0000	0.0000	0.0000	1.0000	0.0000
0.0000	0.9186	0.0722	0.0000	0.0000	0.0016	0.0047	0.0029	0.0000	0.0000	0.0000	0.0000
0.0016	0.0228	0.0114	0.0000	0.0000	0.4418	0.5110	0.0020	0.0000	0.0008	0.0000	0.0087
0.0000	0.0005	0.0013	0.0000	0.0000	0.0000	0.6482	0.2952	0.0000	0.0043	0.0000	0.0503
0.0000	0.0000	0.0000	0.0000	0.0000	0.0000	0.9498	0.0501	0.0000	0.0000	0.0000	0.0001
0.0000	0.0000	0.0000	0.0000	0.0000	0.0000	0.9927	0.0071	0.0000	0.0001	0.0000	0.0001
0.0000	0.0000	0.0000	0.0000	0.0000	0.0000	0.0000	0.0000	0.0000	0.0000	0.0000	1.0000
0.0167	0.0000	0.0000	0.0000	0.0000	0.0008	0.7951	0.0269	0.0000	0.0046	0.0002	0.1556
0.0174	0.0000	0.0000	0.0000	0.0000	0.0002	0.7863	0.0000	0.0000	0.0157	0.0000	0.1804
0.4433	0.0000	0.0000	0.0000	0.0000	0.0004	0.5461	0.0005	0.0000	0.0004	0.0062	0.0030
0.0000	0.0000	0.0000	0.0000	0.0000	0.0000	0.0005	0.0000	0.0000	0.0047	0.0002	0.9946
0.0000	0.0011	0.5291	0.0000	0.0000	0.0578	0.4000	0.0109	0.0000	0.0000	0.0000	0.0011
0.0000	0.0000	0.0956	0.0000	0.0000	0.0482	0.8395	0.0020	0.0000	0.0000	0.0000	0.0147
0.0000	0.0000	0.0000	0.0000	0.0000	0.0000	0.0000	0.0000	0.0000	1.0000	0.0000	0.0000
0.0000	0.0000	0.0001	0.0000	0.0000	0.4231	0.0025	0.0007	0.0000	0.0006	0.0000	0.5730
0.0000	0.0000	0.0000	0.9624	0.0000	0.0000	0.0000	0.0001	0.0000	0.0375	0.0000	0.0000
0.0000	0.0082	0.0000	0.0000	0.0000	0.0072	0.9627	0.0101	0.0000	0.0000	0.0000	0.0118
0.0000	0.0230	0.6488	0.0000	0.0000	0.3257	0.0000	0.0004	0.0000	0.0000	0.0000	0.0021
0.0001	0.0000	0.0014	0.0000	0.0000	0.9511	0.0003	0.0003	0.0000	0.0000	0.0000	0.0469
0.0000	0.0000	0.0127	0.0000	0.0000	0.0000	0.2331	0.7397	0.0000	0.0000	0.0001	0.0144
0.0136	0.0000	0.0000	0.0000	0.0000	0.0000	0.0000	0.0000	0.9702	0.0162	0.0000	0.0000
0.0000	0.0000	0.0000	0.0000	0.0000	0.0000	0.6795	0.0016	0.0000	0.0000	0.0000	0.3189
0.0000	0.0000	0.0000	0.0000	0.0000	0.0000	0.0000	0.0000	0.0000	1.0000	0.0000	0.0000
0.0000	0.0000	0.9978	0.0000	0.0000	0.0000	0.0014	0.0007	0.0000	0.0000	0.0000	0.0000
0.0039	0.0000	0.0000	0.0000	0.0000	0.9898	0.0000	0.0000	0.0000	0.0062	0.0000	0.0000
0.0000	0.0000	0.8279	0.0000	0.0000	0.0000	0.1714	0.0006	0.0000	0.0000	0.0000	0.0001
0.0004	0.0000	0.0000	0.3932	0.0000	0.0000	0.0000	0.0000	0.0000	0.5476	0.0588	0.0000
0.0018	0.0000	0.0048	0.0000	0.0000	0.0016	0.0000	0.0003	0.0000	0.0050	0.0000	0.9865
0.0001	0.0000	0.0000	0.0000	0.0000	0.0000	0.0000	0.0000	0.0000	0.9978	0.0021	0.0000
0.0125	0.0000	0.0000	0.0000	0.0000	0.0000	0.9872	0.0000	0.0000	0.0000	0.0000	0.0002
0.0000	0.0000	0.0000	0.0000	0.0000	0.0000	0.0000	0.0000	0.0000	0.0000	0.9999	0.0001
0.0022	0.0000	0.0000	0.0000	0.0000	0.0000	0.0000	0.9978	0.0000	0.0000	0.0000	0.0000
0.0000	0.0026	0.0700	0.0000	0.0000	0.0014	0.8392	0.0592	0.0000	0.0000	0.0000	0.0275
0.0000	0.0000	0.0000	0.0000	0.0000	0.0000	0.0000	0.0000	0.0000	0.0000	0.0000	1.0000
0.0000	0.0000	0.0000	0.0000	0.0000	0.0000	0.0000	0.0000	0.0000	0.0000	0.0000	1.0000
0.0000	0.0000	0.0002	0.0000	0.0000	0.0000	0.0000	0.0000	0.0000	0.0000	0.0000	0.9998
0.0000	0.0000	1.0000	0.0000	0.0000	0.0000	0.0000	0.0000	0.0000	0.0000	0.0000	0.0000
0.0000	0.0000	0.9874	0.0000	0.0000	0.0000	0.0000	0.0000	0.0000	0.0000	0.0000	0.0126
0.0000	0.0005	0.9777	0.0000	0.0000	0.0216	0.0000	0.0000	0.0000	0.0000	0.0000	0.0002
0.0000	0.0001	0.9590	0.0000	0.0000	0.0134	0.0000	0.0000	0.0000	0.0000	0.0000	0.0275
0.0000	0.0000	0.0000	0.0000	0.0000	0.0000	0.0000	0.0000	0.0000	0.0000	0.0000	1.0000
0.0001	0.0000	0.9852	0.0000	0.0000	0.0001	0.0000	0.0000	0.0000	0.0000	0.0000	0.0147
0.0000	0.0000	0.9126	0.0000	0.0000	0.0000	0.0000	0.0000	0.0000	0.0000	0.0000	0.0874
0.0000	0.0000	0.0000	0.0000	0.0000	0.0000	0.0000	0.0000	0.0000	0.0000	0.0000	1.0000
0.0000	0.0000	0.0000	0.0000	0.0000	0.0000	0.0000	0.0000	0.0000	0.0000	0.0000	1.0000
0.0000	0.0000	0.0000	0.0000	0.0000	0.0000	0.0000	0.0000	0.0000	0.0000	0.0000	1.0000
0.0002	0.0000	0.9992	0.0000	0.0000	0.0000	0.0000	0.0000	0.0000	0.0000	0.0000	0.0006
0.0001	0.0000	0.9932	0.0000	0.0000	0.0066	0.0000	0.0000	0.0000	0.0000	0.0000	0.0000
0.0003	0.0017	0.9859	0.0000	0.0000	0.0004	0.0000	0.0000	0.0000	0.0000	0.0000	0.0116
0.0000	0.0014	0.9980	0.0000	0.0000	0.0003	0.0000	0.0000	0.0000	0.0000	0.0000	0.0003
0.0000	0.0000	0.0000	0.0000	0.0000	0.0000	0.0000	0.0000	0.0000	0.0000	0.0000	1.0000
0.0006	0.0000	0.9901	0.0000	0.0000	0.0001	0.0000	0.0000	0.0000	0.0000	0.0000	0.0093
0.0000	0.0000	0.9995	0.0000	0.0000	0.0000	0.0000	0.0000	0.0000	0.0000	0.0000	0.0005
0.0000	0.0000	0.0000	0.0000	0.0000	0.0000	0.0000	0.0000	1.0000	0.0000	0.0000	0.0000
0.0000	0.0000	0.0000	0.0000	0.0000	0.0000	1.0000	0.0000	0.0000	0.0000	0.0000	0.0000
0.0000	0.0000	0.0000	0.0000	0.0000	0.0000	0.0000	0.0000	1.0000	0.0000	0.0000	0.0000
0.0000	0.0000	0.0000	0.0000	0.0000	0.0000	0.0000	0.0000	1.0000	0.0000	0.0000	0.0000
0.0000	0.0000	0.0000	0.0000	0.0000	0.0000	1.0000	0.0000	0.0000	0.0000	0.0000	0.0000
0.0000	0.0000	0.0000	0.0000	0.0000	0.0000	0.0000	0.0000	1.0000	0.0000	0.0000	0.0000
0.0000	0.0000	0.0000	0.0000	0.0000	0.0000	0.0000	0.0000	1.0000	0.0000	0.0000	0.0000
0.0000	0.0000	0.6910	0.0000	0.0000	0.0000	0.3090	0.0000	0.0000	0.0000	0.0000	0.0000
0.0000	0.0000	0.9433	0.0000	0.0000	0.0000	0.0567	0.0000	0.0000	0.0000	0.0000	0.0000
0.0000	0.0000	0.0394	0.0000	0.0000	0.0000	0.9606	0.0000	0.0000	0.0000	0.0000	0.0000
0.0000	0.0000	0.0353	0.0000	0.0000	0.0000	0.9647	0.0000	0.0000	0.0000	0.0000	0.0000
0.0000	0.0000	0.0000	0.0000	0.0000	0.0000	0.0000	0.0000	1.0000	0.0000	0.0000	0.0000
0.0000	0.0000	0.0000	0.0000	0.0000	0.0000	0.0182	0.0000	0.9818	0.0000	0.0000	0.0000
0.0000	0.0000	0.0000	0.0000	0.0000	0.0000	0.0792	0.0000	0.9208	0.0000	0.0000	0.0000
0.0000	0.0000	0.9024	0.0000	0.0000	0.0000	0.0976	0.0000	0.0000	0.0000	0.0000	0.0000
0.0000	0.0000	0.0000	0.0000	0.0000	0.0000	1.0000	0.0000	0.0000	0.0000	0.0000	0.0000
0.0000	0.0000	0.0000	0.0000	0.0000	0.0000	0.0000	0.0000	1.0000	0.0000	0.0000	0.0000
0.0000	0.0000	0.9961	0.0000	0.0000	0.0000	0.0039	0.0000	0.0000	0.0000	0.0000	0.0000
0.0000	0.0000	0.0000	0.0000	0.0000	0.0000	1.0000	0.0000	0.0000	0.0000	0.0000	0.0000
0.0000	0.0000	0.0030	0.0000	0.0000	0.0000	0.9970	0.0000	0.0000	0.0000	0.0000	0.0000
0.0000	0.0000	0.0000	0.0000	0.0000	0.0000	1.0000	0.0000	0.0000	0.0000	0.0000	0.0000
0.0000	0.0000	0.0000	0.0000	0.0000	0.0000	0.0000	0.0000	1.0000	0.0000	0.0000	0.0000
0.0000	0.0000	0.9465	0.0000	0.0000	0.0000	0.0535	0.0000	0.0000	0.0000	0.0000	0.0000
0.0000	0.0000	0.0029	0.0000	0.0000	0.0000	0.9971	0.0000	0.0000	0.0000	0.0000	0.0000
0.0000	0.0000	0.0000	0.0000	0.0000	0.0000	0.0000	0.0000	1.0000	0.0000	0.0000	0.0000
0.0000	0.0000	0.0000	0.0000	0.0000	0.0000	0.0001	0.0000	0.9999	0.0000	0.0000	0.0000
0.0000	0.0000	0.0001	0.0000	0.0000	0.0000	0.9999	0.0000	0.0000	0.0000	0.0000	0.0000
