0.0114	0.0000	0.0000	0.0000	0.0000	0.0000	0.0407	0.0000	0.0000	0.0002	0.0000	0.9477
0.0000	0.0000	0.0000	0.0000	0.0000	0.0000	0.0000	0.0000	0.0180	0.0001	0.9818	0.0000
0.1517	0.0000	0.0000	0.0000	0.0000	0.0000	0.0000	0.0000	0.0000	0.8445	0.0038	0.0000
0.1948	0.0000	0.0000	0.0000	0.0000	0.0000	0.0000	0.0000	0.0000	0.8052	0.0000	0.0000
0.0000	0.0000	0.2755	0.0000	0.0000	0.0000	0.7245	0.0000	0.0000	0.0000	0.0000	0.0000
0.0000	0.0000	0.0000	0.0000	0.0000	0.0000	0.8863	0.0013	0.0000	0.0776	0.0000	0.0347
1.0000	0.0000	0.0000	0.0000	0.0000	0.0000	0.0000	0.0000	0.0000	0.0000	0.0000	0.0000
0.0000	0.0000	0.0000	0.0000	0.0000	0.0004	0.9767	0.0023	0.0000	0.0018	0.0000	0.0188
0.0322	0.0000	0.0000	0.0000	0.0000	0.0000	0.0000	0.0000	0.9678	0.0000	0.0000	0.0000
0.0000	0.0015	0.0571	0.0000	0.0000	0.0353	0.4552	0.4470	0.0000	0.0000	0.0000	0.0038
0.0000	0.0000	0.0000	0.0000	0.0000	0.0000	0.0000	0.0000	0.0000	1.0000	0.0000	0.0000
0.0000	0.0000	0.0000	0.0000	1.0000	0.0000	0.0000	0.0000	0.0000	0.0000	0.0000	0.0000
0.0000	0.0000	0.1433	0.0000	0.0000	0.0012	0.8532	0.0000	0.0000	0.0000	0.0000	0.0023
0.9226	0.0000	0.0000	0.0000	0.0000	0.0009	0.0022	0.0001	0.0000	0.0689	0.0001	0.0051
0.0038	0.0000	0.0000	0.0000	0.0000	0.0001	0.1580	0.8372	0.0000	0.0007	0.0000	0.0002
0.0000	0.0000	0.0000	0.0000	0.0000	0.0000	0.0094	0.0004	0.0000	0.6669	0.0000	0.3233
0.0000	0.0000	0.0000	0.0000	0.9995	0.0000	0.0000	0.0000	0.0000	0.0005	0.0000	0.0000
0.0000	0.0027	0.0000	0.0000	0.0000	0.1796	0.0213	0.7964	0.0000	0.0000	0.0000	0.0000
0.0001	0.0000	0.0235	0.0000	0.0000	0.0000	0.1308	0.3859	0.0000	0.0231	0.0000	0.4366
0.9743	0.0000	0.0000	0.0000	0.0000	0.0000	0.0000	0.0000	0.0257	0.0000	0.0000	0.0000
0.0000	0.0000	0.0003	0.0000	0.0000	0.0001	0.6590	0.3347	0.0000	0.0042	0.0000	0.0017
0.0000	0.0000	0.0000	0.0000	0.0000	0.0000	0.0000	0.0000	0.0000	1.0000	0.0000	0.0000
0.0000	0.9995	0.0000	0.0000	0.0000	0.0000	0.0000	0.0005	0.0000	0.0000	0.0000	0.0000
0.0000	0.0000	0.0000	0.0000	0.0000	0.0000	0.4841	0.0000	0.0000	0.0069	0.0000	0.5089
0.9669	0.0008	0.0009	0.0000	0.0000	0.0264	0.0000	0.0000	0.0000	0.0046	0.0000	0.0004
0.0000	0.0000	0.0000	0.0000	0.0000	0.0018	0.5790	0.2281	0.0000	0.0002	0.0000	0.1909
0.0000	0.0000	0.0000	0.0000	0.0000	0.0000	0.0000	0.0000	1.0000	0.0000	0.0000	0.0000
0.0000	0.0000	0.0000	0.5170	0.0000	0.0000	0.0000	0.0000	0.0000	0.4819	0.0000	0.0011
0.0000	0.0002	0.9806	0.0000	0.0000	0.0192	0.0000	0.0000	0.0000	0.0000	0.0000	0.0000
1.0000	0.0000	0.0000	0.0000	0.0000	0.0000	0.0000	0.0000	0.0000	0.0000	0.0000	0.0000
0.0000	0.0000	0.0000	0.0000	0.0000	0.0000	0.0001	0.0015	0.0000	0.9985	0.0000	0.0000
0.0006	0.0003	0.0046	0.0000	0.0000	0.0009	0.0217	0.0000	0.0000	0.6509	0.0000	0.3210
0.0000	0.0000	0.0000	0.0000	0.0000	0.0000	0.0000	0.0000	1.0000	0.0000	0.0000	0.0000
0.0000	0.0311	0.1767	0.0000	0.0000	0.7917	0.0000	0.0005	0.0000	0.0000	0.0000	0.0000
0.0000	0.0000	0.0000	1.0000	0.0000	0.0000	0.0000	0.0000	0.0000	0.0000	0.0000	0.0000
0.0000	0.0000	0.0000	0.0000	0.0000	0.0000	0.0000	0.0000	0.0104	0.9896	0.0000	0.0000
0.0000	0.2971	0.4624	0.0000	0.0000	0.2393	0.0000	0.0012	0.0000	0.0000	0.0000	0.0000
0.0000	0.5352	0.0000	0.0000	0.0000	0.0128	0.0013	0.4506	0.0000	0.0000	0.0000	0.0000
1.0000	0.0000	0.0000	0.0000	0.0000	0.0000	0.0000	0.0000	0.0000	0.0000	0.0000	0.0000
0.0000	0.0000	0.0000	0.0000	0.0000	0.0022	0.0004	0.9965	0.0000	0.0000	0.0000	0.0008
0.0000	0.0000	0.0000	0.0000	0.0000	0.0000	0.0000	0.0000	1.0000	0.0000	0.0000	0.0000
0.0000	0.0004	0.0324	0.0000	0.0000	0.9670	0.0000	0.0001	0.0000	0.0000	0.0000	0.0000
0.0000	0.0000	0.0000	0.0000	0.0000	0.0000	0.0000	0.0000	0.0000	0.9992	0.0000	0.0008
0.0000	0.0000	0.0000	0.0000	0.0000	0.0000	0.0000	0.0000	0.0000	0.0000	0.7634	0.2366
0.0000	0.0001	0.0070	0.0000	0.0000	0.9929	0.0000	0.0001	0.0000	0.0000	0.0000	0.0000
0.0000	0.1350	0.1704	0.0000	0.0000	0.5971	0.0102	0.0867	0.0000	0.0000	0.0000	0.0005
0.0000	0.0580	0.8034	0.0000	0.0000	0.1227	0.0002	0.0153	0.0000	0.0000	0.0000	0.0004
0.0737	0.0000	0.0121	0.0000	0.0000	0.0000	0.0000	0.0000	0.0000	0.0269	0.0009	0.8864
0.0000	0.0000	0.9962	0.0000	0.0000	0.0000	0.0011	0.0000	0.0000	0.0000	0.0000	0.0028
0.0000	0.0000	0.0000	0.0000	0.0000	0.0000	0.0000	0.0000	0.0000	0.0000	1.0000	0.0000
0.7799	0.0000	0.0000	0.0000	0.0000	0.0000	0.0000	0.0000	0.0001	0.1395	0.0805	0.0000
0.0000	0.0000	0.0000	0.0000	0.0000	0.0263	0.6781	0.2517	0.0000	0.0000	0.0000	0.0439
0.8389	0.0000	0.0000	0.0000	0.0000	0.0009	0.0146	0.0224	0.0000	0.1230	0.0000	0.0002
0.0000	0.0000	0.0000	0.0000	0.0000	0.0000	0.0000	0.0000	0.0000	0.0000	1.0000	0.0000
0.0000	0.3725	0.5588	0.0000	0.0000	0.0656	0.0023	0.0008	0.0000	0.0000	0.0000	0.0000
0.0224	0.0274	0.0034	0.0000	0.0000	0.0274	0.8723	0.0001	0.0000	0.0273	0.0000	0.0197
0.0000	0.0002	0.0010	0.0000	0.0000	0.0001	0.8524	0.0733	0.0000	0.0031	0.0000	0.0697
0.0000	0.0000	0.0000	0.0000	0.0000	0.0000	0.9651	0.0342	0.0000	0.0000	0.0000	0.0006
0.0000	0.0000	0.0000	0.0000	0.0000	0.0000	0.9983	0.0002	0.0000	0.0001	0.0001	0.0013
0.0000	0.0000	0.0000	0.0000	0.0000	0.0000	0.0000	0.0000	0.0000	0.0009	0.0000	0.9991
0.0089	0.0000	0.0000	0.0000	0.0000	0.0003	0.8811	0.0887	0.0000	0.0089	0.0000	0.0121
0.2576	0.0000	0.0000	0.0000	0.0000	0.0000	0.5148	0.0001	0.0000	0.1121	0.0000	0.1154
0.6427	0.0000	0.0000	0.0000	0.0000	0.0000	0.3518	0.0022	0.0000	0.0000	0.0033	0.0000
0.0000	0.0000	0.0000	0.0000	0.0000	0.0000	0.0001	0.0000	0.0000	0.0029	0.0000	0.9969
0.0000	0.0002	0.8091	0.0000	0.0000	0.0928	0.0942	0.0037	0.0000	0.0000	0.0000	0.0000
0.0000	0.0000	0.2077	0.0000	0.0000	0.1820	0.6016	0.0074	0.0000	0.0000	0.0000	0.0013
0.0000	0.0000	0.0000	0.0000	0.0000	0.0000	0.0000	0.0001	0.0000	0.9999	0.0000	0.0000
0.0000	0.0000	0.0000	0.0000	0.0000	0.4380	0.0029	0.0010	0.0000	0.0001	0.0000	0.5579
0.0000	0.0000	0.0000	0.9902	0.0000	0.0000	0.0000	0.0001	0.0000	0.0085	0.0012	0.0000
0.0000	0.0026	0.0000	0.0000	0.0000	0.0545	0.9328	0.0019	0.0000	0.0000	0.0000	0.0082
0.0000	0.0001	0.6840	0.0000	0.0000	0.3157	0.0000	0.0001	0.0000	0.0000	0.0000	0.0001
0.0000	0.0000	0.0000	0.0000	0.0000	0.9973	0.0001	0.0003	0.0000	0.0000	0.0000	0.0023
0.0000	0.0000	0.0301	0.0000	0.0000	0.0000	0.9044	0.0655	0.0000	0.0000	0.0000	0.0000
0.0000	0.0000	0.0000	0.0000	0.0000	0.0000	0.0000	0.0000	1.0000	0.0000	0.0000	0.0000
0.0000	0.0000	0.0000	0.0000	0.0000	0.0000	0.9983	0.0000	0.0000	0.0000	0.0000	0.0017
0.0000	0.0000	0.0000	0.0000	0.0000	0.0000	0.0000	0.0000	0.0000	1.0000	0.0000	0.0000
0.0000	0.0000	0.9999	0.0000	0.0000	0.0000	0.0001	0.0000	0.0000	0.0000	0.0000	0.0000
0.0642	0.0000	0.0000	0.0000	0.0000	0.9242	0.0000	0.0000	0.0000	0.0115	0.0000	0.0000
0.0000	0.0000	0.9847	0.0000	0.0000	0.0000	0.0153	0.0000	0.0000	0.0000	0.0000	0.0000
0.0000	0.0000	0.0000	1.0000	0.0000	0.0000	0.0000	0.0000	0.0000	0.0000	0.0000	0.0000
0.0002	0.0000	0.0002	0.0000	0.0000	0.0002	0.0003	0.0001	0.0000	0.0003	0.0000	0.9987
0.0000	0.0000	0.0000	0.0005	0.0000	0.0000	0.0000	0.0000	0.0000	0.9995	0.0000	0.0000
0.3484	0.0000	0.0000	0.0000	0.0000	0.0000	0.6513	0.0000	0.0000	0.0003	0.0000	0.0000
0.0000	0.0000	0.0000	0.0000	0.0000	0.0000	0.0000	0.0000	0.0000	0.0000	0.0222	0.9778
0.0000	0.0000	0.0000	0.0000	0.0000	0.0000	0.0000	1.0000	0.0000	0.0000	0.0000	0.0000
0.0000	0.0002	0.0686	0.0000	0.0000	0.0005	0.8995	0.0228	0.0000	0.0000	0.0000	0.0085
0.0000	0.0000	0.0000	0.0000	0.0000	0.0000	0.0000	0.0000	0.0000	0.0000	0.0000	1.0000
0.0000	0.0000	0.0000	0.0000	0.0000	0.0000	0.0000	0.0000	0.0000	0.0000	0.0000	1.0000
0.0000	0.0000	0.0000	0.0000	0.0000	0.0000	0.0001	0.0000	0.0000	0.0000	0.0000	0.9999
0.0000	0.0000	1.0000	0.0000	0.0000	0.0000	0.0000	0.0000	0.0000	0.0000	0.0000	0.0000
0.0000	0.0000	1.0000	0.0000	0.0000	0.0000	0.0000	0.0000	0.0000	0.0000	0.0000	0.0000
0.0000	0.0000	0.9977	0.0000	0.0000	0.0023	0.0000	0.0000	0.0000	0.0000	0.0000	0.0000
0.0000	0.0000	0.9984	0.0000	0.0000	0.0001	0.0000	0.0000	0.0000	0.0000	0.0000	0.0015
0.0000	0.0000	0.0000	0.0000	0.0000	0.0000	0.0000	0.0000	0.0000	0.0000	0.0000	1.0000
0.0005	0.0000	0.9763	0.0000	0.0000	0.0000	0.0000	0.0000	0.0000	0.0000	0.0000	0.0232
0.0001	0.0000	0.2207	0.0000	0.0000	0.0000	0.0000	0.0000	0.0000	0.0000	0.0000	0.7792
0.0000	0.0000	0.0000	0.0000	0.0000	0.0000	0.0000	0.0000	0.0000	0.0000	0.0000	1.0000
0.0000	0.0000	0.0000	0.0000	0.0000	0.0000	0.0000	0.0000	0.0000	0.0000	0.0000	1.0000
0.0000	0.0000	0.0000	0.0000	0.0000	0.0000	0.0000	0.0000	0.0000	0.0000	0.0000	1.0000
0.0002	0.0000	0.9977	0.0000	0.0000	0.0000	0.0000	0.0000	0.0000	0.0000	0.0000	0.0021
0.0000	0.0000	0.9894	0.0000	0.0000	0.0106	0.0000	0.0000	0.0000	0.0000	0.0000	0.0000
0.0008	0.0160	0.9646	0.0000	0.0000	0.0006	0.0000	0.0000	0.0000	0.0000	0.0000	0.0180
0.0000	0.0001	0.9998	0.0000	0.0000	0.0000	0.0000	0.0000	0.0000	0.0000	0.0000	0.0000
0.0000	0.0000	0.0000	0.0000	0.0000	0.0000	0.0000	0.0000	0.0000	0.0000	0.0000	1.0000
0.0105	0.0001	0.9774	0.0000	0.0000	0.0003	0.0000	0.0000	0.0000	0.0002	0.0000	0.0116
0.0000	0.0000	0.9993	0.0000	0.0000	0.0000	0.0000	0.0000	0.0000	0.0000	0.0000	0.0007
0.0000	0.0000	0.0000	0.0000	0.0000	0.0000	0.0000	0.0000	1.0000	0.0000	0.0000	0.0000
0.0000	0.0000	0.0000	0.0000	0.0000	0.0000	1.0000	0.0000	0.0000	0.0000	0.0000	0.0000
0.0000	0.0000	0.0000	0.0000	0.0000	0.0000	0.0000	0.0000	1.0000	0.0000	0.0000	0.0000
0.0000	0.0000	0.0000	0.0000	0.0000	0.0000	0.0000	0.0000	1.0000	0.0000	0.0000	0.0000
0.0000	0.0000	0.0000	0.0000	0.0000	0.0000	1.0000	0.0000	0.0000	0.0000	0.0000	0.0000
0.0000	0.0000	0.0000	0.0000	0.0000	0.0000	0.0000	0.0000	1.0000	0.0000	0.0000	0.0000
0.0000	0.0000	0.0000	0.0000	0.0000	0.0000	0.0000	0.0000	1.0000	0.0000	0.0000	0.0000
0.0000	0.0000	0.9514	0.0000	0.0000	0.0000	0.0486	0.0000	0.0000	0.0000	0.0000	0.0000
0.0000	0.0000	0.9975	0.0000	0.0000	0.0000	0.0025	0.0000	0.0000	0.0000	0.0000	0.0000
0.0000	0.0000	0.0004	0.0000	0.0000	0.0000	0.9996	0.0000	0.0000	0.0000	0.0000	0.0000
0.0000	0.0000	0.0002	0.0000	0.0000	0.0000	0.9998	0.0000	0.0000	0.0000	0.0000	0.0000
0.0000	0.0000	0.0000	0.0000	0.0000	0.0000	0.0000	0.0000	1.0000	0.0000	0.0000	0.0000
0.0000	0.0000	0.0000	0.0000	0.0000	0.0000	0.0049	0.0000	0.9951	0.0000	0.0000	0.0000
0.0000	0.0000	0.0000	0.0000	0.0000	0.0000	0.3652	0.0000	0.6343	0.0004	0.0000	0.0000
0.0000	0.0000	0.8642	0.0000	0.0000	0.0000	0.1358	0.0000	0.0000	0.0000	0.0000	0.0000
0.0000	0.0000	0.0000	0.0000	0.0000	0.0000	0.9022	0.0000	0.0978	0.0000	0.0000	0.0000
0.0000	0.0000	0.0000	0.0000	0.0000	0.0000	0.0000	0.0000	1.0000	0.0000	0.0000	0.0000
0.0000	0.0000	0.9970	0.0000	0.0000	0.0000	0.0030	0.0000	0.0000	0.0000	0.0000	0.0000
0.0000	0.0000	0.0000	0.0000	0.0000	0.0000	1.0000	0.0000	0.0000	0.0000	0.0000	0.0000
0.0000	0.0000	0.0000	0.0000	0.0000	0.0000	1.0000	0.0000	0.0000	0.0000	0.0000	0.0000
0.0000	0.0000	0.0000	0.0000	0.0000	0.0000	1.0000	0.0000	0.0000	0.0000	0.0000	0.0000
0.0000	0.0000	0.0000	0.0000	0.0000	0.0000	0.0000	0.0000	1.0000	0.0000	0.0000	0.0000
0.0000	0.0000	0.9761	0.0000	0.0000	0.0000	0.0239	0.0000	0.0000	0.0000	0.0000	0.0000
0.0000	0.0000	0.0000	0.0000	0.0000	0.0000	1.0000	0.0000	0.0000	0.0000	0.0000	0.0000
0.0000	0.0000	0.0000	0.0000	0.0000	0.0000	0.0000	0.0000	1.0000	0.0000	0.0000	0.0000
0.0000	0.0000	0.0000	0.0000	0.0000	0.0000	0.0000	0.0000	1.0000	0.0000	0.0000	0.0000
0.0000	0.0000	0.0000	0.0000	0.0000	0.0000	1.0000	0.0000	0.0000	0.0000	0.0000	0.0000
