0.0200	0.0000	0.0000	0.0000	0.0000	0.0000	0.0357	0.0000	0.0000	0.0000	0.0001	0.9442
0.0000	0.0000	0.0000	0.0000	0.0000	0.0000	0.0000	0.0000	0.0050	0.2906	0.7043	0.0000
0.0004	0.0000	0.0000	0.0000	0.0000	0.0000	0.0000	0.0000	0.0001	0.9995	0.0000	0.0000
0.2075	0.0000	0.0000	0.0000	0.0000	0.0000	0.0000	0.0000	0.0000	0.7925	0.0000	0.0000
0.0000	0.0000	0.9835	0.0000	0.0000	0.0000	0.0165	0.0000	0.0000	0.0000	0.0000	0.0000
0.0000	0.0000	0.0001	0.0000	0.0000	0.0000	0.7381	0.0012	0.0000	0.0009	0.0020	0.2577
0.9999	0.0001	0.0000	0.0000	0.0000	0.0000	0.0000	0.0000	0.0000	0.0000	0.0000	0.0000
0.0000	0.0000	0.0000	0.0000	0.0000	0.0000	0.8481	0.0019	0.0000	0.0001	0.0000	0.1499
0.2980	0.0000	0.0000	0.0000	0.0000	0.0000	0.0000	0.0000	0.7020	0.0000	0.0000	0.0000
0.0000	0.0006	0.0750	0.0000	0.0000	0.0002	0.2482	0.6687	0.0000	0.0000	0.0000	0.0074
0.0001	0.0000	0.0000	0.0000	0.0000	0.0000	0.0000	0.0000	0.0000	0.9999	0.0000	0.0000
0.0000	0.0000	0.0000	0.0000	1.0000	0.0000	0.0000	0.0000	0.0000	0.0000	0.0000	0.0000
0.0000	0.0000	0.8068	0.0000	0.0000	0.0000	0.1717	0.0000	0.0000	0.0000	0.0000	0.0215
0.6186	0.0000	0.0001	0.0000	0.0000	0.0057	0.1733	0.0004	0.0000	0.1890	0.0000	0.0128
0.0105	0.0000	0.0001	0.0000	0.0000	0.0000	0.8203	0.1684	0.0000	0.0001	0.0000	0.0007
0.0000	0.0000	0.0000	0.0000	0.0000	0.0000	0.0007	0.0000	0.0000	0.2501	0.0000	0.7492
0.0000	0.0000	0.0000	0.0000	1.0000	0.0000	0.0000	0.0000	0.0000	0.0000	0.0000	0.0000
0.0000	0.0135	0.0024	0.0000	0.0000	0.1141	0.0199	0.8501	0.0000	0.0000	0.0000	0.0000
0.0102	0.0001	0.1338	0.0000	0.0000	0.0001	0.1438	0.1724	0.0000	0.0024	0.0000	0.5372
0.8301	0.0000	0.0000	0.0000	0.0000	0.0000	0.0000	0.0000	0.1699	0.0000	0.0000	0.0000
0.0000	0.0000	0.0000	0.0000	0.0000	0.0000	0.6162	0.3799	0.0000	0.0001	0.0001	0.0037
0.0000	0.0000	0.0000	0.0000	0.0000	0.0000	0.0000	0.0000	0.0000	1.0000	0.0000	0.0000
0.0000	0.9990	0.0000	0.0000	0.0000	0.0000	0.0000	0.0010	0.0000	0.0000	0.0000	0.0000
0.0000	0.0000	0.0000	0.0000	0.0000	0.0000	0.2076	0.0000	0.0000	0.0001	0.0000	0.7923
0.9931	0.0001	0.0028	0.0000	0.0000	0.0012	0.0000	0.0020	0.0000	0.0000	0.0000	0.0007
0.0005	0.0000	0.0000	0.0000	0.0000	0.0003	0.0805	0.0668	0.0000	0.0001	0.0000	0.8518
0.0000	0.0000	0.0000	0.0000	0.0000	0.0000	0.0000	0.0000	1.0000	0.0000	0.0000	0.0000
0.0000	0.0000	0.0000	0.0093	0.0000	0.0000	0.0000	0.0000	0.0000	0.9906	0.0000	0.0001
0.0000	0.0000	0.9999	0.0000	0.0000	0.0000	0.0000	0.0000	0.0000	0.0000	0.0000	0.0000
1.0000	0.0000	0.0000	0.0000	0.0000	0.0000	0.0000	0.0000	0.0000	0.0000	0.0000	0.0000
0.0001	0.0000	0.0000	0.0000	0.0000	0.0000	0.0013	0.0244	0.0000	0.9743	0.0000	0.0000
0.0004	0.0000	0.0000	0.0000	0.0000	0.0001	0.0022	0.0003	0.0000	0.0160	0.0012	0.9798
0.0000	0.0000	0.0000	0.0000	0.0000	0.0000	0.0000	0.0000	1.0000	0.0000	0.0000	0.0000
0.0000	0.0659	0.7170	0.0000	0.0000	0.2160	0.0000	0.0011	0.0000	0.0000	0.0000	0.0000
0.0000	0.0000	0.0000	1.0000	0.0000	0.0000	0.0000	0.0000	0.0000	0.0000	0.0000	0.0000
0.0000	0.0000	0.0000	0.0000	0.0000	0.0000	0.0000	0.0000	0.0000	1.0000	0.0000	0.0000
0.0000	0.2956	0.5604	0.0000	0.0000	0.1422	0.0000	0.0017	0.0000	0.0000	0.0000	0.0000
0.0000	0.3599	0.0000	0.0000	0.0000	0.0029	0.0004	0.6368	0.0000	0.0000	0.0000	0.0000
1.0000	0.0000	0.0000	0.0000	0.0000	0.0000	0.0000	0.0000	0.0000	0.0000	0.0000	0.0000
0.0000	0.0000	0.0050	0.0000	0.0000	0.0001	0.0000	0.9415	0.0000	0.0000	0.0001	0.0533
0.0000	0.0000	0.0000	0.0000	0.0000	0.0000	0.0000	0.0000	1.0000	0.0000	0.0000	0.0000
0.0000	0.0681	0.5984	0.0000	0.0000	0.3314	0.0001	0.0019	0.0000	0.0000	0.0000	0.0001
0.0000	0.0000	0.0000	0.0000	0.0000	0.0000	0.0000	0.0000	0.0000	0.9999	0.0000	0.0001
0.0000	0.0000	0.0000	0.0000	0.0000	0.0000	0.0000	0.0000	0.0000	0.0000	1.0000	0.0000
0.0000	0.0011	0.4301	0.0000	0.0000	0.5658	0.0000	0.0028	0.0000	0.0000	0.0000	0.0002
0.0000	0.2633	0.1157	0.0000	0.0000	0.1566	0.0653	0.3975	0.0000	0.0000	0.0000	0.0016
0.0000	0.1566	0.7882	0.0000	0.0000	0.0173	0.0004	0.0371	0.0000	0.0000	0.0000	0.0004
0.0047	0.0000	0.0064	0.0000	0.0000	0.0000	0.0000	0.0000	0.0000	0.0073	0.0005	0.9810
0.0000	0.0000	0.8206	0.0000	0.0000	0.0000	0.0001	0.0000	0.0000	0.0000	0.0097	0.1695
0.0000	0.0000	0.0000	0.0000	0.0000	0.0000	0.0000	0.0000	0.0000	0.9834	0.0166	0.0000
0.0018	0.0000	0.0000	0.0000	0.0000	0.0000	0.0000	0.0000	0.0005	0.9977	0.0000	0.0000
0.0000	0.0000	0.0000	0.0000	0.0000	0.0005	0.8325	0.1465	0.0000	0.0000	0.0000	0.0205
0.9975	0.0000	0.0000	0.0000	0.0000	0.0001	0.0003	0.0016	0.0000	0.0005	0.0000	0.0001
0.0000	0.0000	0.0000	0.0000	0.0000	0.0000	0.0000	0.0000	0.0000	0.0000	1.0000	0.0000
0.0000	0.1211	0.8628	0.0000	0.0000	0.0063	0.0041	0.0056	0.0000	0.0000	0.0000	0.0002
0.2773	0.2689	0.0749	0.0000	0.0000	0.1808	0.1541	0.0063	0.0000	0.0010	0.0000	0.0367
0.0001	0.0000	0.0001	0.0000	0.0000	0.0000	0.2544	0.6965	0.0000	0.0001	0.0000	0.0487
0.0000	0.0000	0.0000	0.0000	0.0000	0.0000	0.8797	0.1202	0.0000	0.0000	0.0000	0.0001
0.0000	0.0000	0.0000	0.0000	0.0000	0.0000	0.9825	0.0170	0.0000	0.0000	0.0000	0.0005
0.0000	0.0000	0.0000	0.0000	0.0000	0.0000	0.0000	0.0000	0.0000	0.0000	0.0000	1.0000
0.0054	0.0000	0.0000	0.0000	0.0000	0.0002	0.9560	0.0105	0.0000	0.0002	0.0000	0.0277
0.0051	0.0000	0.0000	0.0000	0.0000	0.0002	0.7990	0.0000	0.0000	0.0053	0.0000	0.1904
0.4886	0.0000	0.0000	0.0000	0.0000	0.0000	0.5097	0.0010	0.0000	0.0000	0.0001	0.0007
0.0000	0.0000	0.0000	0.0000	0.0000	0.0000	0.0000	0.0000	0.0000	0.0000	0.0000	1.0000
0.0000	0.0000	0.9283	0.0000	0.0000	0.0028	0.0669	0.0015	0.0000	0.0000	0.0000	0.0006
0.0000	0.0000	0.2359	0.0000	0.0000	0.0307	0.6527	0.0026	0.0000	0.0000	0.0000	0.0781
0.0000	0.0000	0.0000	0.0000	0.0000	0.0000	0.0000	0.0000	0.0000	0.9996	0.0000	0.0004
0.0000	0.0000	0.0000	0.0000	0.0000	0.4809	0.0775	0.0097	0.0000	0.0000	0.0000	0.4319
0.0000	0.0000	0.0000	0.6245	0.0000	0.0000	0.0000	0.0512	0.0000	0.3208	0.0023	0.0012
0.0000	0.0002	0.0000	0.0000	0.0000	0.0000	0.9984	0.0011	0.0000	0.0000	0.0000	0.0003
0.0000	0.0011	0.8481	0.0000	0.0000	0.1498	0.0000	0.0006	0.0000	0.0000	0.0000	0.0003
0.0016	0.0000	0.0075	0.0000	0.0000	0.7435	0.0516	0.0922	0.0000	0.0000	0.0000	0.1038
0.0000	0.0000	0.0001	0.0000	0.0000	0.0000	0.1192	0.8786	0.0000	0.0000	0.0000	0.0022
0.0014	0.0000	0.0000	0.0000	0.0000	0.0000	0.0000	0.0000	0.9986	0.0000	0.0000	0.0000
0.0000	0.0000	0.0000	0.0000	0.0000	0.0000	0.5400	0.0002	0.0000	0.0000	0.0000	0.4598
0.0000	0.0000	0.0000	0.0000	0.0000	0.0000	0.0000	0.0000	0.0000	1.0000	0.0000	0.0000
0.0000	0.0000	0.9999	0.0000	0.0000	0.0000	0.0000	0.0001	0.0000	0.0000	0.0000	0.0000
0.8605	0.0000	0.0000	0.0000	0.0000	0.1380	0.0000	0.0000	0.0000	0.0015	0.0000	0.0000
0.0000	0.0000	0.9920	0.0000	0.0000	0.0000	0.0080	0.0000	0.0000	0.0000	0.0000	0.0000
0.0000	0.0000	0.0000	0.3175	0.0000	0.0000	0.0000	0.0000	0.0000	0.6778	0.0047	0.0000
0.0001	0.0000	0.0002	0.0000	0.0000	0.0000	0.0000	0.0000	0.0000	0.0000	0.0000	0.9996
0.0001	0.0000	0.0000	0.0112	0.0000	0.0000	0.0000	0.0000	0.0000	0.9884	0.0003	0.0001
0.0000	0.0000	0.0000	0.0000	0.0000	0.0000	0.9740	0.0000	0.0000	0.0003	0.0000	0.0257
0.0000	0.0000	0.0000	0.0000	0.0000	0.0000	0.0000	0.0000	0.0000	0.0000	1.0000	0.0000
0.0046	0.0000	0.0000	0.0000	0.0000	0.0000	0.0000	0.9953	0.0000	0.0000	0.0000	0.0000
0.0000	0.0000	0.0296	0.0000	0.0000	0.0002	0.9595	0.0068	0.0000	0.0000	0.0000	0.0039
0.0000	0.0000	0.0000	0.0000	0.0000	0.0000	0.0000	0.0000	0.0000	0.0000	0.0000	1.0000
0.0000	0.0000	0.0000	0.0000	0.0000	0.0000	0.0000	0.0000	0.0000	0.0000	0.0000	1.0000
0.0000	0.0000	0.0009	0.0000	0.0000	0.0000	0.0000	0.0000	0.0000	0.0000	0.0000	0.9991
0.0000	0.0000	1.0000	0.0000	0.0000	0.0000	0.0000	0.0000	0.0000	0.0000	0.0000	0.0000
0.0000	0.0000	0.9970	0.0000	0.0000	0.0000	0.0000	0.0000	0.0000	0.0000	0.0000	0.0030
0.0000	0.0000	0.9997	0.0000	0.0000	0.0003	0.0000	0.0000	0.0000	0.0000	0.0000	0.0000
0.0000	0.0000	0.9991	0.0000	0.0000	0.0000	0.0000	0.0000	0.0000	0.0000	0.0000	0.0009
0.0000	0.0000	0.0000	0.0000	0.0000	0.0000	0.0000	0.0000	0.0000	0.0000	0.0000	1.0000
0.0000	0.0000	0.9992	0.0000	0.0000	0.0000	0.0000	0.0000	0.0000	0.0000	0.0000	0.0008
0.0000	0.0000	0.9765	0.0000	0.0000	0.0000	0.0000	0.0000	0.0000	0.0000	0.0000	0.0235
0.0000	0.0000	0.0000	0.0000	0.0000	0.0000	0.0000	0.0000	0.0000	0.0000	0.0000	1.0000
0.0000	0.0000	0.0000	0.0000	0.0000	0.0000	0.0000	0.0000	0.0000	0.0000	0.0000	1.0000
0.0000	0.0000	0.0000	0.0000	0.0000	0.0000	0.0000	0.0000	0.0000	0.0000	0.0000	1.0000
0.0000	0.0000	1.0000	0.0000	0.0000	0.0000	0.0000	0.0000	0.0000	0.0000	0.0000	0.0000
0.0000	0.0000	0.9999	0.0000	0.0000	0.0001	0.0000	0.0000	0.0000	0.0000	0.0000	0.0000
0.0000	0.0006	0.9951	0.0000	0.0000	0.0000	0.0000	0.0000	0.0000	0.0000	0.0000	0.0043
0.0000	0.0001	0.9998	0.0000	0.0000	0.0000	0.0000	0.0000	0.0000	0.0000	0.0000	0.0000
0.0000	0.0000	0.0000	0.0000	0.0000	0.0000	0.0000	0.0000	0.0000	0.0000	0.0000	1.0000
0.0000	0.0000	0.9997	0.0000	0.0000	0.0000	0.0000	0.0000	0.0000	0.0000	0.0000	0.0003
0.0000	0.0000	1.0000	0.0000	0.0000	0.0000	0.0000	0.0000	0.0000	0.0000	0.0000	0.0000
0.0000	0.0000	0.0000	0.0000	0.0000	0.0000	0.0000	0.0000	1.0000	0.0000	0.0000	0.0000
0.0000	0.0000	0.0000	0.0000	0.0000	0.0000	1.0000	0.0000	0.0000	0.0000	0.0000	0.0000
0.0000	0.0000	0.0000	0.0000	0.0000	0.0000	0.0000	0.0000	1.0000	0.0000	0.0000	0.0000
0.0000	0.0000	0.0000	0.0000	0.0000	0.0000	0.0000	0.0000	1.0000	0.0000	0.0000	0.0000
0.0000	0.0000	0.0000	0.0000	0.0000	0.0000	1.0000	0.0000	0.0000	0.0000	0.0000	0.0000
0.0000	0.0000	0.0000	0.0000	0.0000	0.0000	0.0000	0.0000	1.0000	0.0000	0.0000	0.0000
0.0000	0.0000	0.0000	0.0000	0.0000	0.0000	0.0000	0.0000	1.0000	0.0000	0.0000	0.0000
0.0000	0.0000	0.9615	0.0000	0.0000	0.0000	0.0385	0.0000	0.0000	0.0000	0.0000	0.0000
0.0000	0.0000	0.9883	0.0000	0.0000	0.0000	0.0117	0.0000	0.0000	0.0000	0.0000	0.0000
0.0000	0.0000	0.0016	0.0000	0.0000	0.0000	0.9984	0.0000	0.0000	0.0000	0.0000	0.0000
0.0000	0.0000	0.0001	0.0000	0.0000	0.0000	0.9999	0.0000	0.0000	0.0000	0.0000	0.0000
0.0000	0.0000	0.0000	0.0000	0.0000	0.0000	0.0000	0.0000	1.0000	0.0000	0.0000	0.0000
0.0000	0.0000	0.0000	0.0000	0.0000	0.0000	0.7375	0.0000	0.2625	0.0000	0.0000	0.0000
0.0000	0.0000	0.0000	0.0000	0.0000	0.0000	0.5089	0.0000	0.4911	0.0000	0.0000	0.0000
0.0000	0.0000	0.9519	0.0000	0.0000	0.0000	0.0481	0.0000	0.0000	0.0000	0.0000	0.0000
0.0000	0.0000	0.0000	0.0000	0.0000	0.0000	1.0000	0.0000	0.0000	0.0000	0.0000	0.0000
0.0000	0.0000	0.0000	0.0000	0.0000	0.0000	0.0000	0.0000	1.0000	0.0000	0.0000	0.0000
0.0000	0.0000	0.9991	0.0000	0.0000	0.0000	0.0009	0.0000	0.0000	0.0000	0.0000	0.0000
0.0000	0.0000	0.0000	0.0000	0.0000	0.0000	1.0000	0.0000	0.0000	0.0000	0.0000	0.0000
0.0000	0.0000	0.0000	0.0000	0.0000	0.0000	1.0000	0.0000	0.0000	0.0000	0.0000	0.0000
0.0000	0.0000	0.0000	0.0000	0.0000	0.0000	1.0000	0.0000	0.0000	0.0000	0.0000	0.0000
0.0000	0.0000	0.0000	0.0000	0.0000	0.0000	0.0000	0.0000	1.0000	0.0000	0.0000	0.0000
0.0000	0.0000	0.9843	0.0000	0.0000	0.0000	0.0157	0.0000	0.0000	0.0000	0.0000	0.0000
0.0000	0.0000	0.0000	0.0000	0.0000	0.0000	1.0000	0.0000	0.0000	0.0000	0.0000	0.0000
0.0000	0.0000	0.0000	0.0000	0.0000	0.0000	0.0000	0.0000	1.0000	0.0000	0.0000	0.0000
0.0000	0.0000	0.0000	0.0000	0.0000	0.0000	0.0000	0.0000	1.0000	0.0000	0.0000	0.0000
0.0000	0.0000	0.0000	0.0000	0.0000	0.0000	1.0000	0.0000	0.0000	0.0000	0.0000	0.0000
