0.0352	0.0001	0.0044	0.0000	0.0000	0.0007	0.0672	0.0013	0.0000	0.0137	0.0277	0.8497
0.2892	0.0000	0.0000	0.0000	0.0000	0.0000	0.0000	0.0000	0.6790	0.0176	0.0142	0.0000
0.8353	0.0000	0.0000	0.0000	0.0000	0.0000	0.0000	0.0000	0.0123	0.1524	0.0000	0.0000
0.2699	0.0000	0.0000	0.0000	0.0000	0.0000	0.0000	0.0000	0.0000	0.7299	0.0001	0.0000
0.0000	0.0000	0.7492	0.0000	0.0000	0.0000	0.2508	0.0000	0.0000	0.0000	0.0000	0.0000
0.0006	0.0000	0.0082	0.0000	0.0000	0.0002	0.6762	0.1205	0.0000	0.0456	0.0197	0.1290
1.0000	0.0000	0.0000	0.0000	0.0000	0.0000	0.0000	0.0000	0.0000	0.0000	0.0000	0.0000
0.0001	0.0000	0.0019	0.0000	0.0000	0.0005	0.8871	0.0083	0.0000	0.0055	0.0002	0.0964
0.0568	0.0000	0.0000	0.0000	0.0000	0.0000	0.0000	0.0000	0.9432	0.0000	0.0000	0.0000
0.0000	0.0143	0.0262	0.0000	0.0000	0.0295	0.7077	0.1866	0.0000	0.0001	0.0000	0.0355
0.0000	0.0000	0.0000	0.0000	0.0000	0.0000	0.0000	0.0000	0.0000	1.0000	0.0000	0.0000
0.0000	0.0000	0.0000	0.0000	0.9999	0.0000	0.0000	0.0000	0.0000	0.0001	0.0000	0.0000
0.0000	0.0005	0.1200	0.0000	0.0000	0.0001	0.8469	0.0007	0.0000	0.0002	0.0000	0.0315
0.4286	0.0005	0.0200	0.0000	0.0000	0.1981	0.0125	0.0050	0.0019	0.2526	0.0016	0.0791
0.0619	0.0004	0.0077	0.0000	0.0000	0.0500	0.3714	0.3594	0.0000	0.0876	0.0001	0.0615
0.0000	0.0001	0.0000	0.0000	0.0001	0.0000	0.0005	0.0002	0.0000	0.5233	0.0000	0.4758
0.0000	0.0000	0.0000	0.0000	1.0000	0.0000	0.0000	0.0000	0.0000	0.0000	0.0000	0.0000
0.0000	0.1207	0.1754	0.0000	0.0000	0.0957	0.4153	0.1916	0.0000	0.0001	0.0000	0.0012
0.0016	0.0308	0.1620	0.0000	0.0000	0.0479	0.0949	0.2960	0.0000	0.0344	0.0000	0.3325
0.9681	0.0000	0.0000	0.0000	0.0000	0.0000	0.0000	0.0000	0.0318	0.0000	0.0001	0.0000
0.0010	0.0001	0.0015	0.0000	0.0000	0.0028	0.8753	0.0592	0.0000	0.0024	0.0008	0.0569
0.0000	0.0000	0.0000	0.0000	0.0000	0.0000	0.0000	0.0000	0.0000	0.9990	0.0006	0.0003
0.0003	0.9751	0.0000	0.0000	0.0000	0.0000	0.0001	0.0244	0.0000	0.0000	0.0000	0.0000
0.0000	0.0000	0.0030	0.0000	0.0000	0.0007	0.8158	0.0003	0.0000	0.0035	0.0006	0.1761
0.9451	0.0002	0.0000	0.0000	0.0000	0.0440	0.0000	0.0000	0.0000	0.0106	0.0000	0.0000
0.0007	0.0000	0.0004	0.0000	0.0000	0.0266	0.0356	0.0179	0.0000	0.0833	0.0000	0.8355
0.0000	0.0000	0.0000	0.0000	0.0000	0.0001	0.0000	0.0000	0.9996	0.0003	0.0000	0.0000
0.0000	0.0000	0.0000	0.0367	0.0000	0.0000	0.0000	0.0000	0.0000	0.9631	0.0000	0.0002
0.1335	0.0000	0.0000	0.0002	0.0000	0.8657	0.0000	0.0000	0.0000	0.0006	0.0000	0.0000
0.9994	0.0000	0.0000	0.0000	0.0000	0.0000	0.0000	0.0000	0.0006	0.0000	0.0000	0.0000
0.0023	0.0000	0.0000	0.0002	0.0000	0.0000	0.2815	0.0627	0.0000	0.6527	0.0001	0.0004
0.0095	0.0119	0.0043	0.0000	0.0000	0.0107	0.2157	0.0087	0.0000	0.3279	0.0160	0.3953
0.0024	0.0000	0.0000	0.0000	0.0000	0.0000	0.0000	0.0000	0.9974	0.0002	0.0000	0.0000
0.0000	0.4538	0.3411	0.0000	0.0000	0.1260	0.0340	0.0447	0.0000	0.0000	0.0000	0.0004
0.0000	0.0000	0.0000	1.0000	0.0000	0.0000	0.0000	0.0000	0.0000	0.0000	0.0000	0.0000
0.0000	0.0000	0.0000	0.0000	0.0000	0.0000	0.0000	0.0000	0.0021	0.9979	0.0000	0.0000
0.0000	0.6016	0.2838	0.0000	0.0000	0.0434	0.0216	0.0493	0.0000	0.0000	0.0000	0.0003
0.0003	0.2400	0.0026	0.0000	0.0000	0.0231	0.1229	0.6097	0.0000	0.0003	0.0001	0.0009
1.0000	0.0000	0.0000	0.0000	0.0000	0.0000	0.0000	0.0000	0.0000	0.0000	0.0000	0.0000
0.0016	0.0000	0.0956	0.0000	0.0000	0.0020	0.0063	0.3724	0.0000	0.0048	0.0123	0.5050
0.0000	0.0000	0.0000	0.0000	0.0000	0.0000	0.0000	0.0000	1.0000	0.0000	0.0000	0.0000
0.0000	0.4635	0.2956	0.0000	0.0000	0.1931	0.0171	0.0287	0.0000	0.0000	0.0000	0.0020
0.0000	0.0000	0.0000	0.0000	0.0000	0.0000	0.0000	0.0000	0.0000	0.9996	0.0000	0.0004
0.0000	0.0000	0.0000	0.0000	0.0000	0.0000	0.0000	0.0000	0.0000	0.0000	1.0000	0.0000
0.0003	0.0083	0.0474	0.0000	0.0000	0.9396	0.0011	0.0018	0.0000	0.0003	0.0000	0.0013
0.0002	0.7867	0.0534	0.0000	0.0000	0.0250	0.0088	0.1091	0.0000	0.0000	0.0000	0.0167
0.0006	0.6578	0.2099	0.0000	0.0000	0.0134	0.0089	0.0775	0.0000	0.0005	0.0000	0.0313
0.3216	0.0000	0.0014	0.0000	0.0000	0.0000	0.0003	0.0000	0.0007	0.0596	0.0341	0.5822
0.0049	0.0000	0.2725	0.0000	0.0000	0.0000	0.0076	0.0000	0.0000	0.0000	0.4531	0.2618
0.3617	0.0000	0.0000	0.0000	0.0000	0.0000	0.0000	0.0000	0.5218	0.1113	0.0052	0.0000
0.9431	0.0000	0.0000	0.0000	0.0000	0.0000	0.0000	0.0000	0.0175	0.0394	0.0000	0.0000
0.0000	0.0000	0.0002	0.0000	0.0000	0.0034	0.7186	0.2277	0.0000	0.0000	0.0006	0.0494
0.6994	0.0056	0.0000	0.0000	0.0000	0.0233	0.0631	0.0347	0.0000	0.1714	0.0001	0.0024
0.0027	0.0000	0.0000	0.0000	0.0000	0.0000	0.0000	0.0000	0.0000	0.0000	0.9972	0.0000
0.0003	0.5849	0.2442	0.0000	0.0000	0.0607	0.0624	0.0446	0.0000	0.0001	0.0000	0.0028
0.0218	0.1788	0.0116	0.0000	0.0000	0.4763	0.2052	0.0188	0.0000	0.0308	0.0002	0.0565
0.0005	0.0075	0.0025	0.0000	0.0000	0.0034	0.5913	0.1093	0.0000	0.0109	0.0001	0.2744
0.0000	0.0000	0.0002	0.0000	0.0000	0.0000	0.9638	0.0323	0.0000	0.0002	0.0000	0.0035
0.0000	0.0000	0.0000	0.0000	0.0000	0.0000	0.9926	0.0061	0.0000	0.0001	0.0005	0.0006
0.0000	0.0000	0.0000	0.0000	0.0000	0.0000	0.0000	0.0001	0.0000	0.0043	0.0000	0.9957
0.1103	0.0008	0.0012	0.0000	0.0000	0.0223	0.3343	0.3248	0.0000	0.0535	0.0019	0.1508
0.2102	0.0000	0.0002	0.0000	0.0000	0.0069	0.2661	0.0169	0.0006	0.2040	0.0008	0.2945
0.8228	0.0000	0.0000	0.0000	0.0000	0.0009	0.1361	0.0145	0.0000	0.0062	0.0127	0.0067
0.0000	0.0000	0.0000	0.0000	0.0000	0.0000	0.0019	0.0000	0.0000	0.0032	0.0030	0.9920
0.0002	0.0057	0.3802	0.0000	0.0000	0.0254	0.5463	0.0341	0.0000	0.0002	0.0000	0.0080
0.0003	0.0007	0.2699	0.0000	0.0000	0.0287	0.5960	0.0393	0.0000	0.0012	0.0001	0.0638
0.0000	0.0000	0.0000	0.0000	0.0000	0.0000	0.0000	0.0000	0.0000	0.9970	0.0003	0.0027
0.0022	0.0000	0.0052	0.0000	0.0000	0.1727	0.1758	0.0010	0.0000	0.0796	0.0000	0.5634
0.0000	0.0000	0.0025	0.3280	0.0000	0.0000	0.0001	0.0820	0.0047	0.5259	0.0179	0.0389
0.0989	0.4858	0.0008	0.0005	0.0000	0.0008	0.3746	0.0184	0.0000	0.0022	0.0000	0.0179
0.0009	0.0263	0.0859	0.0000	0.0000	0.8832	0.0004	0.0006	0.0000	0.0009	0.0000	0.0019
0.2234	0.0008	0.0067	0.0056	0.0000	0.3836	0.0130	0.0044	0.0000	0.0404	0.0003	0.3217
0.0000	0.0000	0.0390	0.0000	0.0000	0.0000	0.7874	0.1677	0.0000	0.0000	0.0025	0.0034
0.0141	0.0000	0.0000	0.0000	0.0000	0.0000	0.0000	0.0000	0.9839	0.0019	0.0000	0.0000
0.0000	0.0000	0.0000	0.0000	0.0000	0.0000	0.4460	0.0566	0.0000	0.0000	0.0000	0.4974
0.0000	0.0000	0.0000	0.0004	0.0000	0.0000	0.0000	0.0004	0.0000	0.9991	0.0001	0.0000
0.0000	0.0000	0.9446	0.0000	0.0000	0.0000	0.0388	0.0165	0.0000	0.0000	0.0000	0.0001
0.2755	0.0000	0.0000	0.0000	0.0000	0.6625	0.0022	0.0035	0.0000	0.0562	0.0000	0.0000
0.0000	0.0000	0.4618	0.0000	0.0000	0.0000	0.5142	0.0236	0.0000	0.0000	0.0001	0.0002
0.0000	0.0000	0.0000	0.0082	0.0000	0.0000	0.0000	0.0000	0.0000	0.9912	0.0006	0.0000
0.0033	0.0000	0.0183	0.0000	0.0000	0.0019	0.0018	0.0014	0.0000	0.0187	0.0006	0.9541
0.0003	0.0000	0.0000	0.0156	0.0000	0.0000	0.0000	0.0000	0.0000	0.9833	0.0004	0.0003
0.0398	0.0000	0.0000	0.0000	0.0000	0.0000	0.6166	0.0000	0.0000	0.3435	0.0000	0.0001
0.0000	0.0000	0.0000	0.0000	0.0000	0.0000	0.0000	0.0000	0.0000	0.0000	1.0000	0.0000
0.0002	0.0026	0.0014	0.0000	0.0000	0.0000	0.0000	0.9957	0.0000	0.0000	0.0000	0.0000
0.0004	0.0423	0.1185	0.0000	0.0000	0.0031	0.4047	0.1509	0.0000	0.0002	0.0000	0.2799
0.0000	0.0000	0.0000	0.0000	0.0000	0.0000	0.0000	0.0000	0.0000	0.0000	0.0000	1.0000
0.0000	0.0000	0.0000	0.0000	0.0000	0.0000	0.0000	0.0000	0.0000	0.0000	0.0000	1.0000
0.0000	0.0000	0.0127	0.0000	0.0000	0.0000	0.0005	0.0000	0.0000	0.0000	0.0000	0.9868
0.0000	0.0000	0.9999	0.0000	0.0000	0.0000	0.0000	0.0000	0.0000	0.0000	0.0000	0.0001
0.0000	0.0000	0.9659	0.0000	0.0000	0.0000	0.0000	0.0000	0.0000	0.0000	0.0000	0.0341
0.0002	0.0000	0.9983	0.0002	0.0000	0.0001	0.0000	0.0000	0.0001	0.0000	0.0000	0.0011
0.0006	0.0000	0.8894	0.0014	0.0000	0.0006	0.0000	0.0000	0.0022	0.0000	0.0000	0.1058
0.0000	0.0000	0.0000	0.0000	0.0000	0.0000	0.0000	0.0000	0.0000	0.0000	0.0000	1.0000
0.0005	0.0000	0.9628	0.0000	0.0000	0.0001	0.0000	0.0000	0.0007	0.0001	0.0000	0.0358
0.0016	0.0000	0.8875	0.0000	0.0000	0.0000	0.0000	0.0000	0.0003	0.0000	0.0000	0.1105
0.0000	0.0000	0.0000	0.0000	0.0000	0.0000	0.0000	0.0000	0.0000	0.0000	0.0000	1.0000
0.0000	0.0000	0.0002	0.0000	0.0000	0.0001	0.0000	0.0000	0.0000	0.0000	0.0000	0.9997
0.0000	0.0000	0.0000	0.0000	0.0000	0.0000	0.0000	0.0000	0.0000	0.0000	0.0000	1.0000
0.0000	0.0000	0.9954	0.0000	0.0000	0.0000	0.0000	0.0000	0.0000	0.0000	0.0000	0.0046
0.0004	0.0000	0.9967	0.0001	0.0000	0.0006	0.0000	0.0000	0.0014	0.0000	0.0000	0.0008
0.0026	0.0000	0.9495	0.0015	0.0000	0.0000	0.0000	0.0000	0.0042	0.0000	0.0000	0.0421
0.0005	0.0000	0.9929	0.0009	0.0000	0.0000	0.0000	0.0000	0.0008	0.0000	0.0000	0.0048
0.0000	0.0000	0.0000	0.0000	0.0000	0.0000	0.0000	0.0000	0.0000	0.0000	0.0000	1.0000
0.0005	0.0000	0.9918	0.0000	0.0000	0.0001	0.0000	0.0000	0.0005	0.0001	0.0000	0.0070
0.0005	0.0000	0.9916	0.0000	0.0000	0.0000	0.0000	0.0000	0.0000	0.0000	0.0000	0.0079
0.0000	0.0000	0.0000	0.0000	0.0000	0.0000	0.0000	0.0000	1.0000	0.0000	0.0000	0.0000
0.0000	0.0000	0.0000	0.0000	0.0000	0.0000	1.0000	0.0000	0.0000	0.0000	0.0000	0.0000
0.0000	0.0000	0.0000	0.0000	0.0000	0.0000	0.0000	0.0000	1.0000	0.0000	0.0000	0.0000
0.0000	0.0000	0.0000	0.0000	0.0000	0.0000	0.0000	0.0000	1.0000	0.0000	0.0000	0.0000
0.0000	0.0000	0.0000	0.0000	0.0000	0.0000	1.0000	0.0000	0.0000	0.0000	0.0000	0.0000
0.0000	0.0000	0.0000	0.0000	0.0000	0.0000	0.0000	0.0000	1.0000	0.0000	0.0000	0.0000
0.0000	0.0000	0.0000	0.0000	0.0000	0.0000	0.0000	0.0000	1.0000	0.0000	0.0000	0.0000
0.0000	0.0000	0.8353	0.0000	0.0000	0.0000	0.1647	0.0000	0.0000	0.0000	0.0000	0.0000
0.0000	0.0000	0.8988	0.0000	0.0000	0.0000	0.1012	0.0000	0.0000	0.0000	0.0000	0.0000
0.0000	0.0000	0.1647	0.0000	0.0000	0.0000	0.8353	0.0000	0.0000	0.0000	0.0000	0.0000
0.0000	0.0000	0.0717	0.0000	0.0000	0.0000	0.9283	0.0000	0.0000	0.0000	0.0000	0.0000
0.0000	0.0000	0.0000	0.0000	0.0000	0.0000	0.0000	0.0000	1.0000	0.0000	0.0000	0.0000
0.0000	0.0000	0.0000	0.0000	0.0000	0.0000	0.0795	0.0000	0.9205	0.0000	0.0000	0.0000
0.0000	0.0000	0.0000	0.0000	0.0000	0.0000	0.0969	0.0000	0.9031	0.0000	0.0000	0.0000
0.0000	0.0000	0.8164	0.0000	0.0000	0.0000	0.1836	0.0000	0.0000	0.0000	0.0000	0.0000
0.0000	0.0000	0.0000	0.0000	0.0000	0.0000	0.9993	0.0000	0.0007	0.0000	0.0000	0.0000
0.0000	0.0000	0.0000	0.0000	0.0000	0.0000	0.0000	0.0000	1.0000	0.0000	0.0000	0.0000
0.0000	0.0000	0.9777	0.0000	0.0000	0.0000	0.0223	0.0000	0.0000	0.0000	0.0000	0.0000
0.0000	0.0000	0.0000	0.0000	0.0000	0.0000	1.0000	0.0000	0.0000	0.0000	0.0000	0.0000
0.0000	0.0000	0.0030	0.0000	0.0000	0.0000	0.9970	0.0000	0.0000	0.0000	0.0000	0.0000
0.0000	0.0000	0.0002	0.0000	0.0000	0.0000	0.9998	0.0000	0.0000	0.0000	0.0000	0.0000
0.0000	0.0000	0.0000	0.0000	0.0000	0.0000	0.0000	0.0000	1.0000	0.0000	0.0000	0.0000
0.0000	0.0000	0.9449	0.0000	0.0000	0.0000	0.0551	0.0000	0.0000	0.0000	0.0000	0.0000
0.0000	0.0000	0.0255	0.0000	0.0000	0.0000	0.9745	0.0000	0.0000	0.0000	0.0000	0.0000
0.0000	0.0000	0.0000	0.0000	0.0000	0.0000	0.0000	0.0000	1.0000	0.0000	0.0000	0.0000
0.0000	0.0000	0.0000	0.0000	0.0000	0.0000	0.0001	0.0000	0.9999	0.0000	0.0000	0.0000
0.0000	0.0000	0.0000	0.0000	0.0000	0.0000	1.0000	0.0000	0.0000	0.0000	0.0000	0.0000
