0.0069	0.0000	0.0040	0.0000	0.0000	0.0002	0.0688	0.0003	0.0000	0.0021	0.0045	0.9132
0.0015	0.0000	0.0000	0.0000	0.0000	0.0000	0.0000	0.0000	0.1097	0.0136	0.8753	0.0000
0.0408	0.0000	0.0000	0.0000	0.0000	0.0000	0.0000	0.0000	0.2149	0.7196	0.0247	0.0000
0.5617	0.0000	0.0000	0.0000	0.0000	0.0000	0.0000	0.0000	0.0000	0.4375	0.0005	0.0003
0.0000	0.0000	0.7176	0.0000	0.0000	0.0000	0.2824	0.0000	0.0000	0.0000	0.0000	0.0000
0.0003	0.0000	0.0013	0.0000	0.0000	0.0002	0.3289	0.0163	0.0000	0.0926	0.0118	0.5485
0.9999	0.0000	0.0000	0.0000	0.0000	0.0000	0.0000	0.0000	0.0000	0.0001	0.0000	0.0000
0.0007	0.0001	0.0130	0.0000	0.0000	0.0218	0.5796	0.0075	0.0000	0.0040	0.0002	0.3731
0.5039	0.0000	0.0000	0.0000	0.0000	0.0000	0.0000	0.0000	0.4961	0.0000	0.0000	0.0000
0.0001	0.0509	0.4051	0.0000	0.0000	0.1645	0.2096	0.1550	0.0000	0.0000	0.0000	0.0148
0.0052	0.0000	0.0000	0.0000	0.0000	0.0000	0.0000	0.0000	0.0000	0.9948	0.0000	0.0000
0.0000	0.0000	0.0000	0.0000	1.0000	0.0000	0.0000	0.0000	0.0000	0.0000	0.0000	0.0000
0.0000	0.0035	0.4863	0.0000	0.0000	0.1533	0.3260	0.0022	0.0000	0.0001	0.0000	0.0285
0.6506	0.0001	0.0142	0.0000	0.0000	0.1711	0.0593	0.0033	0.0052	0.0464	0.0114	0.0383
0.0468	0.0000	0.0053	0.0000	0.0000	0.0007	0.5623	0.3320	0.0000	0.0320	0.0001	0.0208
0.0000	0.0000	0.0000	0.0000	0.0000	0.0000	0.0047	0.0028	0.0000	0.3724	0.0004	0.6197
0.0000	0.0000	0.0000	0.0000	0.9988	0.0000	0.0000	0.0000	0.0000	0.0012	0.0000	0.0000
0.0002	0.0415	0.0425	0.0000	0.0000	0.6852	0.0147	0.2149	0.0000	0.0000	0.0000	0.0009
0.0049	0.0007	0.1858	0.0000	0.0000	0.0005	0.1833	0.1997	0.0000	0.0175	0.0000	0.4075
0.8995	0.0000	0.0000	0.0000	0.0000	0.0000	0.0000	0.0000	0.1002	0.0002	0.0000	0.0000
0.0042	0.0009	0.0033	0.0000	0.0000	0.0058	0.7596	0.1924	0.0000	0.0080	0.0019	0.0240
0.0000	0.0000	0.0000	0.0003	0.0000	0.0000	0.0002	0.0000	0.0000	0.9990	0.0003	0.0002
0.0000	0.9871	0.0000	0.0000	0.0000	0.0000	0.0000	0.0129	0.0000	0.0000	0.0000	0.0000
0.0001	0.0000	0.0041	0.0000	0.0000	0.0004	0.4301	0.0005	0.0000	0.0108	0.0007	0.5533
0.8259	0.0021	0.0003	0.0000	0.0000	0.1659	0.0000	0.0003	0.0000	0.0020	0.0000	0.0035
0.0013	0.0000	0.0001	0.0001	0.0000	0.0008	0.0973	0.1200	0.0000	0.0549	0.0018	0.7238
0.0000	0.0000	0.0000	0.0000	0.0000	0.0000	0.0000	0.0000	0.9994	0.0006	0.0000	0.0000
0.0000	0.0000	0.0000	0.0547	0.0000	0.0000	0.0000	0.0000	0.0000	0.9417	0.0012	0.0024
0.0286	0.0018	0.0043	0.0004	0.0000	0.9616	0.0000	0.0000	0.0000	0.0032	0.0000	0.0000
0.9991	0.0000	0.0000	0.0000	0.0000	0.0000	0.0000	0.0000	0.0009	0.0000	0.0000	0.0000
0.0050	0.0000	0.0000	0.0085	0.0000	0.0018	0.1243	0.0865	0.0000	0.7694	0.0011	0.0035
0.0305	0.0029	0.0549	0.0000	0.0000	0.0814	0.1166	0.0074	0.0000	0.0471	0.0045	0.6547
0.0112	0.0000	0.0000	0.0000	0.0000	0.0000	0.0000	0.0000	0.9868	0.0020	0.0000	0.0000
0.0000	0.1645	0.4392	0.0000	0.0000	0.3952	0.0003	0.0008	0.0000	0.0000	0.0000	0.0000
0.0000	0.0000	0.0000	1.0000	0.0000	0.0000	0.0000	0.0000	0.0000	0.0000	0.0000	0.0000
0.0000	0.0000	0.0000	0.0000	0.0000	0.0000	0.0000	0.0000	0.0020	0.9979	0.0000	0.0001
0.0000	0.2618	0.5866	0.0000	0.0000	0.1503	0.0002	0.0010	0.0000	0.0000	0.0000	0.0000
0.0005	0.5906	0.0051	0.0000	0.0000	0.1910	0.0144	0.1977	0.0000	0.0001	0.0000	0.0006
0.9993	0.0000	0.0000	0.0000	0.0000	0.0000	0.0000	0.0000	0.0000	0.0000	0.0000	0.0007
0.0044	0.0000	0.0422	0.0002	0.0000	0.0211	0.0003	0.6776	0.0000	0.0025	0.0031	0.2485
0.0000	0.0000	0.0000	0.0000	0.0000	0.0000	0.0000	0.0000	1.0000	0.0000	0.0000	0.0000
0.0000	0.1943	0.3414	0.0000	0.0000	0.4601	0.0013	0.0023	0.0000	0.0000	0.0000	0.0006
0.0000	0.0000	0.0000	0.0000	0.0000	0.0000	0.0000	0.0000	0.0000	0.9685	0.0000	0.0314
0.0000	0.0000	0.0000	0.0000	0.0000	0.0000	0.0000	0.0000	0.0000	0.0000	0.9895	0.0105
0.0001	0.0114	0.3963	0.0000	0.0000	0.5900	0.0001	0.0011	0.0000	0.0000	0.0000	0.0010
0.0003	0.5114	0.1644	0.0000	0.0000	0.1384	0.0310	0.1324	0.0000	0.0000	0.0000	0.0219
0.0002	0.3809	0.4081	0.0000	0.0000	0.0582	0.0011	0.1297	0.0000	0.0000	0.0000	0.0218
0.0081	0.0000	0.0431	0.0000	0.0000	0.0000	0.0002	0.0000	0.0001	0.0312	0.0223	0.8950
0.0000	0.0000	0.2308	0.0000	0.0000	0.0000	0.0060	0.0000	0.0000	0.0013	0.0189	0.7430
0.0022	0.0000	0.0000	0.0000	0.0000	0.0000	0.0000	0.0000	0.0071	0.0468	0.9439	0.0000
0.1179	0.0000	0.0000	0.0000	0.0000	0.0000	0.0000	0.0000	0.2817	0.4658	0.1346	0.0000
0.0000	0.0000	0.0028	0.0000	0.0000	0.0074	0.7625	0.1961	0.0000	0.0002	0.0001	0.0309
0.9002	0.0004	0.0005	0.0000	0.0000	0.0225	0.0144	0.0138	0.0000	0.0370	0.0002	0.0111
0.0001	0.0000	0.0000	0.0000	0.0000	0.0000	0.0000	0.0000	0.0000	0.0001	0.9999	0.0000
0.0003	0.4344	0.5199	0.0000	0.0000	0.0321	0.0076	0.0053	0.0000	0.0000	0.0000	0.0004
0.0644	0.0951	0.4154	0.0000	0.0000	0.2351	0.1561	0.0089	0.0000	0.0016	0.0001	0.0233
0.0064	0.0047	0.0220	0.0000	0.0000	0.0035	0.5035	0.2718	0.0000	0.0046	0.0005	0.1828
0.0000	0.0000	0.0045	0.0000	0.0000	0.0000	0.9389	0.0534	0.0000	0.0001	0.0000	0.0032
0.0000	0.0000	0.0007	0.0000	0.0000	0.0000	0.9842	0.0126	0.0000	0.0001	0.0000	0.0024
0.0000	0.0000	0.0000	0.0000	0.0000	0.0000	0.0000	0.0000	0.0000	0.0001	0.0000	0.9999
0.0363	0.0001	0.0003	0.0000	0.0000	0.0069	0.6163	0.0567	0.0000	0.0099	0.0040	0.2694
0.0166	0.0000	0.0000	0.0000	0.0000	0.0056	0.6820	0.0010	0.0009	0.0198	0.0017	0.2725
0.2001	0.0000	0.0000	0.0000	0.0000	0.0045	0.7254	0.0114	0.0000	0.0024	0.0238	0.0325
0.0000	0.0000	0.0000	0.0000	0.0000	0.0000	0.0088	0.0000	0.0000	0.0133	0.0066	0.9713
0.0002	0.0125	0.7161	0.0000	0.0000	0.2100	0.0547	0.0044	0.0000	0.0000	0.0000	0.0021
0.0008	0.0008	0.2148	0.0000	0.0000	0.5046	0.2260	0.0055	0.0000	0.0001	0.0000	0.0474
0.0000	0.0000	0.0000	0.0000	0.0000	0.0000	0.0000	0.0000	0.0000	0.9960	0.0001	0.0039
0.0003	0.0000	0.0010	0.0000	0.0000	0.0575	0.0457	0.0160	0.0000	0.0114	0.0002	0.8680
0.0000	0.0000	0.0000	0.0129	0.0000	0.0000	0.0000	0.0005	0.0002	0.9863	0.0002	0.0001
0.0018	0.1144	0.0005	0.0008	0.0000	0.0062	0.7819	0.0552	0.0000	0.0005	0.0003	0.0385
0.0004	0.0145	0.4184	0.0000	0.0000	0.5600	0.0003	0.0013	0.0000	0.0000	0.0000	0.0051
0.0106	0.0006	0.0057	0.0027	0.0000	0.5199	0.0596	0.0563	0.0000	0.0113	0.0010	0.3324
0.0000	0.0000	0.0447	0.0000	0.0000	0.0000	0.6107	0.2962	0.0000	0.0011	0.0006	0.0467
0.0060	0.0000	0.0000	0.0000	0.0000	0.0000	0.0000	0.0000	0.9356	0.0582	0.0002	0.0000
0.0000	0.0000	0.0000	0.0000	0.0000	0.0000	0.7674	0.0225	0.0000	0.0004	0.0000	0.2097
0.0000	0.0000	0.0000	0.0001	0.0000	0.0000	0.0000	0.0000	0.0000	0.9999	0.0000	0.0000
0.0000	0.0002	0.9939	0.0000	0.0000	0.0001	0.0039	0.0016	0.0000	0.0000	0.0000	0.0003
0.1375	0.0000	0.0000	0.0000	0.0000	0.8435	0.0005	0.0003	0.0000	0.0182	0.0000	0.0000
0.0000	0.0000	0.6167	0.0000	0.0000	0.0000	0.3774	0.0044	0.0000	0.0000	0.0000	0.0015
0.0000	0.0000	0.0000	0.0813	0.0000	0.0000	0.0000	0.0000	0.0000	0.9181	0.0000	0.0006
0.0020	0.0000	0.0090	0.0000	0.0000	0.0015	0.0003	0.0025	0.0000	0.0080	0.0005	0.9762
0.0013	0.0000	0.0000	0.3294	0.0000	0.0000	0.0000	0.0000	0.0000	0.6664	0.0004	0.0025
0.0001	0.0000	0.0000	0.0000	0.0000	0.0000	0.9542	0.0004	0.0000	0.0105	0.0000	0.0348
0.0000	0.0000	0.0000	0.0000	0.0000	0.0000	0.0000	0.0000	0.0000	0.0000	0.9684	0.0316
0.0036	0.0000	0.0002	0.0000	0.0000	0.0000	0.0000	0.9954	0.0000	0.0000	0.0000	0.0007
0.0001	0.0027	0.1109	0.0000	0.0000	0.0067	0.5668	0.1588	0.0000	0.0000	0.0000	0.1539
0.0000	0.0000	0.0000	0.0000	0.0000	0.0002	0.0000	0.0000	0.0000	0.0000	0.0000	0.9998
0.0000	0.0000	0.0058	0.0000	0.0000	0.0005	0.0000	0.0000	0.0000	0.0000	0.0000	0.9937
0.0000	0.0000	0.0016	0.0000	0.0000	0.0000	0.0012	0.0000	0.0000	0.0000	0.0000	0.9971
0.0000	0.0000	0.9985	0.0000	0.0000	0.0000	0.0000	0.0000	0.0000	0.0000	0.0000	0.0015
0.0000	0.0000	0.7634	0.0000	0.0000	0.0000	0.0000	0.0000	0.0000	0.0002	0.0000	0.2364
0.0000	0.0000	0.9669	0.0000	0.0000	0.0311	0.0000	0.0000	0.0000	0.0000	0.0000	0.0020
0.0000	0.0000	0.8535	0.0000	0.0000	0.0584	0.0000	0.0000	0.0000	0.0000	0.0000	0.0881
0.0000	0.0000	0.0000	0.0000	0.0000	0.0000	0.0000	0.0000	0.0000	0.0000	0.0000	1.0000
0.0000	0.0000	0.9518	0.0000	0.0000	0.0005	0.0000	0.0000	0.0008	0.0001	0.0000	0.0468
0.0000	0.0000	0.7804	0.0000	0.0000	0.0001	0.0000	0.0000	0.0006	0.0002	0.0000	0.2187
0.0000	0.0000	0.0000	0.0000	0.0000	0.0000	0.0000	0.0000	0.0000	0.0000	0.0000	0.9999
0.0000	0.0000	0.0001	0.0000	0.0000	0.0001	0.0000	0.0000	0.0000	0.0000	0.0000	0.9998
0.0000	0.0000	0.0000	0.0000	0.0000	0.0000	0.0000	0.0000	0.0000	0.0000	0.0000	1.0000
0.0000	0.0000	0.9892	0.0000	0.0000	0.0000	0.0000	0.0000	0.0002	0.0001	0.0000	0.0104
0.0000	0.0000	0.9929	0.0000	0.0000	0.0065	0.0000	0.0000	0.0001	0.0000	0.0000	0.0005
0.0001	0.0000	0.9001	0.0001	0.0000	0.0059	0.0000	0.0000	0.0000	0.0000	0.0000	0.0938
0.0000	0.0000	0.9936	0.0000	0.0000	0.0023	0.0000	0.0000	0.0000	0.0000	0.0000	0.0041
0.0000	0.0000	0.0000	0.0000	0.0000	0.0000	0.0000	0.0000	0.0000	0.0000	0.0000	1.0000
0.0000	0.0000	0.9694	0.0000	0.0000	0.0004	0.0000	0.0000	0.0009	0.0002	0.0000	0.0291
0.0000	0.0000	0.9538	0.0000	0.0000	0.0000	0.0000	0.0000	0.0001	0.0003	0.0000	0.0458
0.0000	0.0000	0.0000	0.0000	0.0000	0.0000	0.0000	0.0000	1.0000	0.0000	0.0000	0.0000
0.0000	0.0000	0.0006	0.0000	0.0000	0.0000	0.9994	0.0000	0.0000	0.0000	0.0000	0.0000
0.0000	0.0000	0.0000	0.0000	0.0000	0.0000	0.0000	0.0000	1.0000	0.0000	0.0000	0.0000
0.0000	0.0000	0.0000	0.0000	0.0000	0.0000	0.0000	0.0000	1.0000	0.0000	0.0000	0.0000
0.0000	0.0000	0.0000	0.0000	0.0000	0.0000	1.0000	0.0000	0.0000	0.0000	0.0000	0.0000
0.0000	0.0000	0.0000	0.0000	0.0000	0.0000	0.0000	0.0000	1.0000	0.0000	0.0000	0.0000
0.0000	0.0000	0.0000	0.0000	0.0000	0.0000	0.0000	0.0000	1.0000	0.0000	0.0000	0.0000
0.0000	0.0000	0.9437	0.0000	0.0000	0.0000	0.0563	0.0000	0.0000	0.0000	0.0000	0.0000
0.0000	0.0000	0.9833	0.0000	0.0000	0.0000	0.0167	0.0000	0.0000	0.0000	0.0000	0.0000
0.0000	0.0000	0.1635	0.0000	0.0000	0.0000	0.8365	0.0000	0.0000	0.0000	0.0000	0.0000
0.0000	0.0000	0.1662	0.0000	0.0000	0.0000	0.8338	0.0000	0.0000	0.0000	0.0000	0.0000
0.0000	0.0000	0.0000	0.0000	0.0000	0.0000	0.0000	0.0000	1.0000	0.0000	0.0000	0.0000
0.0000	0.0000	0.0000	0.0000	0.0000	0.0000	0.0259	0.0000	0.9741	0.0000	0.0000	0.0000
0.0000	0.0000	0.0000	0.0000	0.0000	0.0000	0.0382	0.0000	0.9617	0.0000	0.0000	0.0000
0.0000	0.0000	0.8730	0.0000	0.0000	0.0000	0.1270	0.0000	0.0000	0.0000	0.0000	0.0000
0.0000	0.0000	0.0000	0.0000	0.0000	0.0000	1.0000	0.0000	0.0000	0.0000	0.0000	0.0000
0.0000	0.0000	0.0000	0.0000	0.0000	0.0000	0.0000	0.0000	1.0000	0.0000	0.0000	0.0000
0.0000	0.0000	0.9928	0.0000	0.0000	0.0000	0.0072	0.0000	0.0000	0.0000	0.0000	0.0000
0.0000	0.0000	0.0000	0.0000	0.0000	0.0000	1.0000	0.0000	0.0000	0.0000	0.0000	0.0000
0.0000	0.0000	0.0041	0.0000	0.0000	0.0000	0.9959	0.0000	0.0000	0.0000	0.0000	0.0000
0.0000	0.0000	0.0002	0.0000	0.0000	0.0000	0.9998	0.0000	0.0000	0.0000	0.0000	0.0000
0.0000	0.0000	0.0000	0.0000	0.0000	0.0000	0.0000	0.0000	1.0000	0.0000	0.0000	0.0000
0.0000	0.0000	0.9764	0.0000	0.0000	0.0000	0.0236	0.0000	0.0000	0.0000	0.0000	0.0000
0.0000	0.0000	0.0318	0.0000	0.0000	0.0000	0.9680	0.0000	0.0003	0.0000	0.0000	0.0000
0.0000	0.0000	0.0000	0.0000	0.0000	0.0000	0.0000	0.0000	1.0000	0.0000	0.0000	0.0000
0.0000	0.0000	0.0000	0.0000	0.0000	0.0000	0.0002	0.0000	0.9998	0.0000	0.0000	0.0000
0.0000	0.0000	0.0043	0.0000	0.0000	0.0000	0.9957	0.0000	0.0000	0.0000	0.0000	0.0000
