0.0743	0.0000	0.0007	0.0000	0.0000	0.0000	0.1111	0.0000	0.0000	0.0051	0.0202	0.7887
0.0001	0.0000	0.0000	0.0000	0.0000	0.0000	0.0000	0.0000	0.3257	0.0530	0.6211	0.0000
0.0002	0.0000	0.0000	0.0000	0.0000	0.0000	0.0000	0.0000	0.0007	0.9986	0.0005	0.0000
0.0859	0.0000	0.0000	0.0000	0.0000	0.0000	0.0000	0.0000	0.0000	0.9140	0.0000	0.0000
0.0000	0.0000	0.7741	0.0000	0.0000	0.0000	0.2259	0.0000	0.0000	0.0000	0.0000	0.0000
0.0008	0.0000	0.0079	0.0000	0.0000	0.0000	0.5052	0.0235	0.0000	0.0980	0.0377	0.3269
1.0000	0.0000	0.0000	0.0000	0.0000	0.0000	0.0000	0.0000	0.0000	0.0000	0.0000	0.0000
0.0003	0.0000	0.0032	0.0000	0.0000	0.0006	0.8727	0.0063	0.0000	0.0069	0.0001	0.1101
0.0706	0.0000	0.0000	0.0000	0.0000	0.0000	0.0000	0.0000	0.9294	0.0000	0.0000	0.0000
0.0000	0.0482	0.4114	0.0000	0.0000	0.0211	0.2360	0.2686	0.0000	0.0000	0.0000	0.0147
0.0005	0.0000	0.0000	0.0000	0.0000	0.0000	0.0000	0.0000	0.0000	0.9995	0.0000	0.0000
0.0000	0.0000	0.0000	0.0000	0.9995	0.0000	0.0000	0.0000	0.0000	0.0000	0.0000	0.0005
0.0000	0.0017	0.3774	0.0000	0.0000	0.0012	0.5665	0.0004	0.0000	0.0001	0.0000	0.0526
0.8047	0.0000	0.0024	0.0000	0.0000	0.0140	0.0332	0.0014	0.0000	0.1351	0.0037	0.0055
0.1020	0.0000	0.0012	0.0000	0.0000	0.0009	0.5967	0.2655	0.0000	0.0281	0.0000	0.0054
0.0000	0.0000	0.0000	0.0000	0.0000	0.0000	0.0069	0.0006	0.0000	0.8524	0.0002	0.1399
0.0000	0.0000	0.0000	0.0000	1.0000	0.0000	0.0000	0.0000	0.0000	0.0000	0.0000	0.0000
0.0000	0.0707	0.0315	0.0000	0.0000	0.1273	0.0597	0.7106	0.0000	0.0000	0.0000	0.0002
0.0144	0.0032	0.1700	0.0000	0.0000	0.0002	0.2423	0.2409	0.0000	0.0493	0.0000	0.2796
0.8528	0.0000	0.0000	0.0000	0.0000	0.0000	0.0000	0.0000	0.1469	0.0004	0.0000	0.0000
0.0019	0.0018	0.0043	0.0000	0.0000	0.0002	0.6693	0.2886	0.0000	0.0192	0.0014	0.0133
0.0000	0.0000	0.0000	0.0000	0.0000	0.0000	0.0000	0.0000	0.0000	0.9998	0.0002	0.0000
0.0000	0.9888	0.0000	0.0000	0.0000	0.0000	0.0000	0.0112	0.0000	0.0000	0.0000	0.0000
0.0000	0.0000	0.0011	0.0000	0.0000	0.0000	0.6632	0.0003	0.0000	0.0358	0.0011	0.2984
0.9143	0.0003	0.0008	0.0000	0.0000	0.0816	0.0000	0.0000	0.0000	0.0016	0.0000	0.0013
0.0024	0.0000	0.0007	0.0000	0.0000	0.0011	0.0657	0.0655	0.0000	0.0572	0.0000	0.8073
0.0000	0.0000	0.0000	0.0000	0.0000	0.0000	0.0000	0.0000	0.9996	0.0004	0.0000	0.0000
0.0000	0.0000	0.0000	0.0096	0.0000	0.0000	0.0000	0.0000	0.0000	0.9900	0.0000	0.0004
0.0028	0.0001	0.0215	0.0000	0.0000	0.9755	0.0000	0.0000	0.0000	0.0000	0.0000	0.0000
0.9997	0.0000	0.0000	0.0000	0.0000	0.0000	0.0000	0.0000	0.0003	0.0000	0.0000	0.0000
0.0012	0.0000	0.0000	0.0000	0.0000	0.0000	0.0090	0.0548	0.0000	0.9349	0.0000	0.0000
0.0120	0.0286	0.0943	0.0000	0.0000	0.0012	0.0584	0.0027	0.0000	0.2535	0.0091	0.5402
0.0006	0.0000	0.0000	0.0000	0.0000	0.0000	0.0000	0.0000	0.9993	0.0001	0.0000	0.0000
0.0000	0.3849	0.5258	0.0000	0.0000	0.0821	0.0003	0.0069	0.0000	0.0000	0.0000	0.0000
0.0000	0.0000	0.0000	1.0000	0.0000	0.0000	0.0000	0.0000	0.0000	0.0000	0.0000	0.0000
0.0000	0.0000	0.0000	0.0000	0.0000	0.0000	0.0000	0.0000	0.0078	0.9922	0.0000	0.0000
0.0000	0.6153	0.3524	0.0000	0.0000	0.0265	0.0001	0.0057	0.0000	0.0000	0.0000	0.0000
0.0001	0.7140	0.0029	0.0000	0.0000	0.0131	0.0037	0.2659	0.0000	0.0001	0.0000	0.0001
1.0000	0.0000	0.0000	0.0000	0.0000	0.0000	0.0000	0.0000	0.0000	0.0000	0.0000	0.0000
0.0006	0.0000	0.0334	0.0000	0.0000	0.0005	0.0002	0.8818	0.0000	0.0006	0.0011	0.0819
0.0000	0.0000	0.0000	0.0000	0.0000	0.0000	0.0000	0.0000	1.0000	0.0000	0.0000	0.0000
0.0000	0.3686	0.4484	0.0000	0.0000	0.1689	0.0014	0.0125	0.0000	0.0000	0.0000	0.0003
0.0000	0.0000	0.0000	0.0000	0.0000	0.0000	0.0000	0.0000	0.0000	0.9992	0.0000	0.0008
0.0000	0.0000	0.0000	0.0000	0.0000	0.0000	0.0000	0.0000	0.0000	0.0000	0.0004	0.9996
0.0000	0.0370	0.4766	0.0000	0.0000	0.4809	0.0001	0.0044	0.0000	0.0000	0.0000	0.0009
0.0001	0.6661	0.1246	0.0000	0.0000	0.0392	0.0204	0.1410	0.0000	0.0000	0.0000	0.0086
0.0001	0.5668	0.3133	0.0000	0.0000	0.0161	0.0016	0.0916	0.0000	0.0000	0.0000	0.0105
0.1426	0.0000	0.0002	0.0000	0.0000	0.0000	0.0001	0.0000	0.0013	0.4413	0.2495	0.1651
0.0006	0.0000	0.0383	0.0000	0.0000	0.0000	0.0259	0.0000	0.0000	0.0011	0.8571	0.0770
0.0000	0.0000	0.0000	0.0000	0.0000	0.0000	0.0000	0.0000	0.0116	0.2726	0.7158	0.0000
0.0005	0.0000	0.0000	0.0000	0.0000	0.0000	0.0000	0.0000	0.0028	0.9881	0.0087	0.0000
0.0000	0.0000	0.0005	0.0000	0.0000	0.0044	0.6649	0.2908	0.0000	0.0001	0.0002	0.0391
0.9238	0.0007	0.0000	0.0000	0.0000	0.0009	0.0106	0.0160	0.0000	0.0473	0.0000	0.0006
0.0000	0.0000	0.0000	0.0000	0.0000	0.0000	0.0000	0.0000	0.0000	0.0000	1.0000	0.0000
0.0000	0.7328	0.2454	0.0000	0.0000	0.0100	0.0033	0.0082	0.0000	0.0000	0.0000	0.0002
0.2221	0.5777	0.0271	0.0000	0.0000	0.0083	0.1340	0.0030	0.0000	0.0172	0.0002	0.0103
0.0020	0.0115	0.0338	0.0000	0.0000	0.0008	0.5500	0.2935	0.0000	0.0120	0.0001	0.0964
0.0000	0.0000	0.0008	0.0000	0.0000	0.0000	0.9469	0.0500	0.0000	0.0004	0.0000	0.0018
0.0000	0.0000	0.0000	0.0000	0.0000	0.0000	0.9690	0.0023	0.0000	0.0021	0.0249	0.0016
0.0000	0.0000	0.0000	0.0000	0.0000	0.0000	0.0001	0.0000	0.0000	0.0003	0.0000	0.9996
0.0700	0.0000	0.0001	0.0000	0.0000	0.0023	0.8209	0.0498	0.0000	0.0146	0.0029	0.0394
0.0545	0.0000	0.0000	0.0000	0.0000	0.0005	0.8775	0.0006	0.0000	0.0304	0.0009	0.0357
0.4925	0.0000	0.0000	0.0000	0.0000	0.0001	0.4963	0.0013	0.0000	0.0003	0.0088	0.0007
0.0000	0.0000	0.0000	0.0000	0.0000	0.0000	0.0050	0.0000	0.0000	0.0948	0.0044	0.8957
0.0000	0.0163	0.8603	0.0000	0.0000	0.0243	0.0814	0.0164	0.0000	0.0000	0.0000	0.0013
0.0002	0.0017	0.5288	0.0000	0.0000	0.0380	0.3753	0.0240	0.0000	0.0003	0.0000	0.0317
0.0000	0.0000	0.0000	0.0000	0.0000	0.0000	0.0000	0.0000	0.0000	0.9999	0.0000	0.0001
0.0001	0.0000	0.0021	0.0000	0.0000	0.0689	0.0267	0.0035	0.0000	0.0127	0.0000	0.8859
0.0000	0.0000	0.0000	0.2002	0.0000	0.0000	0.0000	0.0243	0.0000	0.7743	0.0010	0.0001
0.0013	0.0131	0.0003	0.0000	0.0000	0.0117	0.9271	0.0087	0.0000	0.0002	0.0002	0.0374
0.0001	0.0195	0.7315	0.0000	0.0000	0.2461	0.0001	0.0007	0.0000	0.0000	0.0000	0.0019
0.0115	0.0004	0.0210	0.0001	0.0000	0.6300	0.0100	0.0079	0.0000	0.0034	0.0000	0.3158
0.0000	0.0000	0.1587	0.0000	0.0000	0.0000	0.6179	0.2225	0.0000	0.0000	0.0002	0.0007
0.0003	0.0000	0.0000	0.0000	0.0000	0.0000	0.0000	0.0000	0.9983	0.0013	0.0000	0.0000
0.0000	0.0000	0.0000	0.0000	0.0000	0.0000	0.9919	0.0002	0.0000	0.0000	0.0000	0.0079
0.0000	0.0000	0.0000	0.0000	0.0000	0.0000	0.0000	0.0001	0.0000	0.9999	0.0000	0.0000
0.0000	0.0000	0.9978	0.0000	0.0000	0.0000	0.0014	0.0008	0.0000	0.0000	0.0000	0.0000
0.7984	0.0000	0.0000	0.0000	0.0000	0.0321	0.0000	0.0006	0.0000	0.1689	0.0000	0.0000
0.0000	0.0000	0.8055	0.0000	0.0000	0.0000	0.1941	0.0005	0.0000	0.0000	0.0000	0.0000
0.0000	0.0000	0.0000	0.1161	0.0000	0.0000	0.0000	0.0000	0.0000	0.8839	0.0000	0.0000
0.0012	0.0000	0.0260	0.0000	0.0000	0.0001	0.0004	0.0025	0.0000	0.0159	0.0003	0.9536
0.0001	0.0000	0.0000	0.0001	0.0000	0.0000	0.0000	0.0000	0.0000	0.9993	0.0002	0.0002
0.0873	0.0000	0.0000	0.0000	0.0000	0.0000	0.8971	0.0000	0.0000	0.0148	0.0000	0.0008
0.0000	0.0000	0.0000	0.0000	0.0000	0.0000	0.0000	0.0000	0.0000	0.0000	0.0001	0.9999
0.0506	0.0000	0.0012	0.0000	0.0000	0.0000	0.0000	0.9472	0.0000	0.0000	0.0000	0.0011
0.0001	0.0064	0.1299	0.0000	0.0000	0.0006	0.7225	0.0720	0.0000	0.0000	0.0000	0.0684
0.0000	0.0000	0.0000	0.0000	0.0000	0.0000	0.0000	0.0000	0.0000	0.0000	0.0000	1.0000
0.0000	0.0000	0.0000	0.0000	0.0000	0.0000	0.0000	0.0000	0.0000	0.0000	0.0000	1.0000
0.0000	0.0000	0.0004	0.0000	0.0000	0.0000	0.0008	0.0000	0.0000	0.0000	0.0000	0.9987
0.0000	0.0000	1.0000	0.0000	0.0000	0.0000	0.0000	0.0000	0.0000	0.0000	0.0000	0.0000
0.0000	0.0000	0.9925	0.0000	0.0000	0.0000	0.0000	0.0000	0.0000	0.0000	0.0000	0.0075
0.0000	0.0003	0.9301	0.0000	0.0000	0.0680	0.0000	0.0000	0.0000	0.0000	0.0000	0.0016
0.0000	0.0001	0.8832	0.0000	0.0000	0.0234	0.0000	0.0000	0.0000	0.0000	0.0000	0.0932
0.0000	0.0000	0.0000	0.0000	0.0000	0.0000	0.0000	0.0000	0.0000	0.0000	0.0000	1.0000
0.0005	0.0000	0.9363	0.0000	0.0000	0.0051	0.0000	0.0000	0.0007	0.0000	0.0000	0.0574
0.0001	0.0000	0.7894	0.0000	0.0000	0.0012	0.0000	0.0000	0.0002	0.0001	0.0000	0.2090
0.0000	0.0000	0.0000	0.0000	0.0000	0.0000	0.0000	0.0000	0.0000	0.0000	0.0000	1.0000
0.0000	0.0000	0.0000	0.0000	0.0000	0.0000	0.0000	0.0000	0.0000	0.0000	0.0000	1.0000
0.0000	0.0000	0.0000	0.0000	0.0000	0.0000	0.0000	0.0000	0.0000	0.0000	0.0000	1.0000
0.0003	0.0000	0.9947	0.0000	0.0000	0.0000	0.0000	0.0000	0.0000	0.0000	0.0000	0.0049
0.0001	0.0001	0.9387	0.0000	0.0000	0.0609	0.0000	0.0000	0.0000	0.0000	0.0000	0.0003
0.0002	0.0002	0.8765	0.0000	0.0000	0.0050	0.0000	0.0000	0.0000	0.0000	0.0000	0.1181
0.0000	0.0002	0.9914	0.0000	0.0000	0.0031	0.0000	0.0000	0.0000	0.0000	0.0000	0.0053
0.0000	0.0000	0.0000	0.0000	0.0000	0.0000	0.0000	0.0000	0.0000	0.0000	0.0000	1.0000
0.0023	0.0000	0.9508	0.0000	0.0000	0.0110	0.0000	0.0000	0.0004	0.0001	0.0000	0.0352
0.0000	0.0000	0.9908	0.0000	0.0000	0.0000	0.0000	0.0000	0.0000	0.0000	0.0000	0.0091
0.0000	0.0000	0.0000	0.0000	0.0000	0.0000	0.0000	0.0000	1.0000	0.0000	0.0000	0.0000
0.0000	0.0000	0.0001	0.0000	0.0000	0.0000	0.9999	0.0000	0.0000	0.0000	0.0000	0.0000
0.0000	0.0000	0.0000	0.0000	0.0000	0.0000	0.0000	0.0000	1.0000	0.0000	0.0000	0.0000
0.0000	0.0000	0.0000	0.0000	0.0000	0.0000	0.0000	0.0000	1.0000	0.0000	0.0000	0.0000
0.0000	0.0000	0.0000	0.0000	0.0000	0.0000	1.0000	0.0000	0.0000	0.0000	0.0000	0.0000
0.0000	0.0000	0.0000	0.0000	0.0000	0.0000	0.0000	0.0000	1.0000	0.0000	0.0000	0.0000
0.0000	0.0000	0.0000	0.0000	0.0000	0.0000	0.0000	0.0000	1.0000	0.0000	0.0000	0.0000
0.0000	0.0000	0.9572	0.0000	0.0000	0.0000	0.0428	0.0000	0.0000	0.0000	0.0000	0.0000
0.0000	0.0000	0.9876	0.0000	0.0000	0.0000	0.0124	0.0000	0.0000	0.0000	0.0000	0.0000
0.0000	0.0000	0.0199	0.0000	0.0000	0.0000	0.9801	0.0000	0.0000	0.0000	0.0000	0.0000
0.0000	0.0000	0.0261	0.0000	0.0000	0.0000	0.9739	0.0000	0.0000	0.0000	0.0000	0.0000
0.0000	0.0000	0.0000	0.0000	0.0000	0.0000	0.0000	0.0000	1.0000	0.0000	0.0000	0.0000
0.0000	0.0000	0.0000	0.0000	0.0000	0.0000	0.2671	0.0000	0.7329	0.0000	0.0000	0.0000
0.0000	0.0000	0.0000	0.0000	0.0000	0.0000	0.0449	0.0000	0.9544	0.0008	0.0000	0.0000
0.0000	0.0000	0.8758	0.0000	0.0000	0.0000	0.1242	0.0000	0.0000	0.0000	0.0000	0.0000
0.0000	0.0000	0.0000	0.0000	0.0000	0.0000	1.0000	0.0000	0.0000	0.0000	0.0000	0.0000
0.0000	0.0000	0.0000	0.0000	0.0000	0.0000	0.0000	0.0000	1.0000	0.0000	0.0000	0.0000
0.0000	0.0000	0.9863	0.0000	0.0000	0.0000	0.0137	0.0000	0.0000	0.0000	0.0000	0.0000
0.0000	0.0000	0.0000	0.0000	0.0000	0.0000	1.0000	0.0000	0.0000	0.0000	0.0000	0.0000
0.0000	0.0000	0.0003	0.0000	0.0000	0.0000	0.9997	0.0000	0.0000	0.0000	0.0000	0.0000
0.0000	0.0000	0.0000	0.0000	0.0000	0.0000	1.0000	0.0000	0.0000	0.0000	0.0000	0.0000
0.0000	0.0000	0.0000	0.0000	0.0000	0.0000	0.0000	0.0000	1.0000	0.0000	0.0000	0.0000
0.0000	0.0000	0.9547	0.0000	0.0000	0.0000	0.0453	0.0000	0.0000	0.0000	0.0000	0.0000
0.0000	0.0000	0.0008	0.0000	0.0000	0.0000	0.9992	0.0000	0.0000	0.0000	0.0000	0.0000
0.0000	0.0000	0.0000	0.0000	0.0000	0.0000	0.0000	0.0000	1.0000	0.0000	0.0000	0.0000
0.0000	0.0000	0.0000	0.0000	0.0000	0.0000	0.0010	0.0000	0.9990	0.0000	0.0000	0.0000
0.0000	0.0000	0.0002	0.0000	0.0000	0.0000	0.9998	0.0000	0.0000	0.0000	0.0000	0.0000
