0.0085	0.0000	0.0000	0.0000	0.0000	0.0000	0.0225	0.0000	0.0000	0.0006	0.0002	0.9682
0.0000	0.0000	0.0000	0.0000	0.0000	0.0000	0.0000	0.0000	0.0000	0.0000	1.0000	0.0000
0.0000	0.0000	0.0000	0.0000	0.0000	0.0000	0.0000	0.0000	0.0000	0.0002	0.9998	0.0000
0.6643	0.0000	0.0000	0.0000	0.0000	0.0000	0.0000	0.0000	0.0000	0.3349	0.0008	0.0000
0.0000	0.0000	0.9923	0.0000	0.0000	0.0000	0.0077	0.0000	0.0000	0.0000	0.0000	0.0000
0.0000	0.0000	0.0001	0.0000	0.0000	0.0000	0.7009	0.0093	0.0000	0.0008	0.0000	0.2889
1.0000	0.0000	0.0000	0.0000	0.0000	0.0000	0.0000	0.0000	0.0000	0.0000	0.0000	0.0000
0.0000	0.0000	0.0000	0.0000	0.0000	0.0005	0.9068	0.0302	0.0000	0.0000	0.0000	0.0625
0.5456	0.0000	0.0000	0.0000	0.0000	0.0000	0.0000	0.0000	0.4544	0.0000	0.0000	0.0000
0.0000	0.0073	0.2319	0.0000	0.0000	0.0342	0.0287	0.6977	0.0000	0.0000	0.0000	0.0003
0.0049	0.0000	0.0000	0.0000	0.0000	0.0000	0.0000	0.0000	0.0000	0.9951	0.0000	0.0000
0.0000	0.0000	0.0000	0.0000	1.0000	0.0000	0.0000	0.0000	0.0000	0.0000	0.0000	0.0000
0.0000	0.0004	0.0286	0.0000	0.0000	0.0001	0.9670	0.0003	0.0000	0.0000	0.0000	0.0036
0.9897	0.0000	0.0000	0.0000	0.0000	0.0002	0.0000	0.0000	0.0000	0.0100	0.0001	0.0000
0.0741	0.0000	0.0002	0.0000	0.0000	0.0275	0.4274	0.4422	0.0000	0.0127	0.0000	0.0160
0.0000	0.0000	0.0000	0.0000	0.0000	0.0000	0.0006	0.0006	0.0000	0.9528	0.0003	0.0455
0.0000	0.0000	0.0000	0.0000	0.9948	0.0000	0.0000	0.0000	0.0000	0.0052	0.0000	0.0000
0.0000	0.0054	0.0022	0.0000	0.0000	0.9836	0.0006	0.0082	0.0000	0.0000	0.0000	0.0000
0.0004	0.0000	0.0534	0.0000	0.0000	0.0006	0.1567	0.4004	0.0000	0.0007	0.0000	0.3877
0.9907	0.0000	0.0000	0.0000	0.0000	0.0000	0.0000	0.0000	0.0093	0.0000	0.0000	0.0000
0.0000	0.0007	0.0000	0.0000	0.0000	0.0016	0.3570	0.6406	0.0000	0.0000	0.0000	0.0002
0.0000	0.0000	0.0000	0.0000	0.0000	0.0000	0.0000	0.0000	0.0000	1.0000	0.0000	0.0000
0.0000	0.9975	0.0000	0.0000	0.0000	0.0000	0.0000	0.0025	0.0000	0.0000	0.0000	0.0000
0.0000	0.0000	0.0002	0.0000	0.0000	0.0000	0.9554	0.0001	0.0000	0.0000	0.0000	0.0443
0.9521	0.0009	0.0000	0.0000	0.0000	0.0469	0.0000	0.0000	0.0000	0.0000	0.0000	0.0001
0.0000	0.0000	0.0001	0.0000	0.0000	0.0019	0.0512	0.0865	0.0000	0.0002	0.0000	0.8601
0.0000	0.0000	0.0000	0.0000	0.0000	0.0002	0.0000	0.0000	0.9997	0.0001	0.0000	0.0000
0.0000	0.0000	0.0000	0.1864	0.0000	0.0000	0.0000	0.0000	0.0000	0.8136	0.0000	0.0000
0.0000	0.0000	0.9112	0.0000	0.0000	0.0888	0.0000	0.0000	0.0000	0.0000	0.0000	0.0000
1.0000	0.0000	0.0000	0.0000	0.0000	0.0000	0.0000	0.0000	0.0000	0.0000	0.0000	0.0000
0.0000	0.0191	0.0000	0.0000	0.0000	0.0013	0.0134	0.9652	0.0000	0.0010	0.0000	0.0000
0.0000	0.2767	0.0273	0.0000	0.0000	0.0001	0.1092	0.0084	0.0000	0.0011	0.0000	0.5773
0.0001	0.0000	0.0000	0.0000	0.0000	0.0000	0.0000	0.0000	0.9999	0.0000	0.0000	0.0000
0.0000	0.2161	0.4887	0.0000	0.0000	0.2951	0.0000	0.0001	0.0000	0.0000	0.0000	0.0000
0.0000	0.0000	0.0000	1.0000	0.0000	0.0000	0.0000	0.0000	0.0000	0.0000	0.0000	0.0000
0.0000	0.0000	0.0000	0.0000	0.0000	0.0000	0.0000	0.0000	0.0100	0.9900	0.0000	0.0000
0.0000	0.7941	0.1745	0.0000	0.0000	0.0313	0.0000	0.0001	0.0000	0.0000	0.0000	0.0000
0.0000	0.9576	0.0000	0.0000	0.0000	0.0087	0.0000	0.0336	0.0000	0.0000	0.0000	0.0000
0.9997	0.0000	0.0000	0.0001	0.0000	0.0000	0.0000	0.0000	0.0000	0.0000	0.0000	0.0002
0.0000	0.0000	0.0000	0.0000	0.0000	0.0009	0.0000	0.9986	0.0000	0.0000	0.0000	0.0005
0.0000	0.0000	0.0000	0.0000	0.0000	0.0000	0.0000	0.0000	1.0000	0.0000	0.0000	0.0000
0.0000	0.0941	0.1714	0.0000	0.0000	0.7341	0.0000	0.0004	0.0000	0.0000	0.0000	0.0000
0.0000	0.0000	0.0000	0.0000	0.0000	0.0000	0.0000	0.0000	0.0000	0.9995	0.0000	0.0005
0.0000	0.0000	0.0000	0.0000	0.0000	0.0000	0.0001	0.0000	0.0000	0.0000	0.8489	0.1510
0.0000	0.0002	0.0573	0.0000	0.0000	0.9425	0.0000	0.0000	0.0000	0.0000	0.0000	0.0000
0.0000	0.2530	0.0312	0.0000	0.0000	0.1303	0.0037	0.5796	0.0000	0.0000	0.0000	0.0022
0.0000	0.1323	0.0691	0.0000	0.0000	0.0603	0.0004	0.7302	0.0000	0.0000	0.0000	0.0076
0.0021	0.0000	0.0000	0.0000	0.0000	0.0000	0.0000	0.0000	0.2146	0.7833	0.0000	0.0001
0.0367	0.0000	0.0097	0.0000	0.0000	0.0000	0.6850	0.0000	0.1352	0.1274	0.0018	0.0042
0.0000	0.0000	0.0000	0.0000	0.0000	0.0000	0.0000	0.0000	0.0000	0.0000	1.0000	0.0000
0.0000	0.0000	0.0000	0.0000	0.0000	0.0000	0.0000	0.0000	0.0000	0.0000	1.0000	0.0000
0.0000	0.0000	0.0000	0.0000	0.0000	0.0016	0.0571	0.9205	0.0000	0.0000	0.0000	0.0208
0.2737	0.0005	0.0000	0.0000	0.0000	0.0054	0.0023	0.7150	0.0000	0.0030	0.0000	0.0000
0.0000	0.0000	0.0000	0.0000	0.0000	0.0000	0.0000	0.0000	0.0000	0.0000	1.0000	0.0000
0.0000	0.3731	0.5756	0.0000	0.0000	0.0510	0.0000	0.0003	0.0000	0.0000	0.0000	0.0000
0.0056	0.1756	0.3612	0.0000	0.0000	0.0076	0.4259	0.0143	0.0000	0.0009	0.0000	0.0088
0.0000	0.0013	0.0101	0.0000	0.0000	0.0009	0.5911	0.3675	0.0000	0.0000	0.0000	0.0290
0.0000	0.0000	0.0002	0.0000	0.0000	0.0000	0.9464	0.0534	0.0000	0.0000	0.0000	0.0000
0.0000	0.0000	0.0000	0.0000	0.0000	0.0000	0.9999	0.0000	0.0000	0.0000	0.0000	0.0000
0.0000	0.0000	0.0000	0.0000	0.0000	0.0000	0.0000	0.0001	0.0000	0.0000	0.0000	0.9999
0.7161	0.0000	0.0000	0.0000	0.0000	0.0035	0.1902	0.0802	0.0000	0.0034	0.0003	0.0063
0.9104	0.0000	0.0000	0.0000	0.0000	0.0001	0.0197	0.0000	0.0000	0.0677	0.0006	0.0013
0.8845	0.0000	0.0000	0.0000	0.0000	0.0000	0.1152	0.0001	0.0000	0.0000	0.0002	0.0000
0.0000	0.0000	0.0000	0.0000	0.0000	0.0000	0.0027	0.0000	0.0000	0.0007	0.0008	0.9959
0.0000	0.0436	0.7664	0.0000	0.0000	0.1776	0.0113	0.0011	0.0000	0.0000	0.0000	0.0000
0.0000	0.0044	0.0875	0.0000	0.0000	0.8629	0.0440	0.0011	0.0000	0.0000	0.0000	0.0000
0.0000	0.0000	0.0000	0.0000	0.0000	0.0000	0.0000	0.0000	0.0000	0.9968	0.0032	0.0000
0.0000	0.0001	0.0004	0.0000	0.0000	0.4995	0.0059	0.0002	0.0000	0.0003	0.0000	0.4936
0.0000	0.0000	0.0000	0.8374	0.0000	0.0000	0.0000	0.0000	0.0000	0.1626	0.0000	0.0000
0.0001	0.9875	0.0000	0.0000	0.0000	0.0036	0.0067	0.0000	0.0000	0.0000	0.0000	0.0022
0.0000	0.0000	0.8842	0.0000	0.0000	0.1157	0.0000	0.0000	0.0000	0.0000	0.0000	0.0000
0.0348	0.0109	0.0000	0.0000	0.0000	0.6581	0.0021	0.0001	0.0000	0.0000	0.0000	0.2939
0.0000	0.0000	0.0001	0.0000	0.0000	0.0000	0.7695	0.2305	0.0000	0.0000	0.0000	0.0000
0.0000	0.0000	0.0000	0.0000	0.0000	0.0000	0.0000	0.0000	0.9999	0.0000	0.0000	0.0000
0.0000	0.0000	0.0000	0.0000	0.0000	0.0000	0.9995	0.0003	0.0000	0.0000	0.0000	0.0002
0.0000	0.0000	0.0000	0.0000	0.0000	0.0000	0.0000	0.0000	0.0000	1.0000	0.0000	0.0000
0.0000	0.0000	0.9989	0.0000	0.0000	0.0000	0.0006	0.0004	0.0000	0.0000	0.0000	0.0000
0.7147	0.0000	0.0000	0.0000	0.0000	0.0059	0.0000	0.0099	0.0000	0.2695	0.0000	0.0000
0.0000	0.0000	0.0017	0.0000	0.0000	0.0000	0.9981	0.0003	0.0000	0.0000	0.0000	0.0000
0.0000	0.0000	0.0000	0.9246	0.0000	0.0000	0.0000	0.0000	0.0004	0.0748	0.0002	0.0001
0.0001	0.0000	0.0005	0.0000	0.0000	0.0020	0.0004	0.0124	0.0000	0.0002	0.0000	0.9844
0.0005	0.0000	0.0000	0.0000	0.0000	0.0065	0.0000	0.0000	0.0000	0.9822	0.0000	0.0107
0.2166	0.0000	0.0000	0.0000	0.0000	0.0000	0.7833	0.0000	0.0000	0.0000	0.0000	0.0001
0.0000	0.0000	0.0000	0.0000	0.0000	0.0000	0.0001	0.0000	0.0000	0.0000	0.7265	0.2734
0.0000	0.0000	0.0001	0.0000	0.0000	0.0000	0.0000	0.4672	0.0000	0.0000	0.0000	0.5326
0.0000	0.0008	0.0027	0.0000	0.0000	0.0002	0.9019	0.0453	0.0000	0.0000	0.0000	0.0492
0.0000	0.0000	0.0000	0.0000	0.0000	0.0000	0.0000	0.0000	0.0000	0.0000	0.0000	1.0000
0.0000	0.0000	0.0000	0.0000	0.0000	0.0000	0.0000	0.0000	0.0000	0.0000	0.0000	1.0000
0.0000	0.0000	0.0000	0.0000	0.0000	0.0000	0.0000	0.0000	0.0000	0.0000	0.0000	1.0000
0.0000	0.0000	1.0000	0.0000	0.0000	0.0000	0.0000	0.0000	0.0000	0.0000	0.0000	0.0000
0.0000	0.0000	0.9997	0.0000	0.0000	0.0000	0.0000	0.0000	0.0000	0.0000	0.0000	0.0003
0.0000	0.0000	0.9977	0.0000	0.0000	0.0023	0.0000	0.0000	0.0000	0.0000	0.0000	0.0000
0.0000	0.0000	0.9931	0.0000	0.0000	0.0067	0.0000	0.0000	0.0000	0.0000	0.0000	0.0002
0.0000	0.0000	0.0000	0.0000	0.0000	0.0000	0.0000	0.0000	0.0000	0.0000	0.0000	1.0000
0.0000	0.0000	0.9929	0.0000	0.0000	0.0071	0.0000	0.0000	0.0000	0.0000	0.0000	0.0000
0.0000	0.0000	0.9961	0.0000	0.0000	0.0038	0.0000	0.0000	0.0000	0.0000	0.0000	0.0000
0.0000	0.0000	0.0000	0.0000	0.0000	0.0000	0.0000	0.0000	0.0000	0.0000	0.0000	1.0000
0.0000	0.0000	0.0000	0.0000	0.0000	0.0001	0.0000	0.0000	0.0000	0.0000	0.0000	0.9999
0.0005	0.0000	0.0000	0.0000	0.0000	0.0000	0.0000	0.0000	0.0009	0.0000	0.0000	0.9985
0.0001	0.0000	0.9998	0.0000	0.0000	0.0000	0.0000	0.0000	0.0000	0.0000	0.0000	0.0001
0.0000	0.0000	0.9798	0.0000	0.0000	0.0202	0.0000	0.0000	0.0000	0.0000	0.0000	0.0000
0.0000	0.0000	0.9835	0.0000	0.0000	0.0165	0.0000	0.0000	0.0000	0.0000	0.0000	0.0000
0.0000	0.0000	0.9996	0.0000	0.0000	0.0004	0.0000	0.0000	0.0000	0.0000	0.0000	0.0000
0.0000	0.0000	0.0000	0.0000	0.0000	0.0000	0.0000	0.0000	0.0000	0.0000	0.0000	1.0000
0.0000	0.0000	0.9474	0.0000	0.0000	0.0526	0.0000	0.0000	0.0000	0.0000	0.0000	0.0000
0.0000	0.0000	1.0000	0.0000	0.0000	0.0000	0.0000	0.0000	0.0000	0.0000	0.0000	0.0000
0.0000	0.0000	0.0000	0.0000	0.0000	0.0000	0.0000	0.0000	1.0000	0.0000	0.0000	0.0000
0.0000	0.0000	0.0000	0.0000	0.0000	0.0000	1.0000	0.0000	0.0000	0.0000	0.0000	0.0000
0.0000	0.0000	0.0000	0.0000	0.0000	0.0000	0.0000	0.0000	1.0000	0.0000	0.0000	0.0000
0.0000	0.0000	0.0000	0.0000	0.0000	0.0000	0.0000	0.0000	1.0000	0.0000	0.0000	0.0000
0.0000	0.0000	0.0000	0.0000	0.0000	0.0000	1.0000	0.0000	0.0000	0.0000	0.0000	0.0000
0.0000	0.0000	0.0000	0.0000	0.0000	0.0000	0.0000	0.0000	1.0000	0.0000	0.0000	0.0000
0.0000	0.0000	0.0000	0.0000	0.0000	0.0000	0.0000	0.0000	1.0000	0.0000	0.0000	0.0000
0.0000	0.0000	0.9997	0.0000	0.0000	0.0000	0.0003	0.0000	0.0000	0.0000	0.0000	0.0000
0.0000	0.0000	1.0000	0.0000	0.0000	0.0000	0.0000	0.0000	0.0000	0.0000	0.0000	0.0000
0.0000	0.0000	0.0087	0.0000	0.0000	0.0000	0.9913	0.0000	0.0000	0.0000	0.0000	0.0000
0.0000	0.0000	0.0529	0.0000	0.0000	0.0000	0.9471	0.0000	0.0000	0.0000	0.0000	0.0000
0.0000	0.0000	0.0000	0.0000	0.0000	0.0000	0.0000	0.0000	1.0000	0.0000	0.0000	0.0000
0.0000	0.0000	0.0000	0.0000	0.0000	0.0000	0.0110	0.0000	0.9890	0.0000	0.0000	0.0000
0.0000	0.0000	0.0000	0.0000	0.0000	0.0000	0.0744	0.0000	0.9255	0.0000	0.0000	0.0000
0.0000	0.0000	0.9997	0.0000	0.0000	0.0000	0.0003	0.0000	0.0000	0.0000	0.0000	0.0000
0.0000	0.0000	0.0001	0.0000	0.0000	0.0000	0.0447	0.0000	0.9552	0.0000	0.0000	0.0000
0.0000	0.0000	0.0000	0.0000	0.0000	0.0000	0.0000	0.0000	1.0000	0.0000	0.0000	0.0000
0.0000	0.0000	1.0000	0.0000	0.0000	0.0000	0.0000	0.0000	0.0000	0.0000	0.0000	0.0000
0.0000	0.0000	0.0000	0.0000	0.0000	0.0000	1.0000	0.0000	0.0000	0.0000	0.0000	0.0000
0.0000	0.0000	0.0000	0.0000	0.0000	0.0000	1.0000	0.0000	0.0000	0.0000	0.0000	0.0000
0.0000	0.0000	0.0000	0.0000	0.0000	0.0000	1.0000	0.0000	0.0000	0.0000	0.0000	0.0000
0.0000	0.0000	0.0000	0.0000	0.0000	0.0000	0.0000	0.0000	1.0000	0.0000	0.0000	0.0000
0.0000	0.0000	1.0000	0.0000	0.0000	0.0000	0.0000	0.0000	0.0000	0.0000	0.0000	0.0000
0.0000	0.0000	0.0001	0.0000	0.0000	0.0000	0.9999	0.0000	0.0000	0.0000	0.0000	0.0000
0.0000	0.0000	0.0000	0.0000	0.0000	0.0000	0.0000	0.0000	1.0000	0.0000	0.0000	0.0000
0.0000	0.0000	0.0000	0.0000	0.0000	0.0000	0.0000	0.0000	1.0000	0.0000	0.0000	0.0000
0.0000	0.0000	0.0000	0.0000	0.0000	0.0000	1.0000	0.0000	0.0000	0.0000	0.0000	0.0000
