0.0000	0.0000	0.0000	0.0000	0.0000	0.0000	0.0016	0.0025	0.0000	0.0143	0.9730	0.0086
0.0000	0.0000	0.0000	0.0000	0.0000	0.0000	0.0002	0.0006	0.0000	0.0646	0.0000	0.9347
0.0004	0.0000	0.0000	0.0000	0.0000	0.0000	0.0341	0.0004	0.0000	0.0035	0.0006	0.9610
0.0000	0.0000	0.0000	0.0000	0.0000	0.0000	0.0000	0.0000	1.0000	0.0000	0.0000	0.0000
0.0000	0.0001	0.0021	0.0000	0.0000	0.8736	0.0692	0.0472	0.0000	0.0000	0.0000	0.0078
0.0000	0.0000	0.0000	0.0000	0.0000	0.0000	0.9905	0.0080	0.0000	0.0000	0.0010	0.0004
0.0000	0.0000	0.0000	0.0000	0.0000	0.0000	0.0000	0.0000	0.0000	0.9998	0.0000	0.0002
0.8418	0.0000	0.0000	0.0000	0.0000	0.0000	0.0000	0.0000	0.0001	0.0000	0.0000	0.1581
0.7132	0.0000	0.0001	0.0000	0.0000	0.0014	0.2605	0.0190	0.0005	0.0000	0.0000	0.0054
0.9338	0.0000	0.0003	0.0000	0.0000	0.0006	0.0609	0.0035	0.0000	0.0000	0.0000	0.0010
0.0041	0.0000	0.0000	0.0000	0.0000	0.0019	0.5641	0.4271	0.0000	0.0002	0.0000	0.0025
0.2824	0.0000	0.0000	0.0000	0.0000	0.0000	0.0071	0.0019	0.7079	0.0000	0.0000	0.0007
0.0000	0.0000	0.0000	0.0000	0.0000	0.0000	0.0003	0.0001	0.0000	0.0336	0.0000	0.9660
0.0000	0.0000	0.0000	0.0000	1.0000	0.0000	0.0000	0.0000	0.0000	0.0000	0.0000	0.0000
0.0000	0.9980	0.0020	0.0000	0.0000	0.0000	0.0000	0.0000	0.0000	0.0000	0.0000	0.0000
0.0001	0.0371	0.1733	0.0000	0.0000	0.6647	0.0865	0.0178	0.0000	0.0000	0.0000	0.0205
0.7202	0.0000	0.0000	0.0000	0.0000	0.0000	0.0000	0.0000	0.2798	0.0000	0.0000	0.0000
0.0000	0.0000	0.0000	0.0000	0.3327	0.0000	0.0000	0.0000	0.0000	0.0000	0.6672	0.0000
0.0000	0.9426	0.0000	0.0000	0.0000	0.0000	0.0000	0.0574	0.0000	0.0000	0.0000	0.0000
0.0000	0.0000	0.0225	0.0000	0.0000	0.0001	0.7966	0.1114	0.0000	0.0002	0.0000	0.0692
0.0000	0.0000	0.0000	0.0000	0.0000	0.0000	0.0000	0.0000	1.0000	0.0000	0.0000	0.0000
0.0000	0.0000	0.0000	0.0000	0.0000	0.0000	0.0004	0.9996	0.0000	0.0000	0.0000	0.0000
0.0001	0.0000	0.0000	0.0484	0.0000	0.0000	0.0000	0.0000	0.0000	0.9354	0.0000	0.0161
0.0000	0.5752	0.3657	0.0000	0.0000	0.0500	0.0058	0.0006	0.0000	0.0000	0.0000	0.0028
0.0001	0.0027	0.9773	0.0000	0.0000	0.0192	0.0000	0.0000	0.0000	0.0002	0.0000	0.0005
0.0010	0.0000	0.0000	0.0003	0.0000	0.0000	0.0055	0.9925	0.0000	0.0007	0.0000	0.0002
1.0000	0.0000	0.0000	0.0000	0.0000	0.0000	0.0000	0.0000	0.0000	0.0000	0.0000	0.0000
0.0016	0.0000	0.0000	0.0004	0.0000	0.0000	0.0076	0.0012	0.0000	0.9846	0.0001	0.0045
0.0002	0.0000	0.0000	0.0000	0.0000	0.0000	0.0258	0.0003	0.0000	0.0057	0.0000	0.9679
0.0008	0.0000	0.0000	0.0000	0.0000	0.0000	0.0000	0.0000	0.9991	0.0001	0.0000	0.0000
0.0000	0.1902	0.1030	0.0000	0.0000	0.6981	0.0041	0.0042	0.0000	0.0000	0.0000	0.0004
0.0000	0.0000	0.0000	0.0000	0.0000	0.0000	0.0741	0.9256	0.0000	0.0000	0.0000	0.0003
0.0000	0.0000	0.0000	0.0000	0.0000	0.0000	0.0000	0.0000	0.0000	1.0000	0.0000	0.0000
0.0000	0.0000	0.0000	0.0000	0.0000	0.0000	0.0561	0.9438	0.0000	0.0000	0.0000	0.0001
0.0057	0.0000	0.0052	0.0102	0.0000	0.0081	0.0129	0.0577	0.0000	0.0155	0.0001	0.8847
0.0000	0.0000	0.0000	0.0000	0.0000	0.0000	0.0000	0.0000	1.0000	0.0000	0.0000	0.0000
0.0000	0.0633	0.0833	0.0000	0.0000	0.7187	0.1226	0.0025	0.0000	0.0000	0.0000	0.0097
0.0347	0.0000	0.0000	0.0000	0.0000	0.0089	0.9229	0.0122	0.0000	0.0000	0.0000	0.0213
0.0000	0.0022	0.0752	0.0000	0.0000	0.8988	0.0068	0.0003	0.0000	0.0000	0.0000	0.0168
0.2045	0.0000	0.0000	0.0000	0.0000	0.0000	0.0000	0.0000	0.0000	0.0169	0.0000	0.7786
0.0000	0.0000	0.0000	0.0000	0.0000	0.0000	0.0000	0.0000	1.0000	0.0000	0.0000	0.0000
0.0000	0.2668	0.0078	0.0000	0.0000	0.7145	0.0041	0.0057	0.0000	0.0000	0.0000	0.0010
0.0001	0.0005	0.0000	0.0000	0.0000	0.4819	0.0179	0.2008	0.0000	0.0002	0.0000	0.2986
0.0000	0.0000	0.0002	0.0000	0.0000	0.0003	0.3033	0.0440	0.0000	0.0026	0.0000	0.6496
0.9997	0.0000	0.0000	0.0000	0.0000	0.0000	0.0000	0.0000	0.0000	0.0003	0.0000	0.0000
0.1955	0.0000	0.0000	0.0000	0.0000	0.0000	0.0000	0.0000	0.8045	0.0000	0.0000	0.0000
0.0000	0.0000	0.0143	0.0000	0.0000	0.0000	0.2941	0.6692	0.0000	0.0007	0.0000	0.0217
0.0000	0.0000	0.0000	0.0000	0.0000	0.0000	0.0000	0.0000	0.0000	0.9999	0.0000	0.0001
0.0000	0.0000	0.0000	0.0000	1.0000	0.0000	0.0000	0.0000	0.0000	0.0000	0.0000	0.0000
0.9554	0.0000	0.0000	0.0000	0.0000	0.0000	0.0000	0.0000	0.0000	0.0100	0.0000	0.0346
0.0000	0.0000	0.0001	0.0000	0.0000	0.9999	0.0000	0.0000	0.0000	0.0000	0.0000	0.0001
0.0000	0.0511	0.0022	0.0000	0.0000	0.9448	0.0007	0.0010	0.0000	0.0000	0.0000	0.0001
0.0000	0.0000	0.0045	0.0000	0.0000	0.0000	0.9412	0.0171	0.0000	0.0136	0.0000	0.0236
0.0001	0.8237	0.1737	0.0000	0.0000	0.0000	0.0022	0.0000	0.0000	0.0000	0.0000	0.0003
0.0056	0.0000	0.0000	0.0000	0.0000	0.0002	0.7882	0.1514	0.0000	0.0001	0.0000	0.0545
0.0029	0.0000	0.0000	0.1876	0.0000	0.0000	0.0094	0.0000	0.0000	0.7981	0.0000	0.0020
0.0000	0.0000	0.0000	0.0000	0.0000	0.0000	0.0048	0.0000	0.0000	0.0684	0.0001	0.9267
0.0000	0.0000	0.0000	0.0000	0.9996	0.0000	0.0000	0.0000	0.0000	0.0000	0.0004	0.0000
0.0000	0.0001	0.2240	0.0000	0.0000	0.0055	0.5300	0.0562	0.0000	0.0002	0.0000	0.1839
0.0000	0.0000	0.0000	0.0000	0.0000	0.0000	0.0000	0.0000	0.0000	1.0000	0.0000	0.0000
0.0010	0.0000	0.0000	0.0000	0.0000	0.9765	0.0000	0.0004	0.0000	0.0220	0.0000	0.0000
0.0577	0.0000	0.0000	0.0000	0.0000	0.2476	0.0026	0.0542	0.0000	0.6378	0.0000	0.0001
0.0000	0.0000	0.0001	0.0000	0.0000	0.0000	0.8974	0.0063	0.0000	0.0007	0.0000	0.0956
0.0000	0.0968	0.0030	0.0000	0.0000	0.0000	0.8915	0.0064	0.0000	0.0000	0.0000	0.0023
0.0000	0.0000	0.0000	0.0003	0.0000	0.0000	0.0057	0.0000	0.0000	0.0077	0.0000	0.9863
0.0000	0.0000	0.0000	0.0000	0.0000	0.0000	0.0000	0.0000	0.0000	0.0000	1.0000	0.0000
0.0000	0.0064	0.0000	0.0000	0.0000	0.0000	0.9930	0.0001	0.0000	0.0000	0.0000	0.0005
0.0176	0.0000	0.0014	0.0000	0.0000	0.0005	0.2799	0.6935	0.0000	0.0000	0.0000	0.0071
0.3968	0.0000	0.0000	0.0000	0.0000	0.0000	0.0000	0.0000	0.2747	0.3284	0.0000	0.0000
0.0000	0.0000	0.0003	0.0000	0.0000	0.0000	0.7125	0.2345	0.0000	0.0000	0.0000	0.0526
0.0000	0.0000	0.4584	0.0000	0.0000	0.4876	0.0139	0.0400	0.0000	0.0000	0.0000	0.0001
1.0000	0.0000	0.0000	0.0000	0.0000	0.0000	0.0000	0.0000	0.0000	0.0000	0.0000	0.0000
0.0000	0.0000	0.0000	0.0000	0.0000	0.0000	0.0000	0.0000	1.0000	0.0000	0.0000	0.0000
0.0000	0.0000	0.0000	0.0000	0.0000	0.0000	0.0000	0.0000	1.0000	0.0000	0.0000	0.0000
0.4461	0.0000	0.0000	0.1617	0.0000	0.0000	0.0000	0.0000	0.0000	0.3763	0.0072	0.0087
0.0000	0.0000	0.0000	0.0000	0.0000	0.0000	0.0000	0.0000	0.0000	0.9811	0.0000	0.0189
0.0000	0.5286	0.1036	0.0000	0.0000	0.1520	0.1633	0.0497	0.0000	0.0000	0.0000	0.0029
0.0000	0.0000	0.0000	0.0000	0.0000	0.0000	0.0000	0.0000	0.0000	0.0000	0.0000	1.0000
0.0000	0.0000	0.0000	0.0000	0.0000	0.0000	0.0000	0.0000	0.0000	0.0000	0.0000	1.0000
0.0001	0.0001	0.9849	0.0000	0.0000	0.0065	0.0000	0.0000	0.0081	0.0002	0.0000	0.0001
0.0000	0.0000	0.0001	0.0000	0.0000	0.0000	0.0000	0.0000	0.0000	0.0000	0.0000	0.9999
0.0000	0.0000	0.0000	0.0000	0.0000	0.0000	0.0000	0.0000	0.0000	0.0000	0.0000	1.0000
0.0000	0.0000	0.0000	0.0000	0.0000	0.0000	0.0000	0.0000	0.0000	0.0000	0.0000	1.0000
0.0000	0.0000	0.0000	0.0000	0.0000	0.0000	0.0000	0.0000	0.0000	0.0000	0.0000	1.0000
0.0000	0.0000	0.0000	0.0000	0.0000	0.0000	0.0000	0.0000	0.0000	0.0000	0.0000	1.0000
0.0000	0.0000	0.0000	0.0000	0.0000	0.0000	0.0000	0.0000	0.0000	0.0000	0.0000	1.0000
0.0000	0.0000	0.9572	0.0000	0.0000	0.0001	0.0000	0.0000	0.0045	0.0002	0.0000	0.0379
0.0000	0.0000	0.0000	0.0000	0.0000	0.0001	0.0000	0.0000	0.0001	0.0000	0.0000	0.9998
0.0000	0.0000	0.9869	0.0000	0.0000	0.0069	0.0000	0.0000	0.0058	0.0002	0.0000	0.0002
0.0000	0.0000	0.0000	0.0000	0.0000	0.0000	0.0000	0.0000	0.0000	0.0000	0.0000	1.0000
0.0000	0.0000	0.0000	0.0000	0.0000	0.0000	0.0000	0.0000	0.0000	0.0000	0.0000	1.0000
0.0019	0.0000	0.4067	0.0000	0.0000	0.0000	0.0001	0.0000	0.0041	0.0207	0.0000	0.5666
0.0000	0.0000	0.0000	0.0000	0.0000	0.0000	0.0000	0.0000	0.0000	0.0000	0.0000	1.0000
0.0000	0.0000	0.0000	0.0000	0.0000	0.0000	0.0000	0.0000	0.0000	0.0000	0.0000	1.0000
0.0000	0.0001	0.9828	0.0000	0.0000	0.0168	0.0000	0.0000	0.0000	0.0001	0.0000	0.0002
0.0000	0.0001	0.9907	0.0000	0.0000	0.0084	0.0000	0.0000	0.0000	0.0001	0.0000	0.0008
0.0000	0.0000	0.0000	0.0000	0.0000	0.0000	0.0000	0.0000	0.0000	0.0000	0.0000	1.0000
0.0000	0.0000	0.9200	0.0000	0.0000	0.0061	0.0000	0.0000	0.0087	0.0005	0.0000	0.0647
0.0001	0.0000	0.9928	0.0000	0.0000	0.0001	0.0000	0.0000	0.0065	0.0001	0.0000	0.0003
0.0006	0.0000	0.9626	0.0000	0.0000	0.0000	0.0000	0.0000	0.0067	0.0022	0.0000	0.0277
0.0000	0.0000	0.0000	0.0000	0.0000	0.0000	0.0000	0.0000	1.0000	0.0000	0.0000	0.0000
0.0000	0.0000	0.0006	0.0000	0.0000	0.0001	0.9994	0.0000	0.0000	0.0000	0.0000	0.0000
0.0000	0.0000	0.0001	0.0000	0.0000	0.0033	0.9966	0.0000	0.0000	0.0000	0.0000	0.0000
0.0000	0.0000	0.0000	0.0000	0.0000	0.0000	0.0000	0.0000	1.0000	0.0000	0.0000	0.0000
0.0000	0.0000	0.0000	0.0000	0.0000	0.0000	0.7016	0.0000	0.2984	0.0000	0.0000	0.0000
0.0000	0.0000	0.0000	0.0000	0.0000	0.0000	0.0000	0.0000	1.0000	0.0000	0.0000	0.0000
0.0000	0.0000	0.9968	0.0000	0.0000	0.0000	0.0031	0.0000	0.0000	0.0000	0.0000	0.0000
0.0000	0.0000	0.0117	0.0000	0.0000	0.0000	0.9883	0.0000	0.0000	0.0000	0.0000	0.0000
0.0000	0.0000	0.0000	0.0000	0.0000	0.0000	0.0000	0.0000	1.0000	0.0000	0.0000	0.0000
0.0000	0.0000	0.0000	0.0000	0.0000	0.0000	1.0000	0.0000	0.0000	0.0000	0.0000	0.0000
0.0000	0.0000	0.0000	0.0000	0.0000	0.0000	0.0000	0.0000	1.0000	0.0000	0.0000	0.0000
0.0000	0.0000	0.7225	0.0000	0.0000	0.0014	0.2761	0.0000	0.0000	0.0000	0.0000	0.0000
0.0000	0.0000	0.0000	0.0000	0.0000	0.0000	0.0000	0.0000	1.0000	0.0000	0.0000	0.0000
0.0000	0.0000	0.0022	0.0000	0.0000	0.0000	0.9978	0.0000	0.0000	0.0000	0.0000	0.0000
0.0000	0.0000	0.0000	0.0000	0.0000	0.0000	1.0000	0.0000	0.0000	0.0000	0.0000	0.0000
0.0000	0.0000	0.0000	0.0000	0.0000	0.0000	1.0000	0.0000	0.0000	0.0000	0.0000	0.0000
0.0000	0.0000	0.0000	0.0000	0.0000	0.0000	0.0000	0.0000	1.0000	0.0000	0.0000	0.0000
0.0000	0.0000	0.7397	0.0000	0.0000	0.0209	0.2394	0.0000	0.0000	0.0000	0.0000	0.0000
0.0000	0.0000	0.2305	0.0000	0.0000	0.0115	0.7580	0.0000	0.0000	0.0000	0.0000	0.0000
0.0000	0.0000	0.0000	0.0000	0.0000	0.0000	0.0000	0.0000	1.0000	0.0000	0.0000	0.0000
0.0000	0.0000	0.0028	0.0000	0.0000	0.0000	0.9972	0.0000	0.0000	0.0000	0.0000	0.0000
0.0000	0.0000	0.0085	0.0000	0.0000	0.0000	0.9915	0.0000	0.0000	0.0000	0.0000	0.0000
0.0000	0.0000	0.0000	0.0000	0.0000	0.0000	0.0000	0.0000	1.0000	0.0000	0.0000	0.0000
0.0000	0.0000	0.0229	0.0000	0.0000	0.0000	0.9771	0.0000	0.0000	0.0000	0.0000	0.0000
0.0000	0.0000	0.0000	0.0000	0.0000	0.0000	1.0000	0.0000	0.0000	0.0000	0.0000	0.0000
0.0000	0.0000	0.0000	0.0000	0.0000	0.0000	0.0000	0.0000	1.0000	0.0000	0.0000	0.0000
0.0000	0.0000	0.5337	0.0000	0.0000	0.0033	0.4630	0.0000	0.0000	0.0000	0.0000	0.0000
0.0000	0.0000	0.0001	0.0000	0.0000	0.0000	0.9985	0.0000	0.0015	0.0000	0.0000	0.0000
0.0000	0.0000	0.0001	0.0000	0.0000	0.0000	0.9999	0.0000	0.0000	0.0000	0.0000	0.0000
0.0000	0.0000	0.0000	0.0000	0.0000	0.0000	0.0000	0.0000	1.0000	0.0000	0.0000	0.0000
0.0000	0.0000	0.0000	0.0000	0.0000	0.0000	1.0000	0.0000	0.0000	0.0000	0.0000	0.0000
0.0000	0.0000	0.0000	0.0000	0.0000	0.0000	0.0000	0.0000	1.0000	0.0000	0.0000	0.0000
0.0000	0.0000	0.5355	0.0000	0.0000	0.3032	0.1613	0.0000	0.0000	0.0000	0.0000	0.0000
