0.0000	0.0000	0.0000	0.0000	0.0000	0.0376	0.1886	0.0104	0.0000	0.3084	0.2506	0.2044
0.0000	0.0000	0.0000	0.0000	0.0000	0.0000	0.0001	0.0003	0.0000	0.2671	0.0000	0.7325
0.0002	0.0000	0.0000	0.0000	0.0000	0.0007	0.0261	0.0012	0.0000	0.0085	0.0050	0.9582
0.0012	0.0000	0.0000	0.0000	0.0000	0.0000	0.0000	0.0000	0.9476	0.0511	0.0001	0.0000
0.0000	0.0000	0.0240	0.0000	0.0000	0.8999	0.0339	0.0419	0.0000	0.0000	0.0000	0.0003
0.0000	0.0000	0.0000	0.0000	0.0000	0.0000	0.9884	0.0005	0.0000	0.0000	0.0110	0.0001
0.0000	0.0000	0.0000	0.0000	0.0000	0.0000	0.0000	0.0000	0.0000	1.0000	0.0000	0.0000
1.0000	0.0000	0.0000	0.0000	0.0000	0.0000	0.0000	0.0000	0.0000	0.0000	0.0000	0.0000
0.8592	0.0000	0.0023	0.0000	0.0000	0.0172	0.0793	0.0249	0.0000	0.0002	0.0000	0.0169
0.9067	0.0001	0.0147	0.0000	0.0000	0.0254	0.0476	0.0018	0.0000	0.0001	0.0000	0.0037
0.0041	0.0000	0.0001	0.0000	0.0000	0.0079	0.6299	0.3324	0.0000	0.0042	0.0000	0.0213
0.5541	0.0000	0.0010	0.0000	0.0000	0.0004	0.0181	0.0188	0.4054	0.0002	0.0000	0.0018
0.0000	0.0000	0.0000	0.0000	0.0000	0.0000	0.0018	0.0023	0.0000	0.0124	0.0000	0.9834
0.0000	0.0000	0.0000	0.0000	1.0000	0.0000	0.0000	0.0000	0.0000	0.0000	0.0000	0.0000
0.0000	0.9997	0.0003	0.0000	0.0000	0.0000	0.0000	0.0000	0.0000	0.0000	0.0000	0.0000
0.0000	0.0790	0.4897	0.0000	0.0000	0.4126	0.0178	0.0002	0.0000	0.0000	0.0000	0.0007
0.3483	0.0000	0.0000	0.0000	0.0000	0.0000	0.0000	0.0000	0.6517	0.0000	0.0000	0.0000
0.0000	0.0000	0.0000	0.0001	0.3315	0.0000	0.0000	0.0000	0.0000	0.0000	0.6684	0.0000
0.0000	0.9761	0.0000	0.0000	0.0000	0.0011	0.0003	0.0224	0.0000	0.0000	0.0000	0.0000
0.0000	0.0000	0.0059	0.0000	0.0000	0.0002	0.9671	0.0226	0.0000	0.0004	0.0000	0.0039
0.0000	0.0000	0.0000	0.0000	0.0000	0.0000	0.0000	0.0000	1.0000	0.0000	0.0000	0.0000
0.0000	0.0000	0.0000	0.0000	0.0000	0.0000	0.0034	0.9966	0.0000	0.0000	0.0000	0.0000
0.0006	0.0000	0.0000	0.0088	0.0000	0.0000	0.0000	0.0000	0.0000	0.9701	0.0000	0.0205
0.0000	0.2389	0.7468	0.0000	0.0000	0.0134	0.0008	0.0000	0.0000	0.0000	0.0000	0.0001
0.0033	0.0006	0.4009	0.0000	0.0000	0.5952	0.0000	0.0000	0.0000	0.0001	0.0000	0.0000
0.0001	0.0000	0.0000	0.0052	0.0000	0.0000	0.0011	0.9934	0.0000	0.0001	0.0000	0.0000
1.0000	0.0000	0.0000	0.0000	0.0000	0.0000	0.0000	0.0000	0.0000	0.0000	0.0000	0.0000
0.0028	0.0000	0.0000	0.0000	0.0000	0.0000	0.4923	0.0240	0.0000	0.4782	0.0003	0.0024
0.0004	0.0000	0.0000	0.0000	0.0000	0.0000	0.4020	0.0024	0.0000	0.1066	0.0001	0.4884
0.0001	0.0000	0.0000	0.0000	0.0000	0.0000	0.0000	0.0000	0.9999	0.0000	0.0000	0.0000
0.0000	0.1752	0.3414	0.0000	0.0000	0.4783	0.0024	0.0026	0.0000	0.0000	0.0000	0.0000
0.0000	0.0000	0.0000	0.0000	0.0000	0.0000	0.1073	0.8927	0.0000	0.0000	0.0000	0.0001
0.0000	0.0000	0.0000	0.0000	0.0000	0.0000	0.0000	0.0000	0.0100	0.9900	0.0000	0.0000
0.0000	0.0000	0.0000	0.0000	0.0000	0.0000	0.0375	0.9625	0.0000	0.0000	0.0000	0.0000
0.0000	0.0000	0.2112	0.0000	0.0000	0.0061	0.3677	0.1809	0.0000	0.0101	0.0000	0.2238
0.0000	0.0000	0.0000	0.0000	0.0000	0.0000	0.0000	0.0000	1.0000	0.0000	0.0000	0.0000
0.0000	0.0665	0.2229	0.0000	0.0000	0.6671	0.0427	0.0003	0.0000	0.0000	0.0000	0.0005
0.0216	0.0069	0.0001	0.0000	0.0000	0.1052	0.8515	0.0066	0.0000	0.0002	0.0000	0.0079
0.0000	0.0017	0.0174	0.0000	0.0000	0.9804	0.0003	0.0000	0.0000	0.0000	0.0000	0.0002
0.4293	0.0000	0.0000	0.0000	0.0000	0.0000	0.0000	0.0000	0.0000	0.5417	0.0001	0.0289
0.0005	0.0000	0.0000	0.0000	0.0000	0.0000	0.0000	0.0000	0.9969	0.0026	0.0000	0.0000
0.0000	0.3925	0.0223	0.0000	0.0000	0.5805	0.0015	0.0031	0.0000	0.0000	0.0000	0.0001
0.0000	0.0007	0.0000	0.0000	0.0000	0.4194	0.0205	0.4820	0.0000	0.0016	0.0000	0.0756
0.0000	0.0000	0.0004	0.0000	0.0000	0.0034	0.5699	0.0548	0.0000	0.0067	0.0000	0.3647
0.9991	0.0000	0.0000	0.0000	0.0000	0.0006	0.0000	0.0000	0.0000	0.0003	0.0000	0.0000
0.0369	0.0000	0.0000	0.0000	0.0000	0.0000	0.0000	0.0000	0.9631	0.0000	0.0000	0.0000
0.0000	0.0000	0.0196	0.0000	0.0000	0.0001	0.4502	0.4114	0.0000	0.0103	0.0000	0.1083
0.0000	0.0000	0.0000	0.0000	0.0000	0.0000	0.0000	0.0000	0.0000	1.0000	0.0000	0.0000
0.0000	0.0000	0.0000	0.0000	0.9997	0.0000	0.0000	0.0000	0.0000	0.0003	0.0000	0.0000
0.9901	0.0000	0.0000	0.0000	0.0000	0.0000	0.0000	0.0000	0.0000	0.0099	0.0000	0.0000
0.0000	0.0000	0.0044	0.0000	0.0000	0.9956	0.0000	0.0000	0.0000	0.0000	0.0000	0.0000
0.0000	0.0835	0.0169	0.0000	0.0000	0.8983	0.0003	0.0010	0.0000	0.0000	0.0000	0.0000
0.0000	0.0000	0.0077	0.0000	0.0000	0.0000	0.8191	0.0015	0.0000	0.0145	0.0000	0.1573
0.0000	0.6116	0.3532	0.0000	0.0000	0.0000	0.0343	0.0007	0.0000	0.0000	0.0000	0.0001
0.0038	0.0000	0.0000	0.0000	0.0000	0.0015	0.7098	0.2579	0.0000	0.0017	0.0000	0.0252
0.0401	0.0000	0.0000	0.0011	0.0000	0.0000	0.7269	0.0076	0.0000	0.2220	0.0000	0.0023
0.0000	0.0000	0.0000	0.0000	0.0000	0.0000	0.0425	0.0000	0.0000	0.0228	0.0001	0.9346
0.0000	0.0000	0.0000	0.0000	0.9933	0.0000	0.0000	0.0000	0.0000	0.0000	0.0067	0.0000
0.0000	0.0012	0.5278	0.0000	0.0000	0.0045	0.4028	0.0311	0.0000	0.0016	0.0000	0.0310
0.0000	0.0000	0.0000	0.0000	0.0000	0.0000	0.0000	0.0000	0.0000	0.9994	0.0002	0.0004
0.0000	0.0000	0.0000	0.0000	0.0000	0.9974	0.0000	0.0002	0.0000	0.0024	0.0000	0.0000
0.0003	0.0000	0.0000	0.0000	0.0000	0.6277	0.0000	0.1515	0.0000	0.2204	0.0000	0.0000
0.0000	0.0000	0.0000	0.0000	0.0000	0.0000	0.9511	0.0006	0.0000	0.0012	0.0000	0.0471
0.0000	0.6224	0.0039	0.0000	0.0000	0.0000	0.3700	0.0003	0.0000	0.0000	0.0000	0.0034
0.0411	0.0000	0.0001	0.0123	0.0000	0.0002	0.1509	0.0000	0.0000	0.1027	0.0000	0.6926
0.0000	0.0000	0.0000	0.0000	0.0000	0.0000	0.0000	0.0000	0.0000	0.0000	1.0000	0.0000
0.0000	0.2306	0.0000	0.0000	0.0000	0.0000	0.7680	0.0000	0.0000	0.0000	0.0000	0.0014
0.0008	0.0000	0.0187	0.0000	0.0000	0.0021	0.7042	0.2741	0.0000	0.0000	0.0000	0.0000
0.1521	0.0000	0.0000	0.0000	0.0000	0.0000	0.0000	0.0000	0.8272	0.0207	0.0000	0.0000
0.0000	0.0000	0.0142	0.0000	0.0000	0.0001	0.8117	0.1356	0.0000	0.0000	0.0000	0.0383
0.0000	0.0000	0.9058	0.0000	0.0000	0.0927	0.0007	0.0008	0.0000	0.0000	0.0000	0.0000
1.0000	0.0000	0.0000	0.0000	0.0000	0.0000	0.0000	0.0000	0.0000	0.0000	0.0000	0.0000
0.0000	0.0000	0.0000	0.0000	0.0000	0.0000	0.0000	0.0000	1.0000	0.0000	0.0000	0.0000
0.0000	0.0000	0.0000	0.0000	0.0000	0.0000	0.0000	0.0000	1.0000	0.0000	0.0000	0.0000
0.5197	0.0000	0.0000	0.0016	0.0000	0.2671	0.0000	0.0000	0.0000	0.2092	0.0021	0.0003
0.0000	0.0000	0.0000	0.0000	0.0000	0.0000	0.0000	0.0000	0.0000	0.9066	0.0000	0.0934
0.0000	0.3484	0.3403	0.0000	0.0000	0.1199	0.1758	0.0151	0.0000	0.0000	0.0000	0.0004
0.0000	0.0000	0.0033	0.0000	0.0000	0.0000	0.0000	0.0000	0.0001	0.0000	0.0000	0.9966
0.0000	0.0000	0.0000	0.0000	0.0000	0.0000	0.0000	0.0000	0.0000	0.0000	0.0000	1.0000
0.0000	0.0000	0.9986	0.0000	0.0000	0.0013	0.0000	0.0000	0.0000	0.0000	0.0000	0.0000
0.0000	0.0000	0.0004	0.0000	0.0000	0.0000	0.0000	0.0000	0.0000	0.0000	0.0000	0.9995
0.0000	0.0000	0.0000	0.0000	0.0000	0.0000	0.0000	0.0000	0.0000	0.0000	0.0000	1.0000
0.0000	0.0000	0.0000	0.0000	0.0000	0.0000	0.0000	0.0000	0.0000	0.0000	0.0000	1.0000
0.0000	0.0000	0.0000	0.0000	0.0000	0.0000	0.0000	0.0000	0.0005	0.0000	0.0000	0.9995
0.0000	0.0000	0.0000	0.0000	0.0000	0.0000	0.0000	0.0000	0.0016	0.0000	0.0000	0.9984
0.0000	0.0000	0.0000	0.0000	0.0000	0.0000	0.0000	0.0000	0.0001	0.0000	0.0000	0.9999
0.0005	0.0000	0.9957	0.0000	0.0000	0.0011	0.0000	0.0000	0.0003	0.0000	0.0000	0.0025
0.0000	0.0000	0.0001	0.0000	0.0000	0.0001	0.0000	0.0000	0.0006	0.0000	0.0000	0.9992
0.0001	0.0000	0.9977	0.0000	0.0000	0.0022	0.0000	0.0000	0.0000	0.0000	0.0000	0.0000
0.0000	0.0000	0.0000	0.0000	0.0000	0.0000	0.0000	0.0000	0.0000	0.0001	0.0000	0.9999
0.0000	0.0000	0.0001	0.0000	0.0000	0.0000	0.0000	0.0000	0.0000	0.0000	0.0000	0.9999
0.0002	0.0000	0.8272	0.0000	0.0000	0.0000	0.0000	0.0000	0.0821	0.0004	0.0000	0.0901
0.0000	0.0000	0.0000	0.0000	0.0000	0.0000	0.0000	0.0000	0.0000	0.0000	0.0000	1.0000
0.0000	0.0000	0.0000	0.0000	0.0000	0.0000	0.0000	0.0000	0.0000	0.0000	0.0000	1.0000
0.0000	0.0000	0.9970	0.0000	0.0000	0.0030	0.0000	0.0000	0.0000	0.0000	0.0000	0.0000
0.0000	0.0000	0.9952	0.0000	0.0000	0.0047	0.0000	0.0000	0.0000	0.0000	0.0000	0.0001
0.0000	0.0000	0.0000	0.0000	0.0000	0.0000	0.0000	0.0000	0.0000	0.0000	0.0000	0.9999
0.0001	0.0000	0.9952	0.0000	0.0000	0.0041	0.0000	0.0000	0.0000	0.0000	0.0000	0.0005
0.0001	0.0000	0.9999	0.0000	0.0000	0.0000	0.0000	0.0000	0.0000	0.0000	0.0000	0.0000
0.0084	0.0000	0.9872	0.0000	0.0000	0.0011	0.0000	0.0000	0.0005	0.0000	0.0000	0.0027
0.0000	0.0000	0.0000	0.0000	0.0000	0.0000	0.0000	0.0000	1.0000	0.0000	0.0000	0.0000
0.0000	0.0000	0.0017	0.0000	0.0000	0.0494	0.9490	0.0000	0.0000	0.0000	0.0000	0.0000
0.0000	0.0000	0.0000	0.0000	0.0000	0.0001	0.9999	0.0000	0.0000	0.0000	0.0000	0.0000
0.0000	0.0000	0.0000	0.0000	0.0000	0.0000	0.0000	0.0000	1.0000	0.0000	0.0000	0.0000
0.0000	0.0000	0.0000	0.0000	0.0000	0.0000	0.9958	0.0000	0.0042	0.0000	0.0000	0.0000
0.0000	0.0000	0.0000	0.0000	0.0000	0.0000	0.0000	0.0000	1.0000	0.0000	0.0000	0.0000
0.0000	0.0000	0.9993	0.0000	0.0000	0.0000	0.0007	0.0000	0.0000	0.0000	0.0000	0.0000
0.0000	0.0000	0.0101	0.0000	0.0000	0.0000	0.9899	0.0000	0.0000	0.0000	0.0000	0.0000
0.0000	0.0000	0.0000	0.0000	0.0000	0.0000	0.0000	0.0000	1.0000	0.0000	0.0000	0.0000
0.0000	0.0000	0.0000	0.0000	0.0000	0.0000	1.0000	0.0000	0.0000	0.0000	0.0000	0.0000
0.0000	0.0000	0.0000	0.0000	0.0000	0.0000	0.0000	0.0000	1.0000	0.0000	0.0000	0.0000
0.0000	0.0000	0.9648	0.0000	0.0000	0.0036	0.0316	0.0000	0.0000	0.0000	0.0000	0.0000
0.0000	0.0000	0.0000	0.0000	0.0000	0.0000	0.0000	0.0000	1.0000	0.0000	0.0000	0.0000
0.0000	0.0000	0.0014	0.0000	0.0000	0.0003	0.9983	0.0000	0.0000	0.0000	0.0000	0.0000
0.0000	0.0000	0.0000	0.0000	0.0000	0.0036	0.9623	0.0000	0.0341	0.0000	0.0000	0.0000
0.0000	0.0000	0.0000	0.0000	0.0000	0.0000	1.0000	0.0000	0.0000	0.0000	0.0000	0.0000
0.0000	0.0000	0.0000	0.0000	0.0000	0.0000	0.0000	0.0000	1.0000	0.0000	0.0000	0.0000
0.0000	0.0000	0.9868	0.0000	0.0000	0.0041	0.0091	0.0000	0.0000	0.0000	0.0000	0.0000
0.0000	0.0000	0.6834	0.0000	0.0000	0.0270	0.2896	0.0000	0.0000	0.0000	0.0000	0.0000
0.0000	0.0000	0.0000	0.0000	0.0000	0.0000	0.0000	0.0000	1.0000	0.0000	0.0000	0.0000
0.0000	0.0000	0.0386	0.0000	0.0000	0.0000	0.9614	0.0000	0.0000	0.0000	0.0000	0.0000
0.0000	0.0000	0.0379	0.0000	0.0000	0.0000	0.9621	0.0000	0.0000	0.0000	0.0000	0.0000
0.0000	0.0000	0.0000	0.0000	0.0000	0.0000	0.0000	0.0000	1.0000	0.0000	0.0000	0.0000
0.0000	0.0000	0.0915	0.0000	0.0000	0.0000	0.9085	0.0000	0.0000	0.0000	0.0000	0.0000
0.0000	0.0000	0.0000	0.0000	0.0000	0.0000	1.0000	0.0000	0.0000	0.0000	0.0000	0.0000
0.0000	0.0000	0.0000	0.0000	0.0000	0.0000	0.0000	0.0000	1.0000	0.0000	0.0000	0.0000
0.0000	0.0000	0.9614	0.0000	0.0000	0.0007	0.0379	0.0000	0.0000	0.0000	0.0000	0.0000
0.0000	0.0000	0.0008	0.0000	0.0000	0.0001	0.9992	0.0000	0.0000	0.0000	0.0000	0.0000
0.0000	0.0000	0.0015	0.0000	0.0000	0.0004	0.9981	0.0000	0.0000	0.0000	0.0000	0.0000
0.0000	0.0000	0.0000	0.0000	0.0000	0.0000	0.0000	0.0000	1.0000	0.0000	0.0000	0.0000
0.0000	0.0000	0.0001	0.0000	0.0000	0.0000	0.9999	0.0000	0.0000	0.0000	0.0000	0.0000
0.0000	0.0000	0.0000	0.0000	0.0000	0.0000	0.0000	0.0000	1.0000	0.0000	0.0000	0.0000
0.0000	0.0000	0.2033	0.0000	0.0000	0.7801	0.0166	0.0000	0.0000	0.0000	0.0000	0.0000
