0.0000	0.0000	0.0000	0.0000	0.0000	0.0000	0.0000	0.0000	0.0000	0.0146	0.9854	0.0000
0.0000	0.0000	0.0000	0.0000	0.0000	0.0000	0.0000	0.0000	0.0000	0.0006	0.0000	0.9994
0.0000	0.0000	0.0000	0.0000	0.0000	0.0000	0.0000	0.0000	0.0000	0.0000	0.0000	1.0000
0.0000	0.0000	0.0000	0.0000	0.0000	0.0000	0.0000	0.0000	0.0005	0.0168	0.9827	0.0000
0.0000	0.0007	0.2029	0.0000	0.0000	0.6087	0.0028	0.1850	0.0000	0.0000	0.0000	0.0000
0.0000	0.0000	0.0000	0.0000	0.0000	0.0000	0.9511	0.0049	0.0000	0.0000	0.0439	0.0001
0.0000	0.0000	0.0000	0.0000	0.0000	0.0000	0.0000	0.0000	0.0000	1.0000	0.0000	0.0000
0.9995	0.0000	0.0000	0.0000	0.0000	0.0000	0.0002	0.0000	0.0000	0.0000	0.0004	0.0000
0.9859	0.0000	0.0000	0.0000	0.0000	0.0006	0.0126	0.0001	0.0008	0.0000	0.0000	0.0000
0.9864	0.0000	0.0001	0.0000	0.0000	0.0049	0.0087	0.0000	0.0000	0.0000	0.0000	0.0000
0.0005	0.0000	0.0000	0.0000	0.0000	0.0004	0.6128	0.3855	0.0000	0.0003	0.0000	0.0006
0.8675	0.0000	0.0000	0.0000	0.0000	0.0000	0.0005	0.0001	0.1320	0.0000	0.0000	0.0000
0.0002	0.0000	0.0000	0.0000	0.0000	0.0000	0.0129	0.0033	0.0000	0.1525	0.0000	0.8311
0.0000	0.0000	0.0000	0.0000	0.9998	0.0000	0.0000	0.0000	0.0000	0.0002	0.0000	0.0000
0.0000	0.9999	0.0001	0.0000	0.0000	0.0000	0.0000	0.0000	0.0000	0.0000	0.0000	0.0000
0.0000	0.0027	0.0413	0.0000	0.0000	0.9560	0.0000	0.0000	0.0000	0.0000	0.0000	0.0000
0.9925	0.0000	0.0000	0.0000	0.0000	0.0000	0.0000	0.0000	0.0075	0.0000	0.0000	0.0000
0.0000	0.0000	0.0000	0.5975	0.0794	0.0000	0.0000	0.0000	0.0000	0.0000	0.3231	0.0000
0.0000	0.9791	0.0000	0.0000	0.0000	0.0000	0.0000	0.0209	0.0000	0.0000	0.0000	0.0000
0.0000	0.0008	0.0145	0.0000	0.0000	0.0004	0.9575	0.0265	0.0000	0.0000	0.0000	0.0003
0.0000	0.0000	0.0000	0.0000	0.0000	0.0009	0.0000	0.0000	0.9979	0.0012	0.0000	0.0000
0.0000	0.0000	0.0000	0.0001	0.0000	0.0000	0.0043	0.9956	0.0000	0.0000	0.0000	0.0000
0.0000	0.0000	0.0000	0.8481	0.0000	0.0000	0.0000	0.0000	0.0000	0.1511	0.0000	0.0008
0.0000	0.4170	0.5824	0.0000	0.0000	0.0006	0.0000	0.0000	0.0000	0.0000	0.0000	0.0000
0.0000	0.0000	0.9559	0.0000	0.0000	0.0441	0.0000	0.0000	0.0000	0.0000	0.0000	0.0000
0.0001	0.0000	0.0000	0.0000	0.0000	0.0000	0.0463	0.9535	0.0000	0.0000	0.0000	0.0000
1.0000	0.0000	0.0000	0.0000	0.0000	0.0000	0.0000	0.0000	0.0000	0.0000	0.0000	0.0000
0.0000	0.0000	0.0000	0.0000	0.0000	0.0000	0.9623	0.0000	0.0000	0.0376	0.0000	0.0000
0.0000	0.0000	0.0000	0.0000	0.0000	0.0000	0.7713	0.0000	0.0000	0.0000	0.0000	0.2287
0.0000	0.0000	0.0000	0.0000	0.0000	0.0000	0.0000	0.0000	1.0000	0.0000	0.0000	0.0000
0.0000	0.5138	0.4147	0.0000	0.0000	0.0715	0.0000	0.0000	0.0000	0.0000	0.0000	0.0000
0.0000	0.0000	0.0000	0.0000	0.0000	0.0000	0.0007	0.9993	0.0000	0.0000	0.0000	0.0000
0.0000	0.0000	0.0000	0.0000	0.0000	0.0000	0.0000	0.0000	0.8694	0.1306	0.0000	0.0000
0.0000	0.0000	0.0000	0.0000	0.0000	0.0000	0.0001	0.9999	0.0000	0.0000	0.0000	0.0000
0.0001	0.0000	0.0000	0.0000	0.0000	0.9318	0.0005	0.0119	0.0000	0.0003	0.0000	0.0555
0.0000	0.0000	0.0000	0.0000	0.0000	0.0000	0.0000	0.0000	1.0000	0.0000	0.0000	0.0000
0.0000	0.0884	0.5973	0.0000	0.0000	0.3138	0.0005	0.0001	0.0000	0.0000	0.0000	0.0000
0.0026	0.0003	0.0000	0.0000	0.0000	0.0217	0.9737	0.0006	0.0000	0.0000	0.0000	0.0010
0.0000	0.0002	0.0003	0.0000	0.0000	0.9995	0.0000	0.0000	0.0000	0.0000	0.0000	0.0000
0.0029	0.0000	0.0000	0.0000	0.0000	0.0000	0.0000	0.0000	0.0002	0.0000	0.0000	0.9968
0.0000	0.0000	0.0000	0.0000	0.0000	0.0000	0.0000	0.0000	0.0002	0.0025	0.9973	0.0000
0.0000	0.9001	0.0074	0.0000	0.0000	0.0923	0.0000	0.0001	0.0000	0.0000	0.0000	0.0000
0.0000	0.0166	0.0000	0.0000	0.0000	0.1843	0.0004	0.7948	0.0000	0.0000	0.0000	0.0039
0.0000	0.0000	0.0000	0.0000	0.0000	0.0001	0.3445	0.0437	0.0000	0.0000	0.0000	0.6117
1.0000	0.0000	0.0000	0.0000	0.0000	0.0000	0.0000	0.0000	0.0000	0.0000	0.0000	0.0000
0.0097	0.0000	0.0000	0.0000	0.0000	0.0000	0.0000	0.0000	0.9903	0.0000	0.0000	0.0000
0.0000	0.0000	0.2881	0.0000	0.0000	0.0000	0.0001	0.7114	0.0000	0.0000	0.0000	0.0003
0.0000	0.0000	0.0000	0.0000	0.0000	0.0000	0.0000	0.0000	0.0000	1.0000	0.0000	0.0000
0.0000	0.0000	0.0000	0.0000	0.9838	0.0000	0.0000	0.0000	0.0000	0.0162	0.0000	0.0000
0.3906	0.0000	0.0000	0.0000	0.0000	0.0000	0.0002	0.0000	0.0000	0.6085	0.0004	0.0003
0.0000	0.0000	0.0026	0.0000	0.0000	0.9974	0.0000	0.0000	0.0000	0.0000	0.0000	0.0000
0.0000	0.7639	0.0007	0.0000	0.0000	0.2354	0.0000	0.0001	0.0000	0.0000	0.0000	0.0000
0.0000	0.0000	0.9532	0.0000	0.0000	0.0000	0.0045	0.0084	0.0000	0.0268	0.0000	0.0071
0.0018	0.3579	0.3643	0.0000	0.0000	0.0003	0.2717	0.0039	0.0000	0.0000	0.0000	0.0000
0.0245	0.0000	0.0000	0.0000	0.0000	0.0007	0.9106	0.0641	0.0000	0.0000	0.0000	0.0001
0.0483	0.0000	0.0000	0.0022	0.0000	0.0000	0.9494	0.0000	0.0000	0.0001	0.0000	0.0000
0.0000	0.0000	0.0000	0.0000	0.0000	0.0000	0.2189	0.0000	0.0000	0.0030	0.0002	0.7779
0.0000	0.0000	0.0000	0.1439	0.8159	0.0000	0.0000	0.0000	0.0000	0.0047	0.0356	0.0000
0.0000	0.0068	0.0755	0.0000	0.0000	0.2114	0.6964	0.0097	0.0000	0.0000	0.0000	0.0002
0.0000	0.0000	0.0000	0.0000	0.0000	0.0000	0.0000	0.0000	0.0000	0.9998	0.0002	0.0001
0.0000	0.0014	0.0000	0.0000	0.0000	0.9547	0.0008	0.0004	0.0000	0.0427	0.0000	0.0000
0.0000	0.0028	0.0000	0.0000	0.0000	0.8731	0.0042	0.1137	0.0000	0.0063	0.0000	0.0000
0.0000	0.0000	0.0000	0.0000	0.0000	0.0000	0.9992	0.0000	0.0000	0.0000	0.0000	0.0008
0.0000	0.1612	0.0039	0.0000	0.0000	0.0000	0.0600	0.7748	0.0000	0.0000	0.0000	0.0000
0.0001	0.0000	0.0000	0.0011	0.0000	0.0000	0.0030	0.0000	0.0003	0.0227	0.0000	0.9728
0.0000	0.0000	0.0000	0.0004	0.0000	0.0000	0.0000	0.0000	0.0000	0.0000	0.9996	0.0000
0.0000	0.9788	0.0000	0.0000	0.0000	0.0000	0.0211	0.0000	0.0000	0.0000	0.0000	0.0000
0.0000	0.0000	0.0000	0.0000	0.0000	0.0000	1.0000	0.0000	0.0000	0.0000	0.0000	0.0000
0.0050	0.0000	0.0000	0.0000	0.0000	0.0000	0.0000	0.0000	0.9950	0.0000	0.0000	0.0000
0.0000	0.0000	0.8299	0.0000	0.0000	0.0098	0.0972	0.0631	0.0000	0.0000	0.0000	0.0000
0.0000	0.0000	0.9951	0.0000	0.0000	0.0049	0.0000	0.0000	0.0000	0.0000	0.0000	0.0000
1.0000	0.0000	0.0000	0.0000	0.0000	0.0000	0.0000	0.0000	0.0000	0.0000	0.0000	0.0000
0.0000	0.0000	0.0000	0.0000	0.0000	0.0000	0.0000	0.0000	1.0000	0.0000	0.0000	0.0000
0.0000	0.0000	0.0000	0.0000	0.0000	0.0000	0.0000	0.0000	1.0000	0.0000	0.0000	0.0000
0.0019	0.0000	0.0000	0.0000	0.0000	0.9770	0.0000	0.0000	0.0000	0.0206	0.0000	0.0005
0.0000	0.0000	0.0000	0.0000	0.0000	0.0000	0.0000	0.0000	0.0000	0.2545	0.0000	0.7455
0.0000	0.2069	0.7641	0.0000	0.0000	0.0050	0.0223	0.0016	0.0000	0.0000	0.0000	0.0000
0.0000	0.0000	0.0026	0.0000	0.0000	0.0000	0.0000	0.0000	0.0000	0.0000	0.0000	0.9974
0.0000	0.0000	0.0000	0.0000	0.0000	0.0000	0.0000	0.0000	0.0000	0.0000	0.0000	1.0000
0.0000	0.0000	0.9962	0.0000	0.0000	0.0038	0.0000	0.0000	0.0000	0.0000	0.0000	0.0000
0.0000	0.0000	0.0001	0.0000	0.0000	0.0000	0.0000	0.0000	0.0000	0.0000	0.0000	0.9999
0.0000	0.0000	0.0000	0.0000	0.0000	0.0000	0.0000	0.0000	0.0000	0.0000	0.0000	1.0000
0.0000	0.0000	0.0000	0.0000	0.0000	0.0000	0.0007	0.0000	0.0000	0.0000	0.0000	0.9993
0.0000	0.0000	0.0000	0.0000	0.0000	0.0000	0.0000	0.0000	0.0000	0.0000	0.0000	1.0000
0.0000	0.0000	0.0000	0.0000	0.0000	0.0000	0.0000	0.0000	0.0000	0.0000	0.0000	1.0000
0.0000	0.0000	0.0000	0.0000	0.0000	0.0000	0.0000	0.0000	0.0000	0.0000	0.0000	1.0000
0.0000	0.0000	1.0000	0.0000	0.0000	0.0000	0.0000	0.0000	0.0000	0.0000	0.0000	0.0000
0.0000	0.0000	0.0005	0.0000	0.0000	0.0000	0.0000	0.0000	0.0000	0.0000	0.0000	0.9995
0.0000	0.0000	0.9985	0.0000	0.0000	0.0015	0.0000	0.0000	0.0000	0.0000	0.0000	0.0000
0.0000	0.0000	0.0000	0.0000	0.0000	0.0000	0.0000	0.0000	0.0000	0.0154	0.0000	0.9846
0.0004	0.0000	0.0050	0.0000	0.0000	0.0000	0.0000	0.0000	0.0122	0.0203	0.0000	0.9620
0.0000	0.0000	0.0309	0.0000	0.0000	0.0000	0.0000	0.0000	0.0000	0.0001	0.0000	0.9690
0.0000	0.0000	0.0000	0.0000	0.0000	0.0000	0.0000	0.0000	0.0000	0.0000	0.0000	1.0000
0.0000	0.0000	0.0000	0.0000	0.0000	0.0000	0.0000	0.0000	0.0000	0.0000	0.0000	1.0000
0.0000	0.0000	0.9988	0.0000	0.0000	0.0012	0.0000	0.0000	0.0000	0.0000	0.0000	0.0000
0.0000	0.0000	0.9996	0.0000	0.0000	0.0004	0.0000	0.0000	0.0000	0.0000	0.0000	0.0000
0.0000	0.0000	0.0000	0.0000	0.0000	0.0000	0.0000	0.0000	0.0000	0.0000	0.0000	1.0000
0.0000	0.0000	1.0000	0.0000	0.0000	0.0000	0.0000	0.0000	0.0000	0.0000	0.0000	0.0000
0.0000	0.0000	0.9999	0.0000	0.0000	0.0001	0.0000	0.0000	0.0000	0.0000	0.0000	0.0000
0.0001	0.0000	0.9997	0.0000	0.0000	0.0002	0.0000	0.0000	0.0000	0.0000	0.0000	0.0000
0.0000	0.0000	0.0000	0.0000	0.0000	0.0000	0.0000	0.0000	1.0000	0.0000	0.0000	0.0000
0.0000	0.0000	0.0000	0.0000	0.0000	0.0411	0.9589	0.0000	0.0000	0.0000	0.0000	0.0000
0.0000	0.0000	0.0034	0.0000	0.0000	0.0002	0.9965	0.0000	0.0000	0.0000	0.0000	0.0000
0.0000	0.0000	0.0000	0.0000	0.0000	0.0000	0.0000	0.0000	1.0000	0.0000	0.0000	0.0000
0.0000	0.0000	0.0000	0.0000	0.0000	0.0000	0.9927	0.0000	0.0072	0.0000	0.0000	0.0000
0.0000	0.0000	0.0000	0.0000	0.0000	0.0000	0.0000	0.0000	1.0000	0.0000	0.0000	0.0000
0.0000	0.0000	1.0000	0.0000	0.0000	0.0000	0.0000	0.0000	0.0000	0.0000	0.0000	0.0000
0.0000	0.0000	0.1707	0.0000	0.0000	0.0000	0.8293	0.0000	0.0000	0.0000	0.0000	0.0000
0.0000	0.0000	0.0000	0.0000	0.0000	0.0000	0.0000	0.0000	1.0000	0.0000	0.0000	0.0000
0.0000	0.0000	0.0000	0.0000	0.0000	0.0000	1.0000	0.0000	0.0000	0.0000	0.0000	0.0000
0.0000	0.0000	0.0000	0.0000	0.0000	0.0000	0.0000	0.0000	1.0000	0.0000	0.0000	0.0000
0.0000	0.0000	0.9958	0.0000	0.0000	0.0002	0.0040	0.0000	0.0000	0.0000	0.0000	0.0000
0.0000	0.0000	0.0000	0.0000	0.0000	0.0000	0.0000	0.0000	1.0000	0.0000	0.0000	0.0000
0.0000	0.0000	0.0002	0.0000	0.0000	0.0000	0.9998	0.0000	0.0000	0.0000	0.0000	0.0000
0.0000	0.0000	0.0000	0.0000	0.0000	0.5557	0.1394	0.0000	0.3049	0.0000	0.0000	0.0000
0.0000	0.0000	0.0000	0.0000	0.0000	0.0000	1.0000	0.0000	0.0000	0.0000	0.0000	0.0000
0.0000	0.0000	0.0000	0.0000	0.0000	0.0000	0.0000	0.0000	1.0000	0.0000	0.0000	0.0000
0.0000	0.0000	0.9996	0.0000	0.0000	0.0000	0.0004	0.0000	0.0000	0.0000	0.0000	0.0000
0.0000	0.0000	0.6045	0.0000	0.0000	0.0000	0.3954	0.0000	0.0000	0.0000	0.0000	0.0000
0.0000	0.0000	0.0000	0.0000	0.0000	0.0000	0.0000	0.0000	1.0000	0.0000	0.0000	0.0000
0.0000	0.0000	0.0196	0.0000	0.0000	0.0000	0.9804	0.0000	0.0000	0.0000	0.0000	0.0000
0.0000	0.0000	0.9122	0.0000	0.0000	0.0000	0.0878	0.0000	0.0000	0.0000	0.0000	0.0000
0.0000	0.0000	0.0000	0.0000	0.0000	0.0000	0.0000	0.0000	1.0000	0.0000	0.0000	0.0000
0.0000	0.0000	0.7896	0.0000	0.0000	0.0000	0.2104	0.0000	0.0000	0.0000	0.0000	0.0000
0.0000	0.0000	0.0000	0.0000	0.0000	0.0000	1.0000	0.0000	0.0000	0.0000	0.0000	0.0000
0.0000	0.0000	0.0000	0.0000	0.0000	0.0000	0.0000	0.0000	1.0000	0.0000	0.0000	0.0000
0.0000	0.0000	0.9983	0.0000	0.0000	0.0000	0.0017	0.0000	0.0000	0.0000	0.0000	0.0000
0.0000	0.0000	0.0002	0.0000	0.0000	0.0000	0.9998	0.0000	0.0000	0.0000	0.0000	0.0000
0.0000	0.0000	0.0057	0.0000	0.0000	0.0000	0.9943	0.0000	0.0000	0.0000	0.0000	0.0000
0.0000	0.0000	0.0000	0.0000	0.0000	0.0000	0.0000	0.0000	1.0000	0.0000	0.0000	0.0000
0.0000	0.0000	0.0022	0.0000	0.0000	0.0000	0.9978	0.0000	0.0000	0.0000	0.0000	0.0000
0.0000	0.0000	0.0000	0.0000	0.0000	0.0000	0.0000	0.0000	1.0000	0.0000	0.0000	0.0000
0.0000	0.0000	0.0105	0.0000	0.0000	0.9894	0.0001	0.0000	0.0000	0.0000	0.0000	0.0000
