0.0000	0.0000	0.0000	0.0000	0.0000	0.0000	0.0746	0.0001	0.0000	0.1606	0.7395	0.0253
0.0000	0.0000	0.0000	0.0000	0.0000	0.0000	0.0000	0.0000	0.0000	0.0583	0.0000	0.9417
0.0000	0.0000	0.0000	0.0000	0.0000	0.0000	0.0001	0.0000	0.0000	0.0002	0.0000	0.9997
0.0000	0.0000	0.0000	0.0000	0.0000	0.0000	0.0000	0.0000	0.0000	0.9999	0.0000	0.0000
0.0000	0.0011	0.0167	0.0000	0.0000	0.7333	0.1055	0.1435	0.0000	0.0000	0.0000	0.0000
0.0000	0.0000	0.0000	0.0000	0.0000	0.0000	0.9992	0.0005	0.0000	0.0000	0.0003	0.0000
0.0000	0.0000	0.0000	0.0000	0.0000	0.0000	0.0000	0.0000	0.0000	1.0000	0.0000	0.0000
0.9999	0.0000	0.0000	0.0000	0.0000	0.0000	0.0001	0.0000	0.0000	0.0000	0.0000	0.0000
0.8383	0.0000	0.0000	0.0000	0.0000	0.1175	0.0413	0.0023	0.0005	0.0000	0.0000	0.0000
0.9071	0.0000	0.0000	0.0000	0.0000	0.0906	0.0022	0.0000	0.0000	0.0000	0.0000	0.0000
0.0000	0.0000	0.0000	0.0000	0.0000	0.0013	0.9463	0.0521	0.0000	0.0000	0.0000	0.0004
0.5579	0.0000	0.0000	0.0000	0.0000	0.0001	0.0013	0.0007	0.4400	0.0000	0.0000	0.0000
0.0000	0.0000	0.0000	0.0000	0.0000	0.0000	0.0010	0.0100	0.0000	0.0027	0.0000	0.9862
0.0000	0.0000	0.0000	0.0000	1.0000	0.0000	0.0000	0.0000	0.0000	0.0000	0.0000	0.0000
0.0000	0.9969	0.0030	0.0000	0.0000	0.0000	0.0000	0.0000	0.0000	0.0000	0.0000	0.0000
0.0000	0.0174	0.2659	0.0000	0.0000	0.7167	0.0000	0.0000	0.0000	0.0000	0.0000	0.0000
0.9930	0.0000	0.0000	0.0000	0.0000	0.0000	0.0000	0.0000	0.0069	0.0000	0.0000	0.0000
0.0000	0.0000	0.0000	0.0073	0.8514	0.0000	0.0000	0.0000	0.0000	0.0000	0.1413	0.0000
0.0000	0.2002	0.0000	0.0000	0.0000	0.0000	0.0001	0.7997	0.0000	0.0000	0.0000	0.0000
0.0000	0.0000	0.0020	0.0000	0.0000	0.0003	0.9561	0.0415	0.0000	0.0000	0.0000	0.0002
0.0000	0.0000	0.0000	0.0000	0.0000	0.0000	0.0000	0.0000	0.9980	0.0020	0.0000	0.0000
0.0000	0.0000	0.0000	0.0000	0.0000	0.0000	0.0002	0.9998	0.0000	0.0000	0.0000	0.0000
0.0001	0.0000	0.0000	0.5264	0.0000	0.0000	0.0000	0.0000	0.0000	0.4224	0.0000	0.0511
0.0000	0.0775	0.9191	0.0000	0.0000	0.0035	0.0000	0.0000	0.0000	0.0000	0.0000	0.0000
0.0000	0.0000	0.9907	0.0000	0.0000	0.0093	0.0000	0.0000	0.0000	0.0000	0.0000	0.0000
0.0000	0.0000	0.0000	0.0000	0.0000	0.0000	0.0012	0.9988	0.0000	0.0000	0.0000	0.0000
1.0000	0.0000	0.0000	0.0000	0.0000	0.0000	0.0000	0.0000	0.0000	0.0000	0.0000	0.0000
0.0000	0.0000	0.0000	0.0000	0.0000	0.0000	0.6961	0.0077	0.0000	0.2962	0.0000	0.0000
0.0000	0.0001	0.0000	0.0000	0.0000	0.0000	0.1895	0.0003	0.0000	0.0138	0.0000	0.7963
0.0000	0.0000	0.0000	0.0000	0.0000	0.0000	0.0000	0.0000	1.0000	0.0000	0.0000	0.0000
0.0000	0.3007	0.4346	0.0000	0.0000	0.2646	0.0000	0.0000	0.0000	0.0000	0.0000	0.0000
0.0000	0.0000	0.0000	0.0000	0.0000	0.0000	0.0447	0.9552	0.0000	0.0000	0.0000	0.0000
0.0000	0.0000	0.0000	0.0000	0.0000	0.0000	0.0000	0.0000	0.0002	0.9998	0.0000	0.0000
0.0000	0.0000	0.0000	0.0000	0.0000	0.0000	0.6906	0.3083	0.0000	0.0000	0.0000	0.0011
0.0000	0.0000	0.0005	0.0000	0.0000	0.0215	0.0201	0.9415	0.0000	0.0019	0.0000	0.0144
0.0000	0.0000	0.0000	0.0000	0.0000	0.0000	0.0000	0.0000	1.0000	0.0000	0.0000	0.0000
0.0000	0.0382	0.2276	0.0000	0.0000	0.7339	0.0003	0.0000	0.0000	0.0000	0.0000	0.0000
0.0000	0.0000	0.0000	0.0000	0.0000	0.0014	0.9970	0.0015	0.0000	0.0000	0.0000	0.0001
0.0000	0.0001	0.0191	0.0000	0.0000	0.9808	0.0000	0.0000	0.0000	0.0000	0.0000	0.0000
0.0006	0.0000	0.0000	0.0000	0.0000	0.0000	0.0000	0.0000	0.0000	0.0000	0.0000	0.9994
0.0013	0.0000	0.0000	0.0000	0.0000	0.0000	0.0000	0.0000	0.0001	0.9986	0.0001	0.0000
0.0000	0.5836	0.0228	0.0000	0.0000	0.3934	0.0000	0.0002	0.0000	0.0000	0.0000	0.0000
0.0000	0.0033	0.0000	0.0000	0.0000	0.0981	0.0005	0.8865	0.0000	0.0000	0.0000	0.0116
0.0000	0.0000	0.0000	0.0000	0.0000	0.0000	0.1236	0.0111	0.0000	0.0002	0.0000	0.8651
0.9998	0.0000	0.0000	0.0000	0.0000	0.0000	0.0000	0.0000	0.0000	0.0002	0.0000	0.0000
0.0036	0.0000	0.0000	0.0000	0.0000	0.0000	0.0000	0.0000	0.9964	0.0000	0.0000	0.0000
0.0000	0.0000	0.0040	0.0000	0.0000	0.0000	0.0750	0.9125	0.0000	0.0004	0.0000	0.0082
0.0000	0.0000	0.0000	0.0000	0.0000	0.0000	0.0000	0.0000	0.0000	1.0000	0.0000	0.0000
0.0000	0.0000	0.0000	0.0000	1.0000	0.0000	0.0000	0.0000	0.0000	0.0000	0.0000	0.0000
0.3051	0.0000	0.0000	0.0000	0.0000	0.0000	0.0000	0.0000	0.0000	0.6949	0.0000	0.0000
0.0000	0.0000	0.0006	0.0000	0.0000	0.9994	0.0000	0.0000	0.0000	0.0000	0.0000	0.0000
0.0000	0.1316	0.0053	0.0000	0.0000	0.8631	0.0000	0.0001	0.0000	0.0000	0.0000	0.0000
0.0000	0.0000	0.0042	0.0000	0.0000	0.0000	0.9240	0.0423	0.0000	0.0054	0.0000	0.0240
0.0230	0.1105	0.2585	0.0000	0.0000	0.0004	0.4028	0.2047	0.0000	0.0000	0.0000	0.0000
0.0119	0.0000	0.0000	0.0000	0.0000	0.0006	0.8179	0.1693	0.0000	0.0000	0.0000	0.0003
0.3042	0.0000	0.0000	0.0000	0.0000	0.0000	0.6926	0.0013	0.0000	0.0019	0.0000	0.0000
0.0000	0.0000	0.0000	0.0000	0.0000	0.0000	0.0724	0.0000	0.0000	0.0000	0.0001	0.9275
0.0000	0.0000	0.0000	0.0001	0.9697	0.0000	0.0000	0.0000	0.0000	0.0000	0.0302	0.0000
0.0000	0.0067	0.7177	0.0000	0.0000	0.0089	0.2308	0.0358	0.0000	0.0000	0.0000	0.0001
0.0000	0.0000	0.0000	0.0000	0.0000	0.0000	0.0000	0.0000	0.0000	1.0000	0.0000	0.0000
0.0000	0.0000	0.0000	0.0000	0.0000	0.9791	0.0000	0.0018	0.0000	0.0192	0.0000	0.0000
0.0000	0.0000	0.0000	0.0000	0.0000	0.9410	0.0000	0.0392	0.0000	0.0198	0.0000	0.0000
0.0000	0.0000	0.0000	0.0000	0.0000	0.0000	0.9976	0.0004	0.0000	0.0000	0.0000	0.0021
0.0000	0.0592	0.0000	0.0000	0.0000	0.0000	0.2577	0.6830	0.0000	0.0000	0.0000	0.0001
0.0345	0.0000	0.0000	0.0000	0.0000	0.0001	0.0003	0.0000	0.0001	0.0016	0.0000	0.9635
0.1940	0.0000	0.0000	0.0001	0.0000	0.0000	0.0000	0.0000	0.0000	0.0000	0.8059	0.0000
0.0000	0.3500	0.0000	0.0000	0.0000	0.0000	0.6490	0.0000	0.0000	0.0000	0.0000	0.0009
0.0000	0.0000	0.0067	0.0000	0.0000	0.0000	0.9853	0.0081	0.0000	0.0000	0.0000	0.0000
0.0087	0.0000	0.0000	0.0000	0.0000	0.0000	0.0000	0.0000	0.9905	0.0008	0.0000	0.0000
0.0000	0.0000	0.1480	0.0000	0.0000	0.0000	0.8389	0.0130	0.0000	0.0000	0.0000	0.0001
0.0000	0.0000	0.9488	0.0000	0.0000	0.0511	0.0001	0.0000	0.0000	0.0000	0.0000	0.0000
1.0000	0.0000	0.0000	0.0000	0.0000	0.0000	0.0000	0.0000	0.0000	0.0000	0.0000	0.0000
0.0000	0.0000	0.0000	0.0000	0.0000	0.0000	0.0000	0.0000	1.0000	0.0000	0.0000	0.0000
0.0000	0.0000	0.0000	0.0000	0.0000	0.0000	0.0000	0.0000	1.0000	0.0000	0.0000	0.0000
0.0010	0.0000	0.0000	0.0000	0.0000	0.8496	0.0000	0.0000	0.0000	0.1493	0.0000	0.0000
0.0000	0.0000	0.0000	0.0000	0.0000	0.0000	0.0000	0.0000	0.0000	0.7906	0.0000	0.2094
0.0000	0.6406	0.2014	0.0000	0.0000	0.0186	0.0797	0.0597	0.0000	0.0000	0.0000	0.0000
0.0001	0.0000	0.0013	0.0000	0.0000	0.0000	0.0000	0.0000	0.0000	0.0000	0.0000	0.9986
0.0000	0.0000	0.0000	0.0000	0.0000	0.0000	0.0000	0.0000	0.0000	0.0000	0.0000	1.0000
0.0000	0.0000	0.9914	0.0000	0.0000	0.0086	0.0000	0.0000	0.0000	0.0000	0.0000	0.0000
0.0000	0.0000	0.0000	0.0000	0.0000	0.0000	0.0000	0.0000	0.0000	0.0000	0.0000	1.0000
0.0000	0.0000	0.0000	0.0000	0.0026	0.0000	0.0000	0.0000	0.0000	0.0000	0.0000	0.9974
0.0000	0.0000	0.0000	0.0000	0.0004	0.0000	0.0000	0.0000	0.0000	0.0000	0.0000	0.9996
0.0000	0.0000	0.0000	0.0000	0.0000	0.0000	0.0000	0.0000	0.0000	0.0000	0.0000	1.0000
0.0000	0.0000	0.0000	0.0000	0.0000	0.0000	0.0000	0.0000	0.0000	0.0000	0.0000	1.0000
0.0000	0.0000	0.0000	0.0000	0.0000	0.0000	0.0000	0.0000	0.0000	0.0000	0.0000	1.0000
0.0016	0.0000	0.9950	0.0000	0.0000	0.0034	0.0000	0.0000	0.0000	0.0000	0.0000	0.0000
0.0000	0.0000	0.0005	0.0000	0.0000	0.0001	0.0000	0.0000	0.0000	0.0000	0.0000	0.9994
0.0000	0.0000	0.9865	0.0000	0.0000	0.0135	0.0000	0.0000	0.0000	0.0000	0.0000	0.0000
0.0000	0.0000	0.0000	0.0000	0.0000	0.0000	0.0000	0.0000	0.0000	0.0001	0.0000	0.9999
0.0000	0.0000	0.0000	0.0000	0.0000	0.0000	0.0000	0.0000	0.0000	0.0000	0.0000	1.0000
0.2773	0.0000	0.7202	0.0000	0.0000	0.0000	0.0000	0.0000	0.0000	0.0005	0.0000	0.0020
0.0000	0.0000	0.0000	0.0000	0.0000	0.0000	0.0000	0.0000	0.0000	0.0000	0.0000	1.0000
0.0000	0.0000	0.0000	0.0000	0.0000	0.0000	0.0000	0.0000	0.0000	0.0000	0.0000	1.0000
0.0000	0.0000	1.0000	0.0000	0.0000	0.0000	0.0000	0.0000	0.0000	0.0000	0.0000	0.0000
0.0000	0.0000	1.0000	0.0000	0.0000	0.0000	0.0000	0.0000	0.0000	0.0000	0.0000	0.0000
0.0000	0.0000	0.0000	0.0000	0.0000	0.0000	0.0000	0.0000	0.0000	0.0000	0.0000	1.0000
0.0000	0.0000	0.9885	0.0000	0.0000	0.0115	0.0000	0.0000	0.0000	0.0000	0.0000	0.0000
0.0000	0.0000	0.9994	0.0000	0.0000	0.0006	0.0000	0.0000	0.0000	0.0000	0.0000	0.0000
0.0121	0.0000	0.8754	0.0000	0.0000	0.1125	0.0000	0.0000	0.0000	0.0000	0.0000	0.0000
0.0000	0.0000	0.0000	0.0000	0.0000	0.0000	0.0000	0.0000	0.9778	0.0222	0.0000	0.0000
0.0000	0.0000	0.0000	0.0000	0.0000	0.4138	0.5862	0.0000	0.0000	0.0000	0.0000	0.0000
0.0000	0.0000	0.0000	0.0000	0.0000	0.0060	0.9940	0.0000	0.0000	0.0000	0.0000	0.0000
0.0000	0.0000	0.0000	0.0000	0.0000	0.0000	0.0000	0.0000	1.0000	0.0000	0.0000	0.0000
0.0000	0.0000	0.0000	0.0000	0.0000	0.0000	1.0000	0.0000	0.0000	0.0000	0.0000	0.0000
0.0000	0.0000	0.0000	0.0000	0.0000	0.0000	0.0000	0.0000	1.0000	0.0000	0.0000	0.0000
0.0000	0.0000	0.9854	0.0000	0.0000	0.0000	0.0146	0.0000	0.0000	0.0000	0.0000	0.0000
0.0000	0.0000	0.0026	0.0000	0.0000	0.0000	0.9974	0.0000	0.0000	0.0000	0.0000	0.0000
0.0000	0.0000	0.0000	0.0000	0.0000	0.0000	0.0000	0.0000	1.0000	0.0000	0.0000	0.0000
0.0000	0.0000	0.0000	0.0000	0.0000	0.0000	1.0000	0.0000	0.0000	0.0000	0.0000	0.0000
0.0000	0.0000	0.0000	0.0000	0.0000	0.0000	0.0000	0.0000	1.0000	0.0000	0.0000	0.0000
0.0000	0.0000	0.9982	0.0000	0.0000	0.0015	0.0003	0.0000	0.0000	0.0000	0.0000	0.0000
0.0000	0.0000	0.0000	0.0000	0.0000	0.0000	0.0000	0.0000	1.0000	0.0000	0.0000	0.0000
0.0000	0.0000	0.0001	0.0000	0.0000	0.0001	0.9999	0.0000	0.0000	0.0000	0.0000	0.0000
0.0000	0.0000	0.0000	0.0000	0.0000	0.0040	0.9960	0.0000	0.0000	0.0000	0.0000	0.0000
0.0000	0.0000	0.0000	0.0000	0.0000	0.0000	1.0000	0.0000	0.0000	0.0000	0.0000	0.0000
0.0000	0.0000	0.0000	0.0000	0.0000	0.0000	0.0000	0.0000	0.9915	0.0085	0.0000	0.0000
0.0000	0.0000	0.9989	0.0000	0.0000	0.0007	0.0004	0.0000	0.0000	0.0000	0.0000	0.0000
0.0000	0.0000	0.2951	0.0000	0.0000	0.0263	0.6786	0.0000	0.0000	0.0000	0.0000	0.0000
0.0000	0.0000	0.0000	0.0000	0.0000	0.0000	0.0000	0.0000	1.0000	0.0000	0.0000	0.0000
0.0000	0.0000	0.0017	0.0000	0.0000	0.0000	0.9983	0.0000	0.0000	0.0000	0.0000	0.0000
0.0000	0.0008	0.6872	0.0000	0.0000	0.0000	0.3107	0.0000	0.0000	0.0000	0.0012	0.0000
0.0000	0.0000	0.0000	0.0000	0.0000	0.0000	0.0000	0.0000	1.0000	0.0000	0.0000	0.0000
0.0000	0.0000	0.7265	0.0000	0.0000	0.0000	0.2735	0.0000	0.0000	0.0000	0.0000	0.0000
0.0000	0.0000	0.0000	0.0000	0.0000	0.0000	1.0000	0.0000	0.0000	0.0000	0.0000	0.0000
0.0000	0.0000	0.0000	0.0000	0.0000	0.0000	0.0000	0.0000	1.0000	0.0000	0.0000	0.0000
0.0000	0.0000	0.9986	0.0000	0.0000	0.0006	0.0008	0.0000	0.0000	0.0000	0.0000	0.0000
0.0000	0.0000	0.0000	0.0000	0.0000	0.0000	1.0000	0.0000	0.0000	0.0000	0.0000	0.0000
0.0000	0.0000	0.0004	0.0000	0.0000	0.0000	0.9996	0.0000	0.0000	0.0000	0.0000	0.0000
0.0000	0.0000	0.0000	0.0000	0.0000	0.0000	0.0000	0.0000	1.0000	0.0000	0.0000	0.0000
0.0000	0.0000	0.0000	0.0000	0.0000	0.0000	1.0000	0.0000	0.0000	0.0000	0.0000	0.0000
0.0000	0.0000	0.0000	0.0000	0.0000	0.0000	0.0000	0.0000	1.0000	0.0000	0.0000	0.0000
0.0000	0.0000	0.0056	0.0000	0.0000	0.9943	0.0000	0.0000	0.0000	0.0000	0.0000	0.0000
