0.0000	0.0000	0.0000	0.0000	0.0000	0.0002	0.0306	0.0663	0.0000	0.4562	0.0538	0.3929
0.0000	0.0000	0.0000	0.0000	0.0000	0.0000	0.0000	0.0000	0.0000	0.1838	0.0002	0.8159
0.0010	0.0000	0.0000	0.0000	0.0000	0.0007	0.0063	0.0007	0.0000	0.0126	0.0034	0.9754
0.0000	0.0000	0.0000	0.0000	0.0000	0.0000	0.0000	0.0000	1.0000	0.0000	0.0000	0.0000
0.0000	0.0006	0.0093	0.0000	0.0000	0.7583	0.1611	0.0646	0.0000	0.0001	0.0000	0.0062
0.0000	0.0000	0.0000	0.0000	0.0000	0.0000	0.9766	0.0229	0.0000	0.0000	0.0001	0.0004
0.0000	0.0000	0.0000	0.0000	0.0000	0.0000	0.0000	0.0000	0.0000	1.0000	0.0000	0.0000
0.9960	0.0000	0.0000	0.0000	0.0000	0.0000	0.0000	0.0000	0.0001	0.0000	0.0000	0.0040
0.5357	0.0000	0.0001	0.0000	0.0000	0.0640	0.3806	0.0126	0.0001	0.0002	0.0000	0.0067
0.9039	0.0004	0.0001	0.0000	0.0000	0.0196	0.0719	0.0025	0.0000	0.0001	0.0000	0.0015
0.0009	0.0000	0.0000	0.0000	0.0000	0.0097	0.8620	0.1133	0.0000	0.0029	0.0000	0.0112
0.7997	0.0000	0.0002	0.0000	0.0000	0.0367	0.0502	0.0086	0.0925	0.0009	0.0000	0.0112
0.0000	0.0000	0.0000	0.0000	0.0000	0.0000	0.0078	0.0013	0.0000	0.1562	0.0000	0.8346
0.0000	0.0000	0.0000	0.0000	1.0000	0.0000	0.0000	0.0000	0.0000	0.0000	0.0000	0.0000
0.0000	0.9986	0.0014	0.0000	0.0000	0.0000	0.0000	0.0000	0.0000	0.0000	0.0000	0.0000
0.0003	0.0430	0.0656	0.0000	0.0000	0.7990	0.0752	0.0031	0.0000	0.0098	0.0000	0.0039
0.4800	0.0000	0.0000	0.0000	0.0000	0.0000	0.0000	0.0000	0.5200	0.0000	0.0000	0.0000
0.0000	0.0000	0.0000	0.0000	0.0993	0.0000	0.0000	0.0000	0.0000	0.0000	0.9007	0.0000
0.0000	0.8019	0.0000	0.0000	0.0000	0.0000	0.0000	0.1981	0.0000	0.0000	0.0000	0.0000
0.0000	0.0000	0.0272	0.0000	0.0000	0.0000	0.9159	0.0212	0.0000	0.0164	0.0001	0.0192
0.0003	0.0000	0.0000	0.0000	0.0000	0.0000	0.0000	0.0000	0.9981	0.0016	0.0000	0.0000
0.0000	0.0000	0.0000	0.0000	0.0000	0.0000	0.0004	0.9996	0.0000	0.0000	0.0000	0.0000
0.0013	0.0000	0.0000	0.0221	0.0000	0.0000	0.0000	0.0000	0.0000	0.9689	0.0000	0.0076
0.0000	0.1529	0.8358	0.0000	0.0000	0.0070	0.0032	0.0001	0.0000	0.0007	0.0000	0.0004
0.4397	0.0014	0.1747	0.0000	0.0000	0.3760	0.0000	0.0000	0.0000	0.0081	0.0000	0.0000
0.0441	0.0000	0.0000	0.0000	0.0000	0.0000	0.0003	0.9490	0.0000	0.0004	0.0000	0.0062
1.0000	0.0000	0.0000	0.0000	0.0000	0.0000	0.0000	0.0000	0.0000	0.0000	0.0000	0.0000
0.0001	0.0000	0.0000	0.0000	0.0000	0.0000	0.0022	0.0001	0.0000	0.9959	0.0000	0.0018
0.0007	0.0000	0.0000	0.0000	0.0000	0.0001	0.0514	0.0001	0.0000	0.1699	0.0001	0.7777
0.0020	0.0000	0.0000	0.0000	0.0000	0.0000	0.0000	0.0000	0.9980	0.0000	0.0000	0.0000
0.0000	0.2226	0.5175	0.0000	0.0000	0.2497	0.0042	0.0057	0.0000	0.0001	0.0000	0.0002
0.0000	0.0000	0.0000	0.0000	0.0000	0.0000	0.0289	0.9707	0.0000	0.0000	0.0000	0.0005
0.0000	0.0000	0.0000	0.0000	0.0000	0.0000	0.0000	0.0000	0.0000	0.9993	0.0000	0.0007
0.0000	0.0000	0.0000	0.0000	0.0000	0.0000	0.0007	0.9993	0.0000	0.0000	0.0000	0.0000
0.0002	0.0000	0.0033	0.0000	0.0000	0.0007	0.0118	0.0005	0.0000	0.0129	0.0000	0.9704
0.0000	0.0000	0.0000	0.0000	0.0000	0.0000	0.0000	0.0000	1.0000	0.0000	0.0000	0.0000
0.0000	0.0746	0.2892	0.0000	0.0000	0.5138	0.1188	0.0014	0.0000	0.0001	0.0000	0.0021
0.0014	0.0000	0.0000	0.0000	0.0000	0.0242	0.9513	0.0011	0.0000	0.0001	0.0000	0.0220
0.0000	0.0008	0.0206	0.0000	0.0000	0.9712	0.0048	0.0000	0.0000	0.0008	0.0000	0.0019
0.7059	0.0000	0.0000	0.0000	0.0000	0.0001	0.0001	0.0000	0.0000	0.0014	0.0001	0.2925
0.0000	0.0000	0.0000	0.0000	0.0000	0.0000	0.0000	0.0000	1.0000	0.0000	0.0000	0.0000
0.0000	0.5527	0.0310	0.0000	0.0000	0.3980	0.0064	0.0111	0.0000	0.0005	0.0000	0.0004
0.0017	0.0008	0.0000	0.0000	0.0000	0.6130	0.0134	0.1579	0.0000	0.0134	0.0001	0.1997
0.0000	0.0000	0.0002	0.0000	0.0000	0.0002	0.6838	0.0593	0.0000	0.0037	0.0001	0.2527
0.9999	0.0000	0.0000	0.0000	0.0000	0.0001	0.0000	0.0000	0.0000	0.0001	0.0000	0.0000
0.0352	0.0000	0.0000	0.0000	0.0000	0.0000	0.0000	0.0000	0.9648	0.0000	0.0000	0.0000
0.0000	0.0000	0.0490	0.0000	0.0000	0.0000	0.3357	0.5805	0.0000	0.0101	0.0000	0.0247
0.0000	0.0000	0.0000	0.0000	0.0000	0.0000	0.0000	0.0000	0.0000	0.9998	0.0000	0.0002
0.0000	0.0000	0.0000	0.0000	0.9728	0.0000	0.0000	0.0000	0.0000	0.0272	0.0000	0.0000
0.9942	0.0000	0.0000	0.0000	0.0000	0.0000	0.0000	0.0000	0.0000	0.0057	0.0000	0.0002
0.0000	0.0000	0.0473	0.0000	0.0000	0.9514	0.0008	0.0000	0.0000	0.0003	0.0000	0.0002
0.0000	0.2208	0.0414	0.0000	0.0000	0.7300	0.0019	0.0056	0.0000	0.0002	0.0000	0.0001
0.0000	0.0000	0.0010	0.0000	0.0000	0.0000	0.9670	0.0111	0.0000	0.0147	0.0000	0.0061
0.0000	0.8935	0.1014	0.0000	0.0000	0.0000	0.0049	0.0000	0.0000	0.0000	0.0000	0.0002
0.0067	0.0000	0.0000	0.0000	0.0000	0.0027	0.6638	0.2581	0.0000	0.0012	0.0000	0.0675
0.1806	0.0000	0.0000	0.0001	0.0000	0.0004	0.6789	0.0020	0.0000	0.1136	0.0000	0.0244
0.0000	0.0000	0.0000	0.0000	0.0000	0.0000	0.0307	0.0000	0.0000	0.2580	0.0025	0.7088
0.0000	0.0000	0.0000	0.0000	0.9340	0.0000	0.0000	0.0000	0.0000	0.0000	0.0660	0.0000
0.0000	0.0001	0.5188	0.0000	0.0000	0.0002	0.3167	0.0716	0.0000	0.0357	0.0000	0.0570
0.0000	0.0000	0.0000	0.0000	0.0000	0.0000	0.0000	0.0000	0.0000	0.9992	0.0008	0.0000
0.0009	0.0000	0.0000	0.0000	0.0000	0.4974	0.0000	0.0007	0.0000	0.5010	0.0000	0.0000
0.0072	0.0000	0.0000	0.0000	0.0000	0.0009	0.0000	0.0068	0.0000	0.9850	0.0000	0.0001
0.0001	0.0000	0.0002	0.0000	0.0000	0.0000	0.8711	0.0051	0.0000	0.0501	0.0000	0.0734
0.0000	0.0047	0.0012	0.0000	0.0000	0.0000	0.9140	0.0004	0.0000	0.0000	0.0000	0.0797
0.0000	0.0000	0.0001	0.0000	0.0000	0.0000	0.0030	0.0000	0.0000	0.0031	0.0000	0.9938
0.0000	0.0000	0.0000	0.0000	0.0000	0.0000	0.0000	0.0000	0.0000	0.0000	1.0000	0.0000
0.0007	0.2067	0.0000	0.0000	0.0000	0.0000	0.7799	0.0003	0.0000	0.0000	0.0000	0.0123
0.0376	0.0000	0.0018	0.0000	0.0000	0.0046	0.6423	0.2530	0.0000	0.0001	0.0000	0.0604
0.7239	0.0000	0.0000	0.0000	0.0000	0.0000	0.0000	0.0000	0.2723	0.0038	0.0000	0.0000
0.0000	0.0000	0.0052	0.0000	0.0000	0.0005	0.3913	0.4731	0.0000	0.0001	0.0000	0.1299
0.0000	0.0000	0.9155	0.0000	0.0000	0.0702	0.0055	0.0088	0.0000	0.0000	0.0000	0.0000
1.0000	0.0000	0.0000	0.0000	0.0000	0.0000	0.0000	0.0000	0.0000	0.0000	0.0000	0.0000
0.0000	0.0000	0.0000	0.0000	0.0000	0.0000	0.0000	0.0000	1.0000	0.0000	0.0000	0.0000
0.0000	0.0000	0.0000	0.0000	0.0000	0.0000	0.0000	0.0000	1.0000	0.0000	0.0000	0.0000
0.5333	0.0000	0.0000	0.0002	0.0000	0.0000	0.0000	0.0000	0.0000	0.4635	0.0002	0.0028
0.0001	0.0000	0.0000	0.0000	0.0000	0.0000	0.0000	0.0000	0.0000	0.9258	0.0000	0.0741
0.0000	0.1865	0.3333	0.0000	0.0000	0.2373	0.2155	0.0261	0.0000	0.0000	0.0000	0.0013
0.0000	0.0000	0.0145	0.0000	0.0000	0.0000	0.0000	0.0000	0.0000	0.0000	0.0000	0.9855
0.0000	0.0000	0.0000	0.0000	0.0000	0.0000	0.0000	0.0000	0.0000	0.0000	0.0000	1.0000
0.0000	0.0000	0.9999	0.0000	0.0000	0.0000	0.0000	0.0000	0.0000	0.0000	0.0000	0.0000
0.0000	0.0000	0.0013	0.0000	0.0000	0.0000	0.0000	0.0000	0.0000	0.0000	0.0000	0.9987
0.0000	0.0000	0.0000	0.0000	0.0000	0.0000	0.0000	0.0000	0.0000	0.0000	0.0000	1.0000
0.0000	0.0000	0.0000	0.0000	0.0000	0.0000	0.0000	0.0000	0.0000	0.0000	0.0000	1.0000
0.0000	0.0000	0.0000	0.0000	0.0000	0.0000	0.0000	0.0000	0.0000	0.0000	0.0000	1.0000
0.0000	0.0000	0.0000	0.0000	0.0000	0.0000	0.0000	0.0000	0.0000	0.0000	0.0000	1.0000
0.0000	0.0000	0.0000	0.0000	0.0000	0.0000	0.0000	0.0000	0.0000	0.0000	0.0000	1.0000
0.0000	0.0000	0.9951	0.0000	0.0000	0.0000	0.0000	0.0000	0.0000	0.0000	0.0000	0.0049
0.0000	0.0000	0.0003	0.0000	0.0000	0.0000	0.0000	0.0000	0.0001	0.0000	0.0000	0.9996
0.0000	0.0000	0.9999	0.0000	0.0000	0.0000	0.0000	0.0000	0.0000	0.0000	0.0000	0.0001
0.0000	0.0000	0.0000	0.0000	0.0000	0.0000	0.0000	0.0000	0.0000	0.0000	0.0000	1.0000
0.0000	0.0000	0.0000	0.0000	0.0000	0.0000	0.0000	0.0000	0.0000	0.0000	0.0000	1.0000
0.0000	0.0000	0.9176	0.0000	0.0000	0.0000	0.0000	0.0000	0.0003	0.0000	0.0000	0.0821
0.0000	0.0000	0.0000	0.0000	0.0000	0.0000	0.0000	0.0000	0.0000	0.0000	0.0000	1.0000
0.0000	0.0000	0.0000	0.0000	0.0000	0.0000	0.0000	0.0000	0.0000	0.0000	0.0000	1.0000
0.0000	0.0000	0.9999	0.0000	0.0000	0.0000	0.0000	0.0000	0.0000	0.0000	0.0000	0.0001
0.0000	0.0000	0.9992	0.0000	0.0000	0.0000	0.0000	0.0000	0.0000	0.0000	0.0000	0.0008
0.0000	0.0000	0.0000	0.0000	0.0000	0.0000	0.0000	0.0000	0.0000	0.0000	0.0000	1.0000
0.0000	0.0000	0.9917	0.0000	0.0000	0.0000	0.0000	0.0000	0.0000	0.0000	0.0000	0.0083
0.0000	0.0000	0.9998	0.0000	0.0000	0.0000	0.0000	0.0000	0.0000	0.0000	0.0000	0.0001
0.0000	0.0000	0.9955	0.0000	0.0000	0.0000	0.0000	0.0000	0.0000	0.0000	0.0000	0.0045
0.0000	0.0000	0.0000	0.0000	0.0000	0.0000	0.0000	0.0000	1.0000	0.0000	0.0000	0.0000
0.0000	0.0000	0.0001	0.0000	0.0000	0.0001	0.9999	0.0000	0.0000	0.0000	0.0000	0.0000
0.0000	0.0000	0.0000	0.0000	0.0000	0.0005	0.9995	0.0000	0.0000	0.0000	0.0000	0.0000
0.0000	0.0000	0.0000	0.0000	0.0000	0.0000	0.0000	0.0000	1.0000	0.0000	0.0000	0.0000
0.0000	0.0000	0.0000	0.0000	0.0000	0.0000	0.2032	0.0000	0.7968	0.0000	0.0000	0.0000
0.0000	0.0000	0.0000	0.0000	0.0000	0.0000	0.0000	0.0000	1.0000	0.0000	0.0000	0.0000
0.0000	0.0000	0.9916	0.0000	0.0000	0.0000	0.0084	0.0000	0.0000	0.0000	0.0000	0.0000
0.0000	0.0000	0.0191	0.0000	0.0000	0.0000	0.9809	0.0000	0.0000	0.0000	0.0000	0.0000
0.0000	0.0000	0.0000	0.0000	0.0000	0.0000	0.0000	0.0000	1.0000	0.0000	0.0000	0.0000
0.0000	0.0000	0.0000	0.0000	0.0000	0.0000	1.0000	0.0000	0.0000	0.0000	0.0000	0.0000
0.0000	0.0000	0.0000	0.0000	0.0000	0.0000	0.0000	0.0000	1.0000	0.0000	0.0000	0.0000
0.0000	0.0000	0.8906	0.0000	0.0000	0.0001	0.1094	0.0000	0.0000	0.0000	0.0000	0.0000
0.0000	0.0000	0.0000	0.0000	0.0000	0.0000	0.0000	0.0000	1.0000	0.0000	0.0000	0.0000
0.0000	0.0000	0.0003	0.0000	0.0000	0.0000	0.9997	0.0000	0.0000	0.0000	0.0000	0.0000
0.0000	0.0000	0.0000	0.4987	0.0000	0.0000	0.5013	0.0000	0.0000	0.0000	0.0000	0.0000
0.0000	0.0000	0.0000	0.0000	0.0000	0.0000	1.0000	0.0000	0.0000	0.0000	0.0000	0.0000
0.0000	0.0000	0.0000	0.0000	0.0000	0.0000	0.0000	0.0000	1.0000	0.0000	0.0000	0.0000
0.0000	0.0000	0.9165	0.0000	0.0000	0.0018	0.0816	0.0000	0.0000	0.0000	0.0000	0.0000
0.0000	0.0000	0.3100	0.0000	0.0000	0.0051	0.6849	0.0000	0.0000	0.0000	0.0000	0.0000
0.0000	0.0000	0.0000	0.0000	0.0000	0.0000	0.0000	0.0000	1.0000	0.0000	0.0000	0.0000
0.0000	0.0000	0.0026	0.0000	0.0000	0.0000	0.9974	0.0000	0.0000	0.0000	0.0000	0.0000
0.0000	0.0000	0.0539	0.0000	0.0000	0.0000	0.9461	0.0000	0.0000	0.0000	0.0000	0.0000
0.0000	0.0000	0.0000	0.0000	0.0000	0.0000	0.0000	0.0000	1.0000	0.0000	0.0000	0.0000
0.0000	0.0000	0.1862	0.0000	0.0000	0.0000	0.8138	0.0000	0.0000	0.0000	0.0000	0.0000
0.0000	0.0000	0.0000	0.0000	0.0000	0.0000	1.0000	0.0000	0.0000	0.0000	0.0000	0.0000
0.0000	0.0000	0.0000	0.0000	0.0000	0.0000	0.0000	0.0000	1.0000	0.0000	0.0000	0.0000
0.0000	0.0000	0.9070	0.0000	0.0000	0.0002	0.0928	0.0000	0.0000	0.0000	0.0000	0.0000
0.0000	0.0000	0.0049	0.0000	0.0000	0.0000	0.9950	0.0000	0.0001	0.0000	0.0000	0.0000
0.0000	0.0000	0.0000	0.0000	0.0000	0.0000	1.0000	0.0000	0.0000	0.0000	0.0000	0.0000
0.0000	0.0000	0.0000	0.0000	0.0000	0.0000	0.0000	0.0000	1.0000	0.0000	0.0000	0.0000
0.0000	0.0000	0.0000	0.0000	0.0000	0.0000	1.0000	0.0000	0.0000	0.0000	0.0000	0.0000
0.0000	0.0000	0.0000	0.0000	0.0000	0.0000	0.0000	0.0000	1.0000	0.0000	0.0000	0.0000
0.0000	0.0000	0.6400	0.0000	0.0000	0.1611	0.1989	0.0000	0.0000	0.0000	0.0000	0.0000
