0.0000	0.0000	0.0000	0.0000	0.0000	0.0001	0.0075	0.0612	0.0000	0.0030	0.8847	0.0435
0.0000	0.0000	0.0000	0.0000	0.0000	0.0000	0.0004	0.0016	0.0000	0.0220	0.0344	0.9416
0.0003	0.0000	0.0000	0.0000	0.0000	0.0021	0.0719	0.0091	0.0000	0.0007	0.0014	0.9146
0.0000	0.0000	0.0000	0.0000	0.0000	0.0000	0.0000	0.0000	1.0000	0.0000	0.0000	0.0000
0.0000	0.0000	0.0051	0.0000	0.0000	0.8257	0.1347	0.0336	0.0000	0.0000	0.0000	0.0009
0.0000	0.0000	0.0000	0.0000	0.0000	0.0000	0.9853	0.0142	0.0000	0.0000	0.0001	0.0003
0.0000	0.0000	0.0000	0.0000	0.0000	0.0000	0.0000	0.0000	0.0000	1.0000	0.0000	0.0000
0.0028	0.0000	0.0000	0.0000	0.0000	0.0000	0.0000	0.0000	0.9959	0.0000	0.0000	0.0013
0.4027	0.0000	0.0001	0.0000	0.0000	0.0730	0.5047	0.0148	0.0014	0.0000	0.0000	0.0033
0.7112	0.0001	0.0002	0.0000	0.0000	0.0082	0.2772	0.0020	0.0000	0.0000	0.0000	0.0010
0.0049	0.0000	0.0000	0.0000	0.0000	0.0091	0.7598	0.2223	0.0000	0.0001	0.0000	0.0037
0.8506	0.0000	0.0000	0.0000	0.0000	0.0004	0.0835	0.0061	0.0531	0.0000	0.0000	0.0063
0.0006	0.0000	0.0000	0.0000	0.0000	0.0000	0.0009	0.0001	0.0000	0.0019	0.0000	0.9966
0.0000	0.0000	0.0000	0.0000	1.0000	0.0000	0.0000	0.0000	0.0000	0.0000	0.0000	0.0000
0.0000	0.9354	0.0646	0.0000	0.0000	0.0000	0.0000	0.0000	0.0000	0.0000	0.0000	0.0000
0.0156	0.0027	0.1946	0.0000	0.0000	0.0872	0.6906	0.0035	0.0000	0.0001	0.0000	0.0057
0.7487	0.0000	0.0000	0.0000	0.0000	0.0000	0.0000	0.0000	0.2513	0.0000	0.0000	0.0000
0.0000	0.0000	0.0000	0.0000	0.0170	0.0000	0.0000	0.0000	0.0000	0.0000	0.9830	0.0000
0.0089	0.8785	0.0000	0.0000	0.0000	0.0000	0.0000	0.1125	0.0000	0.0000	0.0000	0.0000
0.0002	0.0000	0.0025	0.0000	0.0000	0.0000	0.9376	0.0538	0.0000	0.0001	0.0006	0.0051
0.0000	0.0000	0.0000	0.0000	0.0000	0.0000	0.0000	0.0000	0.9998	0.0001	0.0000	0.0000
0.0000	0.0000	0.0000	0.0000	0.0000	0.0000	0.0058	0.9942	0.0000	0.0000	0.0000	0.0000
0.0004	0.0000	0.0000	0.0000	0.0000	0.0000	0.0000	0.0000	0.0000	0.9861	0.0000	0.0135
0.0000	0.0508	0.9275	0.0000	0.0000	0.0094	0.0119	0.0001	0.0000	0.0000	0.0000	0.0003
0.0000	0.0001	0.9981	0.0000	0.0000	0.0015	0.0000	0.0000	0.0000	0.0000	0.0000	0.0002
0.0002	0.0000	0.0000	0.0002	0.0000	0.0000	0.0104	0.9548	0.0000	0.0198	0.0000	0.0146
1.0000	0.0000	0.0000	0.0000	0.0000	0.0000	0.0000	0.0000	0.0000	0.0000	0.0000	0.0000
0.1802	0.0000	0.0000	0.0000	0.0000	0.0000	0.0455	0.0069	0.0000	0.7649	0.0006	0.0019
0.0032	0.0000	0.0000	0.0000	0.0000	0.0001	0.4328	0.0100	0.0000	0.0076	0.0092	0.5371
0.0005	0.0000	0.0000	0.0000	0.0000	0.0000	0.0000	0.0000	0.9995	0.0001	0.0000	0.0000
0.0000	0.0287	0.5405	0.0000	0.0000	0.4120	0.0141	0.0046	0.0000	0.0000	0.0000	0.0001
0.0000	0.0000	0.0000	0.0000	0.0000	0.0000	0.0194	0.9805	0.0000	0.0000	0.0000	0.0000
0.0000	0.0000	0.0000	0.0000	0.0000	0.0000	0.0000	0.0000	0.0000	0.9999	0.0000	0.0000
0.0000	0.0000	0.0000	0.0000	0.0000	0.0000	0.0008	0.9992	0.0000	0.0000	0.0000	0.0000
0.0411	0.0000	0.0267	0.0793	0.0000	0.0086	0.1038	0.1562	0.0000	0.0165	0.0146	0.5533
0.0000	0.0000	0.0000	0.0000	0.0000	0.0000	0.0000	0.0000	1.0000	0.0000	0.0000	0.0000
0.0000	0.0031	0.1122	0.0000	0.0000	0.5768	0.3066	0.0005	0.0000	0.0000	0.0000	0.0008
0.0223	0.0000	0.0000	0.0000	0.0000	0.1242	0.8354	0.0085	0.0000	0.0000	0.0000	0.0097
0.0000	0.0003	0.0990	0.0000	0.0000	0.8772	0.0201	0.0004	0.0000	0.0000	0.0000	0.0029
0.0311	0.0000	0.0000	0.0000	0.0000	0.0133	0.0000	0.0000	0.0000	0.0126	0.0000	0.9430
0.0000	0.0000	0.0000	0.0000	0.0000	0.0000	0.0000	0.0000	1.0000	0.0000	0.0000	0.0000
0.0001	0.1091	0.1686	0.0000	0.0000	0.6959	0.0182	0.0078	0.0000	0.0000	0.0000	0.0003
0.0000	0.0000	0.0000	0.0000	0.0000	0.4465	0.1471	0.2875	0.0000	0.0001	0.0069	0.1118
0.0000	0.0000	0.0003	0.0000	0.0000	0.0003	0.7825	0.1220	0.0000	0.0002	0.0010	0.0937
0.9999	0.0000	0.0000	0.0000	0.0000	0.0000	0.0000	0.0000	0.0000	0.0001	0.0000	0.0000
0.0666	0.0000	0.0000	0.0000	0.0000	0.0000	0.0000	0.0000	0.9334	0.0000	0.0000	0.0000
0.0000	0.0000	0.0006	0.0000	0.0000	0.0000	0.1812	0.8152	0.0000	0.0001	0.0000	0.0029
0.0000	0.0000	0.0000	0.0000	0.0000	0.0000	0.0000	0.0000	0.0000	0.9994	0.0001	0.0005
0.0000	0.0000	0.0000	0.1402	0.8596	0.0000	0.0000	0.0000	0.0000	0.0001	0.0000	0.0000
0.9964	0.0000	0.0000	0.0000	0.0000	0.0000	0.0000	0.0000	0.0000	0.0035	0.0000	0.0000
0.0000	0.0000	0.0051	0.0000	0.0000	0.9947	0.0002	0.0000	0.0000	0.0000	0.0000	0.0000
0.0000	0.0088	0.0916	0.0000	0.0000	0.8905	0.0077	0.0014	0.0000	0.0000	0.0000	0.0000
0.0000	0.0000	0.0005	0.0000	0.0000	0.0000	0.9915	0.0060	0.0000	0.0000	0.0000	0.0020
0.0000	0.5222	0.4740	0.0000	0.0000	0.0000	0.0037	0.0000	0.0000	0.0000	0.0000	0.0001
0.0198	0.0000	0.0000	0.0000	0.0000	0.0009	0.6756	0.2605	0.0000	0.0000	0.0000	0.0432
0.2414	0.0000	0.0000	0.0193	0.0000	0.0000	0.6946	0.0001	0.0000	0.0255	0.0000	0.0191
0.0002	0.0000	0.0000	0.0000	0.0000	0.0000	0.0116	0.0000	0.0000	0.5264	0.0273	0.4344
0.0000	0.0000	0.0000	0.0000	0.9974	0.0000	0.0000	0.0000	0.0000	0.0000	0.0026	0.0000
0.0005	0.0000	0.1313	0.0000	0.0000	0.0005	0.8173	0.0243	0.0000	0.0002	0.0004	0.0255
0.0000	0.0000	0.0000	0.0000	0.0000	0.0000	0.0000	0.0000	0.0000	0.9998	0.0001	0.0001
0.0097	0.0000	0.0000	0.0000	0.0000	0.9753	0.0015	0.0013	0.0000	0.0119	0.0002	0.0000
0.7368	0.0000	0.0000	0.0000	0.0000	0.0093	0.1135	0.0222	0.0000	0.1162	0.0015	0.0004
0.0055	0.0000	0.0001	0.0000	0.0000	0.0000	0.9777	0.0049	0.0000	0.0004	0.0007	0.0106
0.0000	0.0027	0.0003	0.0000	0.0000	0.0000	0.9962	0.0002	0.0000	0.0000	0.0000	0.0006
0.0000	0.0000	0.0000	0.0000	0.0000	0.0000	0.0201	0.0000	0.0000	0.0007	0.0000	0.9792
0.0000	0.0000	0.0000	0.0000	0.0000	0.0000	0.0000	0.0000	0.0000	0.0000	1.0000	0.0000
0.0000	0.0034	0.0000	0.0000	0.0000	0.0000	0.9951	0.0005	0.0000	0.0000	0.0000	0.0011
0.0116	0.0000	0.0000	0.0000	0.0000	0.0041	0.3314	0.6439	0.0000	0.0000	0.0000	0.0090
0.8824	0.0000	0.0000	0.0000	0.0000	0.0000	0.0000	0.0000	0.0279	0.0897	0.0000	0.0000
0.0000	0.0000	0.0000	0.0000	0.0000	0.0000	0.1657	0.8305	0.0000	0.0000	0.0000	0.0037
0.0001	0.0000	0.5390	0.0000	0.0000	0.4118	0.0253	0.0237	0.0000	0.0000	0.0000	0.0001
1.0000	0.0000	0.0000	0.0000	0.0000	0.0000	0.0000	0.0000	0.0000	0.0000	0.0000	0.0000
0.0000	0.0000	0.0000	0.0000	0.0000	0.0000	0.0000	0.0000	1.0000	0.0000	0.0000	0.0000
0.0000	0.0000	0.0000	0.0002	0.0000	0.0000	0.0000	0.0000	0.9998	0.0000	0.0000	0.0000
0.5316	0.0000	0.0000	0.0580	0.0000	0.0001	0.0000	0.0000	0.0000	0.0163	0.3940	0.0001
0.0038	0.0000	0.0000	0.0000	0.0000	0.0000	0.0000	0.0000	0.0000	0.9780	0.0000	0.0182
0.0001	0.0845	0.1077	0.0000	0.0000	0.3267	0.4598	0.0200	0.0000	0.0000	0.0000	0.0011
0.0000	0.0000	0.0008	0.0000	0.0000	0.0000	0.0000	0.0000	0.0000	0.0000	0.0000	0.9992
0.0000	0.0000	0.0000	0.0000	0.0000	0.0000	0.0000	0.0000	0.0000	0.0000	0.0000	1.0000
0.0000	0.0000	0.9996	0.0000	0.0000	0.0002	0.0000	0.0000	0.0001	0.0000	0.0000	0.0001
0.0000	0.0000	0.0006	0.0000	0.0000	0.0000	0.0000	0.0000	0.0000	0.0000	0.0000	0.9994
0.0000	0.0000	0.0000	0.0000	0.0000	0.0000	0.0000	0.0000	0.0000	0.0000	0.0000	1.0000
0.0000	0.0000	0.0000	0.0000	0.0000	0.0000	0.0000	0.0000	0.0000	0.0000	0.0000	1.0000
0.0000	0.0000	0.0000	0.0000	0.0000	0.0000	0.0000	0.0000	0.0000	0.0000	0.0000	1.0000
0.0000	0.0000	0.0000	0.0000	0.0000	0.0000	0.0000	0.0000	0.0000	0.0000	0.0000	1.0000
0.0000	0.0000	0.0000	0.0000	0.0000	0.0000	0.0000	0.0000	0.0000	0.0000	0.0000	1.0000
0.0000	0.0000	0.9935	0.0000	0.0000	0.0000	0.0000	0.0000	0.0000	0.0000	0.0000	0.0065
0.0000	0.0000	0.0000	0.0000	0.0000	0.0000	0.0000	0.0000	0.0000	0.0000	0.0000	1.0000
0.0000	0.0000	0.9996	0.0000	0.0000	0.0002	0.0000	0.0000	0.0001	0.0000	0.0000	0.0001
0.0000	0.0000	0.0000	0.0000	0.0000	0.0000	0.0000	0.0000	0.0000	0.0000	0.0000	1.0000
0.0000	0.0000	0.0000	0.0000	0.0000	0.0000	0.0000	0.0000	0.0000	0.0000	0.0000	1.0000
0.0000	0.0000	0.8986	0.0000	0.0000	0.0000	0.0000	0.0000	0.0000	0.0000	0.0000	0.1014
0.0000	0.0000	0.0000	0.0000	0.0000	0.0000	0.0000	0.0000	0.0000	0.0000	0.0000	1.0000
0.0000	0.0000	0.0000	0.0000	0.0000	0.0000	0.0000	0.0000	0.0000	0.0000	0.0000	1.0000
0.0000	0.0000	0.9989	0.0000	0.0000	0.0009	0.0000	0.0000	0.0000	0.0000	0.0000	0.0002
0.0000	0.0000	0.9995	0.0000	0.0000	0.0002	0.0000	0.0000	0.0000	0.0000	0.0000	0.0003
0.0000	0.0000	0.0000	0.0000	0.0000	0.0000	0.0000	0.0000	0.0000	0.0000	0.0000	1.0000
0.0000	0.0000	0.9951	0.0000	0.0000	0.0000	0.0000	0.0000	0.0000	0.0000	0.0000	0.0049
0.0000	0.0000	0.9998	0.0000	0.0000	0.0000	0.0000	0.0000	0.0000	0.0000	0.0000	0.0002
0.0000	0.0000	0.9980	0.0000	0.0000	0.0000	0.0000	0.0000	0.0000	0.0000	0.0000	0.0020
0.0000	0.0000	0.0000	0.0000	0.0000	0.0000	0.0000	0.0000	1.0000	0.0000	0.0000	0.0000
0.0000	0.0000	0.0001	0.0000	0.0000	0.0000	0.9999	0.0000	0.0000	0.0000	0.0000	0.0000
0.0000	0.0000	0.0001	0.0000	0.0000	0.0000	0.9999	0.0000	0.0000	0.0000	0.0000	0.0000
0.0000	0.0000	0.0000	0.0000	0.0000	0.0000	0.0000	0.0000	1.0000	0.0000	0.0000	0.0000
0.0000	0.0000	0.0000	0.0000	0.0000	0.0000	0.0092	0.0000	0.9908	0.0000	0.0000	0.0000
0.0000	0.0000	0.0000	0.0000	0.0000	0.0000	0.0000	0.0000	1.0000	0.0000	0.0000	0.0000
0.0000	0.0000	0.9976	0.0000	0.0000	0.0000	0.0024	0.0000	0.0000	0.0000	0.0000	0.0000
0.0000	0.0000	0.0156	0.0000	0.0000	0.0000	0.9844	0.0000	0.0000	0.0000	0.0000	0.0000
0.0000	0.0000	0.0000	0.0000	0.0000	0.0000	0.0000	0.0000	1.0000	0.0000	0.0000	0.0000
0.0000	0.0000	0.0000	0.0000	0.0000	0.0000	1.0000	0.0000	0.0000	0.0000	0.0000	0.0000
0.0000	0.0000	0.0000	0.0000	0.0000	0.0000	0.0000	0.0000	1.0000	0.0000	0.0000	0.0000
0.0000	0.0000	0.8081	0.0000	0.0000	0.0031	0.1888	0.0000	0.0000	0.0000	0.0000	0.0000
0.0000	0.0000	0.0000	0.0000	0.0000	0.0000	0.0000	0.0000	1.0000	0.0000	0.0000	0.0000
0.0000	0.0000	0.0017	0.0000	0.0000	0.0000	0.9983	0.0000	0.0000	0.0000	0.0000	0.0000
0.0000	0.0000	0.0000	0.0000	0.0000	0.0000	1.0000	0.0000	0.0000	0.0000	0.0000	0.0000
0.0000	0.0000	0.0000	0.0000	0.0000	0.0000	1.0000	0.0000	0.0000	0.0000	0.0000	0.0000
0.0000	0.0000	0.0000	0.0000	0.0000	0.0000	0.0000	0.0000	1.0000	0.0000	0.0000	0.0000
0.0000	0.0000	0.9582	0.0000	0.0000	0.0133	0.0285	0.0000	0.0000	0.0000	0.0000	0.0000
0.0000	0.0000	0.4208	0.0000	0.0000	0.0035	0.5757	0.0000	0.0000	0.0000	0.0000	0.0000
0.0000	0.0000	0.0000	0.0000	0.0000	0.0000	0.0000	0.0000	1.0000	0.0000	0.0000	0.0000
0.0000	0.0000	0.0206	0.0000	0.0000	0.0000	0.9794	0.0000	0.0000	0.0000	0.0000	0.0000
0.0000	0.0000	0.0802	0.0000	0.0000	0.0000	0.9196	0.0000	0.0003	0.0000	0.0000	0.0000
0.0000	0.0000	0.0000	0.0000	0.0000	0.0000	0.0000	0.0000	1.0000	0.0000	0.0000	0.0000
0.0000	0.0000	0.1411	0.0000	0.0000	0.0000	0.8589	0.0000	0.0000	0.0000	0.0000	0.0000
0.0000	0.0000	0.0000	0.0000	0.0000	0.0000	1.0000	0.0000	0.0000	0.0000	0.0000	0.0000
0.0000	0.0000	0.0000	0.0000	0.0000	0.0000	0.0000	0.0000	1.0000	0.0000	0.0000	0.0000
0.0000	0.0000	0.8933	0.0000	0.0000	0.0115	0.0952	0.0000	0.0000	0.0000	0.0000	0.0000
0.0000	0.0000	0.0012	0.0000	0.0000	0.0000	0.9984	0.0000	0.0003	0.0000	0.0000	0.0000
0.0000	0.0000	0.0010	0.0000	0.0000	0.0000	0.9990	0.0000	0.0000	0.0000	0.0000	0.0000
0.0000	0.0000	0.0000	0.0000	0.0000	0.0000	0.0000	0.0000	1.0000	0.0000	0.0000	0.0000
0.0000	0.0000	0.0002	0.0000	0.0000	0.0000	0.9998	0.0000	0.0000	0.0000	0.0000	0.0000
0.0000	0.0000	0.0000	0.0000	0.0000	0.0000	0.0000	0.0000	1.0000	0.0000	0.0000	0.0000
0.0000	0.0000	0.6357	0.0000	0.0000	0.3303	0.0340	0.0000	0.0000	0.0000	0.0000	0.0000
