0.0000	0.0000	0.0000	0.0000	0.0000	0.0000	0.0034	0.0022	0.0000	0.0335	0.9572	0.0037
0.0000	0.0000	0.0000	0.0000	0.0000	0.0000	0.0003	0.0006	0.0000	0.0314	0.0000	0.9677
0.0001	0.0000	0.0000	0.0000	0.0000	0.0000	0.0372	0.0004	0.0000	0.0001	0.0001	0.9620
0.0000	0.0000	0.0000	0.0000	0.0000	0.0000	0.0000	0.0000	0.9999	0.0000	0.0000	0.0000
0.0000	0.0012	0.1484	0.0000	0.0000	0.3293	0.3088	0.2120	0.0000	0.0000	0.0000	0.0003
0.0000	0.0000	0.0000	0.0000	0.0000	0.0000	0.9999	0.0000	0.0000	0.0000	0.0001	0.0000
0.0000	0.0000	0.0000	0.0000	0.0000	0.0000	0.0000	0.0000	0.0000	1.0000	0.0000	0.0000
1.0000	0.0000	0.0000	0.0000	0.0000	0.0000	0.0000	0.0000	0.0000	0.0000	0.0000	0.0000
0.7391	0.0000	0.0001	0.0000	0.0000	0.0404	0.1882	0.0320	0.0000	0.0000	0.0000	0.0001
0.9509	0.0000	0.0012	0.0000	0.0000	0.0174	0.0291	0.0013	0.0000	0.0000	0.0000	0.0000
0.0005	0.0000	0.0000	0.0000	0.0000	0.0028	0.8081	0.1885	0.0000	0.0000	0.0000	0.0001
0.9604	0.0000	0.0000	0.0000	0.0000	0.0003	0.0091	0.0089	0.0213	0.0000	0.0000	0.0000
0.0000	0.0000	0.0000	0.0000	0.0000	0.0000	0.0000	0.0003	0.0000	0.0127	0.0000	0.9870
0.0000	0.0000	0.0000	0.0000	1.0000	0.0000	0.0000	0.0000	0.0000	0.0000	0.0000	0.0000
0.0000	0.9997	0.0003	0.0000	0.0000	0.0000	0.0000	0.0000	0.0000	0.0000	0.0000	0.0000
0.0000	0.0342	0.7565	0.0000	0.0000	0.2015	0.0074	0.0002	0.0000	0.0000	0.0000	0.0002
0.8217	0.0000	0.0000	0.0000	0.0000	0.0000	0.0000	0.0000	0.1783	0.0000	0.0000	0.0000
0.0000	0.0000	0.0000	0.0000	0.9262	0.0000	0.0000	0.0000	0.0000	0.0000	0.0738	0.0000
0.0000	0.9821	0.0000	0.0000	0.0000	0.0000	0.0000	0.0179	0.0000	0.0000	0.0000	0.0000
0.0000	0.0000	0.1524	0.0000	0.0000	0.0000	0.8091	0.0368	0.0000	0.0000	0.0000	0.0016
0.0000	0.0000	0.0000	0.0000	0.0000	0.0000	0.0000	0.0000	1.0000	0.0000	0.0000	0.0000
0.0000	0.0000	0.0000	0.0000	0.0000	0.0000	0.0017	0.9983	0.0000	0.0000	0.0000	0.0000
0.0000	0.0000	0.0000	0.0025	0.0000	0.0000	0.0000	0.0000	0.0000	0.8937	0.0000	0.1038
0.0000	0.3942	0.6055	0.0000	0.0000	0.0002	0.0000	0.0000	0.0000	0.0000	0.0000	0.0000
0.0000	0.0000	0.9986	0.0000	0.0000	0.0014	0.0000	0.0000	0.0000	0.0000	0.0000	0.0000
0.0003	0.0000	0.0000	0.0001	0.0000	0.0000	0.0000	0.9996	0.0000	0.0000	0.0000	0.0000
1.0000	0.0000	0.0000	0.0000	0.0000	0.0000	0.0000	0.0000	0.0000	0.0000	0.0000	0.0000
0.0022	0.0000	0.0000	0.0000	0.0000	0.0000	0.0221	0.0066	0.0000	0.9690	0.0001	0.0001
0.0000	0.0000	0.0007	0.0000	0.0000	0.0000	0.2364	0.0007	0.0000	0.0019	0.0000	0.7604
0.0000	0.0000	0.0000	0.0000	0.0000	0.0000	0.0000	0.0000	1.0000	0.0000	0.0000	0.0000
0.0000	0.7114	0.2542	0.0000	0.0000	0.0331	0.0005	0.0008	0.0000	0.0000	0.0000	0.0000
0.0000	0.0000	0.0000	0.0000	0.0000	0.0000	0.0877	0.9123	0.0000	0.0000	0.0000	0.0000
0.0000	0.0000	0.0000	0.0000	0.0000	0.0000	0.0000	0.0000	0.0185	0.9815	0.0000	0.0000
0.0000	0.0000	0.0000	0.0000	0.0000	0.0000	0.0978	0.9022	0.0000	0.0000	0.0000	0.0000
0.0008	0.0000	0.1264	0.0000	0.0000	0.0348	0.1003	0.6094	0.0000	0.0019	0.0000	0.1265
0.0000	0.0000	0.0000	0.0000	0.0000	0.0000	0.0000	0.0000	1.0000	0.0000	0.0000	0.0000
0.0000	0.2618	0.2167	0.0000	0.0000	0.4533	0.0674	0.0003	0.0000	0.0000	0.0000	0.0004
0.0022	0.0000	0.0001	0.0000	0.0000	0.1281	0.8620	0.0050	0.0000	0.0000	0.0000	0.0025
0.0000	0.0036	0.1364	0.0000	0.0000	0.8593	0.0002	0.0000	0.0000	0.0000	0.0000	0.0004
0.6889	0.0000	0.0000	0.0000	0.0000	0.0000	0.0000	0.0000	0.0000	0.0001	0.0000	0.3111
0.0000	0.0000	0.0000	0.0000	0.0000	0.0000	0.0000	0.0000	1.0000	0.0000	0.0000	0.0000
0.0000	0.9465	0.0270	0.0000	0.0000	0.0256	0.0002	0.0007	0.0000	0.0000	0.0000	0.0000
0.0000	0.0005	0.0000	0.0000	0.0000	0.2530	0.0333	0.6280	0.0000	0.0000	0.0000	0.0851
0.0000	0.0000	0.0068	0.0000	0.0000	0.0000	0.8083	0.0416	0.0000	0.0004	0.0000	0.1427
0.9999	0.0000	0.0000	0.0000	0.0000	0.0001	0.0000	0.0000	0.0000	0.0000	0.0000	0.0000
0.0049	0.0000	0.0000	0.0000	0.0000	0.0000	0.0000	0.0000	0.9951	0.0000	0.0000	0.0000
0.0000	0.0000	0.0321	0.0000	0.0000	0.0000	0.3676	0.5982	0.0000	0.0002	0.0000	0.0020
0.0000	0.0000	0.0000	0.0000	0.0000	0.0000	0.0000	0.0000	0.0000	1.0000	0.0000	0.0000
0.0000	0.0000	0.0000	0.0000	1.0000	0.0000	0.0000	0.0000	0.0000	0.0000	0.0000	0.0000
0.9987	0.0000	0.0000	0.0000	0.0000	0.0000	0.0000	0.0000	0.0000	0.0003	0.0000	0.0010
0.0000	0.0000	0.0008	0.0000	0.0000	0.9991	0.0000	0.0000	0.0000	0.0000	0.0000	0.0000
0.0000	0.6348	0.0193	0.0000	0.0000	0.3441	0.0004	0.0015	0.0000	0.0000	0.0000	0.0000
0.0000	0.0000	0.0047	0.0000	0.0000	0.0000	0.9935	0.0015	0.0000	0.0002	0.0000	0.0001
0.0000	0.8435	0.1556	0.0000	0.0000	0.0000	0.0008	0.0000	0.0000	0.0000	0.0000	0.0000
0.0033	0.0000	0.0000	0.0000	0.0000	0.0004	0.4452	0.5473	0.0000	0.0000	0.0000	0.0038
0.0088	0.0000	0.0000	0.1184	0.0000	0.0000	0.0193	0.0035	0.0000	0.8490	0.0000	0.0009
0.0000	0.0000	0.0000	0.0000	0.0000	0.0000	0.0108	0.0000	0.0000	0.0062	0.0000	0.9829
0.0000	0.0000	0.0000	0.0000	1.0000	0.0000	0.0000	0.0000	0.0000	0.0000	0.0000	0.0000
0.0000	0.0000	0.9684	0.0000	0.0000	0.0000	0.0276	0.0031	0.0000	0.0000	0.0000	0.0008
0.0000	0.0000	0.0000	0.0000	0.0000	0.0000	0.0000	0.0000	0.0000	1.0000	0.0000	0.0000
0.0000	0.0000	0.0000	0.0000	0.0000	0.9978	0.0000	0.0002	0.0000	0.0020	0.0000	0.0000
0.0011	0.0000	0.0000	0.0000	0.0000	0.9282	0.0002	0.0239	0.0000	0.0466	0.0000	0.0000
0.0000	0.0000	0.0036	0.0000	0.0000	0.0000	0.9901	0.0004	0.0000	0.0000	0.0000	0.0059
0.0000	0.9081	0.0018	0.0000	0.0000	0.0000	0.0893	0.0000	0.0000	0.0000	0.0000	0.0008
0.0000	0.0000	0.0001	0.0001	0.0000	0.0000	0.0011	0.0000	0.0000	0.0031	0.0000	0.9955
0.0000	0.0000	0.0000	0.0000	0.0000	0.0000	0.0000	0.0000	0.0000	0.0000	1.0000	0.0000
0.0000	0.0702	0.0000	0.0000	0.0000	0.0000	0.9293	0.0000	0.0000	0.0000	0.0000	0.0006
0.0018	0.0000	0.0155	0.0000	0.0000	0.0003	0.0691	0.9133	0.0000	0.0000	0.0000	0.0000
0.3032	0.0000	0.0000	0.0000	0.0000	0.0000	0.0000	0.0000	0.6962	0.0006	0.0000	0.0000
0.0000	0.0000	0.0096	0.0000	0.0000	0.0000	0.3608	0.6159	0.0000	0.0000	0.0000	0.0137
0.0000	0.0000	0.9839	0.0000	0.0000	0.0144	0.0002	0.0015	0.0000	0.0000	0.0000	0.0000
1.0000	0.0000	0.0000	0.0000	0.0000	0.0000	0.0000	0.0000	0.0000	0.0000	0.0000	0.0000
0.0000	0.0000	0.0000	0.0000	0.0000	0.0000	0.0000	0.0000	1.0000	0.0000	0.0000	0.0000
0.0000	0.0000	0.0000	0.0000	0.0000	0.0000	0.0000	0.0000	1.0000	0.0000	0.0000	0.0000
0.7351	0.0000	0.0000	0.0031	0.0000	0.0606	0.0000	0.0000	0.0000	0.1683	0.0237	0.0092
0.0000	0.0000	0.0000	0.0000	0.0000	0.0000	0.0000	0.0000	0.0000	0.9160	0.0000	0.0840
0.0000	0.8564	0.0776	0.0000	0.0000	0.0170	0.0436	0.0053	0.0000	0.0000	0.0000	0.0001
0.0000	0.0000	0.0006	0.0000	0.0000	0.0000	0.0000	0.0000	0.0000	0.0000	0.0000	0.9994
0.0000	0.0000	0.0000	0.0000	0.0000	0.0000	0.0000	0.0000	0.0000	0.0000	0.0000	1.0000
0.0000	0.0000	0.9987	0.0000	0.0000	0.0013	0.0000	0.0000	0.0000	0.0000	0.0000	0.0000
0.0000	0.0000	0.0006	0.0000	0.0000	0.0000	0.0000	0.0000	0.0000	0.0000	0.0000	0.9994
0.0000	0.0000	0.0001	0.0000	0.0000	0.0000	0.0000	0.0000	0.0000	0.0000	0.0000	0.9999
0.0000	0.0000	0.0033	0.0000	0.0000	0.0000	0.0000	0.0000	0.0000	0.0000	0.0000	0.9967
0.0000	0.0000	0.0000	0.0000	0.0000	0.0000	0.0000	0.0000	0.0000	0.0000	0.0000	1.0000
0.0000	0.0000	0.0000	0.0000	0.0000	0.0000	0.0000	0.0000	0.0000	0.0000	0.0000	1.0000
0.0000	0.0000	0.0000	0.0000	0.0000	0.0000	0.0000	0.0000	0.0000	0.0000	0.0000	1.0000
0.0000	0.0000	0.9996	0.0000	0.0000	0.0000	0.0000	0.0000	0.0000	0.0000	0.0000	0.0004
0.0000	0.0000	0.0004	0.0000	0.0000	0.0002	0.0000	0.0000	0.0002	0.0000	0.0000	0.9992
0.0000	0.0000	0.9982	0.0000	0.0000	0.0017	0.0000	0.0000	0.0000	0.0000	0.0000	0.0000
0.0000	0.0000	0.0000	0.0000	0.0000	0.0000	0.0000	0.0000	0.0000	0.0000	0.0000	1.0000
0.0000	0.0000	0.0010	0.0000	0.0000	0.0000	0.0000	0.0000	0.0000	0.0000	0.0000	0.9990
0.0000	0.0001	0.9999	0.0000	0.0000	0.0000	0.0000	0.0000	0.0000	0.0000	0.0000	0.0000
0.0000	0.0000	0.0000	0.0000	0.0000	0.0000	0.0000	0.0000	0.0000	0.0000	0.0000	1.0000
0.0000	0.0000	0.0000	0.0000	0.0000	0.0000	0.0000	0.0000	0.0000	0.0000	0.0000	1.0000
0.0000	0.0000	0.9977	0.0000	0.0000	0.0023	0.0000	0.0000	0.0000	0.0000	0.0000	0.0000
0.0000	0.0000	0.9995	0.0000	0.0000	0.0005	0.0000	0.0000	0.0000	0.0000	0.0000	0.0000
0.0000	0.0000	0.0000	0.0000	0.0000	0.0001	0.0000	0.0000	0.0000	0.0000	0.0000	0.9999
0.0000	0.0000	0.9993	0.0000	0.0000	0.0005	0.0000	0.0000	0.0000	0.0000	0.0000	0.0002
0.0000	0.0000	1.0000	0.0000	0.0000	0.0000	0.0000	0.0000	0.0000	0.0000	0.0000	0.0000
0.0001	0.0000	0.9995	0.0000	0.0000	0.0000	0.0000	0.0000	0.0000	0.0000	0.0000	0.0003
0.0000	0.0000	0.0000	0.0000	0.0000	0.0000	0.0000	0.0000	1.0000	0.0000	0.0000	0.0000
0.0000	0.0000	0.0025	0.0000	0.0000	0.0015	0.9960	0.0000	0.0000	0.0000	0.0000	0.0000
0.0000	0.0000	0.0000	0.0000	0.0000	0.0010	0.9990	0.0000	0.0000	0.0000	0.0000	0.0000
0.0000	0.0000	0.0000	0.0000	0.0000	0.0000	0.0000	0.0000	1.0000	0.0000	0.0000	0.0000
0.0000	0.0000	0.0017	0.0000	0.0000	0.0000	0.9956	0.0000	0.0027	0.0000	0.0000	0.0000
0.0000	0.0000	0.0000	0.0000	0.0000	0.0000	0.0000	0.0000	1.0000	0.0000	0.0000	0.0000
0.0000	0.0000	0.9997	0.0000	0.0000	0.0000	0.0003	0.0000	0.0000	0.0000	0.0000	0.0000
0.0000	0.0000	0.3480	0.0000	0.0000	0.0000	0.6520	0.0000	0.0000	0.0000	0.0000	0.0000
0.0000	0.0000	0.0000	0.0000	0.0000	0.0000	0.0000	0.0000	1.0000	0.0000	0.0000	0.0000
0.0000	0.0000	0.0000	0.0000	0.0000	0.0000	1.0000	0.0000	0.0000	0.0000	0.0000	0.0000
0.0000	0.0000	0.0000	0.0000	0.0000	0.0000	0.0000	0.0000	1.0000	0.0000	0.0000	0.0000
0.0000	0.0000	0.9957	0.0000	0.0000	0.0001	0.0042	0.0000	0.0000	0.0000	0.0000	0.0000
0.0000	0.0000	0.0000	0.0000	0.0000	0.0000	0.0000	0.0000	1.0000	0.0000	0.0000	0.0000
0.0000	0.0000	0.0044	0.0000	0.0000	0.0000	0.9956	0.0000	0.0000	0.0000	0.0000	0.0000
0.0000	0.0000	0.0000	0.0000	0.0000	0.0000	1.0000	0.0000	0.0000	0.0000	0.0000	0.0000
0.0000	0.0000	0.0000	0.0000	0.0000	0.0000	1.0000	0.0000	0.0000	0.0000	0.0000	0.0000
0.0000	0.0000	0.0000	0.0000	0.0000	0.0000	0.0000	0.0000	1.0000	0.0000	0.0000	0.0000
0.0000	0.0000	0.9776	0.0000	0.0000	0.0029	0.0195	0.0000	0.0000	0.0000	0.0000	0.0000
0.0000	0.0000	0.6435	0.0000	0.0000	0.0147	0.3419	0.0000	0.0000	0.0000	0.0000	0.0000
0.0000	0.0000	0.0000	0.0000	0.0000	0.0000	0.0000	0.0000	1.0000	0.0000	0.0000	0.0000
0.0000	0.0000	0.0098	0.0000	0.0000	0.0000	0.9902	0.0000	0.0000	0.0000	0.0000	0.0000
0.0000	0.0000	0.8637	0.0000	0.0000	0.0000	0.1363	0.0000	0.0000	0.0000	0.0000	0.0000
0.0000	0.0000	0.0000	0.0000	0.0000	0.0000	0.0000	0.0000	1.0000	0.0000	0.0000	0.0000
0.0000	0.0000	0.6236	0.0000	0.0000	0.0000	0.3764	0.0000	0.0000	0.0000	0.0000	0.0000
0.0000	0.0000	0.0000	0.0000	0.0000	0.0000	1.0000	0.0000	0.0000	0.0000	0.0000	0.0000
0.0000	0.0000	0.0000	0.0000	0.0000	0.0000	0.0000	0.0000	1.0000	0.0000	0.0000	0.0000
0.0000	0.0000	0.9824	0.0000	0.0000	0.0002	0.0174	0.0000	0.0000	0.0000	0.0000	0.0000
0.0000	0.0000	0.0003	0.0000	0.0000	0.0000	0.9997	0.0000	0.0000	0.0000	0.0000	0.0000
0.0000	0.0000	0.0002	0.0000	0.0000	0.0000	0.9998	0.0000	0.0000	0.0000	0.0000	0.0000
0.0000	0.0000	0.0000	0.0000	0.0000	0.0000	0.0000	0.0000	1.0000	0.0000	0.0000	0.0000
0.0000	0.0000	0.0000	0.0000	0.0000	0.0000	1.0000	0.0000	0.0000	0.0000	0.0000	0.0000
0.0000	0.0000	0.0000	0.0000	0.0000	0.0000	0.0000	0.0000	1.0000	0.0000	0.0000	0.0000
0.0000	0.0000	0.8328	0.0000	0.0000	0.1422	0.0251	0.0000	0.0000	0.0000	0.0000	0.0000
