0.0000	0.0000	0.0000	0.0000	0.0000	0.0000	0.0035	0.0009	0.0000	0.1080	0.8717	0.0158
0.0000	0.0000	0.0000	0.0000	0.0000	0.0000	0.0002	0.0000	0.0000	0.1896	0.0000	0.8102
0.0021	0.0001	0.0000	0.0000	0.0000	0.0005	0.1852	0.0009	0.0000	0.0247	0.0013	0.7852
0.0000	0.0000	0.0000	0.0000	0.0000	0.0000	0.0000	0.0000	0.9999	0.0001	0.0000	0.0000
0.0000	0.0005	0.0457	0.0000	0.0000	0.8061	0.0671	0.0802	0.0000	0.0000	0.0000	0.0004
0.0000	0.0000	0.0000	0.0000	0.0000	0.0000	0.9364	0.0535	0.0000	0.0000	0.0097	0.0004
0.0000	0.0000	0.0000	0.0000	0.0000	0.0000	0.0000	0.0000	0.0000	0.9999	0.0000	0.0001
1.0000	0.0000	0.0000	0.0000	0.0000	0.0000	0.0000	0.0000	0.0000	0.0000	0.0000	0.0000
0.7267	0.0000	0.0009	0.0000	0.0000	0.0926	0.1631	0.0100	0.0006	0.0000	0.0000	0.0060
0.9275	0.0001	0.0020	0.0000	0.0000	0.0367	0.0328	0.0006	0.0000	0.0000	0.0000	0.0003
0.0024	0.0000	0.0017	0.0000	0.0000	0.0039	0.8466	0.1171	0.0000	0.0000	0.0000	0.0281
0.6616	0.0000	0.0003	0.0000	0.0000	0.0037	0.0056	0.0017	0.3260	0.0000	0.0000	0.0011
0.0000	0.0000	0.0000	0.0000	0.0000	0.0000	0.0075	0.0002	0.0000	0.0583	0.0000	0.9339
0.0000	0.0000	0.0000	0.0000	1.0000	0.0000	0.0000	0.0000	0.0000	0.0000	0.0000	0.0000
0.0000	0.9959	0.0035	0.0000	0.0000	0.0000	0.0007	0.0000	0.0000	0.0000	0.0000	0.0000
0.0000	0.0068	0.2744	0.0000	0.0000	0.7072	0.0112	0.0001	0.0000	0.0000	0.0000	0.0003
0.3740	0.0000	0.0000	0.0000	0.0000	0.0000	0.0000	0.0000	0.6260	0.0000	0.0000	0.0000
0.0000	0.0000	0.0000	0.0000	0.7194	0.0000	0.0000	0.0000	0.0000	0.0000	0.2805	0.0000
0.0000	0.9627	0.0000	0.0000	0.0000	0.0001	0.0004	0.0368	0.0000	0.0000	0.0000	0.0000
0.0000	0.0001	0.0742	0.0000	0.0000	0.0023	0.8364	0.0583	0.0000	0.0003	0.0000	0.0283
0.0000	0.0000	0.0000	0.0000	0.0000	0.0000	0.0000	0.0000	1.0000	0.0000	0.0000	0.0000
0.0000	0.0000	0.0018	0.0001	0.0000	0.0000	0.0945	0.9019	0.0000	0.0000	0.0000	0.0017
0.0002	0.0000	0.0000	0.0301	0.0000	0.0000	0.0000	0.0000	0.0000	0.9641	0.0000	0.0056
0.0000	0.0834	0.8936	0.0000	0.0000	0.0222	0.0008	0.0000	0.0000	0.0000	0.0000	0.0001
0.0044	0.0027	0.5663	0.0000	0.0000	0.4241	0.0000	0.0000	0.0000	0.0025	0.0000	0.0000
0.0010	0.0000	0.0000	0.0034	0.0000	0.0000	0.0128	0.9660	0.0000	0.0005	0.0000	0.0163
1.0000	0.0000	0.0000	0.0000	0.0000	0.0000	0.0000	0.0000	0.0000	0.0000	0.0000	0.0000
0.0093	0.0000	0.0000	0.0000	0.0000	0.0030	0.1680	0.0752	0.0000	0.6760	0.0001	0.0684
0.0003	0.0000	0.0011	0.0000	0.0000	0.0003	0.3822	0.0024	0.0000	0.0092	0.0000	0.6044
0.0002	0.0000	0.0000	0.0000	0.0000	0.0000	0.0000	0.0000	0.9998	0.0000	0.0000	0.0000
0.0000	0.0603	0.5456	0.0000	0.0000	0.3884	0.0029	0.0028	0.0000	0.0000	0.0000	0.0001
0.0000	0.0000	0.0000	0.0000	0.0000	0.0000	0.2710	0.7285	0.0000	0.0000	0.0000	0.0005
0.0000	0.0000	0.0000	0.0000	0.0000	0.0000	0.0000	0.0000	0.0076	0.9924	0.0000	0.0000
0.0000	0.0000	0.0000	0.0000	0.0000	0.0000	0.0385	0.9615	0.0000	0.0000	0.0000	0.0000
0.0021	0.0000	0.0587	0.0000	0.0000	0.0766	0.1588	0.0277	0.0000	0.0100	0.0000	0.6662
0.0000	0.0000	0.0000	0.0000	0.0000	0.0000	0.0000	0.0000	1.0000	0.0000	0.0000	0.0000
0.0000	0.0253	0.4524	0.0000	0.0000	0.4845	0.0363	0.0007	0.0000	0.0000	0.0000	0.0008
0.0063	0.0018	0.0004	0.0000	0.0000	0.0610	0.8862	0.0010	0.0000	0.0001	0.0000	0.0432
0.0000	0.0019	0.1014	0.0000	0.0000	0.8950	0.0011	0.0000	0.0000	0.0000	0.0000	0.0006
0.8958	0.0000	0.0000	0.0000	0.0000	0.0000	0.0001	0.0000	0.0000	0.0107	0.0000	0.0933
0.0000	0.0000	0.0000	0.0000	0.0000	0.0000	0.0000	0.0000	1.0000	0.0000	0.0000	0.0000
0.0000	0.1984	0.1026	0.0000	0.0000	0.6902	0.0039	0.0046	0.0000	0.0000	0.0000	0.0002
0.0001	0.0011	0.0000	0.0000	0.0000	0.8576	0.0226	0.0834	0.0000	0.0002	0.0000	0.0350
0.0000	0.0000	0.0010	0.0000	0.0000	0.0023	0.6401	0.0660	0.0000	0.0014	0.0000	0.2891
0.9972	0.0000	0.0000	0.0000	0.0000	0.0027	0.0000	0.0000	0.0000	0.0001	0.0000	0.0000
0.0551	0.0000	0.0000	0.0000	0.0000	0.0000	0.0000	0.0000	0.9449	0.0000	0.0000	0.0000
0.0000	0.0000	0.2417	0.0000	0.0000	0.0000	0.5436	0.1898	0.0000	0.0004	0.0000	0.0246
0.0000	0.0000	0.0000	0.0000	0.0000	0.0000	0.0000	0.0000	0.0000	0.9999	0.0000	0.0001
0.0000	0.0000	0.0000	0.0000	1.0000	0.0000	0.0000	0.0000	0.0000	0.0000	0.0000	0.0000
0.9861	0.0000	0.0000	0.0000	0.0000	0.0000	0.0000	0.0000	0.0000	0.0138	0.0000	0.0000
0.0000	0.0000	0.0350	0.0000	0.0000	0.9649	0.0001	0.0000	0.0000	0.0000	0.0000	0.0000
0.0000	0.0427	0.0255	0.0000	0.0000	0.9298	0.0006	0.0014	0.0000	0.0000	0.0000	0.0000
0.0000	0.0000	0.1635	0.0000	0.0000	0.0000	0.8147	0.0043	0.0000	0.0009	0.0000	0.0165
0.0074	0.4991	0.2432	0.0000	0.0000	0.0006	0.2390	0.0077	0.0000	0.0000	0.0000	0.0031
0.0116	0.0000	0.0000	0.0000	0.0000	0.0038	0.8547	0.1103	0.0000	0.0000	0.0000	0.0195
0.2999	0.0000	0.0000	0.0749	0.0000	0.0000	0.5692	0.0005	0.0000	0.0528	0.0000	0.0027
0.0000	0.0000	0.0000	0.0000	0.0000	0.0000	0.0088	0.0000	0.0000	0.0082	0.0002	0.9829
0.0000	0.0000	0.0000	0.0000	0.9879	0.0000	0.0000	0.0000	0.0000	0.0000	0.0121	0.0000
0.0000	0.0015	0.5466	0.0000	0.0000	0.0555	0.2914	0.0643	0.0000	0.0001	0.0000	0.0406
0.0000	0.0000	0.0000	0.0000	0.0000	0.0000	0.0000	0.0000	0.0000	0.9998	0.0002	0.0000
0.0003	0.0001	0.0000	0.0000	0.0000	0.9749	0.0000	0.0012	0.0000	0.0235	0.0000	0.0000
0.0007	0.0001	0.0000	0.0000	0.0000	0.8781	0.0001	0.0419	0.0000	0.0790	0.0000	0.0000
0.0000	0.0000	0.0001	0.0000	0.0000	0.0000	0.9510	0.0015	0.0000	0.0003	0.0000	0.0471
0.0000	0.1385	0.0321	0.0001	0.0000	0.0000	0.8225	0.0028	0.0000	0.0000	0.0000	0.0040
0.0010	0.0000	0.0155	0.0037	0.0000	0.0001	0.0519	0.0000	0.0048	0.1193	0.0000	0.8036
0.0000	0.0000	0.0000	0.0000	0.0000	0.0000	0.0000	0.0000	0.0000	0.0000	1.0000	0.0000
0.0000	0.6691	0.0016	0.0000	0.0000	0.0000	0.3283	0.0000	0.0000	0.0000	0.0000	0.0009
0.0391	0.0000	0.1225	0.0000	0.0000	0.0269	0.3479	0.4634	0.0000	0.0000	0.0000	0.0002
0.1821	0.0000	0.0000	0.0000	0.0000	0.0000	0.0000	0.0000	0.8128	0.0051	0.0000	0.0000
0.0000	0.0000	0.0074	0.0000	0.0000	0.0025	0.7066	0.2742	0.0000	0.0000	0.0000	0.0093
0.0000	0.0000	0.8966	0.0000	0.0000	0.0987	0.0014	0.0033	0.0000	0.0000	0.0000	0.0000
0.9982	0.0000	0.0000	0.0000	0.0000	0.0000	0.0000	0.0000	0.0000	0.0000	0.0018	0.0000
0.0000	0.0000	0.0000	0.0000	0.0000	0.0000	0.0000	0.0000	1.0000	0.0000	0.0000	0.0000
0.0000	0.0000	0.0000	0.0000	0.0000	0.0000	0.0000	0.0000	1.0000	0.0000	0.0000	0.0000
0.9062	0.0000	0.0000	0.0004	0.0000	0.0001	0.0000	0.0000	0.0000	0.0819	0.0012	0.0103
0.0000	0.0000	0.0000	0.0000	0.0000	0.0000	0.0000	0.0000	0.0000	0.9230	0.0000	0.0770
0.0000	0.0385	0.5236	0.0000	0.0000	0.3312	0.0972	0.0085	0.0000	0.0000	0.0000	0.0009
0.0000	0.0000	0.0020	0.0000	0.0000	0.0000	0.0000	0.0000	0.0000	0.0000	0.0000	0.9980
0.0000	0.0000	0.0000	0.0000	0.0000	0.0000	0.0000	0.0000	0.0000	0.0000	0.0000	1.0000
0.0000	0.0001	0.9998	0.0000	0.0000	0.0000	0.0000	0.0000	0.0000	0.0000	0.0000	0.0000
0.0000	0.0000	0.0062	0.0000	0.0000	0.0000	0.0054	0.0000	0.0000	0.0000	0.0000	0.9884
0.0000	0.0000	0.0000	0.0000	0.0000	0.0000	0.0000	0.0000	0.0000	0.0000	0.0000	1.0000
0.0000	0.0000	0.0000	0.0000	0.0000	0.0006	0.0009	0.0000	0.0000	0.0000	0.0000	0.9984
0.0000	0.0000	0.0000	0.0000	0.0000	0.0000	0.0007	0.0000	0.0000	0.0000	0.0000	0.9993
0.0000	0.0000	0.0000	0.0000	0.0000	0.0000	0.0001	0.0000	0.0000	0.0000	0.0000	0.9999
0.0000	0.0000	0.0000	0.0000	0.0000	0.0000	0.0000	0.0000	0.0000	0.0000	0.0000	1.0000
0.0000	0.0001	0.9966	0.0000	0.0000	0.0000	0.0000	0.0000	0.0000	0.0000	0.0000	0.0033
0.0000	0.0000	0.0009	0.0000	0.0000	0.0000	0.0000	0.0000	0.0000	0.0000	0.0000	0.9991
0.0000	0.0001	0.9999	0.0000	0.0000	0.0000	0.0000	0.0000	0.0000	0.0000	0.0000	0.0001
0.0000	0.0000	0.0000	0.0000	0.0000	0.0000	0.0002	0.0000	0.0000	0.0007	0.0000	0.9990
0.0000	0.0000	0.0009	0.0000	0.0000	0.0000	0.0001	0.0000	0.0001	0.0000	0.0000	0.9989
0.0000	0.0000	0.9297	0.0000	0.0000	0.0000	0.0090	0.0000	0.0000	0.0000	0.0000	0.0613
0.0000	0.0000	0.0000	0.0000	0.0000	0.0000	0.0000	0.0000	0.0000	0.0000	0.0000	1.0000
0.0000	0.0000	0.0000	0.0000	0.0000	0.0000	0.0000	0.0000	0.0000	0.0000	0.0000	1.0000
0.0000	0.0002	0.9998	0.0000	0.0000	0.0000	0.0000	0.0000	0.0000	0.0000	0.0000	0.0000
0.0000	0.0001	0.9997	0.0000	0.0000	0.0000	0.0000	0.0000	0.0000	0.0000	0.0000	0.0001
0.0000	0.0000	0.0000	0.0000	0.0000	0.0000	0.0000	0.0000	0.0000	0.0000	0.0000	1.0000
0.0000	0.0000	0.9949	0.0000	0.0000	0.0000	0.0000	0.0000	0.0000	0.0000	0.0000	0.0051
0.0000	0.0000	0.9999	0.0000	0.0000	0.0000	0.0000	0.0000	0.0000	0.0000	0.0000	0.0001
0.0000	0.0005	0.9964	0.0000	0.0000	0.0000	0.0000	0.0000	0.0000	0.0000	0.0000	0.0031
0.0000	0.0000	0.0000	0.0000	0.0000	0.0000	0.0000	0.0000	1.0000	0.0000	0.0000	0.0000
0.0000	0.0000	0.0082	0.0000	0.0000	0.0055	0.9862	0.0000	0.0000	0.0000	0.0000	0.0000
0.0000	0.0000	0.0001	0.0000	0.0000	0.0260	0.9739	0.0000	0.0000	0.0000	0.0000	0.0000
0.0000	0.0000	0.0000	0.0000	0.0000	0.0000	0.0000	0.0000	1.0000	0.0000	0.0000	0.0000
0.0000	0.0001	0.0013	0.0000	0.0000	0.0000	0.9976	0.0000	0.0010	0.0000	0.0000	0.0000
0.0000	0.0000	0.0000	0.0000	0.0000	0.0000	0.0000	0.0000	1.0000	0.0000	0.0000	0.0000
0.0000	0.0000	0.9991	0.0000	0.0000	0.0001	0.0008	0.0000	0.0000	0.0000	0.0000	0.0000
0.0000	0.0000	0.1000	0.0000	0.0000	0.0000	0.9000	0.0000	0.0000	0.0000	0.0000	0.0000
0.0000	0.0000	0.0000	0.0000	0.0000	0.0000	0.0000	0.0000	1.0000	0.0000	0.0000	0.0000
0.0000	0.0000	0.0000	0.0000	0.0000	0.0000	1.0000	0.0000	0.0000	0.0000	0.0000	0.0000
0.0000	0.0000	0.0000	0.0000	0.0000	0.0000	0.0000	0.0000	1.0000	0.0000	0.0000	0.0000
0.0000	0.0000	0.9824	0.0000	0.0000	0.0036	0.0141	0.0000	0.0000	0.0000	0.0000	0.0000
0.0000	0.0000	0.0000	0.0000	0.0000	0.0000	0.0000	0.0000	1.0000	0.0000	0.0000	0.0000
0.0000	0.0000	0.0041	0.0000	0.0000	0.0001	0.9958	0.0000	0.0000	0.0000	0.0000	0.0000
0.0000	0.0000	0.0000	0.0000	0.0000	0.0432	0.9568	0.0000	0.0000	0.0000	0.0000	0.0000
0.0000	0.0000	0.0000	0.0000	0.0000	0.0000	1.0000	0.0000	0.0000	0.0000	0.0000	0.0000
0.0000	0.0000	0.0000	0.0000	0.0000	0.0000	0.0000	0.0000	1.0000	0.0000	0.0000	0.0000
0.0000	0.0000	0.9474	0.0000	0.0000	0.0051	0.0475	0.0000	0.0000	0.0000	0.0000	0.0000
0.0000	0.0000	0.4711	0.0000	0.0000	0.0228	0.5061	0.0000	0.0000	0.0000	0.0000	0.0000
0.0000	0.0000	0.0000	0.0000	0.0000	0.0000	0.0000	0.0000	1.0000	0.0000	0.0000	0.0000
0.0000	0.0000	0.0146	0.0000	0.0000	0.0000	0.9854	0.0000	0.0000	0.0000	0.0000	0.0000
0.0000	0.0000	0.0649	0.0000	0.0000	0.0000	0.9351	0.0000	0.0000	0.0000	0.0000	0.0000
0.0000	0.0000	0.0000	0.0000	0.0000	0.0000	0.0000	0.0000	1.0000	0.0000	0.0000	0.0000
0.0000	0.0000	0.1941	0.0000	0.0000	0.0000	0.8059	0.0000	0.0000	0.0000	0.0000	0.0000
0.0000	0.0000	0.0000	0.0000	0.0000	0.0000	1.0000	0.0000	0.0000	0.0000	0.0000	0.0000
0.0000	0.0000	0.0000	0.0000	0.0000	0.0000	0.0000	0.0000	1.0000	0.0000	0.0000	0.0000
0.0000	0.0000	0.9393	0.0000	0.0000	0.0039	0.0568	0.0000	0.0000	0.0000	0.0000	0.0000
0.0000	0.0000	0.0197	0.0000	0.0000	0.0007	0.9796	0.0000	0.0000	0.0000	0.0000	0.0000
0.0000	0.0000	0.0014	0.0000	0.0000	0.0004	0.9982	0.0000	0.0000	0.0000	0.0000	0.0000
0.0000	0.0000	0.0000	0.0000	0.0000	0.0000	0.0000	0.0000	1.0000	0.0000	0.0000	0.0000
0.0000	0.0000	0.0003	0.0000	0.0000	0.0000	0.9996	0.0000	0.0000	0.0000	0.0000	0.0000
0.0000	0.0000	0.0000	0.0000	0.0000	0.0000	0.0000	0.0000	1.0000	0.0000	0.0000	0.0000
0.0000	0.0000	0.5914	0.0000	0.0000	0.2113	0.1973	0.0000	0.0000	0.0000	0.0000	0.0000
