0.0000	0.0000	0.0000	0.0000	0.0000	0.0024	0.0013	0.0017	0.0000	0.2270	0.6240	0.1436
0.0000	0.0000	0.0000	0.0000	0.0000	0.0000	0.0001	0.0006	0.0000	0.0420	0.0000	0.9573
0.0004	0.0000	0.0000	0.0000	0.0000	0.0003	0.0449	0.0009	0.0000	0.0016	0.0004	0.9516
0.0000	0.0000	0.0000	0.0000	0.0000	0.0000	0.0000	0.0000	1.0000	0.0000	0.0000	0.0000
0.0000	0.0009	0.0107	0.0000	0.0000	0.9107	0.0397	0.0364	0.0000	0.0000	0.0000	0.0017
0.0000	0.0000	0.0000	0.0000	0.0000	0.0000	0.9823	0.0152	0.0000	0.0000	0.0013	0.0012
0.0000	0.0000	0.0000	0.0000	0.0000	0.0000	0.0000	0.0000	0.0000	0.9999	0.0000	0.0001
0.8924	0.0000	0.0000	0.0000	0.0000	0.0000	0.0000	0.0000	0.0091	0.0002	0.0029	0.0954
0.4603	0.0000	0.0001	0.0000	0.0000	0.0504	0.4367	0.0046	0.0002	0.0000	0.0000	0.0476
0.8946	0.0000	0.0003	0.0000	0.0000	0.0093	0.0903	0.0006	0.0000	0.0000	0.0000	0.0048
0.0021	0.0000	0.0000	0.0000	0.0000	0.0047	0.8368	0.1503	0.0000	0.0002	0.0000	0.0059
0.9056	0.0000	0.0001	0.0000	0.0000	0.0007	0.0436	0.0012	0.0390	0.0000	0.0000	0.0098
0.0001	0.0000	0.0000	0.0000	0.0000	0.0000	0.0070	0.0004	0.0000	0.0513	0.0000	0.9412
0.0000	0.0000	0.0000	0.0000	0.9999	0.0000	0.0000	0.0000	0.0000	0.0001	0.0000	0.0000
0.0000	0.9976	0.0024	0.0000	0.0000	0.0000	0.0000	0.0000	0.0000	0.0000	0.0000	0.0000
0.0002	0.0338	0.4414	0.0000	0.0000	0.5032	0.0165	0.0014	0.0000	0.0000	0.0000	0.0035
0.2879	0.0000	0.0000	0.0000	0.0000	0.0000	0.0000	0.0000	0.7121	0.0000	0.0000	0.0000
0.0000	0.0000	0.0000	0.0000	0.0237	0.0000	0.0000	0.0000	0.0000	0.0000	0.9763	0.0000
0.0000	0.9890	0.0000	0.0000	0.0000	0.0000	0.0000	0.0109	0.0000	0.0000	0.0000	0.0000
0.0000	0.0000	0.0326	0.0000	0.0000	0.0000	0.9184	0.0161	0.0000	0.0006	0.0001	0.0322
0.0000	0.0000	0.0000	0.0000	0.0000	0.0000	0.0000	0.0000	1.0000	0.0000	0.0000	0.0000
0.0000	0.0000	0.0000	0.0000	0.0000	0.0000	0.0048	0.9952	0.0000	0.0000	0.0000	0.0000
0.0001	0.0000	0.0000	0.0021	0.0000	0.0000	0.0000	0.0000	0.0000	0.9556	0.0000	0.0422
0.0000	0.5714	0.4275	0.0000	0.0000	0.0007	0.0003	0.0000	0.0000	0.0000	0.0000	0.0001
0.0000	0.0036	0.9936	0.0000	0.0000	0.0027	0.0000	0.0000	0.0000	0.0000	0.0000	0.0000
0.0004	0.0000	0.0000	0.0000	0.0000	0.0000	0.0001	0.9987	0.0000	0.0002	0.0000	0.0006
1.0000	0.0000	0.0000	0.0000	0.0000	0.0000	0.0000	0.0000	0.0000	0.0000	0.0000	0.0000
0.0010	0.0000	0.0000	0.0005	0.0000	0.0000	0.0010	0.0001	0.0000	0.9968	0.0000	0.0005
0.0016	0.0000	0.0000	0.0000	0.0000	0.0001	0.1291	0.0005	0.0000	0.0125	0.0007	0.8557
0.0006	0.0000	0.0000	0.0000	0.0000	0.0000	0.0000	0.0000	0.9994	0.0000	0.0000	0.0000
0.0000	0.4028	0.3533	0.0000	0.0000	0.2422	0.0009	0.0006	0.0000	0.0000	0.0000	0.0000
0.0000	0.0000	0.0000	0.0000	0.0000	0.0000	0.0227	0.9772	0.0000	0.0000	0.0000	0.0001
0.0000	0.0000	0.0000	0.0000	0.0000	0.0000	0.0000	0.0000	0.0010	0.9990	0.0000	0.0000
0.0000	0.0000	0.0000	0.0000	0.0000	0.0000	0.0066	0.9934	0.0000	0.0000	0.0000	0.0000
0.0121	0.0000	0.0121	0.0029	0.0000	0.0368	0.0634	0.0676	0.0000	0.0085	0.0002	0.7965
0.0000	0.0000	0.0000	0.0000	0.0000	0.0000	0.0000	0.0000	1.0000	0.0000	0.0000	0.0000
0.0000	0.1951	0.2411	0.0000	0.0000	0.5016	0.0595	0.0003	0.0000	0.0000	0.0000	0.0023
0.0808	0.0000	0.0001	0.0000	0.0000	0.0533	0.8217	0.0112	0.0000	0.0001	0.0000	0.0327
0.0000	0.0036	0.0828	0.0000	0.0000	0.9079	0.0029	0.0001	0.0000	0.0000	0.0000	0.0027
0.5880	0.0000	0.0000	0.0000	0.0000	0.0004	0.0000	0.0000	0.0000	0.0013	0.0000	0.4102
0.0000	0.0000	0.0000	0.0000	0.0000	0.0000	0.0000	0.0000	1.0000	0.0000	0.0000	0.0000
0.0000	0.8247	0.0185	0.0000	0.0000	0.1560	0.0003	0.0005	0.0000	0.0000	0.0000	0.0000
0.0004	0.0028	0.0000	0.0000	0.0000	0.5739	0.0532	0.2335	0.0000	0.0002	0.0001	0.1358
0.0000	0.0000	0.0013	0.0000	0.0000	0.0005	0.4814	0.0609	0.0000	0.0113	0.0001	0.4444
0.9994	0.0000	0.0000	0.0000	0.0000	0.0004	0.0000	0.0000	0.0000	0.0002	0.0000	0.0000
0.0203	0.0000	0.0000	0.0000	0.0000	0.0000	0.0000	0.0000	0.9797	0.0000	0.0000	0.0000
0.0000	0.0000	0.2812	0.0000	0.0000	0.0000	0.2709	0.3728	0.0000	0.0031	0.0000	0.0721
0.0000	0.0000	0.0000	0.0000	0.0000	0.0000	0.0000	0.0000	0.0000	0.9995	0.0000	0.0005
0.0000	0.0000	0.0000	0.0000	1.0000	0.0000	0.0000	0.0000	0.0000	0.0000	0.0000	0.0000
0.9937	0.0000	0.0000	0.0000	0.0000	0.0000	0.0000	0.0000	0.0000	0.0025	0.0001	0.0037
0.0000	0.0000	0.0071	0.0000	0.0000	0.9929	0.0000	0.0000	0.0000	0.0000	0.0000	0.0000
0.0000	0.2594	0.0311	0.0000	0.0000	0.7088	0.0003	0.0004	0.0000	0.0000	0.0000	0.0000
0.0000	0.0000	0.1055	0.0000	0.0000	0.0000	0.8369	0.0115	0.0000	0.0091	0.0000	0.0371
0.0000	0.7406	0.2572	0.0000	0.0000	0.0000	0.0020	0.0000	0.0000	0.0000	0.0000	0.0001
0.0056	0.0000	0.0000	0.0000	0.0000	0.0011	0.8503	0.0308	0.0000	0.0004	0.0000	0.1118
0.1389	0.0000	0.0000	0.0074	0.0000	0.0000	0.2330	0.0000	0.0000	0.6159	0.0000	0.0047
0.0000	0.0000	0.0000	0.0000	0.0000	0.0000	0.0115	0.0000	0.0000	0.2237	0.0001	0.7647
0.0000	0.0000	0.0000	0.0000	0.9976	0.0000	0.0000	0.0000	0.0000	0.0000	0.0024	0.0000
0.0001	0.0000	0.3867	0.0000	0.0000	0.0004	0.4482	0.0250	0.0000	0.0009	0.0000	0.1387
0.0000	0.0000	0.0000	0.0000	0.0000	0.0000	0.0000	0.0000	0.0000	1.0000	0.0000	0.0000
0.0011	0.0003	0.0000	0.0000	0.0000	0.9699	0.0000	0.0011	0.0000	0.0276	0.0000	0.0000
0.2824	0.0000	0.0000	0.0000	0.0000	0.0216	0.0012	0.0561	0.0000	0.6383	0.0000	0.0005
0.0000	0.0000	0.0002	0.0000	0.0000	0.0000	0.9556	0.0012	0.0000	0.0017	0.0000	0.0413
0.0000	0.1505	0.0019	0.0000	0.0000	0.0000	0.8404	0.0055	0.0000	0.0000	0.0000	0.0017
0.0000	0.0000	0.0001	0.0001	0.0000	0.0000	0.0150	0.0000	0.0004	0.0030	0.0000	0.9815
0.0000	0.0000	0.0000	0.0000	0.0000	0.0000	0.0000	0.0000	0.0000	0.0000	1.0000	0.0000
0.0000	0.0019	0.0000	0.0000	0.0000	0.0000	0.9974	0.0003	0.0000	0.0000	0.0000	0.0005
0.0491	0.0000	0.0035	0.0000	0.0000	0.0004	0.4637	0.4568	0.0000	0.0127	0.0000	0.0139
0.6951	0.0000	0.0000	0.0000	0.0000	0.0000	0.0000	0.0000	0.2623	0.0427	0.0000	0.0000
0.0000	0.0000	0.0047	0.0000	0.0000	0.0000	0.2461	0.7222	0.0000	0.0000	0.0000	0.0269
0.0000	0.0000	0.9380	0.0000	0.0000	0.0603	0.0005	0.0012	0.0000	0.0000	0.0000	0.0000
0.9995	0.0000	0.0000	0.0000	0.0000	0.0000	0.0000	0.0000	0.0000	0.0000	0.0005	0.0000
0.0000	0.0000	0.0000	0.0000	0.0000	0.0000	0.0000	0.0000	1.0000	0.0000	0.0000	0.0000
0.0000	0.0000	0.0000	0.0000	0.0000	0.0000	0.0000	0.0000	1.0000	0.0000	0.0000	0.0000
0.8437	0.0000	0.0000	0.0392	0.0000	0.0003	0.0000	0.0000	0.0000	0.0567	0.0599	0.0003
0.0000	0.0000	0.0000	0.0000	0.0000	0.0000	0.0000	0.0000	0.0000	0.9650	0.0000	0.0349
0.0000	0.4689	0.2997	0.0000	0.0000	0.1115	0.1128	0.0063	0.0000	0.0000	0.0000	0.0008
0.0000	0.0000	0.0002	0.0000	0.0000	0.0000	0.0000	0.0000	0.0000	0.0000	0.0000	0.9998
0.0000	0.0000	0.0000	0.0000	0.0000	0.0000	0.0000	0.0000	0.0000	0.0000	0.0000	1.0000
0.0000	0.0001	0.9946	0.0000	0.0000	0.0005	0.0000	0.0000	0.0047	0.0000	0.0000	0.0000
0.0000	0.0000	0.0001	0.0000	0.0000	0.0000	0.0000	0.0000	0.0000	0.0000	0.0000	0.9999
0.0000	0.0000	0.0000	0.0000	0.0000	0.0000	0.0000	0.0000	0.0000	0.0000	0.0000	1.0000
0.0000	0.0000	0.0000	0.0000	0.0000	0.0000	0.0000	0.0000	0.0000	0.0000	0.0000	1.0000
0.0000	0.0000	0.0000	0.0000	0.0000	0.0000	0.0000	0.0000	0.0000	0.0000	0.0000	1.0000
0.0000	0.0000	0.0000	0.0000	0.0000	0.0000	0.0000	0.0000	0.0000	0.0000	0.0000	1.0000
0.0000	0.0000	0.0000	0.0000	0.0000	0.0000	0.0000	0.0000	0.0000	0.0000	0.0000	1.0000
0.0000	0.0000	0.9866	0.0000	0.0000	0.0000	0.0000	0.0000	0.0013	0.0000	0.0000	0.0120
0.0000	0.0000	0.0000	0.0000	0.0000	0.0000	0.0000	0.0000	0.0002	0.0000	0.0000	0.9998
0.0000	0.0000	0.9965	0.0000	0.0000	0.0007	0.0000	0.0000	0.0028	0.0000	0.0000	0.0000
0.0000	0.0000	0.0000	0.0000	0.0000	0.0000	0.0000	0.0000	0.0000	0.0000	0.0000	1.0000
0.0000	0.0000	0.0000	0.0000	0.0000	0.0000	0.0000	0.0000	0.0000	0.0000	0.0000	1.0000
0.0000	0.0000	0.8715	0.0000	0.0000	0.0000	0.0000	0.0000	0.0096	0.0000	0.0000	0.1189
0.0000	0.0000	0.0000	0.0000	0.0000	0.0000	0.0000	0.0000	0.0000	0.0000	0.0000	1.0000
0.0000	0.0000	0.0000	0.0000	0.0000	0.0000	0.0000	0.0000	0.0000	0.0000	0.0000	1.0000
0.0000	0.0001	0.9984	0.0000	0.0000	0.0015	0.0000	0.0000	0.0000	0.0000	0.0000	0.0000
0.0000	0.0000	0.9995	0.0000	0.0000	0.0003	0.0000	0.0000	0.0000	0.0000	0.0000	0.0001
0.0000	0.0000	0.0000	0.0000	0.0000	0.0000	0.0000	0.0000	0.0000	0.0000	0.0000	1.0000
0.0000	0.0000	0.9899	0.0000	0.0000	0.0003	0.0000	0.0000	0.0060	0.0000	0.0000	0.0038
0.0000	0.0000	0.9964	0.0000	0.0000	0.0000	0.0000	0.0000	0.0035	0.0000	0.0000	0.0000
0.0001	0.0000	0.9964	0.0000	0.0000	0.0000	0.0000	0.0000	0.0016	0.0000	0.0000	0.0019
0.0000	0.0000	0.0000	0.0000	0.0000	0.0000	0.0000	0.0000	1.0000	0.0000	0.0000	0.0000
0.0000	0.0000	0.0005	0.0000	0.0000	0.0001	0.9993	0.0000	0.0001	0.0000	0.0000	0.0000
0.0000	0.0000	0.0006	0.0000	0.0000	0.0000	0.9993	0.0000	0.0000	0.0000	0.0000	0.0000
0.0000	0.0000	0.0000	0.0000	0.0000	0.0000	0.0000	0.0000	1.0000	0.0000	0.0000	0.0000
0.0000	0.0000	0.0000	0.0000	0.0000	0.0000	0.0139	0.0000	0.9861	0.0000	0.0000	0.0000
0.0000	0.0000	0.0000	0.0000	0.0000	0.0000	0.0000	0.0000	1.0000	0.0000	0.0000	0.0000
0.0000	0.0000	0.9997	0.0000	0.0000	0.0000	0.0003	0.0000	0.0000	0.0000	0.0000	0.0000
0.0000	0.0000	0.0932	0.0000	0.0000	0.0000	0.9068	0.0000	0.0000	0.0000	0.0000	0.0000
0.0000	0.0000	0.0000	0.0000	0.0000	0.0000	0.0000	0.0000	1.0000	0.0000	0.0000	0.0000
0.0000	0.0000	0.0000	0.0000	0.0000	0.0000	1.0000	0.0000	0.0000	0.0000	0.0000	0.0000
0.0000	0.0000	0.0000	0.0000	0.0000	0.0000	0.0000	0.0000	1.0000	0.0000	0.0000	0.0000
0.0000	0.0000	0.9893	0.0000	0.0000	0.0003	0.0104	0.0000	0.0000	0.0000	0.0000	0.0000
0.0000	0.0000	0.0000	0.0000	0.0000	0.0000	0.0000	0.0000	1.0000	0.0000	0.0000	0.0000
0.0000	0.0000	0.0057	0.0000	0.0000	0.0000	0.9943	0.0000	0.0000	0.0000	0.0000	0.0000
0.0000	0.0000	0.0000	0.0000	0.0000	0.0000	1.0000	0.0000	0.0000	0.0000	0.0000	0.0000
0.0000	0.0000	0.0000	0.0000	0.0000	0.0000	1.0000	0.0000	0.0000	0.0000	0.0000	0.0000
0.0000	0.0000	0.0000	0.0000	0.0000	0.0000	0.0000	0.0000	1.0000	0.0000	0.0000	0.0000
0.0000	0.0000	0.9778	0.0000	0.0000	0.0170	0.0053	0.0000	0.0000	0.0000	0.0000	0.0000
0.0000	0.0000	0.8464	0.0000	0.0000	0.0407	0.1129	0.0000	0.0000	0.0000	0.0000	0.0000
0.0000	0.0000	0.0000	0.0000	0.0000	0.0000	0.0000	0.0000	1.0000	0.0000	0.0000	0.0000
0.0000	0.0000	0.0728	0.0000	0.0000	0.0000	0.9272	0.0000	0.0000	0.0000	0.0000	0.0000
0.0000	0.0000	0.3180	0.0000	0.0000	0.0000	0.6820	0.0000	0.0000	0.0000	0.0000	0.0000
0.0000	0.0000	0.0000	0.0000	0.0000	0.0000	0.0000	0.0000	1.0000	0.0000	0.0000	0.0000
0.0000	0.0000	0.3634	0.0000	0.0000	0.0000	0.6366	0.0000	0.0000	0.0000	0.0000	0.0000
0.0000	0.0000	0.0000	0.0000	0.0000	0.0000	1.0000	0.0000	0.0000	0.0000	0.0000	0.0000
0.0000	0.0000	0.0000	0.0000	0.0000	0.0000	0.0000	0.0000	1.0000	0.0000	0.0000	0.0000
0.0000	0.0000	0.9815	0.0000	0.0000	0.0028	0.0157	0.0000	0.0000	0.0000	0.0000	0.0000
0.0000	0.0000	0.0094	0.0000	0.0000	0.0000	0.9809	0.0000	0.0096	0.0000	0.0000	0.0000
0.0000	0.0000	0.0027	0.0000	0.0000	0.0000	0.9973	0.0000	0.0000	0.0000	0.0000	0.0000
0.0000	0.0000	0.0000	0.0000	0.0000	0.0000	0.0000	0.0000	1.0000	0.0000	0.0000	0.0000
0.0000	0.0000	0.0022	0.0000	0.0000	0.0000	0.9978	0.0000	0.0000	0.0000	0.0000	0.0000
0.0000	0.0000	0.0000	0.0000	0.0000	0.0000	0.0000	0.0000	1.0000	0.0000	0.0000	0.0000
0.0000	0.0000	0.4248	0.0000	0.0000	0.5700	0.0051	0.0000	0.0000	0.0000	0.0000	0.0000
