0.0000	0.0000	0.0000	0.0000	0.0000	0.0000	0.0000	0.0000	0.0000	0.0030	0.9970	0.0000
0.0000	0.0000	0.0000	0.0000	0.0000	0.0002	0.1007	0.8959	0.0000	0.0000	0.0000	0.0033
0.0000	0.0000	0.0000	0.0000	0.0000	0.0000	0.0000	0.0000	0.0000	1.0000	0.0000	0.0000
0.0000	0.0000	0.0000	0.0000	0.0000	0.0000	0.0000	0.0000	0.0000	0.9569	0.0000	0.0431
0.0000	0.0000	0.0000	0.0000	0.0000	0.0000	0.0023	0.9977	0.0000	0.0000	0.0000	0.0000
0.0000	0.0000	0.0000	0.0000	0.0000	0.0000	0.9002	0.0416	0.0000	0.0000	0.0000	0.0581
0.0000	0.4118	0.1991	0.0000	0.0000	0.3833	0.0000	0.0057	0.0000	0.0000	0.0000	0.0000
0.0000	0.0000	0.0000	0.0000	0.0000	0.0000	0.0000	0.8910	0.0000	0.0000	0.0000	0.1090
0.0000	0.0000	0.0000	0.0000	0.0000	0.0000	0.0000	0.0000	0.0000	1.0000	0.0000	0.0000
0.0000	0.0000	0.0000	0.0000	0.1984	0.0000	0.0000	0.0000	0.0000	0.7477	0.0000	0.0538
0.0000	0.0000	0.0000	0.0000	0.0000	0.0000	0.0000	0.0000	0.0000	0.0000	0.9624	0.0376
0.4361	0.0000	0.0007	0.0000	0.0000	0.5476	0.0027	0.0023	0.0000	0.0107	0.0000	0.0000
0.0000	0.0000	0.0000	0.0000	0.0000	0.0314	0.0725	0.8958	0.0000	0.0002	0.0000	0.0002
0.0000	0.0427	0.0004	0.0000	0.0000	0.5272	0.0066	0.4230	0.0000	0.0000	0.0000	0.0000
0.0000	0.0000	0.9234	0.0000	0.0000	0.0001	0.0404	0.0357	0.0000	0.0002	0.0000	0.0003
0.0000	0.0000	0.0000	0.0000	0.0000	0.0000	0.9995	0.0000	0.0000	0.0000	0.0002	0.0003
0.0000	0.0000	0.0000	0.0000	0.0000	0.0000	0.1607	0.0000	0.0000	0.4584	0.0024	0.3785
0.0000	0.0000	0.0001	0.0000	0.0000	0.0000	0.4795	0.4754	0.0000	0.0000	0.0000	0.0449
0.0000	0.0007	0.0074	0.0000	0.0000	0.0014	0.0146	0.9756	0.0000	0.0000	0.0000	0.0004
0.0000	0.7958	0.0000	0.0000	0.0000	0.0002	0.0053	0.1983	0.0000	0.0000	0.0000	0.0004
0.0000	0.0000	0.0000	0.0000	0.0000	0.9999	0.0000	0.0000	0.0000	0.0001	0.0000	0.0000
0.0000	0.0000	0.0003	0.0000	0.0000	0.0000	0.5900	0.1281	0.0000	0.0005	0.0000	0.2812
0.0000	0.0001	0.0320	0.0000	0.0000	0.0006	0.1167	0.8490	0.0000	0.0000	0.0000	0.0017
0.9987	0.0000	0.0001	0.0000	0.0000	0.0002	0.0010	0.0000	0.0000	0.0000	0.0000	0.0000
0.0000	0.0000	0.0000	0.0000	0.0000	0.0001	0.0000	0.0000	0.9990	0.0009	0.0000	0.0000
0.0000	0.0000	0.0002	0.0000	0.0000	0.5145	0.0038	0.4012	0.0000	0.0000	0.0000	0.0803
0.0000	0.0000	0.0000	0.0000	0.0000	0.0000	0.0001	0.9999	0.0000	0.0000	0.0000	0.0000
0.0000	0.0000	0.0000	0.0133	0.0000	0.0000	0.0000	0.0000	0.9867	0.0000	0.0000	0.0000
0.0000	0.0481	0.0001	0.0000	0.0000	0.4846	0.1439	0.0014	0.0000	0.0000	0.0000	0.3219
0.0000	0.0000	0.0000	0.1386	0.0006	0.0000	0.1468	0.0000	0.0000	0.7114	0.0000	0.0025
0.0000	0.0000	0.0010	0.0000	0.0000	0.0000	0.0009	0.0000	0.0000	0.0001	0.0000	0.9981
0.0000	0.2846	0.5743	0.0000	0.0000	0.1362	0.0000	0.0049	0.0000	0.0000	0.0000	0.0000
0.0000	0.0000	0.0000	0.9992	0.0000	0.0000	0.0007	0.0000	0.0000	0.0000	0.0001	0.0000
0.0000	0.0000	0.0000	0.0063	0.0000	0.0000	0.0000	0.0000	0.0000	0.0000	0.9937	0.0000
0.0000	0.0000	0.0000	0.0000	0.0000	0.0000	0.3439	0.6561	0.0000	0.0000	0.0000	0.0000
0.0000	0.0000	0.0000	0.0000	0.0000	0.3589	0.0079	0.0266	0.0000	0.0000	0.0000	0.6066
0.0000	0.0000	0.0000	0.0000	0.0000	0.0000	0.0000	0.0000	1.0000	0.0000	0.0000	0.0000
0.0000	0.1001	0.4544	0.0000	0.0000	0.4405	0.0021	0.0028	0.0000	0.0000	0.0000	0.0000
0.0002	0.0000	0.0000	0.0000	0.0000	0.0004	0.9993	0.0001	0.0000	0.0000	0.0000	0.0001
0.0000	0.0000	0.0000	0.0044	0.0000	0.0000	0.0000	0.0000	0.0000	0.9955	0.0000	0.0001
0.0000	0.0000	0.0000	0.0000	0.0000	0.0000	0.0000	0.0000	0.0000	0.9997	0.0000	0.0003
0.9998	0.0000	0.0000	0.0000	0.0000	0.0000	0.0000	0.0000	0.0000	0.0002	0.0000	0.0000
0.0003	0.0000	0.0033	0.0000	0.0000	0.0001	0.0002	0.0013	0.0000	0.0126	0.0000	0.9822
0.0000	0.0000	0.0000	0.0000	0.0000	0.0000	0.0000	0.0000	0.0000	0.0002	0.9998	0.0000
0.0006	0.0000	0.0000	0.0000	0.0000	0.0001	0.0013	0.0002	0.0000	0.9806	0.0000	0.0172
0.0000	0.0004	0.0056	0.0000	0.0000	0.3748	0.0276	0.2837	0.0000	0.0002	0.0000	0.3077
0.0000	0.0000	0.0020	0.0000	0.0000	0.0001	0.0217	0.0204	0.0000	0.0023	0.0000	0.9534
0.9998	0.0000	0.0000	0.0000	0.0000	0.0000	0.0000	0.0000	0.0000	0.0001	0.0000	0.0000
0.0058	0.0000	0.0000	0.0000	0.0000	0.0000	0.0000	0.0000	0.9942	0.0000	0.0000	0.0000
0.0000	0.0000	0.0001	0.0000	0.0000	0.0000	0.4902	0.5085	0.0000	0.0000	0.0000	0.0012
0.0000	0.0000	0.0000	0.0000	0.0000	0.0000	0.0000	0.0000	0.0000	0.9999	0.0000	0.0001
0.0000	0.0000	0.0000	0.0000	0.0260	0.0000	0.0000	0.0000	0.0000	0.9728	0.0000	0.0012
0.0000	0.6024	0.1836	0.0000	0.0000	0.2120	0.0000	0.0020	0.0000	0.0000	0.0000	0.0000
0.0000	0.0001	0.0015	0.0000	0.0000	0.9985	0.0000	0.0000	0.0000	0.0000	0.0000	0.0000
0.0000	0.1701	0.0228	0.0000	0.0000	0.8040	0.0000	0.0031	0.0000	0.0000	0.0000	0.0000
0.0000	0.9399	0.0000	0.0000	0.0000	0.0000	0.0111	0.0445	0.0000	0.0000	0.0044	0.0000
0.0039	0.0000	0.0000	0.0000	0.0000	0.9041	0.0213	0.0702	0.0000	0.0004	0.0000	0.0000
0.0000	0.0000	0.0000	0.0000	0.0000	0.0000	0.0000	0.0000	1.0000	0.0000	0.0000	0.0000
0.0275	0.0197	0.2966	0.0000	0.0000	0.0318	0.0443	0.0614	0.0000	0.5184	0.0003	0.0000
0.0020	0.0000	0.0000	0.0000	0.0000	0.0173	0.3532	0.6268	0.0000	0.0006	0.0000	0.0001
0.0000	0.0002	0.0000	0.0000	0.0000	0.0901	0.1539	0.7558	0.0000	0.0000	0.0000	0.0000
0.0000	0.0000	0.0000	0.0000	0.0000	0.0000	0.0344	0.0000	0.0000	0.0048	0.0329	0.9279
0.0014	0.0000	0.0000	0.0000	0.0000	0.0000	0.0000	0.0000	0.8875	0.1111	0.0000	0.0000
0.0000	0.0000	0.0000	0.0000	0.0000	0.0000	0.0000	0.0000	0.0000	0.9907	0.0060	0.0033
0.0000	0.0000	0.0000	0.0000	0.0000	0.9853	0.0015	0.0016	0.0000	0.0117	0.0000	0.0000
0.0000	0.0000	0.0000	0.0000	0.0000	0.0397	0.5991	0.0377	0.0000	0.0132	0.0000	0.3101
0.0017	0.0000	0.0000	0.0000	0.0000	0.0000	0.0000	0.0000	0.9953	0.0029	0.0000	0.0000
0.0000	0.0000	0.0000	1.0000	0.0000	0.0000	0.0000	0.0000	0.0000	0.0000	0.0000	0.0000
0.0000	0.0000	0.0000	0.9902	0.0000	0.0000	0.0000	0.0000	0.0098	0.0000	0.0001	0.0000
0.0000	0.0000	0.5538	0.0000	0.0000	0.4376	0.0003	0.0081	0.0000	0.0000	0.0000	0.0002
0.1320	0.0000	0.0000	0.0000	0.0000	0.0000	0.0000	0.0000	0.8680	0.0000	0.0000	0.0000
0.0141	0.0000	0.0000	0.0000	0.0000	0.0000	0.0000	0.0001	0.0000	0.0478	0.0016	0.9363
0.3505	0.0000	0.0000	0.0000	0.0000	0.0000	0.0000	0.0000	0.6465	0.0030	0.0000	0.0000
0.0000	0.0000	0.7023	0.0000	0.0000	0.2951	0.0004	0.0022	0.0000	0.0000	0.0000	0.0000
0.0000	0.0000	0.0000	0.0000	0.0000	0.0000	0.0293	0.0001	0.0000	0.0001	0.0000	0.9705
0.0000	0.0000	0.9145	0.0000	0.0000	0.0851	0.0002	0.0001	0.0000	0.0000	0.0000	0.0000
0.2496	0.0000	0.0000	0.0000	0.0000	0.3972	0.0000	0.0000	0.0000	0.3532	0.0000	0.0000
0.0000	0.0000	0.0000	0.9900	0.0000	0.0000	0.0000	0.0000	0.0000	0.0000	0.0000	0.0099
0.9999	0.0000	0.0000	0.0000	0.0000	0.0000	0.0000	0.0000	0.0000	0.0000	0.0000	0.0001
0.0000	0.0000	0.0000	0.0000	0.0000	0.0000	0.9252	0.0008	0.0000	0.0000	0.0000	0.0740
0.0066	0.0000	0.0000	0.0000	0.0000	0.0114	0.0000	0.0000	0.0000	0.1017	0.0008	0.8795
0.0000	0.0000	0.0000	0.0000	0.0000	0.0000	0.0103	0.0033	0.0000	0.0006	0.0000	0.9856
0.0000	0.0992	0.3876	0.0000	0.0000	0.0093	0.0950	0.4088	0.0000	0.0000	0.0000	0.0000
0.9997	0.0000	0.0000	0.0000	0.0000	0.0000	0.0000	0.0000	0.0000	0.0000	0.0000	0.0003
0.0000	0.0000	0.0000	0.0000	0.0000	0.0000	0.9970	0.0027	0.0000	0.0000	0.0000	0.0003
0.0000	0.0000	0.0157	0.0000	0.0000	0.0000	0.0000	0.0000	0.0000	0.0002	0.0000	0.9841
0.0000	0.0000	0.9361	0.0000	0.0000	0.0639	0.0000	0.0000	0.0000	0.0000	0.0000	0.0000
0.0000	0.0000	0.9644	0.0000	0.0000	0.0356	0.0000	0.0000	0.0000	0.0000	0.0000	0.0000
0.0221	0.0000	0.8389	0.0000	0.0000	0.0012	0.0000	0.0000	0.0000	0.0592	0.0000	0.0786
0.0000	0.0000	0.0000	0.0000	0.0000	0.0000	0.0000	0.0000	0.0000	0.0000	0.0000	1.0000
0.0000	0.0000	0.9996	0.0000	0.0000	0.0003	0.0000	0.0000	0.0000	0.0000	0.0000	0.0001
0.0000	0.0000	0.9986	0.0000	0.0000	0.0006	0.0000	0.0000	0.0000	0.0000	0.0000	0.0008
0.0000	0.0000	0.0000	0.0000	0.0000	0.0000	0.0000	0.0000	0.0000	0.0000	0.0000	1.0000
0.0000	0.0000	0.0000	0.0000	0.0000	0.0000	0.0000	0.0000	0.0000	0.0000	0.0000	1.0000
0.0000	0.0000	0.9991	0.0000	0.0000	0.0006	0.0000	0.0000	0.0000	0.0000	0.0000	0.0002
0.0000	0.0000	0.9999	0.0000	0.0000	0.0000	0.0000	0.0000	0.0000	0.0000	0.0000	0.0000
0.0000	0.0000	0.0000	0.0000	0.0000	0.0000	0.0000	0.0000	0.0000	0.0000	0.0000	1.0000
0.0000	0.0000	0.9960	0.0000	0.0000	0.0040	0.0000	0.0000	0.0000	0.0000	0.0000	0.0000
0.0000	0.0000	0.9997	0.0000	0.0000	0.0003	0.0000	0.0000	0.0000	0.0000	0.0000	0.0000
0.0000	0.0000	0.0005	0.0000	0.0000	0.0000	0.0000	0.0005	0.0000	0.0007	0.0000	0.9983
0.0001	0.0000	0.0013	0.0000	0.0000	0.0000	0.0000	0.0000	0.0000	0.0002	0.0000	0.9983
0.0000	0.0000	0.0000	0.0000	0.0000	0.0000	0.0000	0.0000	0.0000	0.0000	0.0000	1.0000
0.0000	0.0000	0.0001	0.0000	0.0000	0.0000	0.0000	0.0000	0.0000	0.0000	0.0000	0.9999
0.0000	0.0000	0.9737	0.0000	0.0000	0.0263	0.0000	0.0000	0.0000	0.0000	0.0000	0.0000
0.0000	0.0000	0.9994	0.0000	0.0000	0.0003	0.0000	0.0000	0.0000	0.0000	0.0000	0.0002
0.0000	0.0000	0.0000	0.0000	0.0000	0.0000	0.0000	0.0000	0.0000	0.0000	0.0000	1.0000
0.0000	0.0000	0.0000	0.0000	0.0000	0.0000	0.0000	0.0000	1.0000	0.0000	0.0000	0.0000
0.0000	0.0000	1.0000	0.0000	0.0000	0.0000	0.0000	0.0000	0.0000	0.0000	0.0000	0.0000
0.0000	0.0000	0.0000	0.0000	0.0000	0.9992	0.0000	0.0000	0.0008	0.0000	0.0000	0.0000
0.0000	0.0000	0.0002	0.0000	0.0000	0.0000	0.9998	0.0000	0.0000	0.0000	0.0000	0.0000
0.0000	0.0000	0.0000	0.0000	0.0000	0.1249	0.8743	0.0008	0.0000	0.0000	0.0000	0.0000
0.0000	0.0000	0.0000	0.0000	0.0000	0.0000	0.0000	0.0000	1.0000	0.0000	0.0000	0.0000
0.0000	0.0000	0.0000	0.0001	0.0000	0.0000	0.0000	0.0000	0.9999	0.0000	0.0000	0.0000
0.0000	0.0000	0.0000	0.0000	0.0000	0.0000	1.0000	0.0000	0.0000	0.0000	0.0000	0.0000
0.0000	0.0000	0.0000	0.0000	0.0000	0.0000	0.0000	0.0000	1.0000	0.0000	0.0000	0.0000
0.0000	0.0000	0.9536	0.0000	0.0000	0.0001	0.0463	0.0000	0.0000	0.0000	0.0000	0.0000
0.0000	0.0000	0.0000	0.0000	0.0000	0.0148	0.9562	0.0290	0.0000	0.0000	0.0000	0.0000
0.0000	0.0000	0.0000	0.0000	0.0000	0.0000	0.0001	0.0000	0.9999	0.0000	0.0000	0.0000
0.0000	0.0000	0.0000	0.0000	0.0000	0.0030	0.0000	0.0000	0.9970	0.0000	0.0000	0.0000
0.0000	0.0000	0.0000	0.0000	0.0000	0.0000	1.0000	0.0000	0.0000	0.0000	0.0000	0.0000
0.0000	0.0000	0.9948	0.0000	0.0000	0.0006	0.0046	0.0000	0.0000	0.0000	0.0000	0.0000
0.0000	0.0000	0.9988	0.0000	0.0000	0.0000	0.0012	0.0000	0.0000	0.0000	0.0000	0.0000
0.0000	0.0000	0.0000	0.0000	0.0000	0.0000	0.0000	0.0000	1.0000	0.0000	0.0000	0.0000
0.0000	0.0000	0.0010	0.0000	0.0000	0.0001	0.9989	0.0000	0.0000	0.0000	0.0000	0.0000
0.0000	0.0000	0.0000	0.0000	0.0000	0.0000	0.0000	0.0000	1.0000	0.0000	0.0000	0.0000
0.0000	0.0000	0.0000	0.0000	0.0000	0.0000	1.0000	0.0000	0.0000	0.0000	0.0000	0.0000
0.0000	0.0000	0.0005	0.0000	0.0000	0.0005	0.9990	0.0000	0.0000	0.0000	0.0000	0.0000
0.0000	0.0000	0.0000	0.0000	0.0000	0.0000	0.0000	0.0000	1.0000	0.0000	0.0000	0.0000
0.0000	0.0000	0.0000	0.0000	0.0000	0.0000	0.0000	0.0000	1.0000	0.0000	0.0000	0.0000
0.0000	0.0000	0.0000	0.0000	0.0000	0.0000	0.0000	0.0000	1.0000	0.0000	0.0000	0.0000
0.0000	0.0000	0.0000	0.0000	0.0000	0.0000	0.0000	0.0000	1.0000	0.0000	0.0000	0.0000
0.0000	0.0000	1.0000	0.0000	0.0000	0.0000	0.0000	0.0000	0.0000	0.0000	0.0000	0.0000
0.0000	0.0000	0.0000	0.0000	0.0000	0.0004	0.9996	0.0000	0.0000	0.0000	0.0000	0.0000
