0.0000	0.0000	0.0000	0.0000	0.0000	0.0000	0.0000	0.0000	1.0000	0.0000	0.0000	0.0000
0.0000	0.0005	0.0000	0.0000	0.0000	0.0000	0.5998	0.3996	0.0000	0.0000	0.0000	0.0000
0.0000	0.0000	0.0000	0.0000	0.0000	0.0000	0.0000	0.0000	0.0000	1.0000	0.0000	0.0000
0.0002	0.0000	0.0000	0.0000	0.0000	0.0000	0.0000	0.0000	0.0000	0.9997	0.0000	0.0001
0.0000	0.0000	0.0000	0.0000	0.0000	0.0025	0.0000	0.9975	0.0000	0.0000	0.0000	0.0000
0.0000	0.0000	0.0000	0.0000	0.0000	0.0000	0.3774	0.0032	0.0000	0.0000	0.0000	0.6193
0.0000	0.0915	0.5000	0.0000	0.0000	0.4068	0.0007	0.0009	0.0000	0.0000	0.0000	0.0000
0.0000	0.0000	0.0000	0.0000	0.0000	0.0000	0.5882	0.3295	0.0000	0.0001	0.0000	0.0821
0.0000	0.0000	0.0000	0.0000	0.0000	0.0000	0.0000	0.0000	0.0000	1.0000	0.0000	0.0000
0.0000	0.0000	0.0000	0.0090	0.8334	0.0000	0.0000	0.0000	0.0000	0.1573	0.0000	0.0003
0.0000	0.0000	0.0000	0.0000	0.0000	0.0000	0.0000	0.0000	0.0000	0.0000	0.9999	0.0001
0.8854	0.0000	0.0000	0.0000	0.0000	0.1084	0.0041	0.0003	0.0000	0.0012	0.0000	0.0006
0.0000	0.0000	0.0000	0.0000	0.0000	0.0002	0.0862	0.8665	0.0000	0.0015	0.0000	0.0455
0.0000	0.0001	0.0000	0.0000	0.0000	0.9875	0.0016	0.0109	0.0000	0.0000	0.0000	0.0000
0.0000	0.0000	0.2338	0.0000	0.0000	0.0000	0.0285	0.7377	0.0000	0.0000	0.0000	0.0000
0.0000	0.0000	0.0000	0.0000	0.0000	0.0000	0.1139	0.0000	0.0000	0.0007	0.0067	0.8787
0.0000	0.0000	0.0000	0.0000	0.0000	0.0000	0.0002	0.0001	0.0000	0.5127	0.0005	0.4866
0.0000	0.0000	0.0000	0.0000	0.0000	0.0000	0.0294	0.9593	0.0000	0.0001	0.0000	0.0111
0.0000	0.0000	0.0003	0.0000	0.0000	0.0006	0.0299	0.6865	0.0000	0.0001	0.0001	0.2826
0.0000	1.0000	0.0000	0.0000	0.0000	0.0000	0.0000	0.0000	0.0000	0.0000	0.0000	0.0000
0.0000	0.0000	0.0000	0.0000	0.0000	0.9917	0.0001	0.0081	0.0000	0.0000	0.0000	0.0000
0.0000	0.0000	0.0000	0.0000	0.0000	0.0000	0.0021	0.0661	0.0000	0.0029	0.0000	0.9288
0.0000	0.0000	0.0028	0.0000	0.0000	0.0000	0.1491	0.8011	0.0000	0.0000	0.0000	0.0470
0.9986	0.0005	0.0006	0.0000	0.0000	0.0000	0.0002	0.0000	0.0000	0.0000	0.0000	0.0000
0.0000	0.0000	0.0000	0.0000	0.0000	0.0000	0.0000	0.0000	1.0000	0.0000	0.0000	0.0000
0.0000	0.0000	0.0010	0.0000	0.0000	0.0183	0.0458	0.8140	0.0000	0.0000	0.0000	0.1208
0.0000	0.0000	0.0000	0.0000	0.0000	0.0000	0.0000	1.0000	0.0000	0.0000	0.0000	0.0000
0.0000	0.0000	0.0000	0.0000	0.0000	0.0000	0.0000	0.0000	0.0000	0.0000	1.0000	0.0000
0.0000	0.0340	0.0000	0.0000	0.0000	0.0603	0.9042	0.0003	0.0000	0.0000	0.0000	0.0012
0.0000	0.0000	0.0000	0.0011	0.0000	0.0026	0.0015	0.0000	0.0000	0.9948	0.0000	0.0000
0.0000	0.0000	0.0000	0.0000	0.0000	0.0000	0.0001	0.0000	0.0000	0.0003	0.0000	0.9996
0.0000	0.0815	0.7748	0.0000	0.0000	0.1424	0.0004	0.0008	0.0000	0.0000	0.0000	0.0000
0.0000	0.0000	0.0000	1.0000	0.0000	0.0000	0.0000	0.0000	0.0000	0.0000	0.0000	0.0000
0.0000	0.0000	0.0000	0.9947	0.0000	0.0000	0.0000	0.0000	0.0000	0.0015	0.0038	0.0000
0.0000	0.0000	0.0000	0.0000	0.0000	0.0000	0.3334	0.6666	0.0000	0.0000	0.0000	0.0000
0.0000	0.0000	0.0000	0.0124	0.0000	0.0582	0.0004	0.0000	0.0000	0.0191	0.0001	0.9099
0.0000	0.0000	0.0000	0.0000	0.0000	0.0000	0.0000	0.0000	1.0000	0.0000	0.0000	0.0000
0.0000	0.0040	0.2400	0.0000	0.0000	0.7232	0.0327	0.0000	0.0000	0.0000	0.0000	0.0001
0.0000	0.0000	0.0000	0.0000	0.0000	0.0013	0.9986	0.0000	0.0000	0.0000	0.0000	0.0001
0.0000	0.0000	0.0000	0.0000	0.0000	0.0000	0.0000	0.0000	0.0000	1.0000	0.0000	0.0000
0.0000	0.0000	0.0000	0.0000	0.0000	0.0000	0.0000	0.0000	0.0000	1.0000	0.0000	0.0000
0.9689	0.0000	0.0000	0.0000	0.0000	0.0000	0.0000	0.0000	0.0000	0.0014	0.0001	0.0297
0.0002	0.0000	0.0003	0.0000	0.0000	0.0000	0.0001	0.0000	0.0000	0.0000	0.0005	0.9990
0.0000	0.0000	0.0000	0.0000	0.0000	0.0000	0.0000	0.0000	1.0000	0.0000	0.0000	0.0000
0.0033	0.0000	0.0000	0.0000	0.0000	0.0001	0.0145	0.0320	0.0000	0.9227	0.0004	0.0269
0.0000	0.0000	0.0009	0.0000	0.0000	0.5090	0.0002	0.0009	0.0000	0.0000	0.0000	0.4889
0.0003	0.0000	0.0001	0.0000	0.0000	0.0000	0.0654	0.0070	0.0000	0.0003	0.0002	0.9267
1.0000	0.0000	0.0000	0.0000	0.0000	0.0000	0.0000	0.0000	0.0000	0.0000	0.0000	0.0000
0.1425	0.0000	0.0000	0.0000	0.0000	0.0000	0.0000	0.0000	0.8575	0.0000	0.0000	0.0000
0.0000	0.0000	0.0000	0.0000	0.0000	0.0000	0.5661	0.4337	0.0000	0.0000	0.0000	0.0002
0.0000	0.0000	0.0000	0.0000	0.0000	0.0000	0.0000	0.0000	0.0000	1.0000	0.0000	0.0000
0.0000	0.0000	0.0000	0.0007	0.0000	0.0000	0.0000	0.0000	0.0000	0.9993	0.0000	0.0000
0.0000	0.5156	0.3856	0.0000	0.0000	0.0972	0.0004	0.0012	0.0000	0.0000	0.0000	0.0000
0.0000	0.0000	0.0000	0.0000	0.0000	1.0000	0.0000	0.0000	0.0000	0.0000	0.0000	0.0000
0.0000	0.0140	0.2285	0.0000	0.0000	0.7570	0.0002	0.0003	0.0000	0.0000	0.0000	0.0000
0.0000	0.9999	0.0000	0.0000	0.0000	0.0000	0.0000	0.0001	0.0000	0.0000	0.0000	0.0000
0.0000	0.0000	0.0000	0.0000	0.0000	0.0000	0.3500	0.6491	0.0000	0.0000	0.0000	0.0008
0.0000	0.0000	0.0000	0.0000	0.0000	0.0000	0.0000	0.0000	1.0000	0.0000	0.0000	0.0000
0.0000	0.9821	0.0178	0.0000	0.0000	0.0000	0.0000	0.0000	0.0000	0.0000	0.0001	0.0000
0.0000	0.0740	0.0000	0.0000	0.0000	0.0000	0.1050	0.7650	0.0000	0.0007	0.0000	0.0552
0.0000	0.0029	0.0000	0.0000	0.0000	0.0001	0.0151	0.9772	0.0000	0.0003	0.0000	0.0044
0.0000	0.0000	0.0000	0.0000	0.0000	0.0000	0.0000	0.0000	0.0000	0.0001	0.0000	0.9999
0.0000	0.0000	0.0000	0.0000	0.0000	0.0000	0.0000	0.0000	0.9946	0.0054	0.0000	0.0000
0.0000	0.0000	0.0000	0.0000	0.0000	0.0000	0.0000	0.0000	0.0000	0.9998	0.0002	0.0000
0.0005	0.0000	0.0000	0.0000	0.0000	0.4187	0.0298	0.5108	0.0000	0.0401	0.0000	0.0000
0.0000	0.0000	0.0000	0.0000	0.0000	0.0014	0.8656	0.0002	0.0000	0.0084	0.0000	0.1244
0.0000	0.0000	0.0000	0.0000	0.0000	0.0000	0.0000	0.0000	1.0000	0.0000	0.0000	0.0000
0.0000	0.0000	0.0000	0.0001	0.0000	0.0000	0.0000	0.0000	0.0000	0.9999	0.0000	0.0000
0.0000	0.0000	0.0000	0.0000	0.0000	0.0000	0.0000	0.0000	0.0000	0.0000	1.0000	0.0000
0.0000	0.0000	0.8168	0.0000	0.0000	0.1770	0.0009	0.0006	0.0000	0.0000	0.0000	0.0047
0.8039	0.0000	0.0000	0.0000	0.0000	0.0000	0.0000	0.0000	0.1961	0.0000	0.0000	0.0000
0.0000	0.0000	0.0000	0.0000	0.0000	0.0000	0.0000	0.0004	0.0000	0.0000	0.0000	0.9996
0.9989	0.0000	0.0000	0.0000	0.0000	0.0000	0.0000	0.0000	0.0006	0.0005	0.0000	0.0000
0.0000	0.0000	0.0070	0.0000	0.0000	0.9604	0.0095	0.0191	0.0000	0.0000	0.0000	0.0040
0.0000	0.0000	0.0000	0.0000	0.0000	0.0000	0.1261	0.0002	0.0000	0.0000	0.0000	0.8737
0.0000	0.0000	0.0772	0.0000	0.0000	0.9001	0.0090	0.0083	0.0000	0.0000	0.0000	0.0054
0.0000	0.0000	0.0000	0.0000	0.0000	1.0000	0.0000	0.0000	0.0000	0.0000	0.0000	0.0000
0.0000	0.0000	0.0000	0.0001	0.0000	0.0000	0.0000	0.0000	0.0000	0.9949	0.0050	0.0000
1.0000	0.0000	0.0000	0.0000	0.0000	0.0000	0.0000	0.0000	0.0000	0.0000	0.0000	0.0000
0.0000	0.0000	0.0001	0.0000	0.0000	0.0000	0.8701	0.0000	0.0000	0.0001	0.0000	0.1296
0.0000	0.0000	0.0000	0.1247	0.0000	0.0000	0.0000	0.0000	0.0000	0.6199	0.2554	0.0001
0.0000	0.0000	0.0000	0.0000	0.0000	0.0000	0.0000	0.0000	0.0000	0.0005	0.0000	0.9995
0.0000	0.5511	0.3563	0.0000	0.0000	0.0000	0.0879	0.0047	0.0000	0.0000	0.0000	0.0000
0.0018	0.0000	0.0667	0.0000	0.0000	0.0000	0.0000	0.9315	0.0000	0.0000	0.0000	0.0000
0.0000	0.0000	0.0000	0.0000	0.0000	0.0000	0.9999	0.0001	0.0000	0.0000	0.0000	0.0000
0.0000	0.0000	0.0014	0.0000	0.0000	0.0000	0.0000	0.0000	0.0000	0.0000	0.0000	0.9986
0.0009	0.0000	0.9715	0.0000	0.0000	0.0275	0.0000	0.0000	0.0000	0.0000	0.0000	0.0000
0.0008	0.0000	0.9860	0.0000	0.0000	0.0132	0.0000	0.0000	0.0000	0.0000	0.0000	0.0000
0.0000	0.0000	0.0087	0.0000	0.0000	0.0000	0.0000	0.0000	0.0000	0.0000	0.0000	0.9913
0.0000	0.0000	0.0000	0.0000	0.0000	0.0000	0.0000	0.0000	0.0000	0.0000	0.0000	1.0000
0.0000	0.0000	0.9962	0.0000	0.0000	0.0000	0.0000	0.0000	0.0000	0.0000	0.0000	0.0037
0.0001	0.0000	0.9963	0.0000	0.0000	0.0000	0.0000	0.0000	0.0000	0.0000	0.0000	0.0036
0.0000	0.0000	0.0000	0.0000	0.0000	0.0000	0.0000	0.0000	0.0000	0.0000	0.0000	1.0000
0.0000	0.0000	0.0000	0.0000	0.0000	0.0000	0.0000	0.0000	0.0000	0.0000	0.0000	1.0000
0.0000	0.0000	0.9990	0.0000	0.0000	0.0000	0.0000	0.0000	0.0000	0.0000	0.0000	0.0010
0.0102	0.0000	0.9898	0.0000	0.0000	0.0000	0.0000	0.0000	0.0000	0.0000	0.0000	0.0000
0.0000	0.0000	0.0000	0.0000	0.0000	0.0000	0.0000	0.0000	0.0000	0.0000	0.0000	1.0000
0.0001	0.0000	0.9992	0.0000	0.0000	0.0006	0.0000	0.0000	0.0000	0.0000	0.0000	0.0001
0.0003	0.0000	0.9997	0.0000	0.0000	0.0000	0.0000	0.0000	0.0000	0.0000	0.0000	0.0000
0.0000	0.0000	0.0000	0.0000	0.0000	0.0000	0.0000	0.0000	0.0000	0.0000	0.0000	1.0000
0.0000	0.0000	0.1244	0.0000	0.0000	0.0000	0.0000	0.0000	0.0000	0.0000	0.0000	0.8756
0.0000	0.0000	0.0000	0.0000	0.0000	0.0000	0.0000	0.0000	0.0000	0.0000	0.0000	1.0000
0.0000	0.0000	0.0000	0.0000	0.0000	0.0000	0.0000	0.0000	0.0000	0.0000	0.0000	1.0000
0.0001	0.0000	0.9906	0.0000	0.0000	0.0093	0.0000	0.0000	0.0000	0.0000	0.0000	0.0000
0.0002	0.0000	0.9899	0.0000	0.0000	0.0000	0.0000	0.0000	0.0000	0.0000	0.0000	0.0099
0.0000	0.0000	0.0000	0.0000	0.0000	0.0000	0.0000	0.0000	0.0000	0.0000	0.0000	1.0000
0.0000	0.0000	0.0000	0.0000	0.0000	0.0000	0.0000	0.0000	1.0000	0.0000	0.0000	0.0000
0.0000	0.0000	0.9989	0.0000	0.0000	0.0000	0.0011	0.0000	0.0000	0.0000	0.0000	0.0000
0.0000	0.0000	0.0000	0.0000	0.0000	0.0000	0.0000	0.0000	1.0000	0.0000	0.0000	0.0000
0.0000	0.0000	0.0000	0.0000	0.0000	0.0000	1.0000	0.0000	0.0000	0.0000	0.0000	0.0000
0.0000	0.0000	0.0000	0.0000	0.0000	0.0000	1.0000	0.0000	0.0000	0.0000	0.0000	0.0000
0.0000	0.0000	0.0000	0.0000	0.0000	0.0000	0.0000	0.0000	1.0000	0.0000	0.0000	0.0000
0.0000	0.0000	0.0000	0.0000	0.0000	0.0000	0.0000	0.0000	1.0000	0.0000	0.0000	0.0000
0.0000	0.0000	0.0000	0.0000	0.0000	0.0000	1.0000	0.0000	0.0000	0.0000	0.0000	0.0000
0.0000	0.0000	0.0000	0.0000	0.0000	0.0000	0.0000	0.0000	1.0000	0.0000	0.0000	0.0000
0.0000	0.0000	0.0443	0.0000	0.0000	0.0000	0.9557	0.0000	0.0000	0.0000	0.0000	0.0000
0.0000	0.0000	0.0000	0.0000	0.0000	0.0000	1.0000	0.0000	0.0000	0.0000	0.0000	0.0000
0.0000	0.0000	0.0000	0.0000	0.0000	0.0000	0.0017	0.0000	0.9983	0.0000	0.0000	0.0000
0.0000	0.0000	0.0000	0.0000	0.0000	0.0000	1.0000	0.0000	0.0000	0.0000	0.0000	0.0000
0.0000	0.0000	0.0000	0.0000	0.0000	0.0000	1.0000	0.0000	0.0000	0.0000	0.0000	0.0000
0.0000	0.0000	0.8975	0.0000	0.0000	0.0128	0.0897	0.0000	0.0000	0.0000	0.0000	0.0000
0.0000	0.0000	0.7747	0.0000	0.0000	0.0000	0.2253	0.0000	0.0000	0.0000	0.0000	0.0000
0.0000	0.0000	0.0000	0.0000	0.0000	0.0000	0.0000	0.0000	1.0000	0.0000	0.0000	0.0000
0.0000	0.0000	0.0005	0.0000	0.0000	0.0000	0.9995	0.0000	0.0000	0.0000	0.0000	0.0000
0.0000	0.0000	0.0000	0.0000	0.0000	0.0000	0.0000	0.0000	1.0000	0.0000	0.0000	0.0000
0.0000	0.0000	0.0000	0.0000	0.0000	0.0000	1.0000	0.0000	0.0000	0.0000	0.0000	0.0000
0.0000	0.0000	0.0000	0.0000	0.0000	0.0000	1.0000	0.0000	0.0000	0.0000	0.0000	0.0000
0.0000	0.0000	0.0000	0.0000	0.0000	0.0000	0.0000	0.0000	1.0000	0.0000	0.0000	0.0000
0.0000	0.0000	0.0000	0.0000	0.0000	0.0000	0.0000	0.0000	1.0000	0.0000	0.0000	0.0000
0.0000	0.0000	0.0000	0.0000	0.0000	0.0000	0.0000	0.0000	1.0000	0.0000	0.0000	0.0000
0.0000	0.0000	0.0000	0.0000	0.0000	0.0000	0.0000	0.0000	1.0000	0.0000	0.0000	0.0000
0.0000	0.0000	0.9997	0.0000	0.0000	0.0000	0.0002	0.0000	0.0000	0.0000	0.0000	0.0000
0.0000	0.0000	0.0000	0.0000	0.0000	0.0000	1.0000	0.0000	0.0000	0.0000	0.0000	0.0000
