0.0000	0.0000	0.0000	0.0000	0.0000	0.0000	0.0000	0.0000	1.0000	0.0000	0.0000	0.0000
0.0000	0.0000	0.0000	0.0000	0.0000	0.0000	0.0577	0.9422	0.0000	0.0000	0.0000	0.0000
0.0000	0.0000	0.0000	0.0000	0.0000	0.0000	0.0000	0.0000	0.0000	1.0000	0.0000	0.0000
0.0661	0.0000	0.0000	0.0000	0.0000	0.0000	0.0000	0.0000	0.0000	0.9338	0.0000	0.0000
0.0000	0.0000	0.0000	0.0000	0.0000	0.0000	0.0017	0.9983	0.0000	0.0000	0.0000	0.0000
0.0000	0.0000	0.0000	0.0000	0.0000	0.0000	0.2539	0.0096	0.0000	0.0072	0.0000	0.7293
0.0000	0.1777	0.1363	0.0000	0.0000	0.6857	0.0000	0.0003	0.0000	0.0000	0.0000	0.0000
0.0000	0.0000	0.0000	0.0000	0.0000	0.0000	0.0794	0.7867	0.0000	0.0000	0.0000	0.1339
0.0002	0.0000	0.0000	0.0000	0.0000	0.0000	0.0000	0.0000	0.0000	0.9998	0.0000	0.0000
0.0000	0.0000	0.0000	0.0000	1.0000	0.0000	0.0000	0.0000	0.0000	0.0000	0.0000	0.0000
0.0000	0.0000	0.0000	0.0000	0.0000	0.0000	0.0000	0.0000	0.0000	0.0000	1.0000	0.0000
0.4769	0.0001	0.0029	0.0000	0.0000	0.3493	0.1381	0.0015	0.0000	0.0254	0.0003	0.0054
0.0000	0.0000	0.0000	0.0000	0.0000	0.0000	0.2136	0.4507	0.0000	0.0045	0.0001	0.3311
0.0000	0.0005	0.0002	0.0000	0.0000	0.2342	0.0200	0.7450	0.0000	0.0000	0.0000	0.0002
0.0000	0.0000	0.4397	0.0000	0.0000	0.0000	0.0696	0.4905	0.0000	0.0000	0.0000	0.0001
0.0000	0.0000	0.0000	0.0000	0.0000	0.0000	0.8364	0.0000	0.0000	0.0398	0.0328	0.0910
0.0000	0.0000	0.0000	0.0000	0.0000	0.0000	0.0025	0.0000	0.0000	0.9720	0.0015	0.0240
0.0000	0.0000	0.0000	0.0000	0.0000	0.0000	0.1673	0.8040	0.0000	0.0002	0.0004	0.0281
0.0000	0.0000	0.0008	0.0000	0.0000	0.0002	0.0230	0.9590	0.0000	0.0000	0.0000	0.0169
0.0000	0.9999	0.0000	0.0000	0.0000	0.0000	0.0000	0.0001	0.0000	0.0000	0.0000	0.0000
0.0002	0.0000	0.0000	0.0000	0.0000	0.9997	0.0000	0.0000	0.0000	0.0001	0.0000	0.0000
0.0000	0.0000	0.0000	0.0000	0.0000	0.0000	0.0373	0.0530	0.0000	0.0837	0.0000	0.8260
0.0000	0.0000	0.0285	0.0000	0.0000	0.0004	0.7440	0.2118	0.0000	0.0001	0.0000	0.0151
0.9866	0.0024	0.0040	0.0000	0.0000	0.0001	0.0069	0.0000	0.0000	0.0000	0.0000	0.0000
0.0000	0.0000	0.0000	0.0000	0.0000	0.0000	0.0000	0.0000	1.0000	0.0000	0.0000	0.0000
0.0000	0.0000	0.0016	0.0000	0.0000	0.0400	0.0746	0.4886	0.0000	0.0000	0.0000	0.3952
0.0000	0.0000	0.0000	0.0000	0.0000	0.0000	0.0006	0.9994	0.0000	0.0000	0.0000	0.0000
0.0000	0.0000	0.0000	0.0000	0.0000	0.0000	0.0000	0.0000	0.0000	0.0000	0.9997	0.0003
0.0000	0.0064	0.0003	0.0000	0.0000	0.0725	0.9184	0.0013	0.0000	0.0000	0.0000	0.0011
0.0000	0.0000	0.0000	0.0001	0.0000	0.0000	0.9917	0.0001	0.0000	0.0080	0.0000	0.0001
0.0000	0.0000	0.0000	0.0000	0.0000	0.0000	0.0136	0.0000	0.0000	0.0038	0.0007	0.9819
0.0000	0.3681	0.3193	0.0000	0.0000	0.3116	0.0002	0.0008	0.0000	0.0000	0.0000	0.0000
0.0000	0.0000	0.0000	1.0000	0.0000	0.0000	0.0000	0.0000	0.0000	0.0000	0.0000	0.0000
0.0000	0.0000	0.0000	0.8060	0.0000	0.0000	0.0000	0.0000	0.0000	0.0005	0.1935	0.0000
0.0000	0.0000	0.0000	0.0000	0.0000	0.0000	0.2476	0.7524	0.0000	0.0000	0.0000	0.0000
0.0000	0.0000	0.0000	0.0073	0.0000	0.0026	0.0399	0.0000	0.0000	0.0467	0.0000	0.9034
0.0000	0.0000	0.0000	0.0000	0.0000	0.0000	0.0000	0.0000	1.0000	0.0000	0.0000	0.0000
0.0000	0.0201	0.2194	0.0000	0.0000	0.7489	0.0115	0.0000	0.0000	0.0000	0.0000	0.0000
0.0000	0.0000	0.0000	0.0000	0.0000	0.0103	0.9895	0.0000	0.0000	0.0000	0.0000	0.0002
0.0000	0.0000	0.0000	0.0004	0.0000	0.0000	0.0000	0.0000	0.0000	0.9995	0.0000	0.0001
0.0000	0.0000	0.0000	0.0000	0.0000	0.0000	0.0000	0.0000	0.0000	0.9998	0.0000	0.0002
0.1701	0.0000	0.0030	0.0000	0.0000	0.0000	0.0000	0.0000	0.0000	0.6418	0.0019	0.1832
0.0000	0.0000	0.0021	0.0000	0.0000	0.0004	0.0013	0.0001	0.0000	0.0010	0.0004	0.9947
0.0000	0.0000	0.0000	0.0000	0.0000	0.0000	0.0000	0.0000	1.0000	0.0000	0.0000	0.0000
0.0000	0.0000	0.0000	0.0000	0.0000	0.0000	0.0110	0.0016	0.0000	0.9610	0.0000	0.0263
0.0000	0.0000	0.0024	0.0000	0.0000	0.9414	0.0038	0.0130	0.0000	0.0000	0.0000	0.0394
0.0001	0.0000	0.0002	0.0000	0.0000	0.0000	0.1827	0.0835	0.0000	0.0016	0.0004	0.7315
1.0000	0.0000	0.0000	0.0000	0.0000	0.0000	0.0000	0.0000	0.0000	0.0000	0.0000	0.0000
0.0133	0.0000	0.0000	0.0000	0.0000	0.0000	0.0000	0.0000	0.9867	0.0000	0.0000	0.0000
0.0000	0.0000	0.0000	0.0000	0.0000	0.0000	0.8674	0.1319	0.0000	0.0000	0.0000	0.0006
0.0000	0.0000	0.0000	0.0000	0.0000	0.0000	0.0000	0.0000	0.0000	1.0000	0.0000	0.0000
0.0000	0.0000	0.0000	0.0027	0.0903	0.0000	0.0000	0.0000	0.0000	0.9070	0.0000	0.0000
0.0000	0.7740	0.1290	0.0000	0.0000	0.0965	0.0001	0.0005	0.0000	0.0000	0.0000	0.0000
0.0000	0.0000	0.0015	0.0000	0.0000	0.9985	0.0000	0.0000	0.0000	0.0000	0.0000	0.0000
0.0000	0.0553	0.0477	0.0000	0.0000	0.8970	0.0000	0.0001	0.0000	0.0000	0.0000	0.0000
0.0000	0.9999	0.0000	0.0000	0.0000	0.0000	0.0000	0.0001	0.0000	0.0000	0.0000	0.0000
0.0000	0.0000	0.0000	0.0000	0.0000	0.0002	0.4451	0.4997	0.0000	0.0107	0.0013	0.0430
0.0000	0.0000	0.0000	0.0000	0.0000	0.0000	0.0000	0.0000	1.0000	0.0000	0.0000	0.0000
0.0000	0.2443	0.7162	0.0000	0.0000	0.0001	0.0013	0.0007	0.0000	0.0000	0.0371	0.0002
0.0000	0.0004	0.0000	0.0000	0.0000	0.0000	0.4165	0.5344	0.0000	0.0034	0.0000	0.0452
0.0000	0.0001	0.0000	0.0000	0.0000	0.0001	0.1732	0.7944	0.0000	0.0025	0.0000	0.0297
0.0000	0.0000	0.0000	0.0000	0.0000	0.0000	0.0047	0.0000	0.0000	0.1593	0.0224	0.8135
0.0002	0.0000	0.0000	0.0000	0.0000	0.0000	0.0000	0.0000	0.9968	0.0030	0.0000	0.0000
0.0000	0.0000	0.0000	0.0000	0.0000	0.0000	0.0000	0.0000	0.0000	0.9978	0.0021	0.0001
0.0062	0.0000	0.0000	0.0000	0.0000	0.8481	0.0068	0.0010	0.0000	0.1379	0.0000	0.0000
0.0000	0.0000	0.0000	0.0000	0.0000	0.0000	0.2756	0.0000	0.0000	0.0019	0.0000	0.7224
0.0000	0.0000	0.0000	0.0000	0.0000	0.0000	0.0001	0.0000	0.9983	0.0016	0.0000	0.0000
0.0000	0.0000	0.0000	0.0476	0.0000	0.0000	0.0000	0.0000	0.0000	0.5264	0.0000	0.4261
0.0000	0.0000	0.0000	0.0000	0.0000	0.0000	0.0000	0.0000	0.0000	0.0000	0.9969	0.0031
0.0000	0.0007	0.9021	0.0000	0.0000	0.0919	0.0005	0.0020	0.0000	0.0000	0.0000	0.0028
0.1333	0.0000	0.0000	0.0000	0.0000	0.0000	0.0000	0.0000	0.8667	0.0000	0.0000	0.0000
0.0000	0.0000	0.0000	0.0000	0.0000	0.0000	0.0063	0.0274	0.0000	0.0000	0.0000	0.9662
0.9958	0.0000	0.0000	0.0000	0.0000	0.0000	0.0000	0.0000	0.0041	0.0001	0.0000	0.0000
0.0000	0.0000	0.0121	0.0000	0.0000	0.9762	0.0006	0.0106	0.0000	0.0000	0.0000	0.0005
0.0000	0.0000	0.0000	0.0000	0.0000	0.0000	0.7774	0.0033	0.0000	0.0000	0.0000	0.2193
0.0000	0.0000	0.2344	0.0000	0.0000	0.7587	0.0018	0.0045	0.0000	0.0000	0.0000	0.0006
0.0017	0.0000	0.0000	0.0000	0.0000	0.9982	0.0000	0.0000	0.0000	0.0000	0.0000	0.0000
0.0007	0.0000	0.0000	0.6088	0.0000	0.0000	0.0000	0.0000	0.0000	0.1541	0.0000	0.2364
1.0000	0.0000	0.0000	0.0000	0.0000	0.0000	0.0000	0.0000	0.0000	0.0000	0.0000	0.0000
0.0000	0.0000	0.0000	0.0000	0.0000	0.0000	0.9895	0.0001	0.0000	0.0001	0.0000	0.0104
0.0001	0.0000	0.0000	0.9644	0.0000	0.0000	0.0000	0.0000	0.0000	0.0344	0.0001	0.0010
0.0000	0.0000	0.0000	0.0000	0.0000	0.0000	0.0001	0.0000	0.0000	0.0000	0.0000	0.9999
0.0000	0.1381	0.5272	0.0000	0.0000	0.0051	0.2792	0.0498	0.0000	0.0000	0.0000	0.0005
0.0000	0.0000	0.0000	0.0000	0.0000	0.0000	0.0000	1.0000	0.0000	0.0000	0.0000	0.0000
0.0000	0.0000	0.0000	0.0000	0.0000	0.0000	0.9934	0.0066	0.0000	0.0000	0.0000	0.0000
0.0000	0.0000	0.0189	0.0000	0.0000	0.0000	0.0000	0.0000	0.0000	0.0000	0.0000	0.9811
0.0000	0.0000	0.9999	0.0000	0.0000	0.0000	0.0000	0.0000	0.0001	0.0000	0.0000	0.0000
0.0000	0.0000	0.9999	0.0000	0.0000	0.0000	0.0000	0.0000	0.0001	0.0000	0.0000	0.0000
0.0000	0.0000	0.6734	0.0000	0.0000	0.0000	0.0000	0.0000	0.0000	0.0000	0.0000	0.3266
0.0000	0.0000	0.0000	0.0000	0.0000	0.0000	0.0000	0.0000	0.0000	0.0000	0.0000	1.0000
0.0000	0.0000	0.9990	0.0000	0.0000	0.0000	0.0000	0.0000	0.0000	0.0000	0.0000	0.0010
0.0000	0.0000	0.9998	0.0000	0.0000	0.0000	0.0000	0.0000	0.0000	0.0000	0.0000	0.0002
0.0000	0.0000	0.0000	0.0000	0.0000	0.0000	0.0000	0.0000	0.0000	0.0000	0.0000	1.0000
0.0000	0.0000	0.0000	0.0000	0.0000	0.0000	0.0000	0.0000	0.0000	0.0000	0.0000	1.0000
0.0000	0.0000	0.9999	0.0000	0.0000	0.0000	0.0000	0.0000	0.0000	0.0000	0.0000	0.0001
0.0000	0.0000	0.9999	0.0000	0.0000	0.0000	0.0000	0.0000	0.0000	0.0000	0.0000	0.0001
0.0000	0.0000	0.0000	0.0000	0.0000	0.0000	0.0000	0.0000	0.0000	0.0000	0.0000	1.0000
0.0000	0.0000	1.0000	0.0000	0.0000	0.0000	0.0000	0.0000	0.0000	0.0000	0.0000	0.0000
0.0000	0.0000	1.0000	0.0000	0.0000	0.0000	0.0000	0.0000	0.0000	0.0000	0.0000	0.0000
0.0000	0.0000	0.0000	0.0000	0.0000	0.0000	0.0000	0.0000	0.0000	0.0000	0.0000	1.0000
0.0000	0.0000	0.0003	0.0000	0.0000	0.0000	0.0000	0.0000	0.0000	0.0000	0.0000	0.9997
0.0000	0.0000	0.0000	0.0000	0.0000	0.0000	0.0000	0.0000	0.0000	0.0000	0.0000	1.0000
0.0000	0.0000	0.0000	0.0000	0.0000	0.0000	0.0000	0.0000	0.0000	0.0000	0.0000	1.0000
0.0000	0.0000	0.9999	0.0000	0.0000	0.0001	0.0000	0.0000	0.0000	0.0000	0.0000	0.0000
0.0001	0.0000	0.9927	0.0000	0.0000	0.0000	0.0000	0.0000	0.0000	0.0000	0.0000	0.0072
0.0000	0.0000	0.0000	0.0000	0.0000	0.0000	0.0000	0.0000	0.0000	0.0000	0.0000	1.0000
0.0000	0.0000	0.0000	0.0000	0.0000	0.0000	0.0000	0.0000	1.0000	0.0000	0.0000	0.0000
0.0000	0.0000	0.9948	0.0000	0.0000	0.0008	0.0044	0.0000	0.0000	0.0000	0.0000	0.0000
0.0000	0.0000	0.0000	0.0000	0.0000	0.0000	0.0000	0.0000	1.0000	0.0000	0.0000	0.0000
0.0000	0.0000	0.0000	0.0000	0.0000	0.0000	1.0000	0.0000	0.0000	0.0000	0.0000	0.0000
0.0000	0.0000	0.0000	0.0000	0.0000	0.0000	1.0000	0.0000	0.0000	0.0000	0.0000	0.0000
0.0000	0.0000	0.0000	0.0000	0.0000	0.0000	0.0000	0.0000	1.0000	0.0000	0.0000	0.0000
0.0000	0.0000	0.0000	0.0000	0.0000	0.0000	0.0000	0.0000	1.0000	0.0000	0.0000	0.0000
0.0000	0.0000	0.0000	0.0000	0.0000	0.0000	1.0000	0.0000	0.0000	0.0000	0.0000	0.0000
0.0000	0.0000	0.0000	0.0000	0.0000	0.0000	0.0000	0.0000	1.0000	0.0000	0.0000	0.0000
0.0000	0.0000	0.0197	0.0000	0.0000	0.0000	0.9803	0.0000	0.0000	0.0000	0.0000	0.0000
0.0000	0.0000	0.0000	0.0000	0.0000	0.0000	1.0000	0.0000	0.0000	0.0000	0.0000	0.0000
0.0000	0.0000	0.0000	0.0000	0.0000	0.0000	0.0000	0.0000	1.0000	0.0000	0.0000	0.0000
0.0000	0.0000	0.0000	0.0000	0.0000	0.0000	0.9999	0.0000	0.0001	0.0000	0.0000	0.0000
0.0000	0.0000	0.0000	0.0000	0.0000	0.0000	1.0000	0.0000	0.0000	0.0000	0.0000	0.0000
0.0000	0.0000	0.7305	0.0000	0.0000	0.0006	0.2689	0.0000	0.0000	0.0000	0.0000	0.0000
0.0000	0.0000	0.9649	0.0000	0.0000	0.0000	0.0351	0.0000	0.0000	0.0000	0.0000	0.0000
0.0000	0.0000	0.0000	0.0000	0.0000	0.0000	0.0000	0.0000	1.0000	0.0000	0.0000	0.0000
0.0000	0.0000	0.0060	0.0000	0.0000	0.0000	0.9940	0.0000	0.0000	0.0000	0.0000	0.0000
0.0000	0.0000	0.0000	0.0000	0.0000	0.0000	0.0000	0.0000	1.0000	0.0000	0.0000	0.0000
0.0000	0.0000	0.0000	0.0000	0.0000	0.0000	1.0000	0.0000	0.0000	0.0000	0.0000	0.0000
0.0000	0.0000	0.0000	0.0000	0.0000	0.0000	0.9999	0.0000	0.0000	0.0000	0.0000	0.0000
0.0000	0.0000	0.0000	0.0000	0.0000	0.0000	0.0000	0.0000	1.0000	0.0000	0.0000	0.0000
0.0000	0.0000	0.0000	0.0000	0.0000	0.0000	0.0000	0.0000	1.0000	0.0000	0.0000	0.0000
0.0000	0.0000	0.0000	0.0000	0.0000	0.0000	0.0000	0.0000	1.0000	0.0000	0.0000	0.0000
0.0000	0.0000	0.0000	0.0000	0.0000	0.0000	0.0000	0.0000	1.0000	0.0000	0.0000	0.0000
0.0000	0.0000	0.9986	0.0000	0.0000	0.0008	0.0006	0.0000	0.0000	0.0000	0.0000	0.0000
0.0000	0.0000	0.0023	0.0000	0.0000	0.0000	0.9977	0.0000	0.0000	0.0000	0.0000	0.0000
