0.0000	0.0000	0.0000	0.0000	0.0000	0.0000	0.0000	0.0000	1.0000	0.0000	0.0000	0.0000
0.0000	0.0003	0.0002	0.0000	0.0000	0.0018	0.2613	0.7337	0.0000	0.0001	0.0000	0.0026
0.0003	0.0000	0.0000	0.0000	0.0000	0.0000	0.0000	0.0000	0.0000	0.9996	0.0000	0.0000
0.0142	0.0000	0.0000	0.0000	0.0000	0.0000	0.0000	0.0000	0.0000	0.9779	0.0001	0.0078
0.0000	0.0000	0.0000	0.0000	0.0000	0.0003	0.0618	0.9377	0.0000	0.0000	0.0000	0.0002
0.0000	0.0000	0.0011	0.0000	0.0000	0.0003	0.7580	0.0343	0.0000	0.0033	0.0001	0.2029
0.0000	0.0331	0.2983	0.0000	0.0000	0.6581	0.0009	0.0092	0.0000	0.0000	0.0000	0.0004
0.0000	0.0000	0.0000	0.0000	0.0000	0.0000	0.0134	0.8975	0.0000	0.0009	0.0000	0.0882
0.0020	0.0000	0.0000	0.0000	0.0000	0.0000	0.0000	0.0000	0.0000	0.9980	0.0000	0.0000
0.0000	0.0000	0.0000	0.0000	0.9533	0.0000	0.0000	0.0000	0.0000	0.0467	0.0000	0.0000
0.0000	0.0000	0.0000	0.0000	0.0000	0.0000	0.0000	0.0000	0.0000	0.0000	0.9995	0.0004
0.3931	0.0001	0.0065	0.0000	0.0000	0.4482	0.0560	0.0118	0.0000	0.0674	0.0018	0.0151
0.0000	0.0000	0.0000	0.0000	0.0000	0.0476	0.4008	0.3204	0.0000	0.0139	0.0002	0.2170
0.0000	0.0066	0.0056	0.0000	0.0000	0.8259	0.0376	0.1204	0.0000	0.0000	0.0000	0.0039
0.0001	0.0000	0.3008	0.0000	0.0000	0.0002	0.3452	0.3526	0.0000	0.0002	0.0000	0.0009
0.0000	0.0000	0.0000	0.0000	0.0000	0.0000	0.6821	0.0000	0.0000	0.0020	0.0086	0.3073
0.0000	0.0000	0.0000	0.0000	0.0000	0.0000	0.0340	0.0000	0.0000	0.1980	0.0133	0.7548
0.0000	0.0001	0.0049	0.0000	0.0000	0.0001	0.5935	0.2294	0.0000	0.0068	0.0006	0.1647
0.0000	0.0008	0.0929	0.0000	0.0000	0.0340	0.1809	0.4503	0.0000	0.0010	0.0001	0.2399
0.0000	0.9777	0.0000	0.0000	0.0000	0.0000	0.0004	0.0219	0.0000	0.0000	0.0000	0.0000
0.0000	0.0000	0.0000	0.0000	0.0000	0.9978	0.0008	0.0006	0.0000	0.0008	0.0000	0.0000
0.0000	0.0000	0.0055	0.0000	0.0000	0.0000	0.2141	0.0526	0.0000	0.0194	0.0002	0.7081
0.0000	0.0000	0.2501	0.0000	0.0000	0.0023	0.3109	0.3399	0.0000	0.0016	0.0001	0.0951
0.7437	0.0013	0.0451	0.0000	0.0000	0.0152	0.1884	0.0008	0.0000	0.0017	0.0000	0.0038
0.0000	0.0000	0.0000	0.0000	0.0000	0.0000	0.0000	0.0000	1.0000	0.0000	0.0000	0.0000
0.0000	0.0000	0.0046	0.0000	0.0000	0.3641	0.1186	0.1196	0.0000	0.0002	0.0000	0.3930
0.0000	0.0000	0.0000	0.0000	0.0000	0.0000	0.0122	0.9878	0.0000	0.0000	0.0000	0.0000
0.0000	0.0000	0.0000	0.0000	0.0000	0.0000	0.0000	0.0000	0.0000	0.0000	1.0000	0.0000
0.0000	0.0385	0.0007	0.0000	0.0000	0.2823	0.6192	0.0176	0.0000	0.0001	0.0000	0.0416
0.0000	0.0000	0.0000	0.0007	0.0001	0.0002	0.9775	0.0033	0.0000	0.0134	0.0000	0.0049
0.0000	0.0000	0.0003	0.0000	0.0000	0.0001	0.0172	0.0000	0.0000	0.0035	0.0005	0.9783
0.0000	0.0354	0.5172	0.0000	0.0000	0.4279	0.0018	0.0171	0.0000	0.0000	0.0000	0.0005
0.0000	0.0000	0.0000	1.0000	0.0000	0.0000	0.0000	0.0000	0.0000	0.0000	0.0000	0.0000
0.0000	0.0000	0.0000	0.6459	0.0000	0.0000	0.0000	0.0000	0.0000	0.0049	0.3491	0.0000
0.0000	0.0000	0.0000	0.0000	0.0000	0.0000	0.4352	0.5647	0.0000	0.0000	0.0000	0.0000
0.0000	0.0000	0.0000	0.0000	0.0000	0.0749	0.0017	0.0062	0.0000	0.0044	0.0001	0.9128
0.0000	0.0000	0.0000	0.0000	0.0000	0.0000	0.0000	0.0000	1.0000	0.0000	0.0000	0.0000
0.0000	0.0228	0.3379	0.0000	0.0000	0.6098	0.0228	0.0038	0.0000	0.0000	0.0000	0.0028
0.0002	0.0004	0.0005	0.0000	0.0000	0.0229	0.9558	0.0089	0.0000	0.0000	0.0000	0.0112
0.0001	0.0000	0.0000	0.0006	0.0000	0.0000	0.0000	0.0000	0.0000	0.9991	0.0001	0.0000
0.0000	0.0000	0.0000	0.0000	0.0000	0.0000	0.0000	0.0000	0.0000	0.9995	0.0000	0.0005
0.5704	0.0000	0.0061	0.0000	0.0000	0.0000	0.0000	0.0000	0.0000	0.1112	0.0050	0.3072
0.0007	0.0000	0.0846	0.0000	0.0000	0.0020	0.0109	0.0003	0.0000	0.0118	0.0016	0.8881
0.0000	0.0000	0.0000	0.0000	0.0000	0.0000	0.0000	0.0000	1.0000	0.0000	0.0000	0.0000
0.0029	0.0000	0.0003	0.0000	0.0000	0.0031	0.1473	0.0045	0.0000	0.7669	0.0007	0.0744
0.0000	0.0003	0.0410	0.0000	0.0000	0.6953	0.0304	0.0107	0.0000	0.0008	0.0002	0.2213
0.0004	0.0000	0.0572	0.0000	0.0000	0.0019	0.2529	0.0162	0.0000	0.0129	0.0013	0.6571
0.9989	0.0000	0.0000	0.0000	0.0000	0.0000	0.0000	0.0000	0.0007	0.0004	0.0000	0.0000
0.0447	0.0000	0.0000	0.0000	0.0000	0.0000	0.0000	0.0000	0.9552	0.0000	0.0000	0.0000
0.0000	0.0000	0.0006	0.0000	0.0000	0.0000	0.4812	0.5164	0.0000	0.0000	0.0000	0.0018
0.0000	0.0000	0.0000	0.0000	0.0000	0.0000	0.0000	0.0000	0.0000	0.9987	0.0000	0.0012
0.0000	0.0000	0.0000	0.0000	0.1010	0.0000	0.0000	0.0000	0.0000	0.8990	0.0000	0.0000
0.0000	0.0988	0.4467	0.0000	0.0000	0.4392	0.0017	0.0129	0.0000	0.0000	0.0000	0.0007
0.0000	0.0000	0.0032	0.0000	0.0000	0.9966	0.0000	0.0000	0.0000	0.0000	0.0000	0.0002
0.0000	0.0117	0.0970	0.0000	0.0000	0.8859	0.0005	0.0048	0.0000	0.0000	0.0000	0.0002
0.0000	0.5766	0.0000	0.0000	0.0000	0.0000	0.0117	0.4116	0.0000	0.0000	0.0000	0.0000
0.0001	0.0000	0.0000	0.0000	0.0000	0.0188	0.7484	0.2146	0.0000	0.0105	0.0003	0.0073
0.0000	0.0000	0.0000	0.0000	0.0000	0.0000	0.0000	0.0000	1.0000	0.0000	0.0000	0.0000
0.0002	0.2341	0.6890	0.0000	0.0000	0.0023	0.0119	0.0041	0.0000	0.0030	0.0292	0.0262
0.0003	0.0021	0.0000	0.0000	0.0000	0.0027	0.4502	0.4143	0.0000	0.0027	0.0004	0.1273
0.0001	0.0052	0.0000	0.0000	0.0000	0.0314	0.3523	0.5332	0.0000	0.0025	0.0005	0.0748
0.0000	0.0000	0.0000	0.0000	0.0000	0.0000	0.0036	0.0000	0.0000	0.0015	0.0017	0.9932
0.0042	0.0000	0.0000	0.0000	0.0000	0.0001	0.0000	0.0000	0.9072	0.0885	0.0000	0.0000
0.0000	0.0000	0.0000	0.0000	0.0000	0.0000	0.0000	0.0000	0.0000	0.9557	0.0412	0.0031
0.0002	0.0000	0.0000	0.0000	0.0000	0.8646	0.0428	0.0060	0.0000	0.0864	0.0000	0.0000
0.0000	0.0000	0.0002	0.0000	0.0000	0.0111	0.4810	0.0024	0.0000	0.0060	0.0000	0.4992
0.0000	0.0000	0.0000	0.0000	0.0000	0.0001	0.0002	0.0000	0.9961	0.0027	0.0001	0.0008
0.0000	0.0000	0.0000	0.8365	0.0000	0.0000	0.0001	0.0000	0.0242	0.1391	0.0000	0.0001
0.0000	0.0000	0.0000	0.0000	0.0000	0.0000	0.0000	0.0000	0.0000	0.0000	1.0000	0.0000
0.0000	0.0005	0.6539	0.0000	0.0000	0.2808	0.0168	0.0075	0.0000	0.0002	0.0000	0.0404
0.1501	0.0000	0.0000	0.0000	0.0000	0.0000	0.0000	0.0000	0.8499	0.0000	0.0000	0.0000
0.0000	0.0000	0.0000	0.0000	0.0000	0.0000	0.0205	0.0375	0.0000	0.0000	0.0000	0.9419
0.5137	0.0000	0.0000	0.0000	0.0000	0.0000	0.0000	0.0000	0.4515	0.0346	0.0002	0.0000
0.0000	0.0005	0.3173	0.0000	0.0000	0.6261	0.0060	0.0404	0.0000	0.0000	0.0000	0.0097
0.0000	0.0000	0.0000	0.0000	0.0000	0.0000	0.2386	0.0009	0.0000	0.0002	0.0000	0.7602
0.0000	0.0001	0.4546	0.0000	0.0000	0.5172	0.0031	0.0172	0.0000	0.0000	0.0000	0.0079
0.0012	0.0000	0.0000	0.0000	0.0000	0.9973	0.0000	0.0000	0.0000	0.0014	0.0000	0.0000
0.0522	0.0000	0.0000	0.0096	0.0000	0.0000	0.0000	0.0000	0.0000	0.0156	0.9224	0.0002
1.0000	0.0000	0.0000	0.0000	0.0000	0.0000	0.0000	0.0000	0.0000	0.0000	0.0000	0.0000
0.0000	0.0000	0.0007	0.0000	0.0000	0.0000	0.7166	0.0258	0.0000	0.0004	0.0000	0.2565
0.0003	0.0000	0.0000	0.0015	0.0000	0.0000	0.0000	0.0000	0.0000	0.5342	0.4518	0.0122
0.0000	0.0000	0.0000	0.0000	0.0000	0.0000	0.0001	0.0001	0.0000	0.0002	0.0000	0.9996
0.0000	0.0473	0.4056	0.0000	0.0000	0.0163	0.2868	0.2406	0.0000	0.0000	0.0000	0.0034
0.6546	0.0000	0.0007	0.0000	0.0000	0.0000	0.0001	0.3427	0.0000	0.0000	0.0000	0.0019
0.0000	0.0000	0.0006	0.0000	0.0000	0.0001	0.9755	0.0221	0.0000	0.0000	0.0000	0.0018
0.0000	0.0000	0.0096	0.0000	0.0000	0.0000	0.0000	0.0004	0.0000	0.0000	0.0000	0.9900
0.0000	0.0000	0.8152	0.0000	0.0000	0.1815	0.0000	0.0000	0.0001	0.0018	0.0000	0.0012
0.0000	0.0000	0.8348	0.0000	0.0000	0.1623	0.0000	0.0000	0.0002	0.0016	0.0000	0.0011
0.0010	0.0000	0.3522	0.0000	0.0000	0.0014	0.0016	0.0000	0.0011	0.0310	0.0000	0.6118
0.0000	0.0000	0.0000	0.0000	0.0000	0.0000	0.0000	0.0000	0.0000	0.0000	0.0000	1.0000
0.0000	0.0000	0.9525	0.0000	0.0000	0.0151	0.0000	0.0000	0.0000	0.0000	0.0000	0.0323
0.0003	0.0000	0.9470	0.0000	0.0000	0.0172	0.0000	0.0000	0.0000	0.0001	0.0000	0.0354
0.0000	0.0000	0.0000	0.0000	0.0000	0.0000	0.0000	0.0000	0.0000	0.0000	0.0000	1.0000
0.0000	0.0000	0.0087	0.0000	0.0000	0.0000	0.0021	0.0000	0.0001	0.0000	0.0000	0.9891
0.0000	0.0000	0.9865	0.0000	0.0000	0.0004	0.0000	0.0000	0.0000	0.0000	0.0000	0.0131
0.0000	0.0000	0.9979	0.0000	0.0000	0.0001	0.0000	0.0000	0.0001	0.0002	0.0000	0.0016
0.0000	0.0000	0.0000	0.0000	0.0000	0.0000	0.0000	0.0000	0.0000	0.0000	0.0000	0.9999
0.0000	0.0000	0.9693	0.0000	0.0000	0.0282	0.0000	0.0000	0.0001	0.0005	0.0000	0.0020
0.0000	0.0000	0.9966	0.0000	0.0000	0.0025	0.0000	0.0000	0.0001	0.0003	0.0000	0.0005
0.0000	0.0000	0.0000	0.0000	0.0000	0.0000	0.0000	0.0000	0.0000	0.0000	0.0000	1.0000
0.0003	0.0000	0.2004	0.0000	0.0000	0.0000	0.0122	0.0001	0.0000	0.0033	0.0000	0.7837
0.0000	0.0000	0.0000	0.0000	0.0000	0.0000	0.0000	0.0000	0.0000	0.0000	0.0000	1.0000
0.0000	0.0000	0.0001	0.0000	0.0000	0.0000	0.0000	0.0000	0.0000	0.0000	0.0000	0.9999
0.0000	0.0000	0.8439	0.0000	0.0000	0.1511	0.0000	0.0000	0.0000	0.0010	0.0000	0.0040
0.0004	0.0000	0.9625	0.0000	0.0000	0.0025	0.0001	0.0000	0.0000	0.0000	0.0000	0.0344
0.0000	0.0000	0.0000	0.0000	0.0000	0.0000	0.0000	0.0000	0.0000	0.0000	0.0000	1.0000
0.0000	0.0000	0.0000	0.0000	0.0000	0.0000	0.0000	0.0000	1.0000	0.0000	0.0000	0.0000
0.0000	0.0000	0.9870	0.0000	0.0000	0.0032	0.0097	0.0000	0.0000	0.0000	0.0000	0.0000
0.0000	0.0000	0.0000	0.0000	0.0000	0.0000	0.0000	0.0000	1.0000	0.0000	0.0000	0.0000
0.0000	0.0000	0.0019	0.0000	0.0000	0.0000	0.9980	0.0000	0.0000	0.0000	0.0000	0.0000
0.0000	0.0000	0.0000	0.0000	0.0000	0.0103	0.9897	0.0000	0.0000	0.0000	0.0000	0.0000
0.0000	0.0000	0.0000	0.0000	0.0000	0.0000	0.0000	0.0000	1.0000	0.0000	0.0000	0.0000
0.0000	0.0000	0.0000	0.0000	0.0000	0.0000	0.0000	0.0000	1.0000	0.0000	0.0000	0.0000
0.0000	0.0000	0.0001	0.0000	0.0000	0.0000	0.9999	0.0000	0.0000	0.0000	0.0000	0.0000
0.0000	0.0000	0.0000	0.0000	0.0000	0.0000	0.0000	0.0000	1.0000	0.0000	0.0000	0.0000
0.0000	0.0000	0.2671	0.0000	0.0000	0.0000	0.7329	0.0000	0.0000	0.0000	0.0000	0.0000
0.0000	0.0000	0.0000	0.0000	0.0000	0.0006	0.9994	0.0000	0.0000	0.0000	0.0000	0.0000
0.0000	0.0000	0.0000	0.0000	0.0000	0.0000	0.0053	0.0000	0.9947	0.0000	0.0000	0.0000
0.0000	0.0000	0.0000	0.0000	0.0000	0.0000	1.0000	0.0000	0.0000	0.0000	0.0000	0.0000
0.0000	0.0000	0.0017	0.0000	0.0000	0.0000	0.9983	0.0000	0.0000	0.0000	0.0000	0.0000
0.0000	0.0000	0.7185	0.0000	0.0000	0.0236	0.2579	0.0000	0.0000	0.0000	0.0000	0.0000
0.0000	0.0000	0.5939	0.0000	0.0000	0.0003	0.4058	0.0000	0.0000	0.0000	0.0000	0.0000
0.0000	0.0000	0.0000	0.0000	0.0000	0.0000	0.0000	0.0000	1.0000	0.0000	0.0000	0.0000
0.0000	0.0000	0.0033	0.0000	0.0000	0.0001	0.9967	0.0000	0.0000	0.0000	0.0000	0.0000
0.0000	0.0000	0.0000	0.0000	0.0000	0.0000	0.0000	0.0000	1.0000	0.0000	0.0000	0.0000
0.0000	0.0000	0.0000	0.0000	0.0000	0.0000	1.0000	0.0000	0.0000	0.0000	0.0000	0.0000
0.0000	0.0000	0.0023	0.0000	0.0000	0.0000	0.9977	0.0000	0.0000	0.0000	0.0000	0.0000
0.0000	0.0000	0.0000	0.0000	0.0000	0.0000	0.0000	0.0000	1.0000	0.0000	0.0000	0.0000
0.0000	0.0000	0.0000	0.0000	0.0000	0.0000	0.0000	0.0000	1.0000	0.0000	0.0000	0.0000
0.0000	0.0000	0.0000	0.0000	0.0000	0.0000	0.0000	0.0000	1.0000	0.0000	0.0000	0.0000
0.0000	0.0000	0.0000	0.0000	0.0000	0.0000	0.0000	0.0000	1.0000	0.0000	0.0000	0.0000
0.0000	0.0000	0.9858	0.0000	0.0000	0.0037	0.0104	0.0000	0.0000	0.0000	0.0000	0.0000
0.0000	0.0000	0.0035	0.0000	0.0000	0.0013	0.9953	0.0000	0.0000	0.0000	0.0000	0.0000
