0.0000	0.0000	0.0000	0.0000	0.0000	0.0000	0.0000	0.0000	1.0000	0.0000	0.0000	0.0000
0.0000	0.0002	0.0000	0.0000	0.0000	0.0000	0.2249	0.7748	0.0000	0.0000	0.0000	0.0000
0.0000	0.0000	0.0000	0.0000	0.0000	0.0000	0.0000	0.0000	0.0000	1.0000	0.0000	0.0000
0.0165	0.0000	0.0000	0.0000	0.0000	0.0000	0.0000	0.0000	0.0000	0.9833	0.0000	0.0002
0.0000	0.0000	0.0000	0.0000	0.0000	0.0000	0.0000	1.0000	0.0000	0.0000	0.0000	0.0000
0.0000	0.0000	0.0001	0.0000	0.0000	0.0000	0.8057	0.0910	0.0000	0.0014	0.0002	0.1016
0.0000	0.7391	0.0409	0.0000	0.0000	0.2135	0.0002	0.0063	0.0000	0.0000	0.0000	0.0000
0.0000	0.0000	0.0000	0.0000	0.0000	0.0000	0.0020	0.9899	0.0000	0.0000	0.0000	0.0081
0.0000	0.0000	0.0000	0.0000	0.0000	0.0000	0.0000	0.0000	0.0000	1.0000	0.0000	0.0000
0.0000	0.0000	0.0000	0.0000	0.0007	0.0000	0.0000	0.0000	0.0000	0.9992	0.0000	0.0001
0.0000	0.0000	0.0000	0.0000	0.0000	0.0000	0.0000	0.0000	0.0000	0.0000	1.0000	0.0000
0.1423	0.0005	0.0010	0.0000	0.0000	0.7676	0.0229	0.0248	0.0000	0.0385	0.0015	0.0009
0.0000	0.0000	0.0000	0.0000	0.0000	0.0003	0.6511	0.3274	0.0000	0.0062	0.0002	0.0148
0.0000	0.1347	0.0001	0.0000	0.0000	0.1116	0.0887	0.6649	0.0000	0.0000	0.0000	0.0001
0.0000	0.0001	0.6020	0.0000	0.0000	0.0000	0.0456	0.3523	0.0000	0.0000	0.0000	0.0000
0.0000	0.0000	0.0000	0.0000	0.0000	0.0000	0.9748	0.0000	0.0000	0.0002	0.0093	0.0157
0.0000	0.0000	0.0000	0.0000	0.0000	0.0000	0.0068	0.0001	0.0000	0.8766	0.0460	0.0706
0.0000	0.0000	0.0002	0.0000	0.0000	0.0000	0.3533	0.6384	0.0000	0.0003	0.0014	0.0062
0.0000	0.0020	0.0068	0.0000	0.0000	0.0020	0.0996	0.8739	0.0000	0.0000	0.0002	0.0155
0.0000	0.9999	0.0000	0.0000	0.0000	0.0000	0.0000	0.0001	0.0000	0.0000	0.0000	0.0000
0.0000	0.0000	0.0000	0.0000	0.0000	0.9999	0.0000	0.0000	0.0000	0.0000	0.0000	0.0000
0.0000	0.0000	0.0014	0.0000	0.0000	0.0000	0.2352	0.4057	0.0000	0.0180	0.0001	0.3395
0.0000	0.0000	0.0571	0.0000	0.0000	0.0065	0.3960	0.5336	0.0000	0.0001	0.0000	0.0066
0.6353	0.0016	0.0587	0.0000	0.0000	0.0002	0.3041	0.0000	0.0000	0.0000	0.0000	0.0000
0.0000	0.0000	0.0000	0.0000	0.0000	0.0000	0.0000	0.0000	1.0000	0.0000	0.0000	0.0000
0.0000	0.0000	0.0005	0.0000	0.0000	0.0567	0.1056	0.7968	0.0000	0.0000	0.0000	0.0403
0.0000	0.0000	0.0000	0.0000	0.0000	0.0000	0.0000	1.0000	0.0000	0.0000	0.0000	0.0000
0.0000	0.0000	0.0000	0.0000	0.0000	0.0000	0.0000	0.0000	0.0000	0.0000	1.0000	0.0000
0.0000	0.0107	0.0005	0.0000	0.0000	0.4407	0.5204	0.0261	0.0000	0.0002	0.0000	0.0014
0.0000	0.0000	0.0000	0.0508	0.0000	0.0016	0.4130	0.0000	0.0000	0.5346	0.0000	0.0000
0.0000	0.0000	0.0000	0.0000	0.0000	0.0000	0.0180	0.0000	0.0000	0.0062	0.0404	0.9354
0.0000	0.7691	0.0785	0.0000	0.0000	0.1413	0.0004	0.0107	0.0000	0.0000	0.0000	0.0000
0.0000	0.0000	0.0000	1.0000	0.0000	0.0000	0.0000	0.0000	0.0000	0.0000	0.0000	0.0000
0.0000	0.0000	0.0000	0.4316	0.0000	0.0000	0.0000	0.0000	0.0000	0.0005	0.5679	0.0000
0.0000	0.0000	0.0000	0.0000	0.0000	0.0000	0.1239	0.8761	0.0000	0.0000	0.0000	0.0000
0.0000	0.0000	0.0000	0.0000	0.0000	0.0877	0.0348	0.0008	0.0000	0.0214	0.0008	0.8545
0.0000	0.0000	0.0000	0.0000	0.0000	0.0000	0.0000	0.0000	1.0000	0.0000	0.0000	0.0000
0.0000	0.0549	0.2001	0.0000	0.0000	0.7270	0.0175	0.0003	0.0000	0.0000	0.0000	0.0002
0.0000	0.0000	0.0000	0.0000	0.0000	0.0024	0.9974	0.0001	0.0000	0.0000	0.0000	0.0001
0.0000	0.0000	0.0000	0.0009	0.0000	0.0000	0.0000	0.0000	0.0000	0.9991	0.0000	0.0000
0.0000	0.0000	0.0000	0.0000	0.0000	0.0000	0.0000	0.0000	0.0000	1.0000	0.0000	0.0000
0.6168	0.0000	0.0366	0.0000	0.0000	0.0000	0.0000	0.0000	0.0000	0.0610	0.2722	0.0133
0.0001	0.0000	0.0529	0.0000	0.0000	0.0021	0.0018	0.0063	0.0000	0.0028	0.0254	0.9085
0.0000	0.0000	0.0000	0.0000	0.0000	0.0000	0.0000	0.0000	1.0000	0.0000	0.0000	0.0000
0.0003	0.0000	0.0000	0.0000	0.0000	0.0027	0.0073	0.0020	0.0000	0.9779	0.0015	0.0082
0.0000	0.0002	0.0068	0.0000	0.0000	0.9186	0.0147	0.0337	0.0000	0.0000	0.0003	0.0258
0.0001	0.0000	0.0338	0.0000	0.0000	0.0005	0.4929	0.0427	0.0000	0.0072	0.0181	0.4046
0.9999	0.0000	0.0000	0.0000	0.0000	0.0000	0.0000	0.0000	0.0001	0.0000	0.0000	0.0000
0.0166	0.0000	0.0000	0.0000	0.0000	0.0000	0.0000	0.0000	0.9834	0.0000	0.0000	0.0000
0.0000	0.0000	0.0000	0.0000	0.0000	0.0000	0.4808	0.5189	0.0000	0.0000	0.0000	0.0002
0.0000	0.0000	0.0000	0.0000	0.0000	0.0000	0.0000	0.0000	0.0000	1.0000	0.0000	0.0000
0.0000	0.0000	0.0000	0.0000	0.0000	0.0000	0.0000	0.0000	0.0000	1.0000	0.0000	0.0000
0.0000	0.7526	0.0479	0.0000	0.0000	0.1952	0.0002	0.0041	0.0000	0.0000	0.0000	0.0000
0.0000	0.0000	0.0001	0.0000	0.0000	0.9999	0.0000	0.0000	0.0000	0.0000	0.0000	0.0000
0.0000	0.3553	0.0151	0.0000	0.0000	0.6244	0.0002	0.0050	0.0000	0.0000	0.0000	0.0000
0.0000	0.9980	0.0000	0.0000	0.0000	0.0000	0.0000	0.0020	0.0000	0.0000	0.0000	0.0000
0.0000	0.0000	0.0000	0.0000	0.0000	0.0001	0.4763	0.5176	0.0000	0.0042	0.0006	0.0012
0.0000	0.0000	0.0000	0.0000	0.0000	0.0000	0.0000	0.0000	1.0000	0.0000	0.0000	0.0000
0.0000	0.9933	0.0050	0.0000	0.0000	0.0000	0.0000	0.0001	0.0000	0.0000	0.0016	0.0000
0.0000	0.0081	0.0000	0.0000	0.0000	0.0000	0.1399	0.8448	0.0000	0.0014	0.0001	0.0058
0.0000	0.0024	0.0000	0.0000	0.0000	0.0004	0.1336	0.8529	0.0000	0.0013	0.0000	0.0093
0.0000	0.0000	0.0000	0.0000	0.0000	0.0000	0.0324	0.0000	0.0000	0.0006	0.0280	0.9390
0.0061	0.0000	0.0000	0.0000	0.0000	0.0000	0.0000	0.0000	0.9909	0.0030	0.0000	0.0000
0.0000	0.0000	0.0000	0.0000	0.0000	0.0000	0.0000	0.0000	0.0000	0.9488	0.0509	0.0003
0.0002	0.0000	0.0000	0.0000	0.0000	0.9928	0.0031	0.0005	0.0000	0.0035	0.0000	0.0000
0.0000	0.0000	0.0000	0.0000	0.0000	0.0017	0.9566	0.0000	0.0000	0.0030	0.0000	0.0387
0.0000	0.0000	0.0000	0.0000	0.0000	0.0000	0.0000	0.0000	0.9996	0.0003	0.0000	0.0000
0.0000	0.0000	0.0000	0.7337	0.0000	0.0000	0.0001	0.0000	0.0000	0.2661	0.0000	0.0001
0.0000	0.0000	0.0000	0.0000	0.0000	0.0000	0.0000	0.0000	0.0000	0.0000	1.0000	0.0000
0.0000	0.0019	0.7494	0.0000	0.0000	0.2272	0.0094	0.0090	0.0000	0.0001	0.0000	0.0031
0.0838	0.0000	0.0000	0.0000	0.0000	0.0000	0.0000	0.0000	0.9162	0.0000	0.0000	0.0000
0.0000	0.0000	0.0000	0.0000	0.0000	0.0000	0.0096	0.0013	0.0000	0.0000	0.0001	0.9890
0.9995	0.0000	0.0000	0.0000	0.0000	0.0000	0.0000	0.0000	0.0004	0.0000	0.0000	0.0000
0.0000	0.0000	0.0139	0.0000	0.0000	0.9769	0.0020	0.0069	0.0000	0.0000	0.0000	0.0004
0.0000	0.0000	0.0000	0.0000	0.0000	0.0000	0.8490	0.0016	0.0000	0.0000	0.0000	0.1494
0.0000	0.0000	0.0842	0.0000	0.0000	0.9131	0.0011	0.0015	0.0000	0.0000	0.0000	0.0001
0.0013	0.0000	0.0000	0.0000	0.0000	0.9987	0.0000	0.0000	0.0000	0.0000	0.0000	0.0000
0.0000	0.0000	0.0000	0.9988	0.0000	0.0000	0.0000	0.0000	0.0000	0.0002	0.0000	0.0010
1.0000	0.0000	0.0000	0.0000	0.0000	0.0000	0.0000	0.0000	0.0000	0.0000	0.0000	0.0000
0.0000	0.0000	0.0000	0.0000	0.0000	0.0000	0.9754	0.0019	0.0000	0.0002	0.0000	0.0225
0.0000	0.0000	0.0000	0.0810	0.0000	0.0000	0.0000	0.0000	0.0000	0.7565	0.1396	0.0229
0.0000	0.0000	0.0000	0.0000	0.0000	0.0000	0.0004	0.0000	0.0000	0.0000	0.0000	0.9996
0.0000	0.3681	0.1728	0.0000	0.0000	0.0020	0.2095	0.2475	0.0000	0.0000	0.0000	0.0001
0.0019	0.0000	0.0000	0.0000	0.0000	0.0000	0.0000	0.9981	0.0000	0.0000	0.0000	0.0000
0.0000	0.0000	0.0000	0.0000	0.0000	0.0000	0.9989	0.0011	0.0000	0.0000	0.0000	0.0000
0.0000	0.0000	0.1080	0.0000	0.0000	0.0000	0.0000	0.0000	0.0000	0.0000	0.0000	0.8920
0.0000	0.0000	0.9902	0.0000	0.0000	0.0097	0.0000	0.0000	0.0000	0.0000	0.0000	0.0000
0.0000	0.0000	0.9935	0.0000	0.0000	0.0064	0.0000	0.0000	0.0000	0.0000	0.0000	0.0000
0.0007	0.0000	0.9565	0.0000	0.0000	0.0000	0.0000	0.0000	0.0000	0.0006	0.0000	0.0420
0.0000	0.0000	0.0000	0.0000	0.0000	0.0000	0.0000	0.0000	0.0000	0.0000	0.0000	1.0000
0.0000	0.0000	0.9992	0.0000	0.0000	0.0000	0.0000	0.0000	0.0000	0.0000	0.0000	0.0008
0.0000	0.0000	0.9950	0.0000	0.0000	0.0000	0.0000	0.0000	0.0000	0.0000	0.0000	0.0050
0.0000	0.0000	0.0000	0.0000	0.0000	0.0000	0.0000	0.0000	0.0000	0.0000	0.0000	1.0000
0.0000	0.0000	0.0004	0.0000	0.0000	0.0000	0.0000	0.0000	0.0000	0.0000	0.0000	0.9996
0.0000	0.0000	0.9999	0.0000	0.0000	0.0000	0.0000	0.0000	0.0000	0.0000	0.0000	0.0000
0.0000	0.0000	1.0000	0.0000	0.0000	0.0000	0.0000	0.0000	0.0000	0.0000	0.0000	0.0000
0.0000	0.0000	0.0000	0.0000	0.0000	0.0000	0.0000	0.0000	0.0000	0.0000	0.0000	1.0000
0.0000	0.0000	0.9998	0.0000	0.0000	0.0001	0.0000	0.0000	0.0000	0.0000	0.0000	0.0000
0.0000	0.0000	1.0000	0.0000	0.0000	0.0000	0.0000	0.0000	0.0000	0.0000	0.0000	0.0000
0.0000	0.0000	0.0002	0.0000	0.0000	0.0000	0.0000	0.0000	0.0000	0.0000	0.0000	0.9998
0.0000	0.0000	0.6573	0.0000	0.0000	0.0000	0.0000	0.0000	0.0000	0.0000	0.0000	0.3427
0.0000	0.0000	0.0000	0.0000	0.0000	0.0000	0.0000	0.0000	0.0000	0.0000	0.0000	1.0000
0.0000	0.0000	0.0000	0.0000	0.0000	0.0000	0.0000	0.0000	0.0000	0.0000	0.0000	1.0000
0.0000	0.0000	0.9918	0.0000	0.0000	0.0081	0.0000	0.0000	0.0000	0.0000	0.0000	0.0000
0.0000	0.0000	0.9985	0.0000	0.0000	0.0000	0.0000	0.0000	0.0000	0.0000	0.0000	0.0015
0.0000	0.0000	0.0000	0.0000	0.0000	0.0000	0.0000	0.0000	0.0000	0.0000	0.0000	1.0000
0.0000	0.0000	0.0000	0.0000	0.0000	0.0000	0.0000	0.0000	1.0000	0.0000	0.0000	0.0000
0.0000	0.0000	0.9870	0.0000	0.0000	0.0009	0.0121	0.0000	0.0000	0.0000	0.0000	0.0000
0.0000	0.0000	0.0000	0.0000	0.0000	0.0000	0.0000	0.0000	1.0000	0.0000	0.0000	0.0000
0.0000	0.0000	0.0000	0.0000	0.0000	0.0000	1.0000	0.0000	0.0000	0.0000	0.0000	0.0000
0.0000	0.0000	0.0000	0.0000	0.0000	0.0000	1.0000	0.0000	0.0000	0.0000	0.0000	0.0000
0.0000	0.0000	0.0000	0.0000	0.0000	0.0000	0.0000	0.0000	1.0000	0.0000	0.0000	0.0000
0.0000	0.0000	0.0000	0.0000	0.0000	0.0000	0.0000	0.0000	1.0000	0.0000	0.0000	0.0000
0.0000	0.0000	0.0000	0.0000	0.0000	0.0000	1.0000	0.0000	0.0000	0.0000	0.0000	0.0000
0.0000	0.0000	0.0000	0.0000	0.0000	0.0000	0.0000	0.0000	1.0000	0.0000	0.0000	0.0000
0.0000	0.0000	0.0739	0.0000	0.0000	0.0000	0.9261	0.0000	0.0000	0.0000	0.0000	0.0000
0.0000	0.0000	0.0000	0.0000	0.0000	0.0000	1.0000	0.0000	0.0000	0.0000	0.0000	0.0000
0.0000	0.0000	0.0000	0.0000	0.0000	0.0000	0.0002	0.0000	0.9998	0.0000	0.0000	0.0000
0.0000	0.0000	0.0000	0.0000	0.0000	0.0000	0.9970	0.0000	0.0030	0.0000	0.0000	0.0000
0.0000	0.0000	0.0000	0.0000	0.0000	0.0000	1.0000	0.0000	0.0000	0.0000	0.0000	0.0000
0.0000	0.0000	0.3638	0.0000	0.0000	0.0442	0.5920	0.0000	0.0000	0.0000	0.0000	0.0000
0.0000	0.0000	0.7051	0.0000	0.0000	0.0000	0.2949	0.0000	0.0000	0.0000	0.0000	0.0000
0.0000	0.0000	0.0000	0.0000	0.0000	0.0000	0.0000	0.0000	1.0000	0.0000	0.0000	0.0000
0.0000	0.0000	0.0042	0.0000	0.0000	0.0000	0.9958	0.0000	0.0000	0.0000	0.0000	0.0000
0.0000	0.0000	0.0000	0.0000	0.0000	0.0000	0.0000	0.0000	1.0000	0.0000	0.0000	0.0000
0.0000	0.0000	0.0000	0.0000	0.0000	0.0000	1.0000	0.0000	0.0000	0.0000	0.0000	0.0000
0.0000	0.0000	0.0007	0.0000	0.0000	0.0000	0.9993	0.0000	0.0000	0.0000	0.0000	0.0000
0.0000	0.0000	0.0000	0.0000	0.0000	0.0000	0.0000	0.0000	1.0000	0.0000	0.0000	0.0000
0.0000	0.0000	0.0000	0.0000	0.0000	0.0000	0.0000	0.0000	1.0000	0.0000	0.0000	0.0000
0.0000	0.0000	0.0000	0.0000	0.0000	0.0000	0.0000	0.0000	1.0000	0.0000	0.0000	0.0000
0.0000	0.0000	0.0000	0.0000	0.0000	0.0000	0.0000	0.0000	1.0000	0.0000	0.0000	0.0000
0.0000	0.0000	0.9979	0.0000	0.0000	0.0002	0.0019	0.0000	0.0000	0.0000	0.0000	0.0000
0.0000	0.0000	0.0014	0.0000	0.0000	0.0000	0.9986	0.0000	0.0000	0.0000	0.0000	0.0000
