0.0000	0.0000	0.0000	0.0000	0.0000	0.0000	0.0000	0.0000	1.0000	0.0000	0.0000	0.0000
0.0000	0.0004	0.0000	0.0000	0.0000	0.0010	0.1144	0.8840	0.0000	0.0000	0.0000	0.0002
0.0000	0.0000	0.0000	0.0000	0.0000	0.0000	0.0000	0.0000	0.0000	1.0000	0.0000	0.0000
0.0130	0.0000	0.0000	0.0000	0.0000	0.0000	0.0000	0.0000	0.0000	0.9869	0.0000	0.0000
0.0000	0.0000	0.0000	0.0000	0.0000	0.0000	0.0017	0.9982	0.0000	0.0000	0.0000	0.0000
0.0000	0.0000	0.0000	0.0000	0.0000	0.0000	0.6939	0.0056	0.0000	0.0002	0.0000	0.3003
0.0000	0.0224	0.1832	0.0000	0.0000	0.7932	0.0000	0.0012	0.0000	0.0000	0.0000	0.0000
0.0000	0.0000	0.0000	0.0000	0.0000	0.0000	0.0000	0.6166	0.0000	0.0001	0.0000	0.3833
0.0000	0.0000	0.0000	0.0000	0.0000	0.0000	0.0000	0.0000	0.0000	1.0000	0.0000	0.0000
0.0000	0.0000	0.0000	0.0000	0.9999	0.0000	0.0000	0.0000	0.0000	0.0001	0.0000	0.0000
0.0000	0.0000	0.0000	0.0000	0.0000	0.0000	0.0000	0.0000	0.0000	0.0000	1.0000	0.0000
0.8668	0.0000	0.0007	0.0000	0.0000	0.0770	0.0134	0.0097	0.0000	0.0312	0.0001	0.0012
0.0000	0.0000	0.0000	0.0000	0.0000	0.0020	0.2476	0.4538	0.0000	0.0057	0.0000	0.2909
0.0000	0.0028	0.0003	0.0000	0.0000	0.9922	0.0005	0.0040	0.0000	0.0000	0.0000	0.0003
0.0000	0.0000	0.9262	0.0000	0.0000	0.0000	0.0140	0.0598	0.0000	0.0000	0.0000	0.0000
0.0000	0.0000	0.0000	0.0000	0.0000	0.0000	0.6195	0.0000	0.0000	0.0001	0.0003	0.3801
0.0000	0.0000	0.0000	0.0000	0.0000	0.0000	0.0060	0.0000	0.0000	0.2244	0.0001	0.7695
0.0000	0.0000	0.0228	0.0000	0.0000	0.0000	0.1061	0.4340	0.0000	0.0044	0.0004	0.4323
0.0000	0.0021	0.0577	0.0000	0.0000	0.1779	0.0114	0.6209	0.0000	0.0000	0.0000	0.1300
0.0000	0.9996	0.0000	0.0000	0.0000	0.0000	0.0000	0.0004	0.0000	0.0000	0.0000	0.0000
0.0000	0.0000	0.0000	0.0000	0.0000	1.0000	0.0000	0.0000	0.0000	0.0000	0.0000	0.0000
0.0000	0.0000	0.0004	0.0000	0.0000	0.0000	0.0059	0.0300	0.0000	0.0013	0.0000	0.9624
0.0000	0.0000	0.0775	0.0000	0.0000	0.0004	0.0440	0.7911	0.0000	0.0000	0.0000	0.0869
0.9506	0.0003	0.0477	0.0000	0.0000	0.0000	0.0013	0.0000	0.0000	0.0000	0.0000	0.0000
0.0000	0.0000	0.0000	0.0000	0.0000	0.0000	0.0000	0.0000	1.0000	0.0000	0.0000	0.0000
0.0000	0.0000	0.0003	0.0000	0.0000	0.2241	0.0136	0.2579	0.0000	0.0000	0.0000	0.5041
0.0000	0.0000	0.0000	0.0000	0.0000	0.0000	0.0000	1.0000	0.0000	0.0000	0.0000	0.0000
0.0000	0.0000	0.0000	0.0000	0.0000	0.0000	0.0000	0.0000	0.0000	0.0000	0.9999	0.0001
0.0000	0.0030	0.0000	0.0000	0.0000	0.9531	0.0288	0.0019	0.0000	0.0000	0.0000	0.0131
0.0000	0.0000	0.0000	0.0845	0.0000	0.0163	0.4115	0.0001	0.0000	0.4871	0.0000	0.0006
0.0000	0.0000	0.0000	0.0000	0.0000	0.0001	0.0019	0.0000	0.0000	0.0003	0.0001	0.9976
0.0000	0.0356	0.2540	0.0000	0.0000	0.7075	0.0000	0.0028	0.0000	0.0000	0.0000	0.0001
0.0000	0.0000	0.0000	1.0000	0.0000	0.0000	0.0000	0.0000	0.0000	0.0000	0.0000	0.0000
0.0000	0.0000	0.0000	0.6313	0.0000	0.0000	0.0000	0.0000	0.0000	0.0007	0.3680	0.0000
0.0000	0.0000	0.0000	0.0000	0.0000	0.0000	0.0877	0.9123	0.0000	0.0000	0.0000	0.0000
0.0000	0.0000	0.0000	0.0000	0.0000	0.0217	0.0001	0.0003	0.0000	0.0000	0.0000	0.9779
0.0000	0.0000	0.0000	0.0000	0.0000	0.0000	0.0000	0.0000	1.0000	0.0000	0.0000	0.0000
0.0000	0.0771	0.1575	0.0000	0.0000	0.7646	0.0005	0.0002	0.0000	0.0000	0.0000	0.0001
0.0000	0.0001	0.0002	0.0000	0.0000	0.0092	0.9901	0.0004	0.0000	0.0000	0.0000	0.0001
0.0000	0.0000	0.0000	0.0001	0.0000	0.0000	0.0000	0.0000	0.0000	0.9999	0.0000	0.0000
0.0000	0.0000	0.0000	0.0000	0.0000	0.0000	0.0000	0.0000	0.0000	1.0000	0.0000	0.0000
0.6691	0.0000	0.0121	0.0000	0.0000	0.0000	0.0000	0.0000	0.0000	0.0111	0.0022	0.3055
0.0000	0.0000	0.0022	0.0000	0.0000	0.0002	0.0002	0.0000	0.0000	0.0002	0.0000	0.9971
0.0000	0.0000	0.0000	0.0000	0.0000	0.0000	0.0000	0.0000	1.0000	0.0000	0.0000	0.0000
0.0006	0.0000	0.0000	0.0000	0.0000	0.0271	0.0084	0.0002	0.0000	0.9457	0.0000	0.0180
0.0000	0.0000	0.0261	0.0000	0.0000	0.9651	0.0000	0.0005	0.0000	0.0000	0.0000	0.0083
0.0000	0.0000	0.0163	0.0000	0.0000	0.0009	0.0726	0.0020	0.0000	0.0003	0.0000	0.9080
1.0000	0.0000	0.0000	0.0000	0.0000	0.0000	0.0000	0.0000	0.0000	0.0000	0.0000	0.0000
0.1057	0.0000	0.0000	0.0000	0.0000	0.0000	0.0000	0.0000	0.8943	0.0000	0.0000	0.0000
0.0000	0.0000	0.0000	0.0000	0.0000	0.0000	0.2635	0.7360	0.0000	0.0000	0.0000	0.0005
0.0000	0.0000	0.0000	0.0000	0.0000	0.0000	0.0000	0.0000	0.0000	1.0000	0.0000	0.0000
0.0000	0.0000	0.0000	0.0000	0.0071	0.0000	0.0000	0.0000	0.0000	0.9928	0.0000	0.0000
0.0000	0.0219	0.2462	0.0000	0.0000	0.7311	0.0000	0.0008	0.0000	0.0000	0.0000	0.0000
0.0000	0.0000	0.0000	0.0000	0.0000	1.0000	0.0000	0.0000	0.0000	0.0000	0.0000	0.0000
0.0000	0.0040	0.0529	0.0000	0.0000	0.9425	0.0000	0.0006	0.0000	0.0000	0.0000	0.0000
0.0000	0.9999	0.0000	0.0000	0.0000	0.0000	0.0000	0.0001	0.0000	0.0000	0.0000	0.0000
0.0000	0.0000	0.0000	0.0000	0.0000	0.0005	0.8559	0.1397	0.0000	0.0033	0.0000	0.0005
0.0000	0.0000	0.0000	0.0000	0.0000	0.0000	0.0000	0.0000	1.0000	0.0000	0.0000	0.0000
0.0000	0.9011	0.0968	0.0000	0.0000	0.0000	0.0000	0.0000	0.0000	0.0000	0.0001	0.0020
0.0000	0.0027	0.0000	0.0000	0.0000	0.0000	0.2910	0.5068	0.0000	0.0026	0.0000	0.1968
0.0000	0.0160	0.0000	0.0000	0.0000	0.0024	0.1411	0.7893	0.0000	0.0012	0.0000	0.0501
0.0000	0.0000	0.0000	0.0000	0.0000	0.0000	0.0001	0.0000	0.0000	0.0000	0.0000	0.9998
0.0001	0.0000	0.0000	0.0000	0.0000	0.0000	0.0000	0.0000	0.9457	0.0542	0.0000	0.0000
0.0000	0.0000	0.0000	0.0000	0.0000	0.0000	0.0000	0.0000	0.0000	0.9994	0.0000	0.0006
0.0000	0.0000	0.0000	0.0000	0.0000	0.9913	0.0002	0.0004	0.0000	0.0081	0.0000	0.0000
0.0000	0.0000	0.0000	0.0000	0.0000	0.0132	0.1464	0.0001	0.0000	0.0016	0.0000	0.8387
0.0000	0.0000	0.0000	0.0000	0.0000	0.0000	0.0000	0.0000	0.9999	0.0001	0.0000	0.0000
0.0000	0.0000	0.0000	0.9412	0.0000	0.0000	0.0000	0.0000	0.0000	0.0588	0.0000	0.0000
0.0000	0.0000	0.0000	0.0000	0.0000	0.0000	0.0000	0.0000	0.0000	0.0000	1.0000	0.0000
0.0000	0.0001	0.9060	0.0000	0.0000	0.0900	0.0001	0.0006	0.0000	0.0000	0.0000	0.0032
0.1153	0.0000	0.0000	0.0000	0.0000	0.0000	0.0000	0.0000	0.8847	0.0000	0.0000	0.0000
0.0000	0.0000	0.0000	0.0000	0.0000	0.0000	0.0047	0.0024	0.0000	0.0000	0.0000	0.9928
0.9970	0.0000	0.0000	0.0000	0.0000	0.0000	0.0000	0.0000	0.0029	0.0000	0.0000	0.0000
0.0000	0.0000	0.0725	0.0000	0.0000	0.9264	0.0000	0.0003	0.0000	0.0000	0.0000	0.0008
0.0000	0.0000	0.0000	0.0000	0.0000	0.0000	0.0576	0.0000	0.0000	0.0000	0.0000	0.9424
0.0000	0.0000	0.3457	0.0000	0.0000	0.6538	0.0000	0.0002	0.0000	0.0000	0.0000	0.0003
0.0000	0.0000	0.0000	0.0000	0.0000	1.0000	0.0000	0.0000	0.0000	0.0000	0.0000	0.0000
0.0000	0.0000	0.0000	0.0032	0.0000	0.0000	0.0000	0.0000	0.0000	0.1625	0.7919	0.0425
1.0000	0.0000	0.0000	0.0000	0.0000	0.0000	0.0000	0.0000	0.0000	0.0000	0.0000	0.0000
0.0000	0.0000	0.0000	0.0000	0.0000	0.0000	0.9858	0.0005	0.0000	0.0000	0.0000	0.0137
0.0000	0.0000	0.0000	0.0006	0.0000	0.0000	0.0000	0.0000	0.0000	0.1489	0.8381	0.0124
0.0000	0.0000	0.0000	0.0000	0.0000	0.0000	0.0000	0.0000	0.0000	0.0000	0.0000	1.0000
0.0000	0.1838	0.5947	0.0000	0.0000	0.0025	0.0437	0.1751	0.0000	0.0000	0.0000	0.0001
0.8725	0.0000	0.0107	0.0000	0.0000	0.0000	0.0000	0.1167	0.0000	0.0000	0.0000	0.0000
0.0000	0.0000	0.0000	0.0000	0.0000	0.0000	0.9989	0.0011	0.0000	0.0000	0.0000	0.0000
0.0000	0.0000	0.0136	0.0000	0.0000	0.0000	0.0000	0.0005	0.0000	0.0000	0.0000	0.9859
0.0000	0.0000	0.9683	0.0005	0.0000	0.0311	0.0000	0.0000	0.0000	0.0000	0.0000	0.0000
0.0000	0.0000	0.9643	0.0004	0.0000	0.0352	0.0000	0.0000	0.0000	0.0000	0.0000	0.0000
0.0000	0.0000	0.2958	0.0000	0.0000	0.0000	0.0000	0.0000	0.0000	0.1107	0.0000	0.5935
0.0000	0.0000	0.0000	0.0000	0.0000	0.0000	0.0000	0.0000	0.0000	0.0000	0.0000	1.0000
0.0000	0.0000	0.9989	0.0000	0.0000	0.0005	0.0000	0.0000	0.0000	0.0000	0.0000	0.0006
0.0000	0.0000	0.9983	0.0000	0.0000	0.0001	0.0000	0.0000	0.0000	0.0000	0.0000	0.0016
0.0000	0.0000	0.0000	0.0000	0.0000	0.0000	0.0000	0.0000	0.0000	0.0000	0.0000	1.0000
0.0000	0.0000	0.0001	0.0000	0.0000	0.0000	0.0000	0.0000	0.0000	0.0000	0.0000	0.9999
0.0000	0.0000	0.9999	0.0000	0.0000	0.0000	0.0000	0.0000	0.0000	0.0000	0.0000	0.0001
0.0000	0.0000	0.9999	0.0000	0.0000	0.0000	0.0000	0.0000	0.0001	0.0000	0.0000	0.0000
0.0000	0.0000	0.0000	0.0000	0.0000	0.0000	0.0000	0.0000	0.0000	0.0000	0.0000	1.0000
0.0000	0.0000	0.9929	0.0002	0.0000	0.0069	0.0000	0.0000	0.0000	0.0000	0.0000	0.0000
0.0000	0.0000	1.0000	0.0000	0.0000	0.0000	0.0000	0.0000	0.0000	0.0000	0.0000	0.0000
0.0000	0.0000	0.0000	0.0000	0.0000	0.0000	0.0000	0.0000	0.0000	0.0000	0.0000	1.0000
0.0000	0.0000	0.5332	0.0000	0.0000	0.0000	0.0000	0.0003	0.0000	0.0015	0.0000	0.4650
0.0000	0.0000	0.0000	0.0000	0.0000	0.0000	0.0000	0.0000	0.0000	0.0000	0.0000	1.0000
0.0000	0.0000	0.0000	0.0000	0.0000	0.0000	0.0000	0.0000	0.0000	0.0000	0.0000	1.0000
0.0000	0.0000	0.9486	0.0000	0.0000	0.0514	0.0000	0.0000	0.0000	0.0000	0.0000	0.0000
0.0000	0.0000	0.9991	0.0000	0.0000	0.0000	0.0000	0.0000	0.0000	0.0000	0.0000	0.0009
0.0000	0.0000	0.0000	0.0000	0.0000	0.0000	0.0000	0.0000	0.0000	0.0000	0.0000	1.0000
0.0000	0.0000	0.0000	0.0000	0.0000	0.0000	0.0000	0.0000	1.0000	0.0000	0.0000	0.0000
0.0000	0.0000	0.9973	0.0000	0.0000	0.0016	0.0011	0.0000	0.0000	0.0000	0.0000	0.0000
0.0000	0.0000	0.0000	0.0000	0.0000	0.0000	0.0000	0.0000	1.0000	0.0000	0.0000	0.0000
0.0000	0.0000	0.0002	0.0000	0.0000	0.0000	0.9998	0.0000	0.0000	0.0000	0.0000	0.0000
0.0000	0.0000	0.0000	0.0000	0.0000	0.0003	0.9997	0.0000	0.0000	0.0000	0.0000	0.0000
0.0000	0.0000	0.0000	0.0000	0.0000	0.0000	0.0000	0.0000	1.0000	0.0000	0.0000	0.0000
0.0000	0.0000	0.0000	0.0000	0.0000	0.0000	0.0000	0.0000	1.0000	0.0000	0.0000	0.0000
0.0000	0.0000	0.0000	0.0000	0.0000	0.0000	1.0000	0.0000	0.0000	0.0000	0.0000	0.0000
0.0000	0.0000	0.0000	0.0000	0.0000	0.0000	0.0000	0.0000	1.0000	0.0000	0.0000	0.0000
0.0000	0.0000	0.7230	0.0000	0.0000	0.0000	0.2770	0.0000	0.0000	0.0000	0.0000	0.0000
0.0000	0.0000	0.0000	0.0000	0.0000	0.0000	1.0000	0.0000	0.0000	0.0000	0.0000	0.0000
0.0000	0.0000	0.0000	0.0000	0.0000	0.0000	0.0000	0.0000	1.0000	0.0000	0.0000	0.0000
0.0000	0.0000	0.0000	0.0000	0.0000	0.0000	1.0000	0.0000	0.0000	0.0000	0.0000	0.0000
0.0000	0.0000	0.0000	0.0000	0.0000	0.0000	1.0000	0.0000	0.0000	0.0000	0.0000	0.0000
0.0000	0.0000	0.9323	0.0000	0.0000	0.0419	0.0257	0.0000	0.0000	0.0000	0.0000	0.0000
0.0000	0.0000	0.9450	0.0000	0.0000	0.0000	0.0550	0.0000	0.0000	0.0000	0.0000	0.0000
0.0000	0.0000	0.0000	0.0000	0.0000	0.0000	0.0000	0.0000	1.0000	0.0000	0.0000	0.0000
0.0000	0.0000	0.0032	0.0000	0.0000	0.0000	0.9968	0.0000	0.0000	0.0000	0.0000	0.0000
0.0000	0.0000	0.0000	0.0000	0.0000	0.0000	0.0000	0.0000	1.0000	0.0000	0.0000	0.0000
0.0000	0.0000	0.0000	0.0000	0.0000	0.0000	1.0000	0.0000	0.0000	0.0000	0.0000	0.0000
0.0000	0.0000	0.0002	0.0000	0.0000	0.0000	0.9998	0.0000	0.0000	0.0000	0.0000	0.0000
0.0000	0.0000	0.0000	0.0000	0.0000	0.0000	0.0000	0.0000	1.0000	0.0000	0.0000	0.0000
0.0000	0.0000	0.0000	0.0000	0.0000	0.0000	0.0000	0.0000	1.0000	0.0000	0.0000	0.0000
0.0000	0.0000	0.0000	0.0000	0.0000	0.0000	0.0000	0.0000	1.0000	0.0000	0.0000	0.0000
0.0000	0.0000	0.0000	0.0000	0.0000	0.0000	0.0000	0.0000	1.0000	0.0000	0.0000	0.0000
0.0000	0.0000	0.9993	0.0000	0.0000	0.0005	0.0002	0.0000	0.0000	0.0000	0.0000	0.0000
0.0000	0.0000	0.0002	0.0000	0.0000	0.0000	0.9998	0.0000	0.0000	0.0000	0.0000	0.0000
