0.0000	0.0000	0.0000	0.0000	0.0000	0.0000	0.0000	0.0000	1.0000	0.0000	0.0000	0.0000
0.0000	0.0000	0.0000	0.0000	0.0000	0.0000	0.8915	0.1084	0.0000	0.0000	0.0000	0.0001
0.0000	0.0000	0.0000	0.0000	0.0000	0.0000	0.0000	0.0000	0.0000	1.0000	0.0000	0.0000
0.0065	0.0000	0.0000	0.0000	0.0000	0.0000	0.0000	0.0000	0.0000	0.9934	0.0000	0.0000
0.0000	0.0000	0.0000	0.0000	0.0000	0.0000	0.0026	0.9974	0.0000	0.0000	0.0000	0.0000
0.0000	0.0000	0.0000	0.0000	0.0000	0.0000	0.5868	0.0023	0.0000	0.0012	0.0000	0.4098
0.0000	0.0200	0.2488	0.0000	0.0000	0.7286	0.0003	0.0023	0.0000	0.0000	0.0000	0.0000
0.0000	0.0000	0.0000	0.0000	0.0000	0.0000	0.0151	0.6239	0.0000	0.0003	0.0000	0.3607
0.0000	0.0000	0.0000	0.0000	0.0000	0.0000	0.0000	0.0000	0.0000	1.0000	0.0000	0.0000
0.0000	0.0000	0.0000	0.4598	0.0683	0.0000	0.0000	0.0000	0.0000	0.4720	0.0000	0.0000
0.0000	0.0000	0.0000	0.0000	0.0000	0.0000	0.0000	0.0000	0.0000	0.0000	0.9998	0.0002
0.1224	0.0000	0.0002	0.0000	0.0000	0.0027	0.7330	0.0029	0.0000	0.1308	0.0000	0.0080
0.0000	0.0000	0.0000	0.0000	0.0000	0.0000	0.8671	0.0418	0.0000	0.0050	0.0000	0.0860
0.0000	0.0000	0.0000	0.0000	0.0000	0.9687	0.0181	0.0131	0.0000	0.0000	0.0000	0.0000
0.0000	0.0000	0.1768	0.0000	0.0000	0.0000	0.6716	0.1516	0.0000	0.0000	0.0000	0.0000
0.0000	0.0000	0.0000	0.0000	0.0000	0.0000	0.9745	0.0000	0.0000	0.0001	0.0001	0.0253
0.0000	0.0000	0.0000	0.0000	0.0000	0.0000	0.0547	0.0000	0.0000	0.4456	0.0009	0.4988
0.0000	0.0000	0.0000	0.0000	0.0000	0.0000	0.7186	0.2006	0.0000	0.0022	0.0043	0.0743
0.0000	0.0000	0.0001	0.0000	0.0000	0.0005	0.3705	0.4514	0.0000	0.0004	0.0009	0.1762
0.0000	0.9979	0.0000	0.0000	0.0000	0.0000	0.0000	0.0021	0.0000	0.0000	0.0000	0.0000
0.0001	0.0000	0.0000	0.0000	0.0000	0.9950	0.0022	0.0007	0.0000	0.0020	0.0000	0.0000
0.0000	0.0000	0.0000	0.0000	0.0000	0.0000	0.0160	0.0114	0.0000	0.0066	0.0000	0.9660
0.0000	0.0000	0.0014	0.0000	0.0000	0.0000	0.6610	0.2712	0.0000	0.0002	0.0002	0.0660
0.9939	0.0001	0.0004	0.0000	0.0000	0.0000	0.0057	0.0000	0.0000	0.0000	0.0000	0.0000
0.0000	0.0000	0.0000	0.0000	0.0000	0.0000	0.0000	0.0000	1.0000	0.0000	0.0000	0.0000
0.0000	0.0000	0.0001	0.0000	0.0000	0.0022	0.1058	0.1754	0.0000	0.0000	0.0000	0.7165
0.0000	0.0000	0.0000	0.0000	0.0000	0.0000	0.0005	0.9995	0.0000	0.0000	0.0000	0.0000
0.0000	0.0000	0.0000	0.0000	0.0000	0.0000	0.0000	0.0000	0.0000	0.0000	1.0000	0.0000
0.0000	0.0004	0.0000	0.0000	0.0000	0.0733	0.9215	0.0006	0.0000	0.0000	0.0000	0.0042
0.0000	0.0000	0.0000	0.0011	0.0000	0.0000	0.9448	0.0000	0.0000	0.0540	0.0000	0.0000
0.0000	0.0000	0.0000	0.0000	0.0000	0.0000	0.0109	0.0000	0.0000	0.0017	0.0017	0.9856
0.0000	0.0268	0.6976	0.0000	0.0000	0.2701	0.0006	0.0048	0.0000	0.0000	0.0000	0.0000
0.0000	0.0000	0.0000	1.0000	0.0000	0.0000	0.0000	0.0000	0.0000	0.0000	0.0000	0.0000
0.0000	0.0000	0.0000	0.0167	0.0000	0.0000	0.0000	0.0000	0.0000	0.0000	0.9833	0.0000
0.0000	0.0000	0.0000	0.0000	0.0000	0.0000	0.9254	0.0746	0.0000	0.0000	0.0000	0.0000
0.0000	0.0000	0.0000	0.0000	0.0000	0.0004	0.0003	0.0000	0.0000	0.0030	0.0001	0.9963
0.0000	0.0000	0.0000	0.0000	0.0000	0.0000	0.0000	0.0000	1.0000	0.0000	0.0000	0.0000
0.0000	0.0007	0.0707	0.0000	0.0000	0.9138	0.0146	0.0000	0.0000	0.0000	0.0000	0.0001
0.0000	0.0000	0.0000	0.0000	0.0000	0.0003	0.9997	0.0000	0.0000	0.0000	0.0000	0.0000
0.0000	0.0000	0.0000	0.0000	0.0000	0.0000	0.0000	0.0000	0.0000	1.0000	0.0000	0.0000
0.0000	0.0000	0.0000	0.0000	0.0000	0.0000	0.0000	0.0000	0.0000	1.0000	0.0000	0.0000
0.0159	0.0000	0.0001	0.0000	0.0000	0.0000	0.0000	0.0000	0.0000	0.8906	0.0287	0.0647
0.0001	0.0000	0.0002	0.0000	0.0000	0.0000	0.0009	0.0000	0.0000	0.0031	0.0005	0.9953
0.0000	0.0000	0.0000	0.0000	0.0000	0.0000	0.0000	0.0000	1.0000	0.0000	0.0000	0.0000
0.0001	0.0000	0.0000	0.0000	0.0000	0.0000	0.0307	0.0000	0.0000	0.9615	0.0000	0.0077
0.0000	0.0000	0.0231	0.0000	0.0000	0.3568	0.0203	0.0197	0.0000	0.0002	0.0005	0.5794
0.0001	0.0000	0.0000	0.0000	0.0000	0.0000	0.3281	0.0031	0.0000	0.0035	0.0005	0.6646
1.0000	0.0000	0.0000	0.0000	0.0000	0.0000	0.0000	0.0000	0.0000	0.0000	0.0000	0.0000
0.0355	0.0000	0.0000	0.0000	0.0000	0.0000	0.0000	0.0000	0.9645	0.0000	0.0000	0.0000
0.0000	0.0000	0.0000	0.0000	0.0000	0.0000	0.8620	0.1380	0.0000	0.0000	0.0000	0.0001
0.0000	0.0000	0.0000	0.0000	0.0000	0.0000	0.0000	0.0000	0.0000	1.0000	0.0000	0.0000
0.0000	0.0000	0.0000	0.0001	0.0000	0.0000	0.0000	0.0000	0.0000	0.9999	0.0000	0.0000
0.0000	0.0737	0.6882	0.0000	0.0000	0.2342	0.0008	0.0031	0.0000	0.0000	0.0000	0.0001
0.0000	0.0000	0.0000	0.0000	0.0000	1.0000	0.0000	0.0000	0.0000	0.0000	0.0000	0.0000
0.0000	0.0023	0.1044	0.0000	0.0000	0.8922	0.0001	0.0009	0.0000	0.0000	0.0000	0.0000
0.0000	1.0000	0.0000	0.0000	0.0000	0.0000	0.0000	0.0000	0.0000	0.0000	0.0000	0.0000
0.0000	0.0000	0.0000	0.0000	0.0000	0.0000	0.9466	0.0516	0.0000	0.0014	0.0000	0.0004
0.0000	0.0000	0.0000	0.0000	0.0000	0.0000	0.0000	0.0000	1.0000	0.0000	0.0000	0.0000
0.0000	0.7945	0.1790	0.0000	0.0000	0.0000	0.0037	0.0000	0.0000	0.0002	0.0080	0.0145
0.0000	0.0002	0.0000	0.0000	0.0000	0.0000	0.9260	0.0321	0.0000	0.0006	0.0000	0.0410
0.0000	0.0003	0.0000	0.0000	0.0000	0.0000	0.8675	0.1035	0.0000	0.0019	0.0000	0.0267
0.0000	0.0000	0.0000	0.0000	0.0000	0.0000	0.0008	0.0000	0.0000	0.0000	0.0000	0.9992
0.0052	0.0000	0.0000	0.0000	0.0000	0.0000	0.0000	0.0000	0.8518	0.1430	0.0000	0.0000
0.0000	0.0000	0.0000	0.0000	0.0000	0.0000	0.0000	0.0000	0.0000	0.9959	0.0031	0.0010
0.0134	0.0000	0.0000	0.0000	0.0000	0.0720	0.2477	0.0266	0.0000	0.6404	0.0000	0.0000
0.0000	0.0000	0.0000	0.0000	0.0000	0.0000	0.6146	0.0001	0.0000	0.0030	0.0000	0.3823
0.0000	0.0000	0.0000	0.0000	0.0000	0.0000	0.0000	0.0000	1.0000	0.0000	0.0000	0.0000
0.0000	0.0000	0.0000	0.0000	0.0000	0.0000	0.0000	0.0000	0.0000	1.0000	0.0000	0.0000
0.0000	0.0000	0.0000	0.0000	0.0000	0.0000	0.0000	0.0000	0.0000	0.0000	1.0000	0.0000
0.0000	0.0000	0.9505	0.0000	0.0000	0.0223	0.0077	0.0010	0.0000	0.0001	0.0000	0.0184
0.5174	0.0000	0.0000	0.0000	0.0000	0.0000	0.0000	0.0000	0.4826	0.0000	0.0000	0.0000
0.0000	0.0000	0.0000	0.0000	0.0000	0.0000	0.0044	0.0000	0.0000	0.0001	0.0000	0.9954
0.9955	0.0000	0.0000	0.0000	0.0000	0.0000	0.0000	0.0000	0.0033	0.0012	0.0000	0.0000
0.0000	0.0000	0.0510	0.0000	0.0000	0.9416	0.0027	0.0031	0.0000	0.0000	0.0000	0.0016
0.0000	0.0000	0.0000	0.0000	0.0000	0.0000	0.8102	0.0000	0.0000	0.0000	0.0000	0.1898
0.0000	0.0000	0.8337	0.0000	0.0000	0.1621	0.0014	0.0006	0.0000	0.0000	0.0000	0.0022
0.0182	0.0000	0.0000	0.0000	0.0000	0.9774	0.0000	0.0000	0.0000	0.0044	0.0000	0.0000
0.0000	0.0000	0.0000	0.1095	0.0000	0.0000	0.0000	0.0000	0.0000	0.3547	0.0070	0.5287
1.0000	0.0000	0.0000	0.0000	0.0000	0.0000	0.0000	0.0000	0.0000	0.0000	0.0000	0.0000
0.0000	0.0000	0.0000	0.0000	0.0000	0.0000	0.8761	0.0000	0.0000	0.0000	0.0000	0.1238
0.0000	0.0000	0.0000	0.0368	0.0000	0.0000	0.0000	0.0000	0.0000	0.6442	0.3187	0.0003
0.0000	0.0000	0.0000	0.0000	0.0000	0.0000	0.0000	0.0000	0.0000	0.0000	0.0000	1.0000
0.0000	0.0184	0.5128	0.0000	0.0000	0.0006	0.4169	0.0510	0.0000	0.0000	0.0000	0.0004
0.2780	0.0000	0.0000	0.0000	0.0000	0.0000	0.0000	0.7220	0.0000	0.0000	0.0000	0.0000
0.0000	0.0000	0.0000	0.0000	0.0000	0.0000	1.0000	0.0000	0.0000	0.0000	0.0000	0.0000
0.0000	0.0000	0.0010	0.0000	0.0000	0.0000	0.0000	0.0000	0.0000	0.0000	0.0000	0.9990
0.0000	0.0000	0.9609	0.0000	0.0000	0.0390	0.0000	0.0000	0.0000	0.0001	0.0000	0.0000
0.0000	0.0000	0.9797	0.0000	0.0000	0.0202	0.0000	0.0000	0.0000	0.0000	0.0000	0.0000
0.0000	0.0000	0.1127	0.0000	0.0000	0.0000	0.0000	0.0000	0.0000	0.0091	0.0000	0.8782
0.0000	0.0000	0.0000	0.0000	0.0000	0.0000	0.0000	0.0000	0.0000	0.0000	0.0000	1.0000
0.0000	0.0000	0.9954	0.0000	0.0000	0.0001	0.0000	0.0000	0.0000	0.0000	0.0000	0.0046
0.0000	0.0000	0.9889	0.0000	0.0000	0.0000	0.0000	0.0000	0.0000	0.0000	0.0000	0.0111
0.0000	0.0000	0.0000	0.0000	0.0000	0.0000	0.0000	0.0000	0.0000	0.0000	0.0000	1.0000
0.0011	0.0000	0.0000	0.0000	0.0000	0.0000	0.0002	0.0000	0.0000	0.0000	0.0000	0.9988
0.0000	0.0000	0.9998	0.0000	0.0000	0.0000	0.0000	0.0000	0.0000	0.0000	0.0000	0.0002
0.0000	0.0000	0.9999	0.0000	0.0000	0.0000	0.0000	0.0000	0.0000	0.0000	0.0000	0.0001
0.0000	0.0000	0.0000	0.0000	0.0000	0.0000	0.0000	0.0000	0.0000	0.0000	0.0000	1.0000
0.0000	0.0000	0.9998	0.0000	0.0000	0.0002	0.0000	0.0000	0.0000	0.0000	0.0000	0.0000
0.0000	0.0000	1.0000	0.0000	0.0000	0.0000	0.0000	0.0000	0.0000	0.0000	0.0000	0.0000
0.0000	0.0000	0.0000	0.0000	0.0000	0.0000	0.0000	0.0000	0.0000	0.0000	0.0000	1.0000
0.0000	0.0000	0.0024	0.0000	0.0000	0.0000	0.0000	0.0000	0.0000	0.0000	0.0000	0.9976
0.0000	0.0000	0.0000	0.0000	0.0000	0.0000	0.0000	0.0000	0.0000	0.0000	0.0000	1.0000
0.0000	0.0000	0.0000	0.0000	0.0000	0.0000	0.0000	0.0000	0.0000	0.0000	0.0000	1.0000
0.0000	0.0000	0.9845	0.0000	0.0000	0.0154	0.0000	0.0000	0.0000	0.0000	0.0000	0.0000
0.0000	0.0000	0.9464	0.0000	0.0000	0.0000	0.0000	0.0000	0.0000	0.0000	0.0000	0.0536
0.0000	0.0000	0.0000	0.0000	0.0000	0.0000	0.0000	0.0000	0.0000	0.0000	0.0000	1.0000
0.0000	0.0000	0.0000	0.0000	0.0000	0.0000	0.0000	0.0000	1.0000	0.0000	0.0000	0.0000
0.0000	0.0000	0.9966	0.0000	0.0000	0.0000	0.0034	0.0000	0.0000	0.0000	0.0000	0.0000
0.0000	0.0000	0.0000	0.0000	0.0000	0.0000	0.0000	0.0000	1.0000	0.0000	0.0000	0.0000
0.0000	0.0000	0.0000	0.0000	0.0000	0.0000	1.0000	0.0000	0.0000	0.0000	0.0000	0.0000
0.0000	0.0000	0.0000	0.0000	0.0000	0.0000	1.0000	0.0000	0.0000	0.0000	0.0000	0.0000
0.0000	0.0000	0.0000	0.0000	0.0000	0.0000	0.0000	0.0000	1.0000	0.0000	0.0000	0.0000
0.0000	0.0000	0.0000	0.0000	0.0000	0.0000	0.0000	0.0000	1.0000	0.0000	0.0000	0.0000
0.0000	0.0000	0.0001	0.0000	0.0000	0.0000	0.9999	0.0000	0.0000	0.0000	0.0000	0.0000
0.0000	0.0000	0.0000	0.0000	0.0000	0.0000	0.0000	0.0000	1.0000	0.0000	0.0000	0.0000
0.0000	0.0000	0.0674	0.0000	0.0000	0.0000	0.9326	0.0000	0.0000	0.0000	0.0000	0.0000
0.0000	0.0000	0.0000	0.0000	0.0000	0.0000	1.0000	0.0000	0.0000	0.0000	0.0000	0.0000
0.0000	0.0000	0.0000	0.0000	0.0000	0.0000	0.0007	0.0000	0.9993	0.0000	0.0000	0.0000
0.0000	0.0000	0.0000	0.0000	0.0000	0.0000	0.8871	0.0000	0.1129	0.0000	0.0000	0.0000
0.0000	0.0000	0.0000	0.0000	0.0000	0.0000	1.0000	0.0000	0.0000	0.0000	0.0000	0.0000
0.0000	0.0000	0.9445	0.0000	0.0000	0.0002	0.0552	0.0000	0.0000	0.0000	0.0000	0.0000
0.0000	0.0000	0.7440	0.0000	0.0000	0.0000	0.2560	0.0000	0.0000	0.0000	0.0000	0.0000
0.0000	0.0000	0.0000	0.0000	0.0000	0.0000	0.0000	0.0000	1.0000	0.0000	0.0000	0.0000
0.0000	0.0000	0.0015	0.0000	0.0000	0.0000	0.9985	0.0000	0.0000	0.0000	0.0000	0.0000
0.0000	0.0000	0.0000	0.0000	0.0000	0.0000	0.0000	0.0000	1.0000	0.0000	0.0000	0.0000
0.0000	0.0000	0.0003	0.0000	0.0000	0.0000	0.9997	0.0000	0.0000	0.0000	0.0000	0.0000
0.0000	0.0000	0.0000	0.0000	0.0000	0.0000	1.0000	0.0000	0.0000	0.0000	0.0000	0.0000
0.0000	0.0000	0.0000	0.0000	0.0000	0.0000	0.0000	0.0000	1.0000	0.0000	0.0000	0.0000
0.0000	0.0000	0.0000	0.0000	0.0000	0.0000	0.0000	0.0000	1.0000	0.0000	0.0000	0.0000
0.0000	0.0000	0.0000	0.0000	0.0000	0.0000	0.0000	0.0000	1.0000	0.0000	0.0000	0.0000
0.0000	0.0000	0.0000	0.0000	0.0000	0.0000	0.0000	0.0000	1.0000	0.0000	0.0000	0.0000
0.0000	0.0000	0.9996	0.0000	0.0000	0.0000	0.0004	0.0000	0.0000	0.0000	0.0000	0.0000
0.0000	0.0000	0.0000	0.0000	0.0000	0.0000	1.0000	0.0000	0.0000	0.0000	0.0000	0.0000
