0.0000	0.0000	0.0000	0.0000	0.0000	0.0000	0.0000	0.0000	1.0000	0.0000	0.0000	0.0000
0.0000	0.0003	0.0000	0.0000	0.0000	0.0000	0.3664	0.6330	0.0000	0.0000	0.0000	0.0003
0.0012	0.0000	0.0000	0.0000	0.0000	0.0000	0.0000	0.0000	0.0000	0.9986	0.0000	0.0002
0.1674	0.0000	0.0000	0.0000	0.0000	0.0000	0.0000	0.0000	0.0000	0.8234	0.0001	0.0090
0.0000	0.0000	0.0000	0.0000	0.0000	0.0010	0.0028	0.9934	0.0000	0.0000	0.0000	0.0028
0.0000	0.0000	0.0003	0.0000	0.0000	0.0000	0.8003	0.0284	0.0000	0.0151	0.0035	0.1523
0.0000	0.4437	0.2767	0.0000	0.0000	0.2756	0.0016	0.0023	0.0000	0.0000	0.0000	0.0001
0.0000	0.0000	0.0000	0.0000	0.0002	0.0000	0.0807	0.7564	0.0000	0.0031	0.0000	0.1597
0.0048	0.0000	0.0000	0.0000	0.0000	0.0000	0.0000	0.0000	0.0000	0.9952	0.0000	0.0000
0.0000	0.0000	0.0000	0.0858	0.1629	0.0000	0.0000	0.0000	0.0000	0.6975	0.0000	0.0538
0.0007	0.0000	0.0000	0.0000	0.0000	0.0000	0.0000	0.0000	0.0000	0.0000	0.9892	0.0101
0.5495	0.0005	0.0049	0.0000	0.0000	0.3385	0.0414	0.0087	0.0000	0.0395	0.0027	0.0142
0.0001	0.0000	0.0000	0.0000	0.0000	0.0073	0.5710	0.1572	0.0000	0.0262	0.0042	0.2340
0.0000	0.0435	0.0042	0.0000	0.0000	0.7511	0.1590	0.0353	0.0000	0.0001	0.0018	0.0049
0.0001	0.0000	0.2347	0.0000	0.0000	0.0000	0.1556	0.6092	0.0000	0.0000	0.0000	0.0003
0.0000	0.0000	0.0000	0.0000	0.0000	0.0000	0.3752	0.0000	0.0000	0.0016	0.0854	0.5378
0.0000	0.0000	0.0000	0.0000	0.0000	0.0000	0.0432	0.0000	0.0000	0.0907	0.0980	0.7681
0.0000	0.0000	0.0001	0.0000	0.0000	0.0000	0.8360	0.1096	0.0000	0.0062	0.0043	0.0438
0.0000	0.0031	0.0123	0.0000	0.0000	0.0026	0.4616	0.3728	0.0000	0.0017	0.0289	0.1170
0.0001	0.9941	0.0000	0.0000	0.0000	0.0000	0.0007	0.0051	0.0000	0.0000	0.0000	0.0000
0.0025	0.0000	0.0000	0.0000	0.0000	0.9828	0.0083	0.0030	0.0000	0.0033	0.0000	0.0000
0.0000	0.0000	0.0003	0.0000	0.0000	0.0000	0.2652	0.0479	0.0000	0.0195	0.0060	0.6612
0.0001	0.0001	0.0374	0.0000	0.0000	0.0001	0.7060	0.1971	0.0000	0.0014	0.0122	0.0457
0.8432	0.0087	0.0050	0.0000	0.0000	0.0012	0.1394	0.0000	0.0000	0.0001	0.0000	0.0023
0.0000	0.0000	0.0000	0.0000	0.0000	0.0000	0.0000	0.0000	1.0000	0.0000	0.0000	0.0000
0.0000	0.0003	0.0130	0.0000	0.0000	0.0878	0.3236	0.2312	0.0000	0.0001	0.0000	0.3439
0.0000	0.0000	0.0000	0.0000	0.0000	0.0000	0.0156	0.9843	0.0000	0.0000	0.0000	0.0001
0.0000	0.0000	0.0000	0.0000	0.0000	0.0000	0.0000	0.0000	0.0000	0.0000	1.0000	0.0000
0.0000	0.3244	0.0008	0.0000	0.0000	0.0043	0.6559	0.0024	0.0000	0.0001	0.0000	0.0121
0.0000	0.0000	0.0000	0.0010	0.0000	0.0000	0.9409	0.0016	0.0000	0.0039	0.0000	0.0525
0.0003	0.0000	0.0001	0.0000	0.0000	0.0001	0.0770	0.0001	0.0000	0.0132	0.0249	0.8843
0.0000	0.5099	0.3828	0.0000	0.0000	0.1004	0.0025	0.0043	0.0000	0.0000	0.0000	0.0001
0.0000	0.0000	0.0000	1.0000	0.0000	0.0000	0.0000	0.0000	0.0000	0.0000	0.0000	0.0000
0.0000	0.0000	0.0000	0.6746	0.0000	0.0000	0.0000	0.0000	0.0000	0.0036	0.3218	0.0000
0.0000	0.0000	0.0000	0.0000	0.0000	0.0000	0.0185	0.9814	0.0000	0.0000	0.0000	0.0000
0.0000	0.0000	0.0000	0.0000	0.0000	0.1466	0.0112	0.0421	0.0000	0.0080	0.0012	0.7908
0.0000	0.0000	0.0000	0.0000	0.0000	0.0000	0.0000	0.0000	1.0000	0.0000	0.0000	0.0000
0.0000	0.2789	0.2435	0.0000	0.0000	0.4325	0.0433	0.0007	0.0000	0.0000	0.0000	0.0011
0.0003	0.0041	0.0002	0.0000	0.0000	0.0107	0.9711	0.0082	0.0000	0.0001	0.0000	0.0053
0.0000	0.0000	0.0000	0.0002	0.0000	0.0000	0.0000	0.0000	0.0000	0.9996	0.0000	0.0001
0.0000	0.0000	0.0000	0.0000	0.0000	0.0000	0.0000	0.0000	0.0000	0.9910	0.0000	0.0090
0.4813	0.0000	0.0121	0.0000	0.0000	0.0000	0.0000	0.0000	0.0000	0.0556	0.0240	0.4269
0.0031	0.0000	0.0776	0.0000	0.0000	0.0000	0.0129	0.0040	0.0000	0.0202	0.0269	0.8553
0.0000	0.0000	0.0000	0.0000	0.0000	0.0000	0.0000	0.0000	1.0000	0.0000	0.0000	0.0000
0.0089	0.0000	0.0000	0.0000	0.0000	0.0001	0.3918	0.0102	0.0000	0.5367	0.0024	0.0498
0.0010	0.0073	0.0640	0.0000	0.0000	0.3791	0.0709	0.1559	0.0000	0.0045	0.0142	0.3031
0.0005	0.0000	0.0067	0.0000	0.0000	0.0000	0.6745	0.0343	0.0000	0.0025	0.0088	0.2727
0.9896	0.0000	0.0000	0.0000	0.0000	0.0000	0.0000	0.0000	0.0104	0.0000	0.0000	0.0000
0.0243	0.0000	0.0000	0.0000	0.0000	0.0000	0.0000	0.0000	0.9755	0.0000	0.0000	0.0002
0.0000	0.0000	0.0000	0.0000	0.0000	0.0000	0.7011	0.2985	0.0000	0.0000	0.0000	0.0004
0.0000	0.0000	0.0000	0.0000	0.0000	0.0000	0.0000	0.0000	0.0000	0.9995	0.0001	0.0004
0.0000	0.0000	0.0000	0.0043	0.0007	0.0000	0.0000	0.0000	0.0000	0.9923	0.0000	0.0027
0.0000	0.7427	0.1840	0.0000	0.0000	0.0667	0.0028	0.0036	0.0000	0.0000	0.0000	0.0002
0.0000	0.0005	0.0257	0.0000	0.0000	0.9736	0.0001	0.0000	0.0000	0.0000	0.0000	0.0001
0.0000	0.3129	0.1010	0.0000	0.0000	0.5828	0.0013	0.0019	0.0000	0.0000	0.0000	0.0001
0.0000	0.9999	0.0000	0.0000	0.0000	0.0000	0.0000	0.0001	0.0000	0.0000	0.0000	0.0000
0.0000	0.0000	0.0000	0.0000	0.0000	0.0011	0.7454	0.2255	0.0000	0.0131	0.0016	0.0134
0.0000	0.0000	0.0000	0.0000	0.0000	0.0001	0.0000	0.0000	0.9999	0.0000	0.0000	0.0000
0.0005	0.8229	0.1135	0.0000	0.0000	0.0004	0.0055	0.0004	0.0000	0.0003	0.0316	0.0248
0.0004	0.0289	0.0000	0.0000	0.0000	0.0001	0.6108	0.2558	0.0000	0.0025	0.0018	0.0997
0.0008	0.0629	0.0000	0.0000	0.0000	0.0056	0.3655	0.4849	0.0000	0.0091	0.0038	0.0675
0.0000	0.0000	0.0000	0.0000	0.0000	0.0000	0.0111	0.0000	0.0000	0.0020	0.0205	0.9664
0.0036	0.0000	0.0000	0.0000	0.0000	0.0000	0.0000	0.0000	0.9931	0.0033	0.0000	0.0000
0.0000	0.0000	0.0000	0.0000	0.0000	0.0000	0.0000	0.0000	0.0000	0.8568	0.1296	0.0136
0.0615	0.0000	0.0000	0.0000	0.0000	0.5608	0.1465	0.0110	0.0000	0.2202	0.0000	0.0000
0.0000	0.0000	0.0002	0.0000	0.0000	0.0007	0.6691	0.0006	0.0000	0.0076	0.0000	0.3219
0.0000	0.0000	0.0000	0.0000	0.0000	0.0000	0.0001	0.0000	0.9971	0.0027	0.0001	0.0001
0.0000	0.0000	0.0000	0.9765	0.0000	0.0000	0.0062	0.0000	0.0001	0.0171	0.0000	0.0001
0.0000	0.0000	0.0000	0.0000	0.0000	0.0000	0.0000	0.0000	0.0000	0.0000	1.0000	0.0000
0.0000	0.0128	0.8104	0.0000	0.0000	0.1329	0.0210	0.0012	0.0000	0.0003	0.0000	0.0214
0.0771	0.0000	0.0000	0.0000	0.0000	0.0000	0.0000	0.0000	0.9228	0.0000	0.0000	0.0000
0.0000	0.0000	0.0000	0.0000	0.0000	0.0000	0.0383	0.0107	0.0000	0.0000	0.0002	0.9509
0.5817	0.0000	0.0000	0.0000	0.0000	0.0000	0.0000	0.0000	0.3976	0.0206	0.0000	0.0000
0.0000	0.0005	0.3473	0.0000	0.0000	0.5724	0.0298	0.0448	0.0000	0.0000	0.0000	0.0051
0.0000	0.0000	0.0000	0.0000	0.0000	0.0000	0.2170	0.0110	0.0000	0.0000	0.0000	0.7720
0.0000	0.0000	0.7677	0.0000	0.0000	0.2119	0.0118	0.0070	0.0000	0.0000	0.0000	0.0016
0.0637	0.0000	0.0000	0.0000	0.0000	0.9331	0.0000	0.0000	0.0000	0.0032	0.0000	0.0000
0.0143	0.0000	0.0000	0.2863	0.0000	0.0000	0.0000	0.0000	0.0000	0.6453	0.0463	0.0078
1.0000	0.0000	0.0000	0.0000	0.0000	0.0000	0.0000	0.0000	0.0000	0.0000	0.0000	0.0000
0.0000	0.0000	0.0001	0.0000	0.0000	0.0000	0.9081	0.0087	0.0000	0.0002	0.0000	0.0828
0.0003	0.0000	0.0000	0.0009	0.0000	0.0001	0.0000	0.0000	0.0000	0.6468	0.3481	0.0038
0.0000	0.0000	0.0000	0.0000	0.0000	0.0000	0.0000	0.0002	0.0000	0.0011	0.0000	0.9986
0.0000	0.3819	0.1497	0.0000	0.0000	0.0014	0.4182	0.0475	0.0000	0.0000	0.0000	0.0012
0.0011	0.0000	0.0001	0.0000	0.0000	0.0000	0.0000	0.9988	0.0000	0.0000	0.0000	0.0000
0.0000	0.0000	0.0003	0.0000	0.0000	0.0000	0.8796	0.1195	0.0000	0.0000	0.0000	0.0005
0.0000	0.0000	0.1307	0.0000	0.0000	0.0000	0.0000	0.0000	0.0000	0.0000	0.0000	0.8693
0.0000	0.0000	0.9614	0.0000	0.0000	0.0338	0.0000	0.0000	0.0047	0.0000	0.0000	0.0001
0.0000	0.0000	0.9713	0.0000	0.0000	0.0230	0.0000	0.0000	0.0057	0.0000	0.0000	0.0000
0.0000	0.0000	0.9402	0.0000	0.0000	0.0000	0.0000	0.0000	0.0000	0.0000	0.0000	0.0597
0.0000	0.0000	0.0000	0.0000	0.0000	0.0000	0.0000	0.0000	0.0000	0.0000	0.0000	1.0000
0.0000	0.0000	0.9953	0.0000	0.0000	0.0015	0.0000	0.0000	0.0000	0.0000	0.0000	0.0031
0.0000	0.0000	0.9957	0.0000	0.0000	0.0010	0.0000	0.0000	0.0000	0.0000	0.0000	0.0032
0.0000	0.0000	0.0001	0.0000	0.0000	0.0000	0.0000	0.0000	0.0000	0.0000	0.0000	0.9999
0.0000	0.0000	0.0014	0.0000	0.0000	0.0000	0.0000	0.0000	0.0000	0.0000	0.0000	0.9986
0.0000	0.0000	0.9985	0.0000	0.0000	0.0000	0.0000	0.0000	0.0000	0.0000	0.0000	0.0015
0.0000	0.0000	0.9924	0.0000	0.0000	0.0000	0.0000	0.0000	0.0050	0.0000	0.0000	0.0025
0.0000	0.0000	0.0001	0.0000	0.0000	0.0000	0.0000	0.0000	0.0000	0.0000	0.0000	0.9999
0.0000	0.0000	0.9963	0.0000	0.0000	0.0027	0.0000	0.0000	0.0009	0.0000	0.0000	0.0001
0.0000	0.0000	0.9983	0.0000	0.0000	0.0005	0.0000	0.0000	0.0011	0.0000	0.0000	0.0000
0.0000	0.0000	0.0000	0.0000	0.0000	0.0000	0.0000	0.0000	0.0000	0.0000	0.0000	1.0000
0.0000	0.0000	0.0468	0.0000	0.0000	0.0000	0.0000	0.0000	0.0000	0.0000	0.0000	0.9531
0.0000	0.0000	0.0000	0.0000	0.0000	0.0000	0.0000	0.0000	0.0000	0.0000	0.0000	1.0000
0.0000	0.0000	0.0000	0.0000	0.0000	0.0000	0.0000	0.0000	0.0000	0.0000	0.0000	1.0000
0.0000	0.0000	0.9565	0.0000	0.0000	0.0433	0.0000	0.0000	0.0000	0.0000	0.0000	0.0002
0.0001	0.0000	0.9830	0.0000	0.0000	0.0002	0.0000	0.0000	0.0000	0.0000	0.0000	0.0167
0.0000	0.0000	0.0001	0.0000	0.0000	0.0000	0.0000	0.0000	0.0000	0.0000	0.0000	0.9999
0.0000	0.0000	0.0000	0.0000	0.0000	0.0000	0.0000	0.0000	1.0000	0.0000	0.0000	0.0000
0.0000	0.0000	0.9944	0.0000	0.0000	0.0015	0.0041	0.0000	0.0000	0.0000	0.0000	0.0000
0.0000	0.0000	0.0000	0.0000	0.0000	0.0000	0.0000	0.0000	1.0000	0.0000	0.0000	0.0000
0.0000	0.0000	0.0308	0.0000	0.0000	0.0000	0.9692	0.0000	0.0000	0.0000	0.0000	0.0000
0.0000	0.0000	0.0000	0.0000	0.0000	0.0005	0.9995	0.0000	0.0000	0.0000	0.0000	0.0000
0.0000	0.0000	0.0000	0.0000	0.0000	0.0000	0.0000	0.0000	1.0000	0.0000	0.0000	0.0000
0.0000	0.0000	0.0000	0.0000	0.0000	0.0000	0.0000	0.0000	1.0000	0.0000	0.0000	0.0000
0.0000	0.0000	0.0000	0.0000	0.0000	0.0000	1.0000	0.0000	0.0000	0.0000	0.0000	0.0000
0.0000	0.0000	0.0000	0.0000	0.0000	0.0000	0.0000	0.0000	1.0000	0.0000	0.0000	0.0000
0.0000	0.0000	0.5728	0.0000	0.0000	0.0000	0.4272	0.0000	0.0000	0.0000	0.0000	0.0000
0.0000	0.0000	0.0000	0.0000	0.0000	0.0000	1.0000	0.0000	0.0000	0.0000	0.0000	0.0000
0.0000	0.0000	0.0000	0.0000	0.0000	0.0000	0.0003	0.0000	0.9997	0.0000	0.0000	0.0000
0.0000	0.0000	0.0000	0.0000	0.0000	0.0000	1.0000	0.0000	0.0000	0.0000	0.0000	0.0000
0.0000	0.0000	0.0126	0.0000	0.0000	0.0000	0.9874	0.0000	0.0000	0.0000	0.0000	0.0000
0.0000	0.0000	0.9248	0.0000	0.0000	0.0042	0.0711	0.0000	0.0000	0.0000	0.0000	0.0000
0.0000	0.0000	0.9306	0.0000	0.0000	0.0000	0.0694	0.0000	0.0000	0.0000	0.0000	0.0000
0.0000	0.0000	0.0000	0.0000	0.0000	0.0000	0.0000	0.0000	1.0000	0.0000	0.0000	0.0000
0.0000	0.0000	0.0063	0.0000	0.0000	0.0000	0.9937	0.0000	0.0000	0.0000	0.0000	0.0000
0.0000	0.0000	0.0000	0.0000	0.0000	0.0000	0.0000	0.0000	1.0000	0.0000	0.0000	0.0000
0.0000	0.0000	0.0000	0.0000	0.0000	0.0000	1.0000	0.0000	0.0000	0.0000	0.0000	0.0000
0.0000	0.0000	0.0039	0.0000	0.0000	0.0000	0.9961	0.0000	0.0000	0.0000	0.0000	0.0000
0.0000	0.0000	0.0000	0.0000	0.0000	0.0000	0.0000	0.0000	1.0000	0.0000	0.0000	0.0000
0.0000	0.0000	0.0000	0.0000	0.0000	0.0000	0.0000	0.0000	1.0000	0.0000	0.0000	0.0000
0.0000	0.0000	0.0000	0.0000	0.0000	0.0000	0.0000	0.0000	1.0000	0.0000	0.0000	0.0000
0.0000	0.0000	0.0000	0.0000	0.0000	0.0000	0.0000	0.0000	1.0000	0.0000	0.0000	0.0000
0.0000	0.0000	0.9932	0.0000	0.0000	0.0020	0.0048	0.0000	0.0000	0.0000	0.0000	0.0000
0.0000	0.0000	0.0089	0.0000	0.0000	0.0000	0.9911	0.0000	0.0000	0.0000	0.0000	0.0000
