0.0000	0.0000	0.0000	0.0000	0.0000	0.0000	0.0000	0.0000	1.0000	0.0000	0.0000	0.0000
0.0000	0.0000	0.0001	0.0000	0.0000	0.0008	0.1463	0.8526	0.0000	0.0000	0.0000	0.0002
0.0001	0.0000	0.0000	0.0000	0.0000	0.0000	0.0000	0.0000	0.0000	0.9999	0.0000	0.0000
0.0747	0.0000	0.0000	0.0000	0.0000	0.0000	0.0000	0.0000	0.0000	0.9239	0.0000	0.0014
0.0000	0.0000	0.0000	0.0000	0.0000	0.0000	0.0003	0.9997	0.0000	0.0000	0.0000	0.0000
0.0000	0.0000	0.0004	0.0000	0.0000	0.0000	0.7797	0.0418	0.0000	0.0000	0.0000	0.1781
0.0000	0.1092	0.8274	0.0000	0.0000	0.0618	0.0000	0.0015	0.0000	0.0000	0.0000	0.0000
0.0000	0.0000	0.0000	0.0000	0.0000	0.0006	0.0000	0.9953	0.0000	0.0000	0.0000	0.0041
0.0000	0.0000	0.0000	0.0000	0.0000	0.0000	0.0000	0.0000	0.0000	1.0000	0.0000	0.0000
0.0000	0.0000	0.0000	0.0289	0.0029	0.0000	0.0000	0.9677	0.0000	0.0000	0.0000	0.0005
0.0001	0.0000	0.0000	0.0000	0.0000	0.0000	0.0000	0.0000	0.0000	0.0000	0.9999	0.0000
0.2375	0.0002	0.0088	0.0000	0.0000	0.7200	0.0205	0.0025	0.0000	0.0103	0.0000	0.0002
0.0000	0.0000	0.0000	0.0000	0.0000	0.0006	0.7160	0.2764	0.0000	0.0004	0.0000	0.0066
0.0000	0.0061	0.0004	0.0000	0.0000	0.8086	0.0284	0.1564	0.0000	0.0000	0.0000	0.0000
0.0000	0.0000	0.9793	0.0000	0.0000	0.0000	0.0187	0.0020	0.0000	0.0000	0.0000	0.0000
0.0000	0.0000	0.0000	0.0000	0.0000	0.0000	0.8814	0.0003	0.0000	0.0037	0.0001	0.1146
0.0000	0.0000	0.0000	0.0000	0.0000	0.0000	0.0012	0.0000	0.0000	0.7347	0.0003	0.2637
0.0000	0.0000	0.0019	0.0000	0.0000	0.0000	0.1546	0.8266	0.0000	0.0000	0.0000	0.0168
0.0000	0.0003	0.0854	0.0000	0.0000	0.0005	0.0097	0.8975	0.0000	0.0000	0.0000	0.0065
0.0000	0.9989	0.0000	0.0000	0.0000	0.0000	0.0000	0.0011	0.0000	0.0000	0.0000	0.0000
0.0000	0.0000	0.0000	0.0000	0.0000	0.9928	0.0000	0.0072	0.0000	0.0000	0.0000	0.0000
0.0000	0.0000	0.0013	0.0000	0.0000	0.0000	0.0496	0.2871	0.0000	0.0007	0.0000	0.6612
0.0000	0.0000	0.1230	0.0000	0.0000	0.0036	0.1956	0.6683	0.0000	0.0000	0.0000	0.0094
0.8155	0.0400	0.1145	0.0000	0.0000	0.0256	0.0044	0.0000	0.0000	0.0000	0.0000	0.0000
0.0000	0.0000	0.0000	0.0000	0.0000	0.0000	0.0000	0.0000	1.0000	0.0000	0.0000	0.0000
0.0000	0.0000	0.0045	0.0000	0.0000	0.0947	0.0067	0.0639	0.0000	0.0000	0.0000	0.8302
0.0000	0.0000	0.0000	0.0000	0.0000	0.0000	0.0000	1.0000	0.0000	0.0000	0.0000	0.0000
0.0000	0.0000	0.0000	0.0000	0.0000	0.0000	0.0000	0.0000	0.0000	0.0000	1.0000	0.0000
0.0000	0.4419	0.0002	0.0000	0.0000	0.5210	0.0237	0.0001	0.0000	0.0000	0.0000	0.0131
0.0000	0.0000	0.0000	0.0001	0.0000	0.0000	0.0000	0.0000	0.0000	0.9998	0.0000	0.0000
0.0000	0.0000	0.0002	0.0000	0.0000	0.0000	0.0028	0.0000	0.0000	0.0000	0.0001	0.9968
0.0000	0.0467	0.9371	0.0000	0.0000	0.0154	0.0001	0.0008	0.0000	0.0000	0.0000	0.0000
0.0000	0.0000	0.0000	1.0000	0.0000	0.0000	0.0000	0.0000	0.0000	0.0000	0.0000	0.0000
0.0000	0.0000	0.0000	0.9802	0.0000	0.0000	0.0000	0.0000	0.0000	0.0137	0.0060	0.0000
0.0000	0.0000	0.0000	0.0000	0.0000	0.0000	0.1077	0.8923	0.0000	0.0000	0.0000	0.0000
0.0000	0.0000	0.0000	0.0000	0.0000	0.0523	0.0696	0.0011	0.0000	0.0004	0.0000	0.8767
0.0000	0.0000	0.0000	0.0000	0.0000	0.0000	0.0000	0.0000	1.0000	0.0000	0.0000	0.0000
0.0000	0.0173	0.8649	0.0000	0.0000	0.1160	0.0018	0.0000	0.0000	0.0000	0.0000	0.0000
0.0015	0.0001	0.0002	0.0000	0.0000	0.0021	0.9957	0.0000	0.0000	0.0000	0.0000	0.0004
0.0000	0.0000	0.0000	0.0010	0.0000	0.0000	0.0000	0.0000	0.0000	0.9990	0.0000	0.0001
0.0000	0.0000	0.0000	0.0000	0.0000	0.0000	0.0000	0.0000	0.0000	1.0000	0.0000	0.0000
0.9997	0.0000	0.0000	0.0000	0.0000	0.0000	0.0000	0.0000	0.0000	0.0000	0.0003	0.0000
0.0020	0.0000	0.0011	0.0000	0.0000	0.0760	0.0069	0.0048	0.0000	0.0001	0.0005	0.9086
0.0000	0.0000	0.0000	0.0000	0.0000	0.0000	0.0000	0.0000	1.0000	0.0000	0.0000	0.0000
0.0911	0.0000	0.0000	0.0000	0.0000	0.0027	0.0233	0.0491	0.0000	0.7976	0.0005	0.0357
0.0000	0.0000	0.0758	0.0000	0.0000	0.7887	0.0049	0.0215	0.0000	0.0000	0.0000	0.1091
0.0002	0.0000	0.0062	0.0000	0.0000	0.0029	0.1039	0.0080	0.0000	0.0001	0.0001	0.8785
1.0000	0.0000	0.0000	0.0000	0.0000	0.0000	0.0000	0.0000	0.0000	0.0000	0.0000	0.0000
0.0006	0.0000	0.0000	0.0000	0.0000	0.0000	0.0000	0.0000	0.9994	0.0000	0.0000	0.0000
0.0000	0.0000	0.0003	0.0000	0.0000	0.0000	0.1056	0.8934	0.0000	0.0000	0.0000	0.0007
0.0000	0.0000	0.0000	0.0000	0.0000	0.0000	0.0000	0.0000	0.0000	1.0000	0.0000	0.0000
0.0000	0.0000	0.0000	0.3418	0.0004	0.0000	0.0000	0.6573	0.0000	0.0006	0.0000	0.0000
0.0000	0.3477	0.6369	0.0000	0.0000	0.0141	0.0001	0.0013	0.0000	0.0000	0.0000	0.0000
0.0000	0.0000	0.0030	0.0000	0.0000	0.9970	0.0000	0.0000	0.0000	0.0000	0.0000	0.0000
0.0000	0.0779	0.7173	0.0000	0.0000	0.2022	0.0001	0.0026	0.0000	0.0000	0.0000	0.0000
0.0000	0.9846	0.0000	0.0000	0.0000	0.0000	0.0127	0.0027	0.0000	0.0000	0.0000	0.0000
0.0001	0.0000	0.0000	0.0000	0.0000	0.0494	0.7555	0.1873	0.0000	0.0058	0.0001	0.0018
0.0000	0.0000	0.0000	0.0000	0.0000	0.0000	0.0000	0.0000	1.0000	0.0000	0.0000	0.0000
0.0000	0.8518	0.1475	0.0000	0.0000	0.0000	0.0005	0.0000	0.0000	0.0001	0.0000	0.0000
0.0000	0.0011	0.0000	0.0000	0.0000	0.0003	0.6260	0.3594	0.0000	0.0075	0.0000	0.0058
0.0000	0.0008	0.0000	0.0000	0.0000	0.0179	0.2841	0.6915	0.0000	0.0005	0.0000	0.0051
0.0000	0.0000	0.0000	0.0000	0.0000	0.0000	0.0032	0.0000	0.0000	0.0002	0.0000	0.9967
0.0003	0.0000	0.0000	0.0000	0.0000	0.0000	0.0000	0.0000	0.9903	0.0094	0.0000	0.0000
0.0000	0.0000	0.0000	0.0000	0.0000	0.0000	0.0000	0.0000	0.0000	0.9953	0.0047	0.0000
0.0009	0.0000	0.0000	0.0000	0.0000	0.8234	0.0004	0.1748	0.0000	0.0005	0.0000	0.0000
0.0000	0.0000	0.0000	0.0000	0.0000	0.0074	0.5243	0.0000	0.0000	0.0021	0.0000	0.4660
0.0000	0.0000	0.0000	0.0000	0.0000	0.0000	0.0000	0.0000	0.9982	0.0017	0.0000	0.0000
0.0000	0.0000	0.0000	0.9994	0.0000	0.0000	0.0000	0.0000	0.0000	0.0006	0.0000	0.0001
0.0000	0.0000	0.0000	0.0000	0.0000	0.0000	0.0000	0.0000	0.0000	0.0000	1.0000	0.0000
0.0000	0.0000	0.9827	0.0000	0.0000	0.0167	0.0001	0.0001	0.0000	0.0000	0.0000	0.0004
0.0024	0.0000	0.7694	0.0000	0.0000	0.0000	0.0000	0.0000	0.2282	0.0000	0.0000	0.0000
0.0000	0.0000	0.0000	0.0000	0.0000	0.0000	0.0000	0.0092	0.0000	0.0000	0.0000	0.9908
0.9988	0.0000	0.0000	0.0000	0.0000	0.0000	0.0000	0.0000	0.0012	0.0000	0.0000	0.0000
0.0000	0.0000	0.1960	0.0000	0.0000	0.7887	0.0019	0.0130	0.0000	0.0000	0.0000	0.0005
0.0000	0.0000	0.0000	0.0000	0.0000	0.0000	0.5686	0.0023	0.0000	0.0000	0.0000	0.4290
0.0000	0.0000	0.7552	0.0000	0.0000	0.2407	0.0013	0.0026	0.0000	0.0000	0.0000	0.0002
0.0390	0.0000	0.0000	0.0000	0.0000	0.9610	0.0000	0.0000	0.0000	0.0000	0.0000	0.0000
0.0000	0.0000	0.0000	0.9996	0.0000	0.0000	0.0000	0.0000	0.0000	0.0003	0.0000	0.0001
1.0000	0.0000	0.0000	0.0000	0.0000	0.0000	0.0000	0.0000	0.0000	0.0000	0.0000	0.0000
0.0000	0.0000	0.0001	0.0000	0.0000	0.0000	0.8314	0.0020	0.0000	0.0000	0.0000	0.1665
0.0000	0.0000	0.0000	0.0063	0.0000	0.0001	0.0000	0.0000	0.0000	0.7069	0.1054	0.1813
0.0000	0.0000	0.0000	0.0000	0.0000	0.0000	0.0002	0.0000	0.0000	0.0000	0.0000	0.9998
0.0000	0.0755	0.8853	0.0000	0.0000	0.0003	0.0332	0.0057	0.0000	0.0000	0.0000	0.0000
0.0006	0.0000	0.0000	0.0000	0.0000	0.0000	0.0000	0.9993	0.0000	0.0000	0.0000	0.0000
0.0000	0.0000	0.0004	0.0000	0.0000	0.0000	0.9987	0.0006	0.0000	0.0000	0.0000	0.0004
0.0000	0.0000	0.0332	0.0000	0.0000	0.0000	0.0000	0.0000	0.0000	0.0000	0.0000	0.9668
0.0000	0.0000	0.9848	0.0000	0.0000	0.0152	0.0000	0.0000	0.0000	0.0000	0.0000	0.0000
0.0000	0.0000	0.9886	0.0000	0.0000	0.0114	0.0000	0.0000	0.0000	0.0000	0.0000	0.0000
0.0006	0.0000	0.3169	0.0000	0.0000	0.0002	0.0000	0.0000	0.0001	0.0007	0.0000	0.6816
0.0000	0.0000	0.0000	0.0000	0.0000	0.0000	0.0000	0.0000	0.0000	0.0000	0.0000	1.0000
0.0000	0.0000	0.9999	0.0000	0.0000	0.0000	0.0000	0.0000	0.0000	0.0000	0.0000	0.0001
0.0000	0.0000	0.9999	0.0000	0.0000	0.0000	0.0000	0.0000	0.0000	0.0000	0.0000	0.0001
0.0000	0.0000	0.0000	0.0000	0.0000	0.0000	0.0000	0.0000	0.0000	0.0000	0.0000	1.0000
0.0000	0.0000	0.0015	0.0000	0.0000	0.0000	0.0000	0.0000	0.0000	0.0000	0.0000	0.9985
0.0000	0.0000	0.9991	0.0000	0.0000	0.0000	0.0000	0.0000	0.0000	0.0000	0.0000	0.0009
0.0000	0.0000	1.0000	0.0000	0.0000	0.0000	0.0000	0.0000	0.0000	0.0000	0.0000	0.0000
0.0000	0.0000	0.0000	0.0000	0.0000	0.0000	0.0000	0.0000	0.0000	0.0000	0.0000	1.0000
0.0000	0.0000	0.9991	0.0000	0.0000	0.0009	0.0000	0.0000	0.0000	0.0000	0.0000	0.0000
0.0000	0.0000	1.0000	0.0000	0.0000	0.0000	0.0000	0.0000	0.0000	0.0000	0.0000	0.0000
0.0000	0.0000	0.0001	0.0000	0.0000	0.0000	0.0000	0.0000	0.0000	0.0000	0.0000	0.9999
0.0000	0.0000	0.3569	0.0000	0.0000	0.0000	0.0000	0.0000	0.0000	0.0000	0.0000	0.6431
0.0000	0.0000	0.0000	0.0000	0.0000	0.0000	0.0000	0.0000	0.0000	0.0000	0.0000	1.0000
0.0000	0.0000	0.0000	0.0000	0.0000	0.0000	0.0000	0.0000	0.0000	0.0000	0.0000	1.0000
0.0000	0.0000	0.9892	0.0000	0.0000	0.0107	0.0000	0.0000	0.0000	0.0000	0.0000	0.0000
0.0000	0.0000	0.9995	0.0000	0.0000	0.0000	0.0000	0.0000	0.0000	0.0000	0.0000	0.0005
0.0000	0.0000	0.0000	0.0000	0.0000	0.0000	0.0000	0.0000	0.0000	0.0000	0.0000	1.0000
0.0000	0.0000	0.0000	0.0000	0.0000	0.0000	0.0000	0.0000	1.0000	0.0000	0.0000	0.0000
0.0000	0.0000	0.9993	0.0000	0.0000	0.0003	0.0004	0.0000	0.0000	0.0000	0.0000	0.0000
0.0000	0.0000	0.0000	0.0000	0.0000	0.0000	0.0000	0.0000	1.0000	0.0000	0.0000	0.0000
0.0000	0.0000	0.0000	0.0000	0.0000	0.0000	1.0000	0.0000	0.0000	0.0000	0.0000	0.0000
0.0000	0.0000	0.0000	0.0000	0.0000	0.0000	1.0000	0.0000	0.0000	0.0000	0.0000	0.0000
0.0000	0.0000	0.0000	0.0000	0.0000	0.0000	0.0000	0.0000	1.0000	0.0000	0.0000	0.0000
0.0000	0.0000	0.0000	0.0000	0.0000	0.0000	0.0000	0.0000	1.0000	0.0000	0.0000	0.0000
0.0000	0.0000	0.0000	0.0000	0.0000	0.0000	1.0000	0.0000	0.0000	0.0000	0.0000	0.0000
0.0000	0.0000	0.0000	0.0000	0.0000	0.0000	0.0000	0.0000	1.0000	0.0000	0.0000	0.0000
0.0000	0.0000	0.3405	0.0000	0.0000	0.0000	0.6595	0.0000	0.0000	0.0000	0.0000	0.0000
0.0000	0.0000	0.0000	0.0000	0.0000	0.0000	1.0000	0.0000	0.0000	0.0000	0.0000	0.0000
0.0000	0.0000	0.0000	0.0000	0.0000	0.0000	0.0000	0.0000	1.0000	0.0000	0.0000	0.0000
0.0000	0.0000	0.0000	0.0000	0.0000	0.5001	0.4973	0.0000	0.0026	0.0000	0.0000	0.0000
0.0000	0.0000	0.0000	0.0000	0.0000	0.0000	1.0000	0.0000	0.0000	0.0000	0.0000	0.0000
0.0000	0.0000	0.8073	0.0000	0.0000	0.0305	0.1622	0.0000	0.0000	0.0000	0.0000	0.0000
0.0000	0.0000	0.9729	0.0000	0.0000	0.0000	0.0271	0.0000	0.0000	0.0000	0.0000	0.0000
0.0000	0.0000	0.0000	0.0000	0.0000	0.0000	0.0000	0.0000	1.0000	0.0000	0.0000	0.0000
0.0000	0.0000	0.0198	0.0000	0.0000	0.0000	0.9802	0.0000	0.0000	0.0000	0.0000	0.0000
0.0000	0.0000	0.0000	0.0000	0.0000	0.0000	0.0000	0.0000	1.0000	0.0000	0.0000	0.0000
0.0000	0.0000	0.0001	0.0000	0.0000	0.0000	0.9999	0.0000	0.0000	0.0000	0.0000	0.0000
0.0000	0.0000	0.0000	0.0000	0.0000	0.0000	1.0000	0.0000	0.0000	0.0000	0.0000	0.0000
0.0000	0.0000	0.0000	0.0000	0.0000	0.0000	0.0000	0.0000	1.0000	0.0000	0.0000	0.0000
0.0000	0.0000	0.0000	0.0000	0.0000	0.0000	0.0000	0.0000	1.0000	0.0000	0.0000	0.0000
0.0000	0.0000	0.0000	0.0000	0.0000	0.0000	0.0000	0.0000	1.0000	0.0000	0.0000	0.0000
0.0000	0.0000	0.0000	0.0000	0.0000	0.0000	0.0000	0.0000	1.0000	0.0000	0.0000	0.0000
0.0000	0.0000	0.9999	0.0000	0.0000	0.0001	0.0000	0.0000	0.0000	0.0000	0.0000	0.0000
0.0000	0.0000	0.0009	0.0000	0.0000	0.0000	0.9991	0.0000	0.0000	0.0000	0.0000	0.0000
