0.0000	0.0000	0.0000	0.0000	0.0000	0.0000	0.0000	0.0000	1.0000	0.0000	0.0000	0.0000
0.0000	0.0001	0.0000	0.0000	0.0000	0.0000	0.0024	0.9975	0.0000	0.0000	0.0000	0.0000
0.0000	0.0000	0.0000	0.0000	0.0000	0.0000	0.0000	0.0000	0.0000	1.0000	0.0000	0.0000
0.0331	0.0000	0.0000	0.0000	0.0000	0.0000	0.0000	0.0000	0.0000	0.9668	0.0000	0.0000
0.0000	0.0000	0.0000	0.0000	0.0000	0.0000	0.0000	1.0000	0.0000	0.0000	0.0000	0.0000
0.0000	0.0000	0.0000	0.0000	0.0000	0.0000	0.0502	0.0025	0.0000	0.0010	0.0000	0.9463
0.0000	0.0609	0.0013	0.0000	0.0000	0.9377	0.0001	0.0001	0.0000	0.0000	0.0000	0.0000
0.0000	0.0000	0.0000	0.0000	0.0000	0.0000	0.1737	0.6019	0.0000	0.0025	0.0000	0.2219
0.0034	0.0000	0.0000	0.0000	0.0000	0.0000	0.0000	0.0000	0.0000	0.9966	0.0000	0.0000
0.0000	0.0000	0.0000	0.0000	0.3200	0.0000	0.0000	0.0000	0.0000	0.6800	0.0000	0.0000
0.0000	0.0000	0.0000	0.0000	0.0000	0.0000	0.0000	0.0000	0.0000	0.0000	1.0000	0.0000
0.0112	0.0000	0.0000	0.0000	0.0000	0.3572	0.5432	0.0041	0.0000	0.0774	0.0006	0.0062
0.0000	0.0000	0.0000	0.0000	0.0000	0.0015	0.1837	0.5618	0.0000	0.0482	0.0000	0.2048
0.0000	0.0000	0.0000	0.0000	0.0000	0.9727	0.0025	0.0247	0.0000	0.0000	0.0000	0.0000
0.0000	0.0000	0.0012	0.0000	0.0000	0.0000	0.0237	0.9751	0.0000	0.0000	0.0000	0.0000
0.0000	0.0000	0.0000	0.0000	0.0000	0.0000	0.1972	0.0000	0.0000	0.0009	0.0003	0.8015
0.0000	0.0000	0.0000	0.0000	0.0000	0.0000	0.0000	0.0000	0.0000	0.7790	0.0001	0.2209
0.0000	0.0000	0.0000	0.0000	0.0000	0.0000	0.0814	0.9167	0.0000	0.0001	0.0001	0.0018
0.0000	0.0000	0.0000	0.0000	0.0000	0.0007	0.0578	0.8326	0.0000	0.0000	0.0000	0.1088
0.0000	1.0000	0.0000	0.0000	0.0000	0.0000	0.0000	0.0000	0.0000	0.0000	0.0000	0.0000
0.0013	0.0000	0.0000	0.0000	0.0000	0.9976	0.0004	0.0004	0.0000	0.0004	0.0000	0.0000
0.0000	0.0000	0.0000	0.0000	0.0000	0.0000	0.0015	0.0542	0.0000	0.0169	0.0000	0.9274
0.0000	0.0000	0.0072	0.0000	0.0000	0.0000	0.1778	0.7967	0.0000	0.0000	0.0000	0.0182
0.0082	0.0002	0.0010	0.0000	0.0000	0.0000	0.9906	0.0000	0.0000	0.0000	0.0000	0.0000
0.0000	0.0000	0.0000	0.0000	0.0000	0.0000	0.0000	0.0000	1.0000	0.0000	0.0000	0.0000
0.0000	0.0000	0.0005	0.0000	0.0000	0.1842	0.1591	0.5668	0.0000	0.0000	0.0000	0.0894
0.0000	0.0000	0.0000	0.0000	0.0000	0.0000	0.0000	1.0000	0.0000	0.0000	0.0000	0.0000
0.0000	0.0000	0.0000	0.0000	0.0000	0.0000	0.0000	0.0000	0.0000	0.0000	1.0000	0.0000
0.0000	0.0190	0.0000	0.0000	0.0000	0.0325	0.9484	0.0000	0.0000	0.0000	0.0000	0.0001
0.0000	0.0000	0.0000	0.0042	0.0000	0.0141	0.0990	0.0000	0.0000	0.8828	0.0000	0.0000
0.0001	0.0000	0.0000	0.0000	0.0000	0.0000	0.0007	0.0000	0.0000	0.0067	0.0001	0.9924
0.0000	0.1467	0.0076	0.0000	0.0000	0.8450	0.0002	0.0005	0.0000	0.0000	0.0000	0.0000
0.0000	0.0000	0.0000	1.0000	0.0000	0.0000	0.0000	0.0000	0.0000	0.0000	0.0000	0.0000
0.0000	0.0000	0.0000	0.0000	0.0000	0.0000	0.0000	0.0000	0.0000	0.0000	0.9999	0.0000
0.0000	0.0000	0.0000	0.0000	0.0000	0.0000	0.1166	0.8834	0.0000	0.0000	0.0000	0.0000
0.0000	0.0000	0.0000	0.0005	0.0000	0.1432	0.0000	0.0000	0.0000	0.1530	0.0000	0.7033
0.0000	0.0000	0.0000	0.0000	0.0000	0.0000	0.0000	0.0000	1.0000	0.0000	0.0000	0.0000
0.0000	0.0000	0.0005	0.0000	0.0000	0.9991	0.0003	0.0000	0.0000	0.0000	0.0000	0.0000
0.0000	0.0000	0.0000	0.0000	0.0000	0.4384	0.5615	0.0000	0.0000	0.0000	0.0000	0.0001
0.0000	0.0000	0.0000	0.0000	0.0000	0.0000	0.0000	0.0000	0.0000	0.9999	0.0000	0.0000
0.0000	0.0000	0.0000	0.0000	0.0000	0.0000	0.0000	0.0000	0.0000	0.9999	0.0000	0.0001
0.9079	0.0000	0.0000	0.0000	0.0000	0.0000	0.0000	0.0000	0.0000	0.0199	0.0001	0.0721
0.0000	0.0000	0.0044	0.0000	0.0000	0.0000	0.0000	0.0000	0.0000	0.0000	0.0005	0.9950
0.0000	0.0000	0.0000	0.0000	0.0000	0.0000	0.0000	0.0000	1.0000	0.0000	0.0000	0.0000
0.0009	0.0000	0.0000	0.0000	0.0000	0.0000	0.0086	0.0015	0.0000	0.9868	0.0000	0.0023
0.0000	0.0000	0.0000	0.0000	0.0000	0.8624	0.0017	0.0065	0.0000	0.0000	0.0001	0.1292
0.0015	0.0000	0.0001	0.0000	0.0000	0.0000	0.2284	0.1305	0.0000	0.0011	0.0000	0.6384
1.0000	0.0000	0.0000	0.0000	0.0000	0.0000	0.0000	0.0000	0.0000	0.0000	0.0000	0.0000
0.0092	0.0000	0.0000	0.0000	0.0000	0.0000	0.0000	0.0000	0.9908	0.0000	0.0000	0.0000
0.0000	0.0000	0.0000	0.0000	0.0000	0.0000	0.4297	0.5703	0.0000	0.0000	0.0000	0.0000
0.0000	0.0000	0.0000	0.0000	0.0000	0.0000	0.0000	0.0000	0.0000	1.0000	0.0000	0.0000
0.0000	0.0000	0.0000	0.0000	0.0000	0.0000	0.0000	0.0000	0.0000	1.0000	0.0000	0.0000
0.0000	0.7934	0.0070	0.0000	0.0000	0.1992	0.0001	0.0004	0.0000	0.0000	0.0000	0.0000
0.0000	0.0000	0.0000	0.0000	0.0000	1.0000	0.0000	0.0000	0.0000	0.0000	0.0000	0.0000
0.0000	0.0085	0.0004	0.0000	0.0000	0.9911	0.0000	0.0000	0.0000	0.0000	0.0000	0.0000
0.0000	1.0000	0.0000	0.0000	0.0000	0.0000	0.0000	0.0000	0.0000	0.0000	0.0000	0.0000
0.0000	0.0000	0.0000	0.0000	0.0000	0.0001	0.3223	0.6693	0.0000	0.0033	0.0000	0.0051
0.0000	0.0000	0.0000	0.0000	0.0000	0.0000	0.0000	0.0000	1.0000	0.0000	0.0000	0.0000
0.0000	0.5596	0.0254	0.0000	0.0000	0.0000	0.0000	0.0000	0.0000	0.0000	0.4150	0.0000
0.0000	0.0055	0.0000	0.0000	0.0000	0.0000	0.2473	0.7414	0.0000	0.0001	0.0000	0.0058
0.0000	0.0002	0.0000	0.0000	0.0000	0.0000	0.0241	0.9733	0.0000	0.0002	0.0000	0.0022
0.0000	0.0000	0.0000	0.0000	0.0000	0.0000	0.0000	0.0000	0.0000	0.0000	0.0000	0.9999
0.0000	0.0000	0.0000	0.0000	0.0000	0.0000	0.0000	0.0000	0.9881	0.0119	0.0000	0.0000
0.0000	0.0000	0.0000	0.0000	0.0000	0.0000	0.0000	0.0000	0.0000	0.9988	0.0012	0.0000
0.0572	0.0000	0.0000	0.0000	0.0000	0.0409	0.2504	0.0022	0.0000	0.6493	0.0000	0.0000
0.0000	0.0000	0.0000	0.0000	0.0000	0.0000	0.4553	0.0000	0.0000	0.0009	0.0000	0.5437
0.0000	0.0000	0.0000	0.0000	0.0000	0.0000	0.0000	0.0000	1.0000	0.0000	0.0000	0.0000
0.0000	0.0000	0.0000	0.0000	0.0000	0.0000	0.0000	0.0000	0.0000	1.0000	0.0000	0.0000
0.0000	0.0000	0.0000	0.0000	0.0000	0.0000	0.0000	0.0000	0.0000	0.0000	1.0000	0.0000
0.0000	0.0000	0.2410	0.0000	0.0000	0.7365	0.0098	0.0045	0.0000	0.0000	0.0000	0.0082
0.3592	0.0000	0.0000	0.0000	0.0000	0.0000	0.0000	0.0000	0.6408	0.0000	0.0000	0.0000
0.0000	0.0000	0.0000	0.0000	0.0000	0.0000	0.0003	0.1790	0.0000	0.0000	0.0000	0.8208
1.0000	0.0000	0.0000	0.0000	0.0000	0.0000	0.0000	0.0000	0.0000	0.0000	0.0000	0.0000
0.0000	0.0000	0.0001	0.0000	0.0000	0.9895	0.0008	0.0093	0.0000	0.0000	0.0000	0.0003
0.0000	0.0000	0.0000	0.0000	0.0000	0.0000	0.4995	0.0001	0.0000	0.0000	0.0000	0.5004
0.0000	0.0000	0.0192	0.0000	0.0000	0.9607	0.0048	0.0139	0.0000	0.0000	0.0000	0.0014
0.0762	0.0000	0.0000	0.0000	0.0000	0.9238	0.0000	0.0000	0.0000	0.0000	0.0000	0.0000
0.0002	0.0000	0.0000	0.9747	0.0000	0.0000	0.0000	0.0000	0.0000	0.0015	0.0000	0.0236
1.0000	0.0000	0.0000	0.0000	0.0000	0.0000	0.0000	0.0000	0.0000	0.0000	0.0000	0.0000
0.0000	0.0000	0.0000	0.0000	0.0000	0.0000	0.3010	0.0000	0.0000	0.0003	0.0000	0.6986
0.0000	0.0000	0.0000	0.8874	0.0000	0.0000	0.0000	0.0000	0.0000	0.1125	0.0000	0.0001
0.0000	0.0000	0.0000	0.0000	0.0000	0.0000	0.0000	0.0000	0.0000	0.0000	0.0000	1.0000
0.0000	0.5395	0.0831	0.0000	0.0000	0.0609	0.2978	0.0185	0.0000	0.0000	0.0000	0.0001
0.0000	0.0000	0.0000	0.0000	0.0000	0.0000	0.0000	1.0000	0.0000	0.0000	0.0000	0.0000
0.0000	0.0000	0.0000	0.0000	0.0000	0.0000	1.0000	0.0000	0.0000	0.0000	0.0000	0.0000
0.0000	0.0000	0.0006	0.0000	0.0000	0.0000	0.0000	0.0000	0.0000	0.0000	0.0000	0.9994
0.0000	0.0000	0.9468	0.0001	0.0000	0.0481	0.0000	0.0000	0.0004	0.0005	0.0000	0.0041
0.0000	0.0000	0.9880	0.0000	0.0000	0.0081	0.0000	0.0000	0.0004	0.0003	0.0000	0.0033
0.0000	0.0000	0.0181	0.0000	0.0000	0.0000	0.0000	0.0000	0.0000	0.0000	0.0000	0.9819
0.0000	0.0000	0.0000	0.0000	0.0000	0.0000	0.0000	0.0000	0.0000	0.0000	0.0000	1.0000
0.0000	0.0000	0.6155	0.0000	0.0000	0.0001	0.0000	0.0000	0.0000	0.0000	0.0000	0.3844
0.0000	0.0000	0.9693	0.0000	0.0000	0.0000	0.0000	0.0000	0.0000	0.0000	0.0000	0.0307
0.0000	0.0000	0.0000	0.0000	0.0000	0.0000	0.0000	0.0000	0.0000	0.0000	0.0000	1.0000
0.0000	0.0000	0.1377	0.0000	0.0000	0.0000	0.0000	0.0000	0.0000	0.0000	0.0000	0.8623
0.0000	0.0000	0.9385	0.0000	0.0000	0.0000	0.0000	0.0000	0.0000	0.0000	0.0000	0.0615
0.0000	0.0000	0.9993	0.0000	0.0000	0.0000	0.0000	0.0000	0.0000	0.0000	0.0000	0.0007
0.0000	0.0000	0.0000	0.0000	0.0000	0.0000	0.0000	0.0000	0.0000	0.0000	0.0000	1.0000
0.0000	0.0000	0.9943	0.0000	0.0000	0.0000	0.0000	0.0000	0.0000	0.0000	0.0000	0.0056
0.0000	0.0000	0.9999	0.0000	0.0000	0.0000	0.0000	0.0000	0.0000	0.0000	0.0000	0.0001
0.0000	0.0000	0.0000	0.0000	0.0000	0.0000	0.0000	0.0000	0.0000	0.0000	0.0000	1.0000
0.0000	0.0000	0.3609	0.0000	0.0000	0.0000	0.0000	0.0000	0.0000	0.0000	0.0000	0.6391
0.0000	0.0000	0.0000	0.0000	0.0000	0.0000	0.0000	0.0000	0.0000	0.0000	0.0000	1.0000
0.0000	0.0000	0.0000	0.0000	0.0000	0.0000	0.0000	0.0000	0.0000	0.0000	0.0000	1.0000
0.0000	0.0000	0.9797	0.0000	0.0000	0.0100	0.0000	0.0000	0.0000	0.0001	0.0000	0.0102
0.0000	0.0000	0.4033	0.0000	0.0000	0.0000	0.0000	0.0000	0.0000	0.0000	0.0000	0.5967
0.0000	0.0000	0.0000	0.0000	0.0000	0.0000	0.0000	0.0000	0.0000	0.0000	0.0000	1.0000
0.0000	0.0000	0.0000	0.0000	0.0000	0.0000	0.0000	0.0000	1.0000	0.0000	0.0000	0.0000
0.0000	0.0000	0.9950	0.0000	0.0000	0.0006	0.0044	0.0000	0.0000	0.0000	0.0000	0.0000
0.0000	0.0000	0.0000	0.0000	0.0000	0.0000	0.0000	0.0000	1.0000	0.0000	0.0000	0.0000
0.0000	0.0000	0.0000	0.0000	0.0000	0.0000	1.0000	0.0000	0.0000	0.0000	0.0000	0.0000
0.0000	0.0000	0.0000	0.0000	0.0000	0.0000	1.0000	0.0000	0.0000	0.0000	0.0000	0.0000
0.0000	0.0000	0.0000	0.0000	0.0000	0.0000	0.0000	0.0000	1.0000	0.0000	0.0000	0.0000
0.0000	0.0000	0.0000	0.0000	0.0000	0.0000	0.0000	0.0000	1.0000	0.0000	0.0000	0.0000
0.0000	0.0000	0.0016	0.0000	0.0000	0.0000	0.9984	0.0000	0.0000	0.0000	0.0000	0.0000
0.0000	0.0000	0.0000	0.0000	0.0000	0.0000	0.0000	0.0000	1.0000	0.0000	0.0000	0.0000
0.0000	0.0000	0.0178	0.0000	0.0000	0.0000	0.9822	0.0000	0.0000	0.0000	0.0000	0.0000
0.0000	0.0000	0.0000	0.0000	0.0000	0.0000	1.0000	0.0000	0.0000	0.0000	0.0000	0.0000
0.0000	0.0000	0.0000	0.0000	0.0000	0.0000	0.0000	0.0000	1.0000	0.0000	0.0000	0.0000
0.0000	0.0000	0.0000	0.0000	0.0000	0.2639	0.1099	0.0000	0.6263	0.0000	0.0000	0.0000
0.0000	0.0000	0.0001	0.0000	0.0000	0.0000	0.9999	0.0000	0.0000	0.0000	0.0000	0.0000
0.0000	0.0000	0.9629	0.0000	0.0000	0.0003	0.0368	0.0000	0.0000	0.0000	0.0000	0.0000
0.0000	0.0000	0.4340	0.0000	0.0000	0.0000	0.5659	0.0000	0.0000	0.0000	0.0000	0.0000
0.0000	0.0000	0.0000	0.0000	0.0000	0.0000	0.0000	0.0000	1.0000	0.0000	0.0000	0.0000
0.0000	0.0000	0.0023	0.0000	0.0000	0.0000	0.9977	0.0000	0.0000	0.0000	0.0000	0.0000
0.0000	0.0000	0.0000	0.0000	0.0000	0.0000	0.0000	0.0000	1.0000	0.0000	0.0000	0.0000
0.0000	0.0000	0.0004	0.0000	0.0000	0.0000	0.9996	0.0000	0.0000	0.0000	0.0000	0.0000
0.0000	0.0000	0.0002	0.0000	0.0000	0.0000	0.9998	0.0000	0.0000	0.0000	0.0000	0.0000
0.0000	0.0000	0.0000	0.0000	0.0000	0.0000	0.0000	0.0000	1.0000	0.0000	0.0000	0.0000
0.0000	0.0000	0.0000	0.0000	0.0000	0.0000	0.0000	0.0000	1.0000	0.0000	0.0000	0.0000
0.0000	0.0000	0.0000	0.0000	0.0000	0.0000	0.0000	0.0000	1.0000	0.0000	0.0000	0.0000
0.0000	0.0000	0.0000	0.0000	0.0000	0.0000	0.0000	0.0000	1.0000	0.0000	0.0000	0.0000
0.0000	0.0000	0.9979	0.0000	0.0000	0.0007	0.0014	0.0000	0.0000	0.0000	0.0000	0.0000
0.0000	0.0000	0.0003	0.0000	0.0000	0.0000	0.9997	0.0000	0.0000	0.0000	0.0000	0.0000
