0.0000	0.0000	0.0000	0.0000	0.0000	0.0000	0.0000	0.0000	1.0000	0.0000	0.0000	0.0000
0.0000	0.0025	0.0001	0.0000	0.0000	0.0000	0.0301	0.9670	0.0000	0.0000	0.0000	0.0003
0.0014	0.0000	0.0000	0.0000	0.0000	0.0000	0.0000	0.0000	0.0000	0.9986	0.0000	0.0000
0.1442	0.0000	0.0000	0.0000	0.0000	0.0000	0.0000	0.0000	0.0000	0.8539	0.0003	0.0017
0.0000	0.0000	0.0000	0.0000	0.0000	0.0000	0.0254	0.9746	0.0000	0.0000	0.0000	0.0000
0.0000	0.0000	0.0007	0.0000	0.0000	0.0001	0.6966	0.0529	0.0000	0.0014	0.0003	0.2480
0.0000	0.4048	0.0507	0.0000	0.0000	0.5396	0.0012	0.0037	0.0000	0.0000	0.0000	0.0001
0.0000	0.0000	0.0000	0.0000	0.0000	0.0000	0.0334	0.9649	0.0000	0.0000	0.0000	0.0017
0.0432	0.0000	0.0000	0.0000	0.0000	0.0000	0.0000	0.0000	0.0000	0.9568	0.0000	0.0000
0.0000	0.0000	0.0000	0.0000	0.4815	0.0000	0.0000	0.0000	0.0000	0.5185	0.0000	0.0000
0.0000	0.0000	0.0000	0.0000	0.0000	0.0000	0.0000	0.0000	0.0000	0.0000	0.9986	0.0014
0.3060	0.0005	0.0012	0.0000	0.0000	0.3233	0.1004	0.0161	0.0000	0.2410	0.0044	0.0071
0.0000	0.0000	0.0000	0.0000	0.0000	0.0017	0.8043	0.1505	0.0000	0.0024	0.0003	0.0408
0.0000	0.0433	0.0028	0.0000	0.0000	0.6320	0.1097	0.2110	0.0000	0.0001	0.0000	0.0012
0.0002	0.0002	0.1515	0.0000	0.0000	0.0004	0.4667	0.3736	0.0000	0.0013	0.0001	0.0061
0.0000	0.0000	0.0000	0.0000	0.0000	0.0000	0.9292	0.0001	0.0000	0.0011	0.0145	0.0550
0.0000	0.0000	0.0000	0.0000	0.0000	0.0000	0.2217	0.0006	0.0000	0.1590	0.0520	0.5667
0.0000	0.0002	0.0022	0.0000	0.0000	0.0000	0.7465	0.1483	0.0000	0.0009	0.0003	0.1016
0.0000	0.0058	0.0645	0.0000	0.0000	0.0255	0.4431	0.2700	0.0000	0.0002	0.0000	0.1910
0.0000	0.9992	0.0000	0.0000	0.0000	0.0000	0.0000	0.0008	0.0000	0.0000	0.0000	0.0000
0.0002	0.0000	0.0000	0.0000	0.0000	0.9964	0.0007	0.0021	0.0000	0.0007	0.0000	0.0000
0.0001	0.0000	0.0072	0.0000	0.0000	0.0000	0.7535	0.0566	0.0000	0.0032	0.0001	0.1792
0.0000	0.0000	0.1755	0.0000	0.0000	0.0001	0.6053	0.2009	0.0000	0.0002	0.0000	0.0178
0.9859	0.0001	0.0002	0.0000	0.0000	0.0001	0.0135	0.0000	0.0000	0.0000	0.0000	0.0002
0.0000	0.0000	0.0000	0.0000	0.0000	0.0000	0.0000	0.0000	1.0000	0.0000	0.0000	0.0000
0.0000	0.0007	0.0039	0.0000	0.0000	0.2799	0.2490	0.1026	0.0000	0.0009	0.0000	0.3631
0.0000	0.0000	0.0000	0.0000	0.0000	0.0000	0.0325	0.9675	0.0000	0.0000	0.0000	0.0000
0.0000	0.0000	0.0000	0.0000	0.0000	0.0000	0.0000	0.0000	0.0000	0.0000	1.0000	0.0000
0.0000	0.1009	0.0000	0.0000	0.0000	0.0384	0.8520	0.0041	0.0000	0.0001	0.0000	0.0046
0.0000	0.0000	0.0000	0.0002	0.0000	0.0000	0.9513	0.0349	0.0000	0.0131	0.0000	0.0005
0.0004	0.0002	0.0003	0.0000	0.0000	0.0003	0.0905	0.0000	0.0000	0.0019	0.0012	0.9051
0.0000	0.5073	0.0943	0.0000	0.0000	0.3790	0.0037	0.0155	0.0000	0.0000	0.0000	0.0001
0.0000	0.0000	0.0000	1.0000	0.0000	0.0000	0.0000	0.0000	0.0000	0.0000	0.0000	0.0000
0.0000	0.0000	0.0000	0.0026	0.0001	0.0000	0.0000	0.0000	0.0000	0.1598	0.8361	0.0014
0.0000	0.0000	0.0000	0.0000	0.0000	0.0000	0.0107	0.9893	0.0000	0.0000	0.0000	0.0000
0.0000	0.0000	0.0000	0.0000	0.0000	0.0242	0.0119	0.0005	0.0000	0.0023	0.0002	0.9609
0.0000	0.0000	0.0000	0.0000	0.0000	0.0000	0.0000	0.0000	1.0000	0.0000	0.0000	0.0000
0.0000	0.4608	0.0425	0.0000	0.0000	0.4486	0.0460	0.0017	0.0000	0.0000	0.0000	0.0005
0.0000	0.0001	0.0000	0.0000	0.0000	0.0080	0.9883	0.0001	0.0000	0.0000	0.0000	0.0035
0.0000	0.0000	0.0000	0.0006	0.0000	0.0000	0.0000	0.0000	0.0000	0.9966	0.0005	0.0023
0.0000	0.0000	0.0000	0.0000	0.0000	0.0000	0.0000	0.0000	0.0000	0.9916	0.0002	0.0081
0.6892	0.0000	0.0002	0.0000	0.0000	0.0000	0.0000	0.0000	0.0000	0.0053	0.0020	0.3034
0.0010	0.0000	0.0594	0.0000	0.0000	0.0009	0.1124	0.0244	0.0000	0.0011	0.0017	0.7992
0.0000	0.0000	0.0000	0.0000	0.0000	0.0000	0.0000	0.0000	1.0000	0.0000	0.0000	0.0000
0.0153	0.0000	0.0001	0.0000	0.0000	0.0007	0.2251	0.0119	0.0000	0.6218	0.0016	0.1234
0.0011	0.0043	0.0078	0.0000	0.0000	0.5958	0.1170	0.1318	0.0000	0.0004	0.0003	0.1415
0.0013	0.0001	0.0286	0.0000	0.0000	0.0002	0.3353	0.2165	0.0000	0.0033	0.0011	0.4136
1.0000	0.0000	0.0000	0.0000	0.0000	0.0000	0.0000	0.0000	0.0000	0.0000	0.0000	0.0000
0.0128	0.0000	0.0000	0.0000	0.0000	0.0000	0.0000	0.0000	0.9872	0.0000	0.0000	0.0000
0.0000	0.0000	0.0001	0.0000	0.0000	0.0000	0.7489	0.2497	0.0000	0.0000	0.0000	0.0013
0.0003	0.0000	0.0000	0.0000	0.0000	0.0000	0.0000	0.0000	0.0000	0.9961	0.0000	0.0036
0.0000	0.0000	0.0000	0.0000	0.0007	0.0000	0.0000	0.0000	0.0000	0.9993	0.0000	0.0000
0.0000	0.5357	0.0516	0.0000	0.0000	0.4049	0.0024	0.0053	0.0000	0.0000	0.0000	0.0001
0.0000	0.0101	0.0035	0.0000	0.0000	0.9861	0.0002	0.0001	0.0000	0.0000	0.0000	0.0000
0.0000	0.1666	0.0190	0.0000	0.0000	0.8105	0.0009	0.0030	0.0000	0.0000	0.0000	0.0000
0.0001	0.9905	0.0000	0.0000	0.0000	0.0000	0.0015	0.0077	0.0000	0.0000	0.0003	0.0000
0.0000	0.0000	0.0000	0.0000	0.0000	0.0052	0.8377	0.1432	0.0000	0.0097	0.0003	0.0040
0.0000	0.0000	0.0000	0.0000	0.0000	0.0016	0.0000	0.0000	0.9984	0.0000	0.0000	0.0000
0.0000	0.9525	0.0443	0.0000	0.0000	0.0000	0.0009	0.0000	0.0000	0.0000	0.0021	0.0002
0.0001	0.0024	0.0000	0.0000	0.0000	0.0009	0.5483	0.2802	0.0000	0.0009	0.0002	0.1670
0.0002	0.0048	0.0000	0.0000	0.0000	0.0175	0.4729	0.3069	0.0000	0.0008	0.0002	0.1969
0.0000	0.0000	0.0000	0.0000	0.0000	0.0000	0.0700	0.0000	0.0000	0.0123	0.0410	0.8767
0.0184	0.0000	0.0000	0.0000	0.0000	0.0000	0.0000	0.0000	0.9401	0.0414	0.0000	0.0000
0.0000	0.0000	0.0000	0.0000	0.0000	0.0000	0.0000	0.0000	0.0000	0.9564	0.0394	0.0043
0.0229	0.0000	0.0000	0.0000	0.0000	0.5194	0.1557	0.0553	0.0000	0.2465	0.0000	0.0002
0.0000	0.0000	0.0000	0.0000	0.0000	0.0010	0.5285	0.0008	0.0000	0.0042	0.0000	0.4655
0.0062	0.0000	0.0000	0.0000	0.0000	0.0018	0.0144	0.0001	0.8761	0.0609	0.0029	0.0376
0.0000	0.0000	0.0000	0.0074	0.0000	0.0000	0.0000	0.0000	0.7872	0.2050	0.0000	0.0003
0.0000	0.0000	0.0000	0.0000	0.0000	0.0000	0.0000	0.0000	0.0000	0.0000	1.0000	0.0000
0.0000	0.0139	0.1174	0.0000	0.0000	0.8330	0.0186	0.0028	0.0000	0.0001	0.0000	0.0142
0.0381	0.0000	0.0000	0.0000	0.0000	0.0000	0.0000	0.0000	0.9619	0.0000	0.0000	0.0000
0.0083	0.0000	0.0000	0.0000	0.0000	0.0000	0.6929	0.0280	0.0000	0.0015	0.0020	0.2672
0.9624	0.0000	0.0000	0.0000	0.0000	0.0000	0.0000	0.0000	0.0280	0.0094	0.0002	0.0000
0.0000	0.1601	0.2323	0.0000	0.0000	0.5435	0.0124	0.0500	0.0000	0.0000	0.0000	0.0018
0.0001	0.0000	0.0000	0.0000	0.0000	0.0000	0.5810	0.0069	0.0000	0.0003	0.0000	0.4115
0.0000	0.1691	0.4322	0.0000	0.0000	0.3625	0.0059	0.0279	0.0000	0.0000	0.0000	0.0024
0.0116	0.0000	0.0000	0.0000	0.0000	0.9865	0.0000	0.0000	0.0000	0.0019	0.0000	0.0000
0.0010	0.0000	0.0000	0.0191	0.0000	0.0000	0.0000	0.0000	0.0000	0.0671	0.4551	0.4576
0.9995	0.0000	0.0000	0.0000	0.0000	0.0000	0.0000	0.0000	0.0000	0.0000	0.0001	0.0005
0.0000	0.0000	0.0000	0.0000	0.0000	0.0000	0.8400	0.0023	0.0000	0.0001	0.0000	0.1576
0.0001	0.0000	0.0000	0.0055	0.0000	0.0006	0.0000	0.0000	0.0000	0.5599	0.1775	0.2564
0.0000	0.0000	0.0000	0.0000	0.0000	0.0000	0.0031	0.0002	0.0000	0.0000	0.0000	0.9967
0.0000	0.6779	0.0425	0.0000	0.0000	0.0002	0.1886	0.0901	0.0000	0.0000	0.0000	0.0007
0.4356	0.0000	0.0026	0.0000	0.0000	0.0000	0.0000	0.5614	0.0000	0.0000	0.0000	0.0004
0.0000	0.0000	0.0000	0.0000	0.0000	0.0000	0.9926	0.0060	0.0000	0.0000	0.0000	0.0013
0.0000	0.0000	0.1784	0.0000	0.0000	0.0000	0.0002	0.0003	0.0000	0.0000	0.0000	0.8211
0.0000	0.0000	0.9996	0.0000	0.0000	0.0000	0.0000	0.0000	0.0000	0.0000	0.0000	0.0003
0.0000	0.0000	0.9996	0.0000	0.0000	0.0000	0.0000	0.0000	0.0000	0.0000	0.0000	0.0003
0.0000	0.0000	0.4444	0.0000	0.0000	0.0000	0.0000	0.0000	0.0001	0.0000	0.0000	0.5555
0.0000	0.0000	0.0000	0.0000	0.0000	0.0000	0.0000	0.0000	0.0000	0.0000	0.0000	1.0000
0.0000	0.0000	0.9867	0.0000	0.0000	0.0002	0.0001	0.0000	0.0000	0.0000	0.0000	0.0129
0.0000	0.0000	0.9930	0.0000	0.0000	0.0004	0.0000	0.0000	0.0000	0.0000	0.0000	0.0065
0.0000	0.0000	0.0000	0.0000	0.0000	0.0000	0.0000	0.0000	0.0000	0.0000	0.0000	1.0000
0.0000	0.0000	0.0001	0.0000	0.0000	0.0000	0.0004	0.0000	0.0000	0.0000	0.0000	0.9995
0.0000	0.0000	0.9908	0.0000	0.0000	0.0000	0.0000	0.0000	0.0000	0.0000	0.0000	0.0092
0.0000	0.0000	0.9998	0.0000	0.0000	0.0000	0.0000	0.0000	0.0000	0.0000	0.0000	0.0002
0.0000	0.0000	0.0000	0.0000	0.0000	0.0000	0.0000	0.0000	0.0000	0.0000	0.0000	1.0000
0.0000	0.0000	0.9992	0.0000	0.0000	0.0000	0.0000	0.0000	0.0000	0.0000	0.0000	0.0007
0.0000	0.0000	0.9999	0.0000	0.0000	0.0000	0.0000	0.0000	0.0000	0.0000	0.0000	0.0001
0.0000	0.0000	0.0000	0.0000	0.0000	0.0000	0.0004	0.0000	0.0002	0.0000	0.0000	0.9994
0.0000	0.0000	0.0166	0.0000	0.0000	0.0000	0.0029	0.0000	0.0005	0.0001	0.0000	0.9800
0.0000	0.0000	0.0000	0.0000	0.0000	0.0000	0.0000	0.0000	0.0000	0.0000	0.0000	1.0000
0.0000	0.0000	0.0000	0.0000	0.0000	0.0000	0.0000	0.0000	0.0000	0.0000	0.0000	1.0000
0.0000	0.0000	0.9993	0.0000	0.0000	0.0000	0.0000	0.0000	0.0000	0.0000	0.0000	0.0006
0.0000	0.0000	0.9181	0.0000	0.0000	0.0001	0.0006	0.0000	0.0001	0.0000	0.0000	0.0811
0.0000	0.0000	0.0000	0.0000	0.0000	0.0000	0.0001	0.0000	0.0000	0.0000	0.0000	0.9999
0.0000	0.0000	0.0000	0.0000	0.0000	0.0000	0.0000	0.0000	1.0000	0.0000	0.0000	0.0000
0.0000	0.0000	0.9952	0.0000	0.0000	0.0015	0.0034	0.0000	0.0000	0.0000	0.0000	0.0000
0.0000	0.0000	0.0000	0.0000	0.0000	0.0000	0.0000	0.0000	1.0000	0.0000	0.0000	0.0000
0.0000	0.0000	0.0212	0.0000	0.0000	0.0000	0.9788	0.0000	0.0000	0.0000	0.0000	0.0000
0.0000	0.0000	0.0000	0.0000	0.0000	0.0095	0.9905	0.0000	0.0000	0.0000	0.0000	0.0000
0.0000	0.0000	0.0000	0.0000	0.0000	0.0000	0.0000	0.0000	1.0000	0.0000	0.0000	0.0000
0.0000	0.0000	0.0000	0.0000	0.0000	0.0000	0.0000	0.0000	1.0000	0.0000	0.0000	0.0000
0.0000	0.0000	0.0002	0.0000	0.0000	0.0000	0.9998	0.0000	0.0000	0.0000	0.0000	0.0000
0.0000	0.0000	0.0000	0.0000	0.0000	0.0000	0.0000	0.0000	1.0000	0.0000	0.0000	0.0000
0.0000	0.0000	0.2800	0.0000	0.0000	0.0000	0.7200	0.0000	0.0000	0.0000	0.0000	0.0000
0.0000	0.0000	0.0000	0.0000	0.0000	0.0000	1.0000	0.0000	0.0000	0.0000	0.0000	0.0000
0.0000	0.0000	0.0000	0.0000	0.0000	0.0000	0.0163	0.0000	0.9837	0.0000	0.0000	0.0000
0.0000	0.0000	0.0000	0.0000	0.0000	0.0000	1.0000	0.0000	0.0000	0.0000	0.0000	0.0000
0.0000	0.0000	0.0001	0.0000	0.0000	0.0000	0.9999	0.0000	0.0000	0.0000	0.0000	0.0000
0.0000	0.0000	0.8369	0.0000	0.0000	0.0322	0.1309	0.0000	0.0000	0.0000	0.0000	0.0000
0.0000	0.0000	0.7288	0.0000	0.0000	0.0004	0.2708	0.0000	0.0000	0.0000	0.0000	0.0000
0.0000	0.0000	0.0000	0.0000	0.0000	0.0000	0.0000	0.0000	1.0000	0.0000	0.0000	0.0000
0.0000	0.0000	0.0369	0.0000	0.0000	0.0000	0.9631	0.0000	0.0000	0.0000	0.0000	0.0000
0.0000	0.0000	0.0000	0.0000	0.0000	0.0000	0.0000	0.0000	1.0000	0.0000	0.0000	0.0000
0.0000	0.0000	0.0001	0.0000	0.0000	0.0000	0.9999	0.0000	0.0000	0.0000	0.0000	0.0000
0.0000	0.0000	0.0005	0.0000	0.0000	0.0000	0.9995	0.0000	0.0000	0.0000	0.0000	0.0000
0.0000	0.0000	0.0000	0.0000	0.0000	0.0000	0.0000	0.0000	1.0000	0.0000	0.0000	0.0000
0.0000	0.0000	0.0000	0.0000	0.0000	0.0000	0.0000	0.0000	1.0000	0.0000	0.0000	0.0000
0.0000	0.0000	0.0000	0.0000	0.0000	0.0000	0.0000	0.0000	1.0000	0.0000	0.0000	0.0000
0.0000	0.0000	0.0000	0.0000	0.0000	0.0000	0.0002	0.0000	0.9998	0.0000	0.0000	0.0000
0.0000	0.0000	0.9941	0.0000	0.0000	0.0030	0.0029	0.0000	0.0000	0.0000	0.0000	0.0000
0.0000	0.0000	0.0011	0.0000	0.0000	0.0006	0.9983	0.0000	0.0000	0.0000	0.0000	0.0000
