0.0000	0.0000	0.0000	0.0000	0.0000	0.0000	0.0000	0.0000	0.0000	0.0907	0.9093	0.0000
0.0000	0.0000	0.0000	0.0000	0.0000	0.0000	0.7848	0.2152	0.0000	0.0000	0.0000	0.0000
0.0000	0.0000	0.0000	0.0000	0.0000	0.0000	0.0000	0.0000	0.0000	1.0000	0.0000	0.0000
0.0000	0.0000	0.0000	0.0000	0.0000	0.0000	0.0000	0.0000	0.0000	1.0000	0.0000	0.0000
0.0000	0.0000	0.0000	0.0000	0.0002	0.0000	0.0011	0.9987	0.0000	0.0000	0.0000	0.0000
0.0000	0.0000	0.0000	0.0000	0.0000	0.0000	0.7165	0.1030	0.0000	0.0000	0.0000	0.1805
0.0000	0.2812	0.4242	0.0000	0.0000	0.2942	0.0000	0.0005	0.0000	0.0000	0.0000	0.0000
0.0000	0.0000	0.0000	0.0000	0.0010	0.0000	0.0000	0.9730	0.0000	0.0000	0.0000	0.0261
0.0002	0.0000	0.0000	0.0000	0.0000	0.0000	0.0000	0.0000	0.0000	0.9998	0.0000	0.0000
0.0000	0.0000	0.0000	0.0000	0.9967	0.0000	0.0000	0.0000	0.0000	0.0001	0.0000	0.0032
0.0000	0.0000	0.0000	0.0000	0.0000	0.0000	0.0000	0.0000	0.0000	0.0000	0.9590	0.0410
0.1902	0.0000	0.0000	0.0000	0.0000	0.8033	0.0001	0.0002	0.0000	0.0063	0.0000	0.0000
0.0000	0.0000	0.0000	0.0000	0.0000	0.0031	0.0722	0.9245	0.0000	0.0001	0.0000	0.0000
0.0000	0.0072	0.0000	0.0000	0.0000	0.9488	0.0001	0.0439	0.0000	0.0000	0.0000	0.0000
0.0000	0.0000	0.5843	0.0000	0.0000	0.0000	0.2300	0.1857	0.0000	0.0000	0.0000	0.0000
0.0000	0.0000	0.0000	0.0000	0.0000	0.0000	0.8812	0.0000	0.0000	0.0003	0.0049	0.1137
0.0000	0.0000	0.0000	0.0000	0.0000	0.0000	0.2012	0.0000	0.0000	0.2913	0.0016	0.5060
0.0000	0.0000	0.0000	0.0000	0.0000	0.0000	0.9401	0.0554	0.0000	0.0000	0.0000	0.0045
0.0000	0.0002	0.0010	0.0000	0.0000	0.0006	0.0054	0.9905	0.0000	0.0000	0.0000	0.0023
0.0000	0.9975	0.0000	0.0000	0.0000	0.0000	0.0017	0.0008	0.0000	0.0000	0.0000	0.0000
0.0000	0.0000	0.0000	0.0000	0.0000	0.9998	0.0000	0.0001	0.0000	0.0000	0.0000	0.0000
0.0000	0.0000	0.0001	0.0000	0.0000	0.0000	0.2411	0.0947	0.0000	0.0000	0.0000	0.6642
0.0000	0.0000	0.0413	0.0000	0.0000	0.0005	0.0759	0.8803	0.0000	0.0000	0.0000	0.0021
0.9978	0.0000	0.0000	0.0000	0.0000	0.0000	0.0022	0.0000	0.0000	0.0000	0.0000	0.0000
0.0000	0.0000	0.0000	0.0000	0.0000	0.0036	0.0000	0.0000	0.9954	0.0010	0.0000	0.0000
0.0000	0.0000	0.0000	0.0000	0.0000	0.7803	0.0004	0.2090	0.0000	0.0000	0.0000	0.0103
0.0000	0.0000	0.0000	0.0000	0.0000	0.0000	0.0000	1.0000	0.0000	0.0000	0.0000	0.0000
0.0000	0.0000	0.0000	0.9875	0.0000	0.0000	0.0000	0.0000	0.0003	0.0000	0.0122	0.0000
0.0000	0.3489	0.0000	0.0000	0.0000	0.0468	0.4260	0.0002	0.0000	0.0000	0.0000	0.1781
0.0000	0.0000	0.0000	0.1542	0.0968	0.0000	0.3545	0.0000	0.0085	0.2956	0.0000	0.0904
0.0000	0.0000	0.0000	0.0000	0.0000	0.0000	0.0001	0.0000	0.0000	0.0000	0.0000	0.9998
0.0000	0.0871	0.8744	0.0000	0.0000	0.0384	0.0000	0.0001	0.0000	0.0000	0.0000	0.0000
0.0000	0.0000	0.0000	1.0000	0.0000	0.0000	0.0000	0.0000	0.0000	0.0000	0.0000	0.0000
0.0000	0.0000	0.0000	0.5999	0.1148	0.0000	0.0112	0.0000	0.0000	0.2572	0.0170	0.0000
0.0000	0.0000	0.0000	0.0000	0.0000	0.0000	0.0687	0.9313	0.0000	0.0000	0.0000	0.0000
0.0000	0.0000	0.0000	0.0000	0.0000	0.9154	0.0000	0.0010	0.0000	0.0000	0.0000	0.0835
0.0000	0.0000	0.0000	0.0000	0.0000	0.0000	0.0000	0.0000	1.0000	0.0000	0.0000	0.0000
0.0000	0.0638	0.8755	0.0000	0.0000	0.0607	0.0000	0.0000	0.0000	0.0000	0.0000	0.0000
0.0000	0.0000	0.0000	0.0000	0.0000	0.0000	0.9999	0.0000	0.0000	0.0000	0.0000	0.0000
0.0000	0.0000	0.0000	0.0090	0.0000	0.0000	0.0000	0.0000	0.0000	0.9909	0.0000	0.0001
0.0000	0.0000	0.0000	0.0000	0.0000	0.0000	0.0000	0.0000	0.0000	0.9964	0.0000	0.0036
0.9998	0.0000	0.0000	0.0000	0.0000	0.0000	0.0000	0.0000	0.0002	0.0001	0.0000	0.0000
0.0000	0.0000	0.0001	0.0000	0.0000	0.0000	0.0000	0.0000	0.0000	0.0001	0.0000	0.9998
0.0000	0.0000	0.0000	0.0000	0.0000	0.0000	0.0000	0.0000	0.0000	0.0005	0.9995	0.0000
0.0001	0.0000	0.0000	0.0000	0.0000	0.0000	0.0042	0.0000	0.0000	0.9947	0.0000	0.0010
0.0000	0.0000	0.0220	0.0000	0.0000	0.4981	0.0015	0.3818	0.0000	0.0000	0.0000	0.0965
0.0000	0.0000	0.0000	0.0000	0.0000	0.0000	0.0078	0.0012	0.0000	0.0000	0.0000	0.9910
1.0000	0.0000	0.0000	0.0000	0.0000	0.0000	0.0000	0.0000	0.0000	0.0000	0.0000	0.0000
0.0002	0.0000	0.0000	0.0000	0.0000	0.0000	0.0000	0.0000	0.9998	0.0000	0.0000	0.0000
0.0000	0.0000	0.0001	0.0000	0.0000	0.0000	0.4730	0.5269	0.0000	0.0000	0.0000	0.0000
0.0000	0.0000	0.0000	0.0000	0.0000	0.0000	0.0000	0.0000	0.0000	0.9999	0.0000	0.0001
0.0000	0.0000	0.0000	0.0000	0.9938	0.0000	0.0000	0.0000	0.0000	0.0062	0.0000	0.0001
0.0000	0.6358	0.2416	0.0000	0.0000	0.1224	0.0000	0.0002	0.0000	0.0000	0.0000	0.0000
0.0000	0.0000	0.0002	0.0000	0.0000	0.9998	0.0000	0.0000	0.0000	0.0000	0.0000	0.0000
0.0000	0.0860	0.0369	0.0000	0.0000	0.8768	0.0000	0.0003	0.0000	0.0000	0.0000	0.0000
0.0001	0.3989	0.0000	0.0000	0.0000	0.0000	0.0567	0.5440	0.0000	0.0000	0.0002	0.0000
0.0002	0.0000	0.0000	0.0000	0.0000	0.0295	0.4278	0.5386	0.0000	0.0039	0.0000	0.0000
0.0000	0.0000	0.0000	0.0000	0.0000	0.0000	0.0000	0.0000	1.0000	0.0000	0.0000	0.0000
0.1323	0.0764	0.4775	0.0000	0.0000	0.0030	0.0317	0.0085	0.0000	0.2694	0.0011	0.0000
0.0002	0.0000	0.0000	0.0000	0.0000	0.0000	0.6089	0.3909	0.0000	0.0000	0.0000	0.0000
0.0000	0.0004	0.0000	0.0000	0.0000	0.0014	0.5619	0.4363	0.0000	0.0000	0.0000	0.0000
0.0000	0.0000	0.0000	0.0000	0.0000	0.0000	0.0002	0.0000	0.0000	0.0000	0.0024	0.9974
0.0000	0.0000	0.0000	0.0000	0.0000	0.0000	0.0000	0.0000	0.9562	0.0438	0.0000	0.0000
0.0000	0.0000	0.0000	0.0000	0.0000	0.0000	0.0000	0.0000	0.0000	0.8703	0.1290	0.0007
0.0000	0.0000	0.0000	0.0000	0.0000	0.9964	0.0004	0.0011	0.0000	0.0020	0.0000	0.0000
0.0000	0.0000	0.0000	0.0000	0.0000	0.0599	0.8736	0.0008	0.0000	0.0011	0.0000	0.0645
0.0000	0.0000	0.0000	0.0000	0.0000	0.0000	0.0000	0.0000	0.9996	0.0004	0.0000	0.0000
0.0000	0.0000	0.0000	1.0000	0.0000	0.0000	0.0000	0.0000	0.0000	0.0000	0.0000	0.0000
0.0000	0.0000	0.0000	0.9847	0.0000	0.0000	0.0000	0.0000	0.0000	0.0000	0.0153	0.0000
0.0000	0.0000	0.4319	0.0000	0.0000	0.5681	0.0000	0.0000	0.0000	0.0000	0.0000	0.0001
0.0037	0.0000	0.0000	0.0000	0.0000	0.0000	0.0000	0.0000	0.9963	0.0000	0.0000	0.0000
0.0000	0.0000	0.0000	0.0000	0.0000	0.0000	0.0000	0.1901	0.0000	0.0006	0.0369	0.7724
0.0045	0.0000	0.0000	0.0000	0.0000	0.0000	0.0000	0.0000	0.9955	0.0000	0.0000	0.0000
0.0000	0.0000	0.7707	0.0000	0.0000	0.2292	0.0000	0.0001	0.0000	0.0000	0.0000	0.0000
0.0000	0.0000	0.0000	0.0000	0.0000	0.0000	0.0034	0.0000	0.0000	0.0000	0.0000	0.9966
0.0000	0.0000	0.9840	0.0000	0.0000	0.0160	0.0000	0.0000	0.0000	0.0000	0.0000	0.0000
0.6779	0.0000	0.0000	0.0000	0.0000	0.0493	0.0000	0.0000	0.0000	0.2728	0.0000	0.0000
0.0000	0.0000	0.0000	0.9454	0.0000	0.0000	0.0000	0.0000	0.0000	0.0000	0.0000	0.0546
1.0000	0.0000	0.0000	0.0000	0.0000	0.0000	0.0000	0.0000	0.0000	0.0000	0.0000	0.0000
0.0000	0.0000	0.0000	0.0000	0.0000	0.0000	0.9320	0.0016	0.0000	0.0000	0.0000	0.0664
0.0000	0.0000	0.0000	0.0000	0.0000	0.1488	0.0000	0.0000	0.0000	0.0738	0.0000	0.7773
0.0000	0.0000	0.0000	0.0000	0.0000	0.0003	0.0000	0.0054	0.0002	0.1738	0.0000	0.8202
0.0000	0.1939	0.7618	0.0000	0.0000	0.0001	0.0334	0.0108	0.0000	0.0000	0.0000	0.0000
0.0001	0.0000	0.0000	0.0000	0.0000	0.0000	0.0000	0.0001	0.0000	0.0000	0.0000	0.9998
0.0000	0.0000	0.0000	0.0000	0.0000	0.0000	0.9995	0.0005	0.0000	0.0000	0.0000	0.0000
0.0000	0.0000	0.0024	0.0000	0.0000	0.0000	0.0000	0.0000	0.0000	0.0000	0.0000	0.9976
0.0000	0.0000	0.9972	0.0000	0.0000	0.0028	0.0000	0.0000	0.0000	0.0000	0.0000	0.0000
0.0000	0.0000	0.9993	0.0000	0.0000	0.0007	0.0000	0.0000	0.0000	0.0000	0.0000	0.0000
0.0000	0.0000	0.9926	0.0000	0.0000	0.0000	0.0000	0.0000	0.0000	0.0041	0.0000	0.0033
0.0000	0.0000	0.0000	0.0000	0.0000	0.0000	0.0000	0.0000	0.0000	0.0000	0.0000	1.0000
0.0000	0.0000	1.0000	0.0000	0.0000	0.0000	0.0000	0.0000	0.0000	0.0000	0.0000	0.0000
0.0000	0.0000	1.0000	0.0000	0.0000	0.0000	0.0000	0.0000	0.0000	0.0000	0.0000	0.0000
0.0000	0.0000	0.0000	0.0000	0.0000	0.0000	0.0000	0.0000	0.0000	0.0000	0.0000	1.0000
0.0003	0.0000	0.0060	0.0000	0.0000	0.0000	0.0481	0.0000	0.0004	0.0010	0.0000	0.9442
0.0000	0.0000	1.0000	0.0000	0.0000	0.0000	0.0000	0.0000	0.0000	0.0000	0.0000	0.0000
0.0001	0.0000	0.9998	0.0000	0.0000	0.0000	0.0000	0.0000	0.0000	0.0001	0.0000	0.0000
0.0000	0.0000	0.0000	0.0000	0.0000	0.0000	0.0000	0.0000	0.0000	0.0000	0.0000	1.0000
0.0000	0.0000	1.0000	0.0000	0.0000	0.0000	0.0000	0.0000	0.0000	0.0000	0.0000	0.0000
0.0000	0.0000	1.0000	0.0000	0.0000	0.0000	0.0000	0.0000	0.0000	0.0000	0.0000	0.0000
0.0000	0.0000	0.0000	0.0000	0.0000	0.0000	0.0000	0.0000	0.0000	0.0000	0.0000	1.0000
0.0000	0.0000	0.0002	0.0000	0.0000	0.0000	0.0000	0.0000	0.0000	0.0004	0.0000	0.9995
0.0000	0.0000	0.0000	0.0000	0.0000	0.0000	0.0000	0.0000	0.0000	0.0000	0.0000	1.0000
0.0000	0.0000	0.0000	0.0000	0.0000	0.0000	0.0000	0.0000	0.0000	0.0000	0.0000	1.0000
0.0000	0.0000	0.9999	0.0000	0.0000	0.0001	0.0000	0.0000	0.0000	0.0000	0.0000	0.0000
0.0000	0.0000	1.0000	0.0000	0.0000	0.0000	0.0000	0.0000	0.0000	0.0000	0.0000	0.0000
0.0000	0.0000	0.0000	0.0000	0.0000	0.0000	0.0000	0.0000	0.0000	0.0000	0.0000	1.0000
0.0000	0.0000	0.0000	0.0000	0.0000	0.0000	0.0000	0.0000	1.0000	0.0000	0.0000	0.0000
0.0000	0.0000	1.0000	0.0000	0.0000	0.0000	0.0000	0.0000	0.0000	0.0000	0.0000	0.0000
0.8257	0.0000	0.0000	0.0000	0.0000	0.0000	0.1743	0.0000	0.0000	0.0000	0.0000	0.0000
0.0000	0.0000	0.0062	0.0000	0.0000	0.0000	0.9938	0.0000	0.0000	0.0000	0.0000	0.0000
0.0000	0.0000	0.0000	0.0000	0.0000	0.9428	0.0572	0.0000	0.0000	0.0000	0.0000	0.0000
0.0000	0.0000	0.0000	0.0000	0.0000	0.0000	0.0000	0.0000	1.0000	0.0000	0.0000	0.0000
0.0000	0.0000	0.0000	0.0000	0.0000	0.0000	0.0000	0.0000	1.0000	0.0000	0.0000	0.0000
0.0000	0.0000	0.0000	0.0000	0.0000	0.0000	1.0000	0.0000	0.0000	0.0000	0.0000	0.0000
0.0000	0.0000	0.0000	0.0000	0.0000	0.0000	0.0000	0.0000	1.0000	0.0000	0.0000	0.0000
0.0000	0.0000	0.9766	0.0000	0.0000	0.0000	0.0234	0.0000	0.0000	0.0000	0.0000	0.0000
0.0000	0.0000	0.0000	0.0000	0.0000	0.0004	0.9996	0.0000	0.0000	0.0000	0.0000	0.0000
0.0000	0.0000	0.0000	0.0000	0.0000	0.0000	0.0000	0.0000	1.0000	0.0000	0.0000	0.0000
0.0000	0.0000	0.0000	0.0000	0.0000	0.1826	0.0000	0.8174	0.0000	0.0000	0.0000	0.0000
0.0000	0.0000	0.0003	0.0000	0.0000	0.0000	0.9997	0.0000	0.0000	0.0000	0.0000	0.0000
0.0000	0.0000	0.9999	0.0000	0.0000	0.0000	0.0001	0.0000	0.0000	0.0000	0.0000	0.0000
0.0000	0.0000	1.0000	0.0000	0.0000	0.0000	0.0000	0.0000	0.0000	0.0000	0.0000	0.0000
0.0000	0.0000	0.0000	0.0000	0.0000	0.0000	0.0000	0.0000	1.0000	0.0000	0.0000	0.0000
0.0000	0.0000	0.0000	0.0000	0.0000	0.0000	1.0000	0.0000	0.0000	0.0000	0.0000	0.0000
0.0000	0.0000	0.0000	0.0000	0.0000	0.0000	0.0000	0.0000	1.0000	0.0000	0.0000	0.0000
0.0000	0.0000	0.0000	0.0000	0.0000	0.0000	1.0000	0.0000	0.0000	0.0000	0.0000	0.0000
0.0000	0.0000	0.0001	0.0000	0.0000	0.0000	0.9999	0.0000	0.0000	0.0000	0.0000	0.0000
0.0000	0.0000	0.0000	0.0000	0.0000	0.0000	0.0000	0.0000	1.0000	0.0000	0.0000	0.0000
0.0000	0.0000	0.0000	0.0000	0.0000	0.0000	0.0000	0.0000	1.0000	0.0000	0.0000	0.0000
0.0000	0.0000	0.0000	0.0000	0.0000	0.0000	0.0000	0.0000	1.0000	0.0000	0.0000	0.0000
0.0000	0.0000	0.0000	0.0000	0.0000	0.0000	0.0000	0.0000	1.0000	0.0000	0.0000	0.0000
0.0000	0.0000	1.0000	0.0000	0.0000	0.0000	0.0000	0.0000	0.0000	0.0000	0.0000	0.0000
0.0000	0.0000	0.0000	0.0000	0.0000	0.0000	1.0000	0.0000	0.0000	0.0000	0.0000	0.0000
