0.0000	0.0000	0.0000	0.0000	0.0000	0.0000	0.0000	0.0000	1.0000	0.0000	0.0000	0.0000
0.0000	0.0035	0.0001	0.0000	0.0000	0.0000	0.0411	0.9546	0.0000	0.0000	0.0000	0.0007
0.0080	0.0000	0.0000	0.0000	0.0000	0.0000	0.0000	0.0000	0.0000	0.9919	0.0000	0.0000
0.6371	0.0000	0.0000	0.0000	0.0000	0.0000	0.0000	0.0000	0.0000	0.3594	0.0003	0.0033
0.0000	0.0000	0.0000	0.0000	0.0000	0.0000	0.0740	0.9260	0.0000	0.0000	0.0000	0.0000
0.0001	0.0000	0.0004	0.0000	0.0000	0.0001	0.6758	0.0073	0.0000	0.0359	0.0018	0.2787
0.0000	0.0869	0.3675	0.0000	0.0000	0.5437	0.0007	0.0011	0.0000	0.0000	0.0000	0.0001
0.0000	0.0001	0.0016	0.0000	0.0005	0.0003	0.2830	0.5874	0.0000	0.0051	0.0000	0.1220
0.3619	0.0000	0.0000	0.0000	0.0000	0.0000	0.0000	0.0000	0.0000	0.6381	0.0000	0.0000
0.0000	0.0000	0.0000	0.0000	0.9974	0.0000	0.0000	0.0000	0.0000	0.0026	0.0000	0.0000
0.0000	0.0000	0.0000	0.0000	0.0000	0.0000	0.0000	0.0000	0.0000	0.0000	0.9987	0.0013
0.4025	0.0001	0.0009	0.0000	0.0000	0.0655	0.2558	0.0082	0.0000	0.2047	0.0051	0.0572
0.0000	0.0000	0.0000	0.0000	0.0000	0.0003	0.8668	0.0322	0.0000	0.0073	0.0007	0.0927
0.0000	0.0055	0.0048	0.0000	0.0000	0.7807	0.1040	0.1035	0.0000	0.0002	0.0000	0.0011
0.0000	0.0000	0.0341	0.0000	0.0000	0.0000	0.8214	0.1444	0.0000	0.0000	0.0000	0.0001
0.0000	0.0000	0.0000	0.0000	0.0000	0.0000	0.9389	0.0000	0.0000	0.0014	0.0245	0.0351
0.0000	0.0000	0.0000	0.0000	0.0000	0.0000	0.0588	0.0000	0.0000	0.3075	0.2058	0.4279
0.0001	0.0000	0.0028	0.0000	0.0000	0.0000	0.8876	0.0177	0.0000	0.0006	0.0003	0.0909
0.0002	0.0001	0.1626	0.0000	0.0000	0.0135	0.5100	0.1092	0.0000	0.0001	0.0004	0.2039
0.0000	0.9982	0.0000	0.0000	0.0000	0.0000	0.0000	0.0018	0.0000	0.0000	0.0000	0.0000
0.0008	0.0000	0.0000	0.0000	0.0000	0.9965	0.0002	0.0000	0.0000	0.0025	0.0000	0.0000
0.0002	0.0000	0.0174	0.0000	0.0000	0.0000	0.3714	0.0080	0.0000	0.0305	0.0003	0.5722
0.0001	0.0000	0.6941	0.0000	0.0000	0.0000	0.2200	0.0738	0.0000	0.0002	0.0000	0.0118
0.6540	0.0001	0.0077	0.0000	0.0000	0.0001	0.3377	0.0001	0.0000	0.0000	0.0000	0.0004
0.0000	0.0000	0.0000	0.0000	0.0000	0.0000	0.0000	0.0000	1.0000	0.0000	0.0000	0.0000
0.0000	0.0000	0.0017	0.0000	0.0000	0.0172	0.1738	0.1597	0.0000	0.0001	0.0000	0.6475
0.0000	0.0000	0.0000	0.0000	0.0000	0.0000	0.0037	0.9963	0.0000	0.0000	0.0000	0.0000
0.0000	0.0000	0.0000	0.0000	0.0000	0.0000	0.0000	0.0000	0.0000	0.0000	1.0000	0.0000
0.0000	0.0091	0.0001	0.0000	0.0000	0.0034	0.9786	0.0058	0.0000	0.0000	0.0000	0.0030
0.0000	0.0000	0.0000	0.0008	0.0000	0.0000	0.9464	0.0171	0.0000	0.0336	0.0000	0.0021
0.0030	0.0000	0.0000	0.0000	0.0000	0.0001	0.1928	0.0000	0.0000	0.0064	0.0013	0.7963
0.0000	0.0666	0.7862	0.0000	0.0000	0.1421	0.0019	0.0030	0.0000	0.0000	0.0000	0.0001
0.0000	0.0000	0.0000	1.0000	0.0000	0.0000	0.0000	0.0000	0.0000	0.0000	0.0000	0.0000
0.0000	0.0000	0.0000	0.0087	0.0000	0.0000	0.0000	0.0000	0.0000	0.0159	0.9752	0.0002
0.0000	0.0000	0.0000	0.0000	0.0000	0.0000	0.1345	0.8655	0.0000	0.0000	0.0000	0.0000
0.0000	0.0000	0.0000	0.0000	0.0000	0.0052	0.0028	0.0000	0.0000	0.0072	0.0000	0.9847
0.0000	0.0000	0.0000	0.0000	0.0000	0.0000	0.0000	0.0000	1.0000	0.0000	0.0000	0.0000
0.0000	0.0416	0.5023	0.0000	0.0000	0.4277	0.0281	0.0002	0.0000	0.0000	0.0000	0.0002
0.0000	0.0000	0.0001	0.0000	0.0000	0.0168	0.9823	0.0000	0.0000	0.0000	0.0000	0.0008
0.0000	0.0000	0.0000	0.0000	0.0000	0.0000	0.0000	0.0000	0.0000	0.9999	0.0000	0.0001
0.0000	0.0000	0.0000	0.0000	0.0000	0.0000	0.0000	0.0000	0.0000	0.9865	0.0000	0.0135
0.5758	0.0000	0.0001	0.0000	0.0000	0.0000	0.0000	0.0000	0.0000	0.0668	0.0123	0.3451
0.0027	0.0000	0.3673	0.0000	0.0000	0.0002	0.1043	0.0012	0.0000	0.0037	0.0458	0.4748
0.0000	0.0000	0.0000	0.0000	0.0000	0.0000	0.0000	0.0000	1.0000	0.0000	0.0000	0.0000
0.0328	0.0000	0.0000	0.0000	0.0000	0.0004	0.2343	0.0017	0.0000	0.6282	0.0005	0.1020
0.0032	0.0006	0.0798	0.0000	0.0000	0.7258	0.0799	0.0110	0.0000	0.0019	0.0003	0.0976
0.0015	0.0000	0.0544	0.0000	0.0000	0.0001	0.5931	0.1133	0.0000	0.0047	0.0006	0.2324
0.9999	0.0000	0.0000	0.0000	0.0000	0.0000	0.0000	0.0000	0.0000	0.0001	0.0000	0.0000
0.2192	0.0000	0.0000	0.0000	0.0000	0.0000	0.0000	0.0000	0.7808	0.0000	0.0000	0.0000
0.0000	0.0000	0.0014	0.0000	0.0000	0.0000	0.7935	0.2045	0.0000	0.0001	0.0000	0.0005
0.0043	0.0000	0.0000	0.0000	0.0000	0.0000	0.0000	0.0000	0.0000	0.9901	0.0001	0.0056
0.0000	0.0000	0.0000	0.0000	0.0000	0.0000	0.0000	0.0000	0.0000	1.0000	0.0000	0.0000
0.0000	0.1603	0.5537	0.0000	0.0000	0.2809	0.0023	0.0028	0.0000	0.0000	0.0000	0.0001
0.0000	0.0026	0.0307	0.0000	0.0000	0.9663	0.0003	0.0001	0.0000	0.0000	0.0000	0.0000
0.0000	0.0279	0.1662	0.0000	0.0000	0.8048	0.0004	0.0006	0.0000	0.0000	0.0000	0.0000
0.0000	1.0000	0.0000	0.0000	0.0000	0.0000	0.0000	0.0000	0.0000	0.0000	0.0000	0.0000
0.0000	0.0000	0.0000	0.0000	0.0000	0.0001	0.9448	0.0222	0.0000	0.0184	0.0000	0.0145
0.0000	0.0000	0.0000	0.0000	0.0000	0.0007	0.0000	0.0000	0.9993	0.0000	0.0000	0.0000
0.0000	0.8042	0.1929	0.0000	0.0000	0.0000	0.0002	0.0000	0.0000	0.0000	0.0026	0.0002
0.0000	0.0029	0.0000	0.0000	0.0000	0.0000	0.7191	0.1838	0.0000	0.0001	0.0001	0.0939
0.0000	0.0041	0.0000	0.0000	0.0000	0.0032	0.3913	0.4422	0.0000	0.0005	0.0001	0.1585
0.0000	0.0000	0.0000	0.0000	0.0000	0.0000	0.0725	0.0000	0.0000	0.0138	0.1800	0.7337
0.0017	0.0000	0.0000	0.0000	0.0000	0.0000	0.0000	0.0000	0.9252	0.0731	0.0000	0.0000
0.0000	0.0000	0.0000	0.0000	0.0000	0.0000	0.0000	0.0000	0.0000	0.7520	0.2479	0.0000
0.1201	0.0000	0.0000	0.0000	0.0000	0.4347	0.0230	0.0001	0.0000	0.4219	0.0000	0.0002
0.0000	0.0000	0.0000	0.0000	0.0000	0.0002	0.5569	0.0003	0.0000	0.0005	0.0000	0.4421
0.0001	0.0000	0.0000	0.0000	0.0000	0.0000	0.0028	0.0000	0.9921	0.0024	0.0001	0.0025
0.0000	0.0000	0.0000	0.0016	0.0000	0.0000	0.0000	0.0000	0.8925	0.1059	0.0000	0.0000
0.0000	0.0000	0.0000	0.0000	0.0000	0.0000	0.0000	0.0000	0.0000	0.0000	1.0000	0.0000
0.0000	0.0013	0.7186	0.0000	0.0000	0.1946	0.0462	0.0158	0.0000	0.0000	0.0000	0.0234
0.6323	0.0000	0.0000	0.0000	0.0000	0.0000	0.0000	0.0000	0.3677	0.0000	0.0000	0.0000
0.0020	0.0000	0.0000	0.0000	0.0000	0.0012	0.0029	0.0001	0.0000	0.0000	0.0004	0.9935
0.9961	0.0000	0.0000	0.0000	0.0000	0.0000	0.0000	0.0000	0.0037	0.0001	0.0001	0.0000
0.0000	0.0343	0.3478	0.0000	0.0000	0.5955	0.0049	0.0163	0.0000	0.0000	0.0000	0.0012
0.0000	0.0000	0.0000	0.0000	0.0000	0.0000	0.9962	0.0005	0.0000	0.0000	0.0000	0.0033
0.0000	0.0521	0.7432	0.0000	0.0000	0.1904	0.0038	0.0080	0.0000	0.0000	0.0000	0.0026
0.0068	0.0000	0.0000	0.0000	0.0000	0.9850	0.0000	0.0000	0.0000	0.0083	0.0000	0.0000
0.0001	0.0000	0.0000	0.0322	0.0000	0.0000	0.0000	0.0000	0.0000	0.7824	0.0935	0.0918
0.9991	0.0000	0.0000	0.0000	0.0000	0.0000	0.0000	0.0000	0.0000	0.0000	0.0000	0.0009
0.0000	0.0000	0.0000	0.0000	0.0000	0.0000	0.9736	0.0000	0.0000	0.0001	0.0000	0.0263
0.0001	0.0000	0.0000	0.0004	0.0000	0.0000	0.0000	0.0000	0.0000	0.9752	0.0056	0.0187
0.0000	0.0000	0.0000	0.0000	0.0000	0.0000	0.0526	0.0001	0.0000	0.0000	0.0000	0.9473
0.0000	0.2351	0.5443	0.0000	0.0000	0.0000	0.2068	0.0135	0.0000	0.0000	0.0000	0.0003
0.1187	0.0000	0.2003	0.0000	0.0000	0.0000	0.0000	0.6748	0.0000	0.0000	0.0000	0.0062
0.0000	0.0000	0.0001	0.0000	0.0000	0.0000	0.9994	0.0004	0.0000	0.0000	0.0000	0.0001
0.0000	0.0000	0.0583	0.0000	0.0000	0.0000	0.0000	0.0000	0.0000	0.0000	0.0000	0.9417
0.0000	0.0000	0.9799	0.0000	0.0000	0.0144	0.0000	0.0000	0.0047	0.0000	0.0000	0.0010
0.0000	0.0000	0.9868	0.0000	0.0000	0.0083	0.0000	0.0000	0.0041	0.0000	0.0000	0.0007
0.0000	0.0000	0.1370	0.0000	0.0000	0.0000	0.0000	0.0000	0.0000	0.0000	0.0000	0.8630
0.0002	0.0000	0.0000	0.0000	0.0000	0.0000	0.0000	0.0000	0.0000	0.0000	0.0000	0.9998
0.0000	0.0000	0.9655	0.0000	0.0000	0.0203	0.0000	0.0000	0.0000	0.0000	0.0000	0.0141
0.0000	0.0000	0.9811	0.0000	0.0000	0.0036	0.0000	0.0000	0.0000	0.0000	0.0000	0.0153
0.0000	0.0000	0.0000	0.0000	0.0000	0.0000	0.0000	0.0000	0.0000	0.0000	0.0000	1.0000
0.0000	0.0000	0.0101	0.0000	0.0000	0.0000	0.0000	0.0000	0.0000	0.0000	0.0000	0.9898
0.0000	0.0000	0.9895	0.0000	0.0000	0.0000	0.0000	0.0000	0.0001	0.0000	0.0000	0.0105
0.0000	0.0000	0.9993	0.0000	0.0000	0.0000	0.0000	0.0000	0.0004	0.0000	0.0000	0.0003
0.0000	0.0000	0.0000	0.0000	0.0000	0.0000	0.0000	0.0000	0.0000	0.0000	0.0000	1.0000
0.0000	0.0000	0.9967	0.0000	0.0000	0.0006	0.0000	0.0000	0.0015	0.0000	0.0000	0.0012
0.0000	0.0000	0.9990	0.0000	0.0000	0.0000	0.0000	0.0000	0.0008	0.0000	0.0000	0.0002
0.0000	0.0000	0.0000	0.0000	0.0000	0.0000	0.0000	0.0000	0.0000	0.0000	0.0000	0.9999
0.0002	0.0000	0.0145	0.0000	0.0000	0.0000	0.0007	0.0000	0.0001	0.0000	0.0000	0.9846
0.0000	0.0000	0.0000	0.0000	0.0000	0.0000	0.0000	0.0000	0.0000	0.0000	0.0000	1.0000
0.0000	0.0000	0.0000	0.0000	0.0000	0.0000	0.0000	0.0000	0.0000	0.0000	0.0000	1.0000
0.0000	0.0000	0.9848	0.0000	0.0000	0.0129	0.0000	0.0000	0.0001	0.0000	0.0000	0.0022
0.0000	0.0000	0.7489	0.0000	0.0000	0.0002	0.0004	0.0000	0.0002	0.0000	0.0000	0.2503
0.0000	0.0000	0.0000	0.0000	0.0000	0.0000	0.0000	0.0000	0.0000	0.0000	0.0000	1.0000
0.0000	0.0000	0.0000	0.0000	0.0000	0.0000	0.0000	0.0000	1.0000	0.0000	0.0000	0.0000
0.0000	0.0000	0.9919	0.0000	0.0000	0.0004	0.0077	0.0000	0.0000	0.0000	0.0000	0.0000
0.0000	0.0000	0.0000	0.0000	0.0000	0.0000	0.0000	0.0000	1.0000	0.0000	0.0000	0.0000
0.0000	0.0000	0.0191	0.0000	0.0000	0.0000	0.9809	0.0000	0.0000	0.0000	0.0000	0.0000
0.0000	0.0000	0.0000	0.0000	0.0000	0.0082	0.9916	0.0000	0.0000	0.0000	0.0001	0.0000
0.0000	0.0000	0.0000	0.0000	0.0000	0.0000	0.0002	0.0000	0.9998	0.0000	0.0000	0.0000
0.0000	0.0000	0.0000	0.0000	0.0000	0.0000	0.0000	0.0000	1.0000	0.0000	0.0000	0.0000
0.0000	0.0000	0.0003	0.0000	0.0000	0.0000	0.9997	0.0000	0.0000	0.0000	0.0000	0.0000
0.0000	0.0000	0.0000	0.0000	0.0000	0.0000	0.0000	0.0000	1.0000	0.0000	0.0000	0.0000
0.0000	0.0000	0.1504	0.0000	0.0000	0.0000	0.8496	0.0000	0.0000	0.0000	0.0000	0.0000
0.0000	0.0000	0.0000	0.0000	0.0000	0.0000	1.0000	0.0000	0.0000	0.0000	0.0000	0.0000
0.0000	0.0000	0.0000	0.0000	0.0000	0.0000	0.0000	0.0000	1.0000	0.0000	0.0000	0.0000
0.0000	0.0000	0.0000	0.0000	0.0000	0.0000	1.0000	0.0000	0.0000	0.0000	0.0000	0.0000
0.0000	0.0000	0.0000	0.0000	0.0000	0.0000	1.0000	0.0000	0.0000	0.0000	0.0000	0.0000
0.0000	0.0000	0.5455	0.0000	0.0000	0.0008	0.4537	0.0000	0.0000	0.0000	0.0000	0.0000
0.0000	0.0000	0.6558	0.0000	0.0000	0.0000	0.3442	0.0000	0.0000	0.0000	0.0000	0.0000
0.0000	0.0000	0.0000	0.0000	0.0000	0.0000	0.0000	0.0000	1.0000	0.0000	0.0000	0.0000
0.0000	0.0000	0.0448	0.0000	0.0000	0.0000	0.9552	0.0000	0.0000	0.0000	0.0000	0.0000
0.0000	0.0000	0.0000	0.0000	0.0000	0.0000	0.0000	0.0000	1.0000	0.0000	0.0000	0.0000
0.0000	0.0000	0.0002	0.0000	0.0000	0.0000	0.9998	0.0000	0.0000	0.0000	0.0000	0.0000
0.0000	0.0000	0.0001	0.0000	0.0000	0.0000	0.9998	0.0000	0.0000	0.0000	0.0000	0.0000
0.0000	0.0000	0.0000	0.0000	0.0000	0.0000	0.0000	0.0000	1.0000	0.0000	0.0000	0.0000
0.0000	0.0000	0.0000	0.0000	0.0000	0.0000	0.0000	0.0000	1.0000	0.0000	0.0000	0.0000
0.0000	0.0000	0.0000	0.0000	0.0000	0.0000	0.0000	0.0000	1.0000	0.0000	0.0000	0.0000
0.0000	0.0000	0.0000	0.0000	0.0000	0.0000	0.0000	0.0000	1.0000	0.0000	0.0000	0.0000
0.0000	0.0000	0.9956	0.0000	0.0000	0.0007	0.0037	0.0000	0.0000	0.0000	0.0000	0.0000
0.0000	0.0000	0.0001	0.0000	0.0000	0.0000	0.9999	0.0000	0.0000	0.0000	0.0000	0.0000
