0.2135	0.0000	0.0002	0.0000	0.0000	0.0090	0.0275	0.0006	0.0000	0.0093	0.0000	0.7399
0.0000	0.0000	0.0009	0.0000	0.0000	0.0000	0.7776	0.0506	0.0000	0.0156	0.0001	0.1551
0.0000	0.0000	0.0002	0.0000	0.0000	0.0000	0.8286	0.0410	0.0000	0.0000	0.0000	0.1302
0.2818	0.0000	0.0000	0.0000	0.0000	0.0000	0.0000	0.0000	0.7182	0.0000	0.0000	0.0000
0.0000	0.3890	0.5313	0.0000	0.0000	0.0743	0.0004	0.0050	0.0000	0.0000	0.0000	0.0001
0.0007	0.0000	0.0000	0.0000	0.0000	0.0000	0.0000	0.0000	0.0000	0.0000	0.1577	0.8416
0.0000	0.0000	0.4179	0.0000	0.0000	0.0000	0.4021	0.0398	0.0000	0.0000	0.0000	0.1402
0.0000	0.0000	0.0000	0.0000	0.0000	0.0000	0.0000	0.0320	0.0000	0.0007	0.0000	0.9673
0.0000	0.0000	0.0000	0.0000	0.0000	0.0000	0.0000	0.0000	1.0000	0.0000	0.0000	0.0000
0.0067	0.0000	0.0000	0.0000	0.0000	0.0380	0.2648	0.4467	0.0000	0.0010	0.0000	0.2427
0.9558	0.0000	0.0002	0.0000	0.0000	0.0003	0.0068	0.0246	0.0089	0.0002	0.0000	0.0033
0.0000	0.9988	0.0012	0.0000	0.0000	0.0000	0.0000	0.0000	0.0000	0.0000	0.0000	0.0000
0.0000	0.0008	0.9035	0.0000	0.0000	0.0095	0.0001	0.0815	0.0000	0.0001	0.0000	0.0045
0.0003	0.0002	0.0165	0.0000	0.0000	0.0025	0.0001	0.3850	0.0000	0.0006	0.0000	0.5947
0.8861	0.0000	0.0000	0.0000	0.0000	0.0000	0.0000	0.0000	0.1139	0.0000	0.0000	0.0000
0.0000	0.0000	0.0000	0.0000	0.0000	0.0000	0.9933	0.0000	0.0000	0.0000	0.0000	0.0067
0.0000	0.0000	0.0000	0.0000	0.0000	0.0000	0.0456	0.0034	0.0000	0.9187	0.0001	0.0322
0.0004	0.0000	0.0000	0.0000	0.0000	0.0000	0.0000	0.0000	0.9995	0.0001	0.0000	0.0000
0.0000	0.0000	0.0001	0.0000	0.0000	0.0098	0.0697	0.9202	0.0000	0.0000	0.0000	0.0002
0.0000	0.0008	0.0303	0.0000	0.0000	0.0003	0.0707	0.8711	0.0000	0.0001	0.0000	0.0267
0.0000	1.0000	0.0000	0.0000	0.0000	0.0000	0.0000	0.0000	0.0000	0.0000	0.0000	0.0000
0.0000	0.0000	0.0000	0.0000	0.0000	1.0000	0.0000	0.0000	0.0000	0.0000	0.0000	0.0000
0.0044	0.0441	0.8056	0.0000	0.0000	0.0195	0.0549	0.0528	0.0000	0.0000	0.0000	0.0188
0.0090	0.1198	0.4507	0.0000	0.0000	0.3089	0.0536	0.0462	0.0000	0.0000	0.0000	0.0118
0.0011	0.6944	0.0000	0.0002	0.0000	0.0000	0.2386	0.0395	0.0000	0.0000	0.0000	0.0262
0.0000	0.0000	0.0000	0.0000	0.0000	0.0000	0.0000	0.0000	1.0000	0.0000	0.0000	0.0000
0.0000	0.0000	0.0000	0.0000	0.0000	0.0000	0.0000	0.0000	0.0003	0.9997	0.0000	0.0000
0.0000	0.0000	0.0000	0.0000	0.0000	0.0000	0.0063	0.9937	0.0000	0.0000	0.0000	0.0000
0.0000	0.0000	0.0000	0.0001	0.0000	0.0000	0.0000	0.0000	0.0000	0.9999	0.0000	0.0001
0.0000	0.0000	0.9999	0.0000	0.0000	0.0001	0.0000	0.0000	0.0000	0.0000	0.0000	0.0000
0.0000	0.0000	0.0001	0.0000	0.0000	0.0000	0.0165	0.9834	0.0000	0.0000	0.0000	0.0000
0.0000	0.0000	0.0000	0.0000	0.0000	0.0000	0.0000	0.0000	0.0061	0.9939	0.0000	0.0000
0.0000	0.0000	0.0000	0.0000	0.0000	0.0000	0.0000	0.0000	0.0000	0.9999	0.0001	0.0000
0.0000	0.6979	0.2969	0.0000	0.0000	0.0029	0.0000	0.0022	0.0000	0.0000	0.0000	0.0000
0.0000	0.7417	0.1632	0.0000	0.0000	0.0129	0.0279	0.0365	0.0000	0.0000	0.0000	0.0178
0.0000	0.0000	0.0000	0.0000	0.0000	0.0000	0.0001	0.9999	0.0000	0.0000	0.0000	0.0000
1.0000	0.0000	0.0000	0.0000	0.0000	0.0000	0.0000	0.0000	0.0000	0.0000	0.0000	0.0000
0.0000	0.0000	0.0000	0.0000	0.0000	0.9240	0.0006	0.0218	0.0000	0.0000	0.0000	0.0535
0.0000	0.0000	0.0000	0.0000	0.0000	0.0000	0.0000	0.0000	1.0000	0.0000	0.0000	0.0000
0.0000	0.2469	0.5833	0.0000	0.0000	0.0989	0.0564	0.0102	0.0000	0.0000	0.0000	0.0043
0.0000	0.0000	0.0000	0.0002	0.0000	0.0000	0.0000	0.9998	0.0000	0.0000	0.0000	0.0000
0.0000	0.0000	0.0000	0.0000	0.0000	0.0000	0.0000	0.0000	0.0000	0.0000	1.0000	0.0000
0.8061	0.0000	0.1685	0.0000	0.0000	0.0000	0.0000	0.0000	0.0000	0.0000	0.0000	0.0254
0.0008	0.0000	0.0000	0.0000	0.0000	0.0000	0.0391	0.0176	0.0000	0.0035	0.0000	0.9389
0.0000	0.4866	0.4015	0.0000	0.0000	0.1042	0.0008	0.0066	0.0000	0.0000	0.0000	0.0003
0.0000	0.5049	0.0020	0.0000	0.0000	0.0570	0.0869	0.3277	0.0000	0.0012	0.0000	0.0204
0.0000	0.0000	0.0000	0.0000	0.0000	0.0000	0.4363	0.4679	0.0000	0.0000	0.0000	0.0957
0.0000	0.0000	0.0000	0.0000	1.0000	0.0000	0.0000	0.0000	0.0000	0.0000	0.0000	0.0000
0.0000	0.0002	0.0006	0.0000	0.0000	0.3052	0.1147	0.0212	0.0000	0.0002	0.0000	0.5579
0.9999	0.0000	0.0000	0.0000	0.0000	0.0000	0.0000	0.0000	0.0000	0.0001	0.0000	0.0000
0.0000	0.0000	0.0000	0.0000	1.0000	0.0000	0.0000	0.0000	0.0000	0.0000	0.0000	0.0000
0.0000	0.6441	0.3044	0.0000	0.0000	0.0446	0.0004	0.0065	0.0000	0.0000	0.0000	0.0001
0.0000	0.0000	0.0111	0.0000	0.0000	0.9881	0.0001	0.0000	0.0000	0.0000	0.0000	0.0007
0.0000	0.3296	0.0728	0.0000	0.0000	0.5909	0.0008	0.0059	0.0000	0.0000	0.0000	0.0001
0.0000	0.0000	0.0000	0.0000	0.0000	0.0000	0.0000	0.0000	1.0000	0.0000	0.0000	0.0000
0.0014	0.0000	0.0000	0.0000	0.0000	0.0003	0.0369	0.9408	0.0000	0.0004	0.0000	0.0203
0.0000	0.0000	0.0000	0.0000	0.0000	0.0000	0.0000	0.0000	0.0000	0.9983	0.0000	0.0017
0.0000	0.0000	0.0000	0.0000	0.0000	0.0000	0.0000	0.0000	0.0000	0.9988	0.0000	0.0012
0.0000	0.0000	0.0000	0.0000	0.0000	0.0026	0.8362	0.0005	0.0000	0.1606	0.0000	0.0000
0.0001	0.0000	0.0000	0.0000	0.0000	0.0008	0.1142	0.8770	0.0000	0.0005	0.0000	0.0075
0.9890	0.0000	0.0000	0.0000	0.0000	0.0000	0.0000	0.0000	0.0110	0.0000	0.0000	0.0000
0.0000	0.0000	0.0000	0.0000	0.0000	0.0000	0.0017	0.0000	0.0000	0.0000	0.0000	0.9982
0.0008	0.0000	0.0000	0.0000	0.0000	0.0000	0.0000	0.0000	0.9990	0.0003	0.0000	0.0000
0.0000	0.0000	0.0000	1.0000	0.0000	0.0000	0.0000	0.0000	0.0000	0.0000	0.0000	0.0000
0.0000	0.0000	0.0004	0.0000	0.0000	0.0000	0.6846	0.2652	0.0000	0.0000	0.0000	0.0499
0.0000	0.0000	0.0000	0.0000	0.0000	0.0000	0.0499	0.0001	0.0000	0.8550	0.0000	0.0950
0.0000	0.0000	0.0000	0.0000	0.0000	0.9605	0.0070	0.0001	0.0000	0.0323	0.0000	0.0000
0.0000	0.0000	0.0000	0.0000	0.0000	0.0000	0.9642	0.0020	0.0000	0.0000	0.0000	0.0337
0.0000	0.0000	0.0001	0.0000	0.0000	0.0000	0.1148	0.0000	0.0000	0.0049	0.0000	0.8802
0.0000	0.0186	0.0000	0.0000	0.0000	0.0000	0.9598	0.0216	0.0000	0.0000	0.0000	0.0001
0.0000	0.0001	0.9494	0.0000	0.0000	0.0486	0.0000	0.0001	0.0000	0.0000	0.0000	0.0018
0.0056	0.0012	0.8832	0.0000	0.0000	0.0002	0.0001	0.0001	0.0000	0.0001	0.0000	0.1095
0.8657	0.0000	0.0000	0.0000	0.0000	0.0000	0.0000	0.0000	0.1069	0.0000	0.0000	0.0273
0.0000	0.0000	0.0107	0.0000	0.0000	0.0000	0.9807	0.0000	0.0000	0.0000	0.0000	0.0086
0.0304	0.0000	0.0000	0.0000	0.0000	0.0000	0.0000	0.0000	0.9689	0.0007	0.0000	0.0000
0.0000	0.0000	0.0000	1.0000	0.0000	0.0000	0.0000	0.0000	0.0000	0.0000	0.0000	0.0000
0.0000	0.0000	0.2953	0.0000	0.0000	0.0000	0.2629	0.4353	0.0000	0.0000	0.0000	0.0064
0.0000	0.0000	0.0000	0.0000	0.0000	0.0000	0.0000	0.0000	0.0000	0.9998	0.0001	0.0000
0.0000	0.0000	0.0000	0.9973	0.0000	0.0000	0.0000	0.0000	0.0000	0.0026	0.0000	0.0002
0.0000	0.0000	0.0000	0.0000	0.0000	0.0000	0.0000	0.0000	0.0000	0.0000	0.0000	1.0000
0.0000	0.0000	0.0000	0.0000	0.0000	0.0000	0.0000	0.0000	0.0000	0.0022	0.0000	0.9978
0.0000	0.0000	0.0000	0.0000	0.0000	0.0000	0.0000	0.0000	0.0000	0.0000	0.0000	1.0000
0.0000	0.0000	0.0000	0.0000	0.0000	0.0000	0.0000	0.0000	0.0000	0.0000	0.0000	1.0000
0.0000	0.0000	1.0000	0.0000	0.0000	0.0000	0.0000	0.0000	0.0000	0.0000	0.0000	0.0000
0.0000	0.0000	1.0000	0.0000	0.0000	0.0000	0.0000	0.0000	0.0000	0.0000	0.0000	0.0000
0.0000	0.0000	0.0000	0.0000	0.0000	0.0000	0.0000	0.0000	0.0000	0.0000	0.0000	1.0000
0.0000	0.0000	1.0000	0.0000	0.0000	0.0000	0.0000	0.0000	0.0000	0.0000	0.0000	0.0000
0.0000	0.0000	0.0000	0.0000	0.0000	0.0000	0.0000	0.0000	0.0000	0.0000	0.0000	1.0000
0.0000	0.0000	0.9990	0.0000	0.0000	0.0008	0.0000	0.0000	0.0000	0.0000	0.0000	0.0002
0.0000	0.0000	0.9961	0.0000	0.0000	0.0000	0.0000	0.0000	0.0000	0.0000	0.0000	0.0039
0.0000	0.0000	0.0000	0.0000	0.0000	0.0000	0.0000	0.0000	0.0000	0.0000	0.0000	1.0000
0.0000	0.0000	0.9995	0.0000	0.0000	0.0000	0.0000	0.0000	0.0000	0.0001	0.0000	0.0005
0.0000	0.0000	0.0000	0.0000	0.0000	0.0000	0.0000	0.0000	0.0000	0.0000	0.0000	1.0000
0.0000	0.0000	0.0000	0.0000	0.0000	0.0000	0.0000	0.0000	0.0000	0.0000	0.0000	1.0000
0.0000	0.0000	1.0000	0.0000	0.0000	0.0000	0.0000	0.0000	0.0000	0.0000	0.0000	0.0000
0.0002	0.0000	0.0000	0.0000	0.0000	0.0000	0.0000	0.0000	0.0000	0.0005	0.0000	0.9993
0.0000	0.0000	0.0000	0.0000	0.0000	0.0000	0.0000	0.0000	0.0000	0.0000	0.0000	1.0000
0.0003	0.0000	0.9825	0.0000	0.0000	0.0000	0.0000	0.0000	0.0000	0.0002	0.0000	0.0171
0.0000	0.0006	0.0000	0.0000	0.0000	0.0000	0.0000	0.0000	0.0000	0.0000	0.0000	0.9994
0.0000	0.0000	0.0035	0.0000	0.0000	0.0000	0.0000	0.0000	0.0002	0.0996	0.0000	0.8967
0.0000	0.0000	0.9946	0.0000	0.0000	0.0000	0.0000	0.0000	0.0000	0.0003	0.0000	0.0051
0.0000	0.0000	0.9992	0.0000	0.0000	0.0000	0.0000	0.0000	0.0000	0.0000	0.0000	0.0008
0.0000	0.0000	0.0051	0.0000	0.0000	0.0000	0.9949	0.0000	0.0000	0.0000	0.0000	0.0000
0.0000	0.0000	0.0000	0.0000	0.0000	0.0000	0.0000	0.0000	1.0000	0.0000	0.0000	0.0000
0.0000	0.0000	0.9787	0.0000	0.0000	0.0154	0.0059	0.0000	0.0000	0.0000	0.0000	0.0000
0.0000	0.0000	0.0000	0.0000	0.0000	0.0000	1.0000	0.0000	0.0000	0.0000	0.0000	0.0000
0.0000	0.0000	0.0000	0.0000	0.0000	0.0000	0.0000	0.0000	1.0000	0.0000	0.0000	0.0000
0.0000	0.0000	0.8947	0.0000	0.0000	0.0000	0.1053	0.0000	0.0000	0.0000	0.0000	0.0000
0.0000	0.0000	0.0000	0.0000	0.0000	0.0000	1.0000	0.0000	0.0000	0.0000	0.0000	0.0000
0.0000	0.0000	0.0009	0.0000	0.0000	0.0002	0.9989	0.0000	0.0000	0.0000	0.0000	0.0000
0.0000	0.0000	0.0000	0.0000	0.0000	0.0000	0.0000	0.0000	1.0000	0.0000	0.0000	0.0000
0.0000	0.0000	0.3702	0.0000	0.0000	0.0000	0.6298	0.0000	0.0000	0.0000	0.0000	0.0000
0.0000	0.0000	0.0000	0.0000	0.0000	0.0000	0.0003	0.0000	0.9997	0.0000	0.0000	0.0000
0.0000	0.0000	0.0000	0.0000	0.0000	0.0000	0.0000	0.0000	1.0000	0.0000	0.0000	0.0000
0.0000	0.0000	0.0000	0.0000	0.0000	0.0000	0.0000	0.0000	1.0000	0.0000	0.0000	0.0000
0.0000	0.0000	0.0000	0.0000	0.0000	0.0000	0.0000	0.0000	1.0000	0.0000	0.0000	0.0000
0.0000	0.0000	0.0000	0.0000	0.0000	0.0000	0.0000	0.0000	1.0000	0.0000	0.0000	0.0000
0.0000	0.0000	0.9787	0.0000	0.0000	0.0048	0.0166	0.0000	0.0000	0.0000	0.0000	0.0000
0.0000	0.0000	0.8020	0.0000	0.0000	0.0549	0.1430	0.0000	0.0000	0.0000	0.0000	0.0000
0.0000	0.0000	0.9913	0.0000	0.0000	0.0048	0.0039	0.0000	0.0000	0.0000	0.0000	0.0000
0.0000	0.0000	0.6220	0.0000	0.0000	0.0009	0.3771	0.0000	0.0000	0.0000	0.0000	0.0000
0.0000	0.0000	0.0000	0.0000	0.0000	0.0000	0.0000	0.0000	1.0000	0.0000	0.0000	0.0000
0.0000	0.0000	0.0000	0.0000	0.0000	0.0000	0.0000	0.0000	1.0000	0.0000	0.0000	0.0000
0.0000	0.0000	0.0000	0.0000	0.0000	0.0000	0.0000	0.0000	1.0000	0.0000	0.0000	0.0000
0.0000	0.0000	0.0003	0.0000	0.0000	0.0000	0.9997	0.0000	0.0000	0.0000	0.0000	0.0000
0.0000	0.0000	0.0000	0.0000	0.0000	0.0000	0.0000	0.0000	1.0000	0.0000	0.0000	0.0000
0.0000	0.0000	0.0000	0.0000	0.0000	0.0011	0.9989	0.0000	0.0000	0.0000	0.0000	0.0000
0.0000	0.0000	0.7787	0.0000	0.0000	0.0000	0.2213	0.0000	0.0000	0.0000	0.0000	0.0000
0.0000	0.0000	0.9989	0.0000	0.0000	0.0000	0.0011	0.0000	0.0000	0.0000	0.0000	0.0000
0.0000	0.0000	0.0000	0.0000	0.0000	0.0000	0.0000	0.0000	1.0000	0.0000	0.0000	0.0000
0.0000	0.0000	0.0000	0.0000	0.0000	0.0000	1.0000	0.0000	0.0000	0.0000	0.0000	0.0000
0.0000	0.0000	0.0002	0.0000	0.0000	0.0000	0.9998	0.0000	0.0000	0.0000	0.0000	0.0000
0.0000	0.0000	0.0001	0.0000	0.0000	0.0000	0.9999	0.0000	0.0000	0.0000	0.0000	0.0000
