0.1523	0.0000	0.0000	0.0000	0.0000	0.0000	0.0813	0.0005	0.0000	0.0076	0.0004	0.7578
0.0000	0.0000	0.0000	0.0000	0.0000	0.0000	0.9823	0.0010	0.0000	0.0013	0.0001	0.0153
0.0000	0.0000	0.0001	0.0000	0.0000	0.0000	0.6996	0.0187	0.0000	0.0000	0.0000	0.2816
0.0096	0.0000	0.0000	0.0000	0.0000	0.0000	0.0000	0.0000	0.9904	0.0000	0.0000	0.0000
0.0000	0.0800	0.7877	0.0000	0.0000	0.1323	0.0000	0.0001	0.0000	0.0000	0.0000	0.0000
0.0026	0.0000	0.0000	0.0000	0.0000	0.0000	0.0000	0.0000	0.0000	0.0000	0.9970	0.0004
0.0000	0.0013	0.0492	0.0000	0.0000	0.0058	0.8556	0.0138	0.0000	0.0000	0.0000	0.0743
0.0000	0.0000	0.0000	0.0000	0.0000	0.0000	0.0000	0.0000	0.0000	0.0000	0.0000	1.0000
0.0000	0.0000	0.0000	0.0000	0.0000	0.0000	0.0000	0.0000	1.0000	0.0000	0.0000	0.0000
0.0009	0.0000	0.0000	0.0000	0.0000	0.0066	0.4359	0.5557	0.0000	0.0000	0.0000	0.0010
0.9826	0.0000	0.0000	0.0000	0.0000	0.0000	0.0002	0.0000	0.0172	0.0000	0.0000	0.0000
0.0000	0.9741	0.0259	0.0000	0.0000	0.0000	0.0000	0.0000	0.0000	0.0000	0.0000	0.0000
0.0000	0.0001	0.9162	0.0000	0.0000	0.0001	0.0000	0.0056	0.0000	0.0000	0.0000	0.0781
0.0000	0.0000	0.0026	0.0000	0.0000	0.0000	0.0000	0.0160	0.0000	0.0014	0.0000	0.9800
0.9991	0.0000	0.0000	0.0000	0.0000	0.0000	0.0000	0.0000	0.0004	0.0000	0.0004	0.0000
0.0000	0.0000	0.0000	0.0000	0.0000	0.0000	0.9996	0.0000	0.0000	0.0001	0.0000	0.0003
0.0000	0.0000	0.0000	0.0000	0.0000	0.0000	0.1028	0.0580	0.0000	0.8380	0.0000	0.0011
0.0002	0.0000	0.0000	0.0000	0.0000	0.0000	0.0000	0.0000	0.9997	0.0001	0.0000	0.0000
0.0000	0.0131	0.0001	0.0000	0.0000	0.0214	0.0369	0.9285	0.0000	0.0000	0.0000	0.0000
0.0000	0.0005	0.1111	0.0000	0.0000	0.0001	0.2480	0.6401	0.0000	0.0000	0.0000	0.0002
0.0000	1.0000	0.0000	0.0000	0.0000	0.0000	0.0000	0.0000	0.0000	0.0000	0.0000	0.0000
0.0000	0.0000	0.0000	0.0000	0.0000	1.0000	0.0000	0.0000	0.0000	0.0000	0.0000	0.0000
0.1030	0.0071	0.0034	0.0000	0.0000	0.8828	0.0005	0.0001	0.0000	0.0020	0.0000	0.0012
0.0943	0.0238	0.0002	0.0000	0.0000	0.8798	0.0005	0.0003	0.0000	0.0007	0.0000	0.0004
0.0000	0.6670	0.0000	0.0000	0.0000	0.0000	0.2754	0.0573	0.0000	0.0000	0.0000	0.0002
0.0000	0.0000	0.0000	0.0000	0.0000	0.0000	0.0000	0.0000	1.0000	0.0000	0.0000	0.0000
0.0000	0.0000	0.0000	0.0000	0.0000	0.0000	0.0000	0.0000	0.0000	1.0000	0.0000	0.0000
0.0000	0.0000	0.0000	0.0000	0.0000	0.0000	0.0725	0.9275	0.0000	0.0000	0.0000	0.0000
0.0000	0.0000	0.0000	0.0003	0.0000	0.0000	0.0000	0.0000	0.0000	0.9997	0.0000	0.0000
0.0000	0.0000	0.9975	0.0000	0.0000	0.0025	0.0000	0.0000	0.0000	0.0000	0.0000	0.0000
0.0000	0.0000	0.0001	0.0000	0.0000	0.0000	0.5387	0.4612	0.0000	0.0000	0.0000	0.0000
0.0000	0.0000	0.0000	0.0000	0.0000	0.0000	0.0000	0.0000	0.9370	0.0630	0.0000	0.0000
0.0000	0.0000	0.0000	0.0000	0.0000	0.0000	0.0012	0.0000	0.0000	0.9633	0.0354	0.0001
0.0000	0.7055	0.2933	0.0000	0.0000	0.0011	0.0000	0.0001	0.0000	0.0000	0.0000	0.0000
0.0000	0.1314	0.4420	0.0000	0.0000	0.3382	0.0716	0.0164	0.0000	0.0000	0.0000	0.0003
0.0000	0.0000	0.0000	0.0000	0.0000	0.0000	0.2438	0.7562	0.0000	0.0000	0.0000	0.0000
0.9999	0.0000	0.0000	0.0000	0.0000	0.0000	0.0000	0.0000	0.0000	0.0000	0.0000	0.0001
0.0004	0.0000	0.0000	0.0103	0.0000	0.9297	0.0001	0.0070	0.0000	0.0000	0.0000	0.0524
0.0000	0.0000	0.0000	0.0000	0.0000	0.0000	0.0000	0.0000	1.0000	0.0000	0.0000	0.0000
0.0000	0.0129	0.0524	0.0000	0.0000	0.9319	0.0021	0.0007	0.0000	0.0000	0.0000	0.0000
0.0000	0.0000	0.0000	0.0016	0.0000	0.0000	0.0005	0.9978	0.0000	0.0000	0.0000	0.0000
0.0000	0.0000	0.0000	0.0000	0.0000	0.0000	0.0000	0.0000	0.0000	0.0000	1.0000	0.0000
0.9814	0.0000	0.0001	0.0000	0.0000	0.0000	0.0086	0.0000	0.0001	0.0090	0.0001	0.0005
0.0070	0.0000	0.0000	0.0000	0.0000	0.0000	0.0249	0.1164	0.0000	0.0004	0.0002	0.8511
0.0000	0.2159	0.7268	0.0000	0.0000	0.0571	0.0000	0.0001	0.0000	0.0000	0.0000	0.0000
0.0000	0.4182	0.0266	0.0000	0.0000	0.0207	0.4485	0.0437	0.0000	0.0069	0.0000	0.0354
0.0000	0.0000	0.0000	0.0000	0.0000	0.0000	0.1483	0.5858	0.0000	0.0000	0.0000	0.2658
0.0000	0.0000	0.0000	0.0000	1.0000	0.0000	0.0000	0.0000	0.0000	0.0000	0.0000	0.0000
0.0000	0.0000	0.0000	0.0000	0.0000	0.8892	0.0438	0.0372	0.0000	0.0000	0.0000	0.0297
0.6525	0.0000	0.0000	0.0000	0.0000	0.0000	0.0000	0.0000	0.0000	0.3475	0.0000	0.0000
0.0000	0.0000	0.0000	0.0000	0.9999	0.0000	0.0000	0.0000	0.0000	0.0001	0.0000	0.0000
0.0000	0.3129	0.6406	0.0000	0.0000	0.0464	0.0000	0.0001	0.0000	0.0000	0.0000	0.0000
0.0000	0.0000	0.0004	0.0000	0.0000	0.9996	0.0000	0.0000	0.0000	0.0000	0.0000	0.0000
0.0000	0.0092	0.0137	0.0000	0.0000	0.9771	0.0000	0.0000	0.0000	0.0000	0.0000	0.0000
0.0000	0.0000	0.0000	0.0000	0.0000	0.0000	0.0000	0.0000	1.0000	0.0000	0.0000	0.0000
0.0019	0.0000	0.0000	0.0000	0.0000	0.0001	0.0157	0.9813	0.0000	0.0007	0.0000	0.0002
0.0000	0.0000	0.0000	0.0000	0.0000	0.0000	0.0000	0.0000	0.0000	0.9999	0.0000	0.0001
0.0000	0.0000	0.0000	0.0000	0.0000	0.0000	0.0007	0.0005	0.0000	0.9987	0.0000	0.0001
0.0000	0.0000	0.0000	0.0000	0.0000	0.0000	0.9968	0.0032	0.0000	0.0000	0.0000	0.0000
0.0000	0.0000	0.0000	0.0000	0.0000	0.0007	0.3809	0.6183	0.0000	0.0001	0.0000	0.0000
0.7867	0.0000	0.0000	0.0000	0.0000	0.0000	0.0000	0.0000	0.2132	0.0000	0.0000	0.0000
0.0000	0.0000	0.0000	0.0000	0.0000	0.0000	0.0347	0.0000	0.0000	0.0062	0.0000	0.9590
0.0000	0.0000	0.0000	0.0000	0.0000	0.0000	0.0000	0.0000	0.9999	0.0001	0.0000	0.0000
0.0000	0.0000	0.0000	0.9999	0.0000	0.0000	0.0000	0.0000	0.0000	0.0001	0.0000	0.0000
0.0000	0.0000	0.0001	0.0000	0.0000	0.0000	0.9974	0.0025	0.0000	0.0000	0.0000	0.0000
0.0000	0.0000	0.0000	0.0000	0.0000	0.0000	0.0121	0.0000	0.0000	0.9870	0.0000	0.0008
0.0000	0.0000	0.0000	0.0000	0.0000	0.9964	0.0000	0.0000	0.0000	0.0036	0.0000	0.0000
0.0000	0.0000	0.0001	0.0000	0.0000	0.0000	0.9837	0.0031	0.0000	0.0000	0.0000	0.0131
0.0000	0.0000	0.0000	0.0000	0.0000	0.0000	0.9924	0.0001	0.0000	0.0004	0.0000	0.0071
0.0000	0.0108	0.0000	0.0000	0.0000	0.0000	0.9846	0.0044	0.0000	0.0000	0.0000	0.0001
0.0000	0.0000	0.9357	0.0000	0.0000	0.0643	0.0000	0.0000	0.0000	0.0000	0.0000	0.0000
0.0053	0.0007	0.9714	0.0000	0.0000	0.0001	0.0000	0.0000	0.0000	0.0000	0.0000	0.0225
0.0559	0.0000	0.0000	0.0000	0.0000	0.0000	0.0000	0.0000	0.9441	0.0000	0.0000	0.0000
0.0000	0.0000	0.0000	0.0000	0.0000	0.0000	1.0000	0.0000	0.0000	0.0000	0.0000	0.0000
0.0000	0.0000	0.0000	0.0000	0.0000	0.0000	0.0000	0.0000	1.0000	0.0000	0.0000	0.0000
0.0000	0.0000	0.0000	0.9999	0.0000	0.0000	0.0001	0.0000	0.0000	0.0000	0.0000	0.0000
0.0000	0.0000	0.5816	0.0000	0.0000	0.0000	0.2445	0.1736	0.0000	0.0000	0.0000	0.0002
0.0000	0.0000	0.0000	0.0000	0.0000	0.0000	0.0000	0.0000	0.0000	0.8723	0.0112	0.1165
0.0000	0.0000	0.0000	0.9978	0.0000	0.0022	0.0000	0.0000	0.0000	0.0000	0.0000	0.0000
0.0000	0.0000	0.0000	0.0000	0.0000	0.0002	0.0419	0.0203	0.0000	0.0014	0.0000	0.9362
0.0000	0.0000	0.0000	0.0000	0.0000	0.0000	0.0000	0.0000	0.0000	0.4132	0.0000	0.5868
0.0000	0.0000	0.0039	0.0000	0.0000	0.0000	0.0000	0.0000	0.0000	0.0000	0.0000	0.9961
0.0000	0.0000	0.0000	0.0000	0.0000	0.0000	0.0000	0.0000	0.0000	0.0000	0.0000	1.0000
0.0000	0.0000	0.9996	0.0000	0.0000	0.0004	0.0000	0.0000	0.0000	0.0000	0.0000	0.0000
0.0000	0.0000	0.9999	0.0000	0.0000	0.0001	0.0000	0.0000	0.0000	0.0000	0.0000	0.0000
0.0000	0.0000	0.0000	0.0000	0.0000	0.0000	0.0000	0.0000	0.0000	0.0000	0.0000	1.0000
0.0000	0.0000	1.0000	0.0000	0.0000	0.0000	0.0000	0.0000	0.0000	0.0000	0.0000	0.0000
0.0000	0.0000	0.0000	0.0000	0.0000	0.0000	0.0000	0.0000	0.0000	0.0000	0.0000	1.0000
0.0000	0.0000	0.9222	0.0000	0.0000	0.0778	0.0000	0.0000	0.0000	0.0000	0.0000	0.0000
0.0000	0.0000	0.9993	0.0000	0.0000	0.0007	0.0000	0.0000	0.0000	0.0000	0.0000	0.0000
0.0000	0.0000	0.0000	0.0000	0.0000	0.0000	0.0000	0.0000	0.0000	0.0000	0.0000	1.0000
0.0000	0.0000	1.0000	0.0000	0.0000	0.0000	0.0000	0.0000	0.0000	0.0000	0.0000	0.0000
0.0000	0.0000	0.0000	0.0000	0.0000	0.0004	0.0000	0.0000	0.0000	0.0000	0.0000	0.9996
0.0000	0.0000	0.0000	0.0000	0.0000	0.0000	0.0000	0.0000	0.0000	0.0000	0.0000	1.0000
0.0000	0.0000	1.0000	0.0000	0.0000	0.0000	0.0000	0.0000	0.0000	0.0000	0.0000	0.0000
0.3237	0.0000	0.0000	0.0000	0.0000	0.0000	0.0000	0.0000	0.0000	0.0089	0.0000	0.6674
0.0000	0.0000	0.0000	0.0000	0.0000	0.0000	0.0000	0.0000	0.0000	0.0000	0.0000	1.0000
0.0001	0.0001	0.5908	0.0000	0.0000	0.0000	0.0000	0.0000	0.0000	0.0000	0.0000	0.4090
0.0000	0.0187	0.0000	0.0000	0.0000	0.0000	0.0000	0.0000	0.0000	0.0000	0.0000	0.9813
0.0000	0.0000	0.0273	0.0000	0.0000	0.0000	0.0000	0.0000	0.0000	0.1161	0.0000	0.8565
0.0000	0.0000	1.0000	0.0000	0.0000	0.0000	0.0000	0.0000	0.0000	0.0000	0.0000	0.0000
0.0000	0.0000	1.0000	0.0000	0.0000	0.0000	0.0000	0.0000	0.0000	0.0000	0.0000	0.0000
0.0000	0.0000	0.0067	0.0000	0.0000	0.0000	0.9933	0.0000	0.0000	0.0000	0.0000	0.0000
0.9959	0.0000	0.0000	0.0000	0.0000	0.0041	0.0000	0.0000	0.0000	0.0000	0.0000	0.0000
0.0000	0.0000	1.0000	0.0000	0.0000	0.0000	0.0000	0.0000	0.0000	0.0000	0.0000	0.0000
0.0000	0.0000	0.0000	0.0000	0.0000	0.0000	1.0000	0.0000	0.0000	0.0000	0.0000	0.0000
0.0000	0.0000	0.0000	0.0000	0.0000	0.0000	0.0000	0.0000	1.0000	0.0000	0.0000	0.0000
0.0000	0.0000	0.9999	0.0000	0.0000	0.0000	0.0001	0.0000	0.0000	0.0000	0.0000	0.0000
0.0000	0.0000	0.0000	0.0000	0.0000	0.0000	1.0000	0.0000	0.0000	0.0000	0.0000	0.0000
0.0000	0.0000	0.0083	0.0000	0.0000	0.0011	0.9906	0.0000	0.0000	0.0000	0.0000	0.0000
0.0000	0.0000	0.0000	0.0000	0.0000	0.0000	0.0000	0.0000	1.0000	0.0000	0.0000	0.0000
0.0000	0.0000	0.0002	0.0000	0.0000	0.0000	0.9998	0.0000	0.0000	0.0000	0.0000	0.0000
0.0000	0.0000	0.0000	0.0000	0.0000	0.0000	0.9856	0.0000	0.0144	0.0000	0.0000	0.0000
0.0000	0.0000	0.0000	0.0000	0.0000	0.0000	0.0186	0.0000	0.9810	0.0000	0.0000	0.0003
0.0000	0.0000	0.0000	0.0000	0.0000	0.0000	0.0671	0.0000	0.9328	0.0000	0.0000	0.0000
0.0000	0.0000	0.0000	0.0000	0.0000	0.0000	0.0000	0.0000	1.0000	0.0000	0.0000	0.0000
0.0000	0.0000	0.0000	0.0000	0.0000	0.0000	0.0000	0.0000	1.0000	0.0000	0.0000	0.0000
0.0000	0.0000	1.0000	0.0000	0.0000	0.0000	0.0000	0.0000	0.0000	0.0000	0.0000	0.0000
0.0000	0.0000	0.9988	0.0000	0.0000	0.0008	0.0004	0.0000	0.0000	0.0000	0.0000	0.0000
0.0000	0.0000	1.0000	0.0000	0.0000	0.0000	0.0000	0.0000	0.0000	0.0000	0.0000	0.0000
0.0000	0.0000	0.9979	0.0000	0.0000	0.0012	0.0009	0.0000	0.0000	0.0000	0.0000	0.0000
0.0000	0.0000	0.0000	0.0000	0.0000	0.0000	0.0000	0.0000	1.0000	0.0000	0.0000	0.0000
0.0000	0.0000	0.0000	0.0000	0.0000	0.0000	0.0000	0.0000	1.0000	0.0000	0.0000	0.0000
0.0000	0.0000	0.0000	0.0000	0.0000	0.0000	0.0000	0.0000	1.0000	0.0000	0.0000	0.0000
0.0000	0.0000	0.0414	0.0000	0.0000	0.0000	0.9457	0.0000	0.0000	0.0000	0.0000	0.0128
0.0000	0.0000	0.0000	0.0000	0.0000	0.0000	0.0000	0.0000	1.0000	0.0000	0.0000	0.0000
0.0000	0.0000	0.0000	0.0000	0.0000	0.0798	0.9202	0.0000	0.0000	0.0000	0.0000	0.0000
0.0000	0.0000	0.0687	0.0000	0.0002	0.0000	0.9311	0.0000	0.0000	0.0000	0.0000	0.0000
0.0000	0.0000	0.0069	0.0000	0.0017	0.0000	0.9915	0.0000	0.0000	0.0000	0.0000	0.0000
0.0000	0.0000	0.0000	0.0000	0.0000	0.0000	0.0000	0.0000	1.0000	0.0000	0.0000	0.0000
0.0000	0.0000	0.0000	0.0000	0.0000	0.0000	1.0000	0.0000	0.0000	0.0000	0.0000	0.0000
0.0000	0.0000	0.9700	0.0000	0.0000	0.0131	0.0169	0.0000	0.0000	0.0000	0.0000	0.0000
0.0000	0.0000	0.0023	0.0000	0.0000	0.5624	0.4353	0.0000	0.0000	0.0000	0.0000	0.0000
