0.0459	0.0000	0.0000	0.0000	0.0000	0.0000	0.0623	0.0001	0.0000	0.0267	0.0002	0.8647
0.0000	0.0000	0.0000	0.0000	0.0000	0.0000	0.5379	0.0595	0.0000	0.0145	0.0018	0.3862
0.0000	0.0000	0.0000	0.0000	0.0000	0.0000	0.7478	0.0023	0.0000	0.0000	0.0000	0.2498
0.0042	0.0000	0.0000	0.0000	0.0000	0.0000	0.0000	0.0000	0.9958	0.0000	0.0000	0.0000
0.0000	0.1552	0.3364	0.0000	0.0000	0.5083	0.0000	0.0000	0.0000	0.0000	0.0000	0.0000
0.0006	0.0000	0.0000	0.0000	0.0000	0.0000	0.0000	0.0000	0.0000	0.0000	0.9883	0.0111
0.0000	0.0002	0.0160	0.0000	0.0000	0.0022	0.8154	0.0015	0.0000	0.0000	0.0000	0.1647
0.0000	0.0000	0.0015	0.0000	0.0000	0.0000	0.0000	0.0000	0.0000	0.0003	0.0000	0.9982
0.0000	0.0000	0.0000	0.0000	0.0000	0.0000	0.0000	0.0000	1.0000	0.0000	0.0000	0.0000
0.0014	0.0000	0.0001	0.0000	0.0000	0.2605	0.1072	0.6193	0.0000	0.0000	0.0000	0.0115
0.8912	0.0000	0.0000	0.0000	0.0000	0.0000	0.0000	0.0000	0.1088	0.0000	0.0000	0.0000
0.0000	0.9913	0.0087	0.0000	0.0000	0.0000	0.0000	0.0000	0.0000	0.0000	0.0000	0.0000
0.0000	0.0005	0.9200	0.0000	0.0000	0.0114	0.0000	0.0091	0.0000	0.0000	0.0000	0.0590
0.0000	0.0019	0.3773	0.0000	0.0000	0.0042	0.0000	0.0537	0.0000	0.0006	0.0000	0.5623
0.9987	0.0000	0.0000	0.0000	0.0000	0.0000	0.0000	0.0000	0.0010	0.0003	0.0000	0.0000
0.0000	0.0000	0.0000	0.0000	0.0000	0.0000	0.9981	0.0000	0.0000	0.0001	0.0000	0.0019
0.0000	0.0000	0.0000	0.0000	0.0000	0.0000	0.0918	0.0019	0.0000	0.7477	0.0000	0.1586
0.0000	0.0000	0.0000	0.0000	0.0000	0.0000	0.0000	0.0000	1.0000	0.0000	0.0000	0.0000
0.0000	0.0016	0.0030	0.0002	0.0000	0.0714	0.0648	0.8589	0.0000	0.0000	0.0000	0.0002
0.0000	0.0006	0.0340	0.0000	0.0000	0.0024	0.1245	0.8302	0.0000	0.0000	0.0000	0.0084
0.0000	0.9994	0.0000	0.0000	0.0000	0.0000	0.0000	0.0006	0.0000	0.0000	0.0000	0.0000
0.0000	0.0000	0.0000	0.0000	0.0000	1.0000	0.0000	0.0000	0.0000	0.0000	0.0000	0.0000
0.0007	0.0016	0.0026	0.0000	0.0000	0.9947	0.0000	0.0003	0.0000	0.0001	0.0000	0.0000
0.0000	0.0004	0.0000	0.0000	0.0000	0.9996	0.0000	0.0001	0.0000	0.0000	0.0000	0.0000
0.0000	0.0000	0.0000	0.0000	0.0000	0.0000	1.0000	0.0000	0.0000	0.0000	0.0000	0.0000
0.0000	0.0000	0.0000	0.0000	0.0000	0.0000	0.0000	0.0000	1.0000	0.0000	0.0000	0.0000
0.0000	0.0000	0.0000	0.0000	0.0000	0.0000	0.0000	0.0000	0.0000	1.0000	0.0000	0.0000
0.0000	0.0000	0.0000	0.0000	0.0000	0.0000	0.7835	0.2165	0.0000	0.0000	0.0000	0.0000
0.0000	0.0000	0.0000	0.0000	0.0000	0.0000	0.0000	0.0000	0.0000	1.0000	0.0000	0.0000
0.0000	0.0000	0.9910	0.0000	0.0000	0.0090	0.0000	0.0000	0.0000	0.0000	0.0000	0.0000
0.0000	0.0000	0.0001	0.0000	0.0000	0.0000	0.0755	0.9244	0.0000	0.0000	0.0000	0.0001
0.0000	0.0000	0.0000	0.0000	0.0000	0.0000	0.0000	0.0000	0.9996	0.0004	0.0000	0.0000
0.0000	0.0000	0.0000	0.0000	0.0000	0.0000	0.0000	0.0000	0.0000	0.9905	0.0090	0.0005
0.0000	0.8164	0.1782	0.0000	0.0000	0.0054	0.0000	0.0000	0.0000	0.0000	0.0000	0.0000
0.0000	0.0121	0.0874	0.0000	0.0000	0.8938	0.0061	0.0003	0.0000	0.0000	0.0000	0.0003
0.0000	0.0000	0.0000	0.0000	0.0000	0.0000	0.0001	0.9999	0.0000	0.0000	0.0000	0.0000
0.9998	0.0000	0.0000	0.0002	0.0000	0.0000	0.0000	0.0000	0.0000	0.0000	0.0000	0.0000
0.0000	0.0000	0.0000	0.0419	0.0000	0.9235	0.0000	0.0012	0.0000	0.0000	0.0000	0.0333
0.0000	0.0000	0.0000	0.0000	0.0000	0.0000	0.0000	0.0000	1.0000	0.0000	0.0000	0.0000
0.0000	0.0429	0.1721	0.0000	0.0000	0.7840	0.0007	0.0002	0.0000	0.0000	0.0000	0.0000
0.0000	0.0000	0.0000	0.0000	0.0000	0.0000	0.1703	0.8296	0.0000	0.0000	0.0000	0.0000
0.0000	0.0000	0.0000	0.0000	0.0000	0.0000	0.0000	0.0000	0.0000	0.0000	1.0000	0.0000
1.0000	0.0000	0.0000	0.0000	0.0000	0.0000	0.0000	0.0000	0.0000	0.0000	0.0000	0.0000
0.0036	0.0000	0.0000	0.0000	0.0000	0.0000	0.0679	0.0070	0.0000	0.0057	0.0002	0.9156
0.0000	0.4097	0.2487	0.0000	0.0000	0.3415	0.0000	0.0001	0.0000	0.0000	0.0000	0.0000
0.0000	0.1438	0.0010	0.0000	0.0000	0.7020	0.1224	0.0186	0.0000	0.0002	0.0000	0.0121
0.0000	0.0000	0.0000	0.0000	0.0000	0.0000	0.6102	0.0865	0.0000	0.0000	0.0000	0.3033
0.0000	0.0000	0.0000	0.0001	0.0000	0.0000	0.0000	0.0000	0.0000	0.9999	0.0000	0.0000
0.0000	0.0001	0.0001	0.0000	0.0000	0.9588	0.0318	0.0009	0.0000	0.0000	0.0000	0.0082
0.9992	0.0000	0.0000	0.0000	0.0000	0.0000	0.0000	0.0000	0.0000	0.0008	0.0000	0.0000
0.0000	0.0000	0.0000	0.0000	1.0000	0.0000	0.0000	0.0000	0.0000	0.0000	0.0000	0.0000
0.0000	0.5160	0.3150	0.0000	0.0000	0.1690	0.0000	0.0000	0.0000	0.0000	0.0000	0.0000
0.0000	0.0000	0.0030	0.0000	0.0000	0.9970	0.0000	0.0000	0.0000	0.0000	0.0000	0.0000
0.0000	0.0084	0.0042	0.0000	0.0000	0.9875	0.0000	0.0000	0.0000	0.0000	0.0000	0.0000
0.0000	0.0000	0.0000	0.0000	0.0000	0.0000	0.0000	0.0000	1.0000	0.0000	0.0000	0.0000
0.0012	0.0000	0.0000	0.0000	0.0000	0.0041	0.0224	0.9713	0.0000	0.0002	0.0000	0.0008
0.0000	0.0000	0.0000	0.0000	0.0000	0.0000	0.0000	0.0000	0.0000	0.9442	0.0000	0.0558
0.0000	0.0000	0.0000	0.0000	0.0000	0.0000	0.0000	0.0000	0.0000	0.9856	0.0000	0.0144
0.0028	0.0000	0.0000	0.0000	0.0000	0.0050	0.9878	0.0001	0.0000	0.0044	0.0000	0.0000
0.0000	0.0000	0.0000	0.0000	0.0000	0.0598	0.5681	0.3720	0.0000	0.0000	0.0000	0.0001
0.9384	0.0000	0.0000	0.0000	0.0000	0.0000	0.0000	0.0000	0.0616	0.0000	0.0000	0.0000
0.0000	0.0000	0.0000	0.0000	0.0000	0.0000	0.0140	0.0000	0.0000	0.0013	0.0000	0.9846
0.0000	0.0000	0.0000	0.0000	0.0000	0.0000	0.0000	0.0000	1.0000	0.0000	0.0000	0.0000
0.0000	0.0000	0.0000	0.9960	0.0000	0.0000	0.0000	0.0000	0.0000	0.0040	0.0000	0.0000
0.0000	0.0000	0.0002	0.0000	0.0000	0.0000	0.0070	0.9926	0.0000	0.0000	0.0000	0.0003
0.0000	0.0000	0.0000	0.0000	0.0000	0.0000	0.0043	0.0000	0.0000	0.9854	0.0002	0.0100
0.0000	0.0000	0.0000	0.0000	0.0000	0.9965	0.0005	0.0000	0.0000	0.0029	0.0000	0.0000
0.0000	0.0000	0.0000	0.0000	0.0000	0.0000	0.9927	0.0001	0.0000	0.0000	0.0000	0.0072
0.0000	0.0000	0.0001	0.0001	0.0000	0.0001	0.5810	0.0000	0.0000	0.0069	0.0000	0.4119
0.0000	0.0809	0.0000	0.0000	0.0000	0.0000	0.9100	0.0088	0.0000	0.0000	0.0000	0.0002
0.0000	0.0001	0.9417	0.0000	0.0000	0.0582	0.0000	0.0000	0.0000	0.0000	0.0000	0.0000
0.0005	0.0007	0.9916	0.0000	0.0000	0.0061	0.0000	0.0000	0.0000	0.0000	0.0000	0.0010
0.2100	0.0000	0.0000	0.0000	0.0000	0.0000	0.0000	0.0000	0.7900	0.0000	0.0000	0.0000
0.0000	0.0000	0.0009	0.0000	0.0000	0.0000	0.9991	0.0000	0.0000	0.0000	0.0000	0.0000
0.0000	0.0000	0.0000	0.0000	0.0000	0.0000	0.0000	0.0000	1.0000	0.0000	0.0000	0.0000
0.0000	0.0000	0.0000	0.7522	0.0000	0.0000	0.0000	0.0000	0.0000	0.2478	0.0000	0.0000
0.0000	0.0000	0.1212	0.0000	0.0000	0.0001	0.8648	0.0138	0.0000	0.0000	0.0000	0.0000
0.0000	0.0000	0.0000	0.0000	0.0000	0.0000	0.0000	0.0000	0.0000	0.9783	0.0181	0.0036
0.0000	0.0000	0.0000	0.9999	0.0000	0.0001	0.0000	0.0000	0.0000	0.0000	0.0000	0.0000
0.0000	0.0000	0.0000	0.0000	0.0000	0.0001	0.0000	0.0000	0.0000	0.0017	0.0000	0.9982
0.0000	0.0000	0.0000	0.0000	0.0000	0.0000	0.0000	0.0000	0.0000	0.1032	0.0000	0.8968
0.0000	0.0000	0.0024	0.0000	0.0000	0.0000	0.0000	0.0000	0.0000	0.0000	0.0000	0.9976
0.0000	0.0000	0.0000	0.0000	0.0000	0.0000	0.0000	0.0000	0.0000	0.0000	0.0000	1.0000
0.0000	0.0000	0.9991	0.0000	0.0000	0.0009	0.0000	0.0000	0.0000	0.0000	0.0000	0.0000
0.0000	0.0000	0.9993	0.0000	0.0000	0.0007	0.0000	0.0000	0.0000	0.0000	0.0000	0.0000
0.0000	0.0000	0.0124	0.0000	0.0000	0.0000	0.0000	0.0000	0.0000	0.0000	0.0000	0.9876
0.0000	0.0000	1.0000	0.0000	0.0000	0.0000	0.0000	0.0000	0.0000	0.0000	0.0000	0.0000
0.0000	0.0000	0.0000	0.0000	0.0000	0.0000	0.0001	0.0000	0.0000	0.0000	0.0000	0.9999
0.0000	0.0000	0.9936	0.0000	0.0000	0.0064	0.0000	0.0000	0.0000	0.0000	0.0000	0.0000
0.0000	0.0000	0.9995	0.0000	0.0000	0.0005	0.0000	0.0000	0.0000	0.0000	0.0000	0.0000
0.0000	0.0000	0.0000	0.0000	0.0000	0.0000	0.0000	0.0000	0.0000	0.0000	0.0000	1.0000
0.0001	0.0000	0.9996	0.0000	0.0000	0.0003	0.0000	0.0000	0.0000	0.0000	0.0000	0.0000
0.0000	0.0000	0.0000	0.0000	0.0000	0.0693	0.0000	0.0000	0.0000	0.0000	0.0000	0.9307
0.0000	0.0000	0.0000	0.0000	0.0000	0.0125	0.0000	0.0000	0.0000	0.0000	0.0000	0.9875
0.0000	0.0000	0.9998	0.0000	0.0000	0.0002	0.0000	0.0000	0.0000	0.0000	0.0000	0.0000
0.0030	0.0000	0.0041	0.0000	0.0000	0.0000	0.0000	0.0000	0.0000	0.0003	0.0000	0.9926
0.0000	0.0000	0.0000	0.0000	0.0000	0.0000	0.0000	0.0000	0.0000	0.0000	0.0000	1.0000
0.0051	0.0000	0.9897	0.0000	0.0000	0.0000	0.0000	0.0000	0.0000	0.0001	0.0000	0.0051
0.0865	0.0000	0.0000	0.0000	0.0000	0.0000	0.0000	0.0000	0.0000	0.0000	0.0000	0.9134
0.0000	0.0000	0.0417	0.0000	0.0000	0.0000	0.0000	0.0000	0.0000	0.4542	0.0000	0.5041
0.0001	0.0000	0.9987	0.0000	0.0000	0.0012	0.0000	0.0000	0.0000	0.0000	0.0000	0.0000
0.0000	0.0000	1.0000	0.0000	0.0000	0.0000	0.0000	0.0000	0.0000	0.0000	0.0000	0.0000
0.0000	0.0000	0.0926	0.0000	0.0000	0.0003	0.9071	0.0000	0.0000	0.0000	0.0000	0.0000
1.0000	0.0000	0.0000	0.0000	0.0000	0.0000	0.0000	0.0000	0.0000	0.0000	0.0000	0.0000
0.0000	0.0000	1.0000	0.0000	0.0000	0.0000	0.0000	0.0000	0.0000	0.0000	0.0000	0.0000
0.0000	0.0000	0.0000	0.0000	0.0000	0.0000	1.0000	0.0000	0.0000	0.0000	0.0000	0.0000
0.0000	0.0000	0.0000	0.0000	0.0000	0.0000	0.0000	0.0000	1.0000	0.0000	0.0000	0.0000
0.0000	0.0000	1.0000	0.0000	0.0000	0.0000	0.0000	0.0000	0.0000	0.0000	0.0000	0.0000
0.0000	0.0000	0.0000	0.0000	0.0000	0.0000	1.0000	0.0000	0.0000	0.0000	0.0000	0.0000
0.0000	0.0000	0.0476	0.0000	0.0000	0.0012	0.9512	0.0000	0.0000	0.0000	0.0000	0.0000
0.0000	0.0000	0.0000	0.0000	0.0000	0.0000	0.0000	0.0000	1.0000	0.0000	0.0000	0.0000
0.0000	0.0000	0.0000	0.0000	0.0000	0.0000	1.0000	0.0000	0.0000	0.0000	0.0000	0.0000
0.0000	0.0000	0.0000	0.0000	0.0000	0.0000	0.9186	0.0000	0.0814	0.0000	0.0000	0.0000
0.0000	0.0000	0.0000	0.0000	0.0000	0.0000	0.0006	0.0000	0.9992	0.0001	0.0000	0.0001
0.0000	0.0000	0.0000	0.0000	0.0000	0.0000	0.0000	0.0000	1.0000	0.0000	0.0000	0.0000
0.0000	0.0000	0.0000	0.0000	0.0000	0.0000	0.0000	0.0000	1.0000	0.0000	0.0000	0.0000
0.0000	0.0000	0.0000	0.0000	0.0000	0.0000	0.0000	0.0000	1.0000	0.0000	0.0000	0.0000
0.0000	0.0000	1.0000	0.0000	0.0000	0.0000	0.0000	0.0000	0.0000	0.0000	0.0000	0.0000
0.0000	0.0000	0.9996	0.0000	0.0000	0.0003	0.0000	0.0000	0.0000	0.0000	0.0000	0.0000
0.0000	0.0000	1.0000	0.0000	0.0000	0.0000	0.0000	0.0000	0.0000	0.0000	0.0000	0.0000
0.0000	0.0000	0.9999	0.0000	0.0000	0.0001	0.0000	0.0000	0.0000	0.0000	0.0000	0.0000
0.0000	0.0000	0.0000	0.0000	0.0000	0.0000	0.0000	0.0000	1.0000	0.0000	0.0000	0.0000
0.0000	0.0000	0.0000	0.0000	0.0000	0.0000	0.0000	0.0000	1.0000	0.0000	0.0000	0.0000
0.0000	0.0000	0.0000	0.0000	0.0000	0.0000	0.0000	0.0000	1.0000	0.0000	0.0000	0.0000
0.0000	0.0000	0.0007	0.0000	0.0000	0.0000	0.9992	0.0000	0.0000	0.0000	0.0000	0.0000
0.0000	0.0000	0.0000	0.0000	0.0000	0.0000	0.0000	0.0000	1.0000	0.0000	0.0000	0.0000
0.0000	0.0000	0.0001	0.0000	0.0000	0.0203	0.9796	0.0000	0.0000	0.0000	0.0000	0.0000
0.0000	0.0000	0.0000	0.0000	0.0000	0.0000	1.0000	0.0000	0.0000	0.0000	0.0000	0.0000
0.0000	0.0000	0.0000	0.0000	0.0000	0.0000	1.0000	0.0000	0.0000	0.0000	0.0000	0.0000
0.0000	0.0000	0.0000	0.0000	0.0000	0.0000	0.0000	0.0000	1.0000	0.0000	0.0000	0.0000
0.0000	0.0000	0.0000	0.0000	0.0000	0.0000	1.0000	0.0000	0.0000	0.0000	0.0000	0.0000
0.0000	0.0000	0.0023	0.0000	0.0000	0.0085	0.9893	0.0000	0.0000	0.0000	0.0000	0.0000
0.0000	0.0000	0.0002	0.0000	0.0000	0.5064	0.4934	0.0000	0.0000	0.0000	0.0000	0.0000
