0.0625	0.0000	0.0000	0.0000	0.0000	0.0000	0.4409	0.0013	0.0000	0.0140	0.0000	0.4814
0.0000	0.0000	0.0000	0.0000	0.0000	0.0000	0.2371	0.0237	0.0000	0.0567	0.0029	0.6796
0.0000	0.0000	0.0000	0.0000	0.0000	0.0000	0.3882	0.0166	0.0000	0.0012	0.0002	0.5937
0.5171	0.0000	0.0000	0.0000	0.0000	0.0000	0.0000	0.0000	0.4828	0.0001	0.0000	0.0000
0.0000	0.4603	0.1823	0.0000	0.0000	0.3555	0.0012	0.0004	0.0000	0.0000	0.0000	0.0003
0.0016	0.0000	0.0000	0.0000	0.0000	0.0000	0.0000	0.0000	0.0000	0.0000	0.7268	0.2715
0.0000	0.0000	0.0094	0.0000	0.0000	0.0000	0.7987	0.0188	0.0000	0.0001	0.0000	0.1730
0.0000	0.0000	0.0000	0.0000	0.0000	0.0002	0.0000	0.0115	0.0000	0.0017	0.0000	0.9866
0.0000	0.0000	0.0000	0.0000	0.0000	0.0000	0.0000	0.0000	1.0000	0.0000	0.0000	0.0000
0.0036	0.0000	0.0000	0.0000	0.0000	0.0167	0.0605	0.3334	0.0000	0.0232	0.0000	0.5627
0.8864	0.0000	0.0009	0.0000	0.0000	0.0017	0.0343	0.0121	0.0055	0.0274	0.0000	0.0318
0.0000	0.7767	0.2233	0.0000	0.0000	0.0000	0.0000	0.0000	0.0000	0.0000	0.0000	0.0000
0.0003	0.0000	0.3779	0.0000	0.0000	0.4323	0.0149	0.1412	0.0000	0.0005	0.0000	0.0329
0.0019	0.0002	0.0154	0.0000	0.0000	0.0534	0.0009	0.1919	0.0000	0.0106	0.0000	0.7258
0.7598	0.0000	0.0000	0.0000	0.0000	0.0000	0.0000	0.0000	0.2375	0.0027	0.0000	0.0000
0.0000	0.0000	0.0000	0.0000	0.0000	0.0000	0.7778	0.0001	0.0000	0.0042	0.0001	0.2179
0.0000	0.0000	0.0000	0.0000	0.0000	0.0000	0.0076	0.0046	0.0000	0.6223	0.0004	0.3651
0.0093	0.0000	0.0000	0.0000	0.0000	0.0000	0.0000	0.0000	0.9887	0.0019	0.0000	0.0000
0.0000	0.0000	0.0000	0.0000	0.0000	0.0000	0.2177	0.7712	0.0000	0.0006	0.0000	0.0105
0.0001	0.0000	0.0000	0.0000	0.0000	0.0001	0.4385	0.3881	0.0000	0.0028	0.0077	0.1628
0.0000	0.9998	0.0000	0.0000	0.0000	0.0000	0.0000	0.0001	0.0000	0.0000	0.0000	0.0000
0.0010	0.0000	0.0000	0.0000	0.0000	0.9964	0.0009	0.0000	0.0000	0.0016	0.0000	0.0000
0.0334	0.0300	0.0076	0.0000	0.0000	0.0021	0.8075	0.0061	0.0000	0.0000	0.0000	0.1132
0.0558	0.0004	0.0018	0.0000	0.0000	0.0173	0.7386	0.0078	0.0000	0.0000	0.0000	0.1783
0.0003	0.0002	0.0000	0.0001	0.0000	0.0000	0.5673	0.4002	0.0000	0.0000	0.0000	0.0319
0.0000	0.0000	0.0000	0.0000	0.0000	0.0000	0.0000	0.0000	0.9999	0.0001	0.0000	0.0000
0.0000	0.0000	0.0000	0.0516	0.0000	0.0000	0.0000	0.0000	0.3148	0.6336	0.0000	0.0000
0.0000	0.0000	0.0000	0.0000	0.0000	0.0000	0.0118	0.9882	0.0000	0.0000	0.0000	0.0000
0.0000	0.0000	0.0000	0.0002	0.0000	0.0000	0.0000	0.0000	0.0000	0.9998	0.0000	0.0000
0.0000	0.0000	0.9999	0.0000	0.0000	0.0000	0.0000	0.0000	0.0000	0.0000	0.0000	0.0000
0.0000	0.0000	0.0001	0.0000	0.0000	0.0000	0.0369	0.9623	0.0000	0.0000	0.0002	0.0005
0.0000	0.0000	0.0000	0.0000	0.0000	0.0000	0.0000	0.0000	0.0001	0.9986	0.0000	0.0013
0.0000	0.0000	0.0000	0.0004	0.0000	0.0000	0.0000	0.0000	0.0000	0.9065	0.0931	0.0000
0.0000	0.7304	0.2330	0.0000	0.0000	0.0360	0.0002	0.0002	0.0000	0.0000	0.0000	0.0001
0.0031	0.0335	0.0053	0.0000	0.0000	0.3590	0.3170	0.0060	0.0000	0.0006	0.0008	0.2747
0.0000	0.0000	0.0000	0.0000	0.0000	0.0000	0.0000	1.0000	0.0000	0.0000	0.0000	0.0000
1.0000	0.0000	0.0000	0.0000	0.0000	0.0000	0.0000	0.0000	0.0000	0.0000	0.0000	0.0000
0.0000	0.0000	0.0000	0.0011	0.0000	0.9296	0.0006	0.0268	0.0000	0.0000	0.0000	0.0419
0.0000	0.0000	0.0000	0.0000	0.0000	0.0000	0.0000	0.0000	1.0000	0.0000	0.0000	0.0000
0.0000	0.2684	0.2038	0.0001	0.0000	0.4655	0.0505	0.0016	0.0000	0.0000	0.0000	0.0101
0.0000	0.0000	0.0000	0.0000	0.0000	0.0000	0.0000	1.0000	0.0000	0.0000	0.0000	0.0000
0.0000	0.0000	0.0000	0.0000	0.0000	0.0000	0.0000	0.0000	0.0000	0.0000	1.0000	0.0000
0.3431	0.0000	0.0004	0.0000	0.0000	0.0004	0.0371	0.0003	0.0000	0.0001	0.0000	0.6185
0.0011	0.0000	0.0000	0.0000	0.0000	0.0000	0.2127	0.0080	0.0000	0.0292	0.0001	0.7489
0.0000	0.9090	0.0275	0.0000	0.0000	0.0614	0.0016	0.0003	0.0000	0.0000	0.0000	0.0004
0.0010	0.7677	0.0001	0.0000	0.0000	0.0023	0.1193	0.0959	0.0000	0.0024	0.0000	0.0114
0.0000	0.0000	0.0000	0.0000	0.0000	0.0000	0.5500	0.2103	0.0000	0.0000	0.0000	0.2396
0.0000	0.0000	0.0000	0.0001	0.9999	0.0000	0.0000	0.0000	0.0000	0.0000	0.0000	0.0000
0.0001	0.0017	0.0001	0.0000	0.0000	0.0008	0.4391	0.0192	0.0000	0.0004	0.0000	0.5385
0.9983	0.0000	0.0000	0.0000	0.0000	0.0016	0.0000	0.0000	0.0000	0.0001	0.0000	0.0000
0.0000	0.0000	0.0000	0.0000	1.0000	0.0000	0.0000	0.0000	0.0000	0.0000	0.0000	0.0000
0.0000	0.9266	0.0328	0.0000	0.0000	0.0388	0.0011	0.0004	0.0000	0.0000	0.0000	0.0003
0.0000	0.0000	0.0020	0.0000	0.0000	0.9974	0.0001	0.0000	0.0000	0.0000	0.0000	0.0005
0.0000	0.2128	0.0292	0.0000	0.0000	0.7565	0.0011	0.0003	0.0000	0.0000	0.0000	0.0002
0.0000	0.0000	0.0000	0.0000	0.0000	0.0000	0.0000	0.0000	1.0000	0.0000	0.0000	0.0000
0.0061	0.0000	0.0000	0.0000	0.0000	0.0004	0.0286	0.5653	0.0000	0.3093	0.0000	0.0903
0.0000	0.0000	0.0000	0.0000	0.0000	0.0001	0.0000	0.0000	0.0000	0.9583	0.0000	0.0416
0.0000	0.0000	0.0000	0.0000	0.0000	0.0000	0.0000	0.0000	0.0000	0.9868	0.0000	0.0132
0.0000	0.0000	0.0000	0.0000	0.0000	0.0000	0.0005	0.0000	0.0000	0.9990	0.0000	0.0005
0.0036	0.0000	0.0000	0.0000	0.0000	0.0003	0.1303	0.7319	0.0000	0.0481	0.0000	0.0858
0.9891	0.0000	0.0000	0.0000	0.0000	0.0000	0.0000	0.0000	0.0108	0.0001	0.0000	0.0000
0.0000	0.0000	0.0000	0.0000	0.0000	0.0000	0.0002	0.0000	0.0000	0.0071	0.0000	0.9927
0.0929	0.0000	0.0000	0.0000	0.0000	0.0000	0.0000	0.0000	0.8824	0.0246	0.0000	0.0000
0.0000	0.0000	0.0000	1.0000	0.0000	0.0000	0.0000	0.0000	0.0000	0.0000	0.0000	0.0000
0.0000	0.0000	0.0000	0.0000	0.0000	0.0000	0.1736	0.7340	0.0000	0.0001	0.0056	0.0867
0.0000	0.0000	0.0000	0.0000	0.0000	0.0000	0.0055	0.0003	0.0000	0.7650	0.0001	0.2292
0.6137	0.0000	0.0000	0.0000	0.0000	0.0150	0.0396	0.0013	0.0000	0.3302	0.0000	0.0003
0.0000	0.0000	0.0000	0.0000	0.0000	0.0000	0.9309	0.0041	0.0000	0.0003	0.0000	0.0647
0.0000	0.0000	0.0000	0.0000	0.0000	0.0001	0.0440	0.0001	0.0000	0.0039	0.0000	0.9519
0.0000	0.0005	0.0000	0.0000	0.0000	0.0000	0.9305	0.0689	0.0000	0.0000	0.0000	0.0002
0.0000	0.0026	0.8334	0.0000	0.0000	0.1582	0.0014	0.0001	0.0000	0.0000	0.0000	0.0043
0.1784	0.0377	0.5434	0.0000	0.0000	0.0271	0.1052	0.0011	0.0000	0.0007	0.0000	0.1065
0.5627	0.0000	0.0000	0.0000	0.0000	0.0000	0.0000	0.0000	0.4372	0.0001	0.0000	0.0000
0.7294	0.0000	0.0000	0.0000	0.0000	0.0000	0.2418	0.0000	0.0000	0.0000	0.0000	0.0288
0.7914	0.0000	0.0000	0.0000	0.0000	0.0000	0.0000	0.0000	0.0525	0.1548	0.0000	0.0012
0.0000	0.0000	0.0000	1.0000	0.0000	0.0000	0.0000	0.0000	0.0000	0.0000	0.0000	0.0000
0.0000	0.0000	0.0001	0.0000	0.0000	0.0000	0.9848	0.0024	0.0000	0.0000	0.0000	0.0127
0.0000	0.0000	0.0000	0.5581	0.0000	0.0000	0.0000	0.0000	0.0000	0.0328	0.4091	0.0000
0.0000	0.0000	0.0000	0.0155	0.0000	0.0000	0.0000	0.0000	0.0000	0.9616	0.0229	0.0000
0.0000	0.0000	0.0000	0.0000	0.0000	0.0000	0.0000	0.0000	0.0000	0.0009	0.0000	0.9991
0.0000	0.0000	0.0000	0.0000	0.0000	0.0000	0.0000	0.0000	0.0000	0.1132	0.0000	0.8868
0.0000	0.0000	0.0000	0.0000	0.0000	0.0000	0.0000	0.0000	0.0000	0.0000	0.0000	1.0000
0.0000	0.0000	0.0000	0.0000	0.0000	0.0000	0.0000	0.0000	0.0000	0.0000	0.0000	1.0000
0.0002	0.0000	0.9998	0.0000	0.0000	0.0000	0.0000	0.0000	0.0000	0.0000	0.0000	0.0000
0.0002	0.0000	0.9998	0.0000	0.0000	0.0000	0.0000	0.0000	0.0000	0.0000	0.0000	0.0000
0.0000	0.0000	0.0003	0.0000	0.0000	0.0000	0.0000	0.0000	0.0000	0.0000	0.0000	0.9997
0.0000	0.0000	0.9999	0.0000	0.0000	0.0000	0.0000	0.0000	0.0000	0.0000	0.0000	0.0001
0.0000	0.0000	0.0000	0.0000	0.0000	0.0000	0.0000	0.0000	0.0000	0.0000	0.0000	1.0000
0.0000	0.0000	0.9993	0.0000	0.0000	0.0001	0.0000	0.0000	0.0000	0.0000	0.0000	0.0006
0.0001	0.0000	0.9950	0.0000	0.0000	0.0000	0.0000	0.0000	0.0000	0.0000	0.0000	0.0049
0.0000	0.0000	0.0000	0.0000	0.0000	0.0000	0.0000	0.0000	0.0000	0.0000	0.0000	1.0000
0.0108	0.0000	0.9787	0.0000	0.0000	0.0001	0.0000	0.0000	0.0013	0.0002	0.0000	0.0088
0.0000	0.0000	0.0000	0.0000	0.0000	0.0000	0.0000	0.0000	0.0000	0.0000	0.0000	1.0000
0.0000	0.0000	0.0000	0.0000	0.0000	0.0000	0.0000	0.0000	0.0000	0.0000	0.0000	1.0000
0.0000	0.0000	0.9999	0.0000	0.0000	0.0000	0.0000	0.0000	0.0000	0.0000	0.0000	0.0000
0.0001	0.0000	0.0000	0.0000	0.0000	0.0000	0.0000	0.0000	0.0000	0.0000	0.0000	0.9999
0.0000	0.0000	0.0000	0.0000	0.0000	0.0000	0.0000	0.0000	0.0000	0.0000	0.0000	1.0000
0.0000	0.0000	0.9960	0.0000	0.0000	0.0000	0.0000	0.0000	0.0000	0.0000	0.0000	0.0039
0.0002	0.0000	0.6658	0.0000	0.0000	0.0000	0.0001	0.0000	0.0003	0.0048	0.0000	0.3288
0.0000	0.0000	0.9614	0.0000	0.0000	0.0000	0.0000	0.0000	0.0000	0.0098	0.0000	0.0288
0.0001	0.0000	0.9998	0.0000	0.0000	0.0000	0.0000	0.0000	0.0000	0.0000	0.0000	0.0001
0.0000	0.0000	0.9998	0.0000	0.0000	0.0000	0.0000	0.0000	0.0000	0.0000	0.0000	0.0002
0.0000	0.0000	0.0117	0.0000	0.0000	0.0000	0.9883	0.0000	0.0000	0.0000	0.0000	0.0000
0.0000	0.0000	0.0000	0.0000	0.0000	0.0000	0.0000	0.0000	1.0000	0.0000	0.0000	0.0000
0.0000	0.0000	0.9615	0.0000	0.0000	0.0373	0.0011	0.0000	0.0000	0.0000	0.0000	0.0000
0.0000	0.0000	0.0000	0.0000	0.0000	0.0000	1.0000	0.0000	0.0000	0.0000	0.0000	0.0000
0.0000	0.0000	0.0000	0.0000	0.0000	0.0000	0.0000	0.0000	1.0000	0.0000	0.0000	0.0000
0.0000	0.0000	0.9843	0.0000	0.0000	0.0000	0.0157	0.0000	0.0000	0.0000	0.0000	0.0000
0.0000	0.0000	0.0000	0.0000	0.0000	0.0000	1.0000	0.0000	0.0000	0.0000	0.0000	0.0000
0.0000	0.0000	0.0004	0.0000	0.0000	0.0000	0.9995	0.0000	0.0000	0.0000	0.0000	0.0000
0.0000	0.0000	0.0000	0.0000	0.0000	0.0000	0.0000	0.0000	1.0000	0.0000	0.0000	0.0000
0.0000	0.0000	0.0149	0.0000	0.0000	0.0000	0.9851	0.0000	0.0000	0.0000	0.0000	0.0000
0.0000	0.0000	0.0000	0.0000	0.0000	0.0000	0.0334	0.0000	0.9666	0.0000	0.0000	0.0000
0.0000	0.0000	0.0000	0.0000	0.0000	0.0000	0.0000	0.0000	1.0000	0.0000	0.0000	0.0000
0.0000	0.0000	0.0000	0.0000	0.0000	0.0000	0.0000	0.0000	1.0000	0.0000	0.0000	0.0000
0.0000	0.0000	0.0000	0.0000	0.0000	0.0000	0.0000	0.0000	1.0000	0.0000	0.0000	0.0000
0.0000	0.0000	0.0000	0.0000	0.0000	0.0000	0.0000	0.0000	1.0000	0.0000	0.0000	0.0000
0.0000	0.0000	0.9625	0.0000	0.0000	0.0314	0.0061	0.0000	0.0000	0.0000	0.0000	0.0000
0.0000	0.0000	0.9007	0.0000	0.0000	0.0517	0.0475	0.0000	0.0000	0.0000	0.0000	0.0000
0.0000	0.0000	0.9837	0.0000	0.0000	0.0152	0.0010	0.0000	0.0000	0.0000	0.0000	0.0000
0.0000	0.0000	0.9018	0.0000	0.0000	0.0002	0.0979	0.0000	0.0000	0.0000	0.0000	0.0000
0.0000	0.0000	0.0000	0.0000	0.0000	0.0000	0.0000	0.0000	1.0000	0.0000	0.0000	0.0000
0.0000	0.0000	0.0000	0.0000	0.0000	0.0000	0.0000	0.0000	1.0000	0.0000	0.0000	0.0000
0.0000	0.0000	0.0000	0.0000	0.0000	0.0000	0.0000	0.0000	1.0000	0.0000	0.0000	0.0000
0.0000	0.0000	0.0007	0.0000	0.0000	0.0000	0.9993	0.0000	0.0000	0.0000	0.0000	0.0000
0.0000	0.0000	0.0000	0.0000	0.0000	0.0000	0.0000	0.0000	1.0000	0.0000	0.0000	0.0000
0.0000	0.0000	0.0000	0.0000	0.0000	0.0000	0.9962	0.0000	0.0038	0.0000	0.0000	0.0000
0.0000	0.0000	0.0002	0.0000	0.0000	0.0000	0.9998	0.0000	0.0000	0.0000	0.0000	0.0000
0.0000	0.0000	0.2738	0.0000	0.0000	0.0000	0.7262	0.0000	0.0000	0.0000	0.0000	0.0000
0.0000	0.0000	0.0000	0.0000	0.0000	0.0000	0.0000	0.0000	1.0000	0.0000	0.0000	0.0000
0.0000	0.0000	0.0000	0.0000	0.0000	0.0000	1.0000	0.0000	0.0000	0.0000	0.0000	0.0000
0.0000	0.0000	0.0001	0.0000	0.0000	0.0000	0.9999	0.0000	0.0000	0.0000	0.0000	0.0000
0.0000	0.0000	0.0001	0.0000	0.0000	0.0000	0.9999	0.0000	0.0000	0.0000	0.0000	0.0000
