0.0147	0.0000	0.0000	0.0000	0.0000	0.0005	0.6492	0.0005	0.0000	0.0003	0.0000	0.3347
0.0000	0.0000	0.0000	0.0000	0.0000	0.0000	0.8675	0.0054	0.0000	0.0053	0.0050	0.1168
0.0000	0.0000	0.0001	0.0000	0.0000	0.0000	0.5281	0.0330	0.0000	0.0000	0.0000	0.4389
0.0273	0.0000	0.0000	0.0000	0.0000	0.0000	0.0000	0.0000	0.9727	0.0000	0.0000	0.0000
0.0000	0.0321	0.2188	0.0000	0.0000	0.7488	0.0000	0.0002	0.0000	0.0000	0.0000	0.0000
0.0013	0.0000	0.0000	0.0000	0.0000	0.0000	0.0000	0.0000	0.0000	0.0000	0.9987	0.0001
0.0000	0.0000	0.4786	0.0000	0.0000	0.0000	0.4734	0.0178	0.0000	0.0000	0.0000	0.0303
0.0000	0.0000	0.0000	0.0000	0.0000	0.0001	0.0000	0.0006	0.0000	0.0009	0.0000	0.9984
0.0000	0.0000	0.0000	0.0000	0.0000	0.0000	0.0000	0.0000	1.0000	0.0000	0.0000	0.0000
0.0071	0.0000	0.0000	0.0000	0.0000	0.0577	0.4381	0.4650	0.0000	0.0023	0.0000	0.0297
0.9108	0.0000	0.0003	0.0000	0.0000	0.0360	0.0242	0.0158	0.0092	0.0034	0.0000	0.0004
0.0000	0.3702	0.6298	0.0000	0.0000	0.0000	0.0000	0.0000	0.0000	0.0000	0.0000	0.0000
0.0000	0.0000	0.2371	0.0000	0.0000	0.7551	0.0000	0.0066	0.0000	0.0000	0.0000	0.0011
0.0000	0.0000	0.0015	0.0000	0.0000	0.8070	0.0003	0.1292	0.0000	0.0005	0.0000	0.0615
0.0816	0.0000	0.0000	0.0000	0.0000	0.0000	0.0000	0.0000	0.9183	0.0000	0.0001	0.0000
0.0000	0.0000	0.0000	0.0000	0.0000	0.0000	0.7833	0.0000	0.0000	0.0000	0.0000	0.2166
0.0000	0.0000	0.0000	0.0000	0.0000	0.0000	0.1411	0.0190	0.0000	0.0398	0.0000	0.8001
0.0000	0.0000	0.0000	0.0000	0.0000	0.0000	0.0000	0.0000	1.0000	0.0000	0.0000	0.0000
0.0000	0.0000	0.0002	0.0000	0.0000	0.0071	0.0881	0.9046	0.0000	0.0000	0.0000	0.0001
0.0000	0.0000	0.0015	0.0000	0.0000	0.0000	0.1263	0.8581	0.0000	0.0000	0.0001	0.0140
0.0000	1.0000	0.0000	0.0000	0.0000	0.0000	0.0000	0.0000	0.0000	0.0000	0.0000	0.0000
0.0000	0.0000	0.0000	0.0000	0.0000	1.0000	0.0000	0.0000	0.0000	0.0000	0.0000	0.0000
0.0471	0.0131	0.0115	0.0000	0.0000	0.0005	0.8070	0.1193	0.0000	0.0000	0.0000	0.0015
0.2837	0.0105	0.0235	0.0000	0.0000	0.0066	0.6600	0.0109	0.0000	0.0000	0.0000	0.0049
0.0000	0.0079	0.0000	0.0010	0.0000	0.0000	0.8027	0.0439	0.0000	0.0000	0.0000	0.1445
0.0000	0.0000	0.0000	0.0000	0.0000	0.0000	0.0000	0.0000	1.0000	0.0000	0.0000	0.0000
0.0000	0.0000	0.0000	0.0244	0.0000	0.0000	0.0000	0.0000	0.7165	0.2591	0.0000	0.0000
0.0000	0.0000	0.0000	0.0000	0.0000	0.0000	0.9473	0.0527	0.0000	0.0000	0.0000	0.0000
0.0000	0.0000	0.0000	0.0000	0.0000	0.0000	0.0000	0.0000	0.0000	0.9999	0.0000	0.0001
0.0000	0.0001	0.9998	0.0000	0.0000	0.0001	0.0000	0.0000	0.0000	0.0000	0.0000	0.0000
0.0000	0.0000	0.0000	0.0000	0.0000	0.0000	0.0291	0.9708	0.0000	0.0000	0.0000	0.0000
0.0000	0.0000	0.0000	0.0000	0.0000	0.0000	0.0000	0.0000	0.0003	0.9980	0.0000	0.0016
0.0000	0.0000	0.0000	0.0000	0.0000	0.0000	0.0000	0.0000	0.0000	0.9994	0.0006	0.0000
0.0000	0.3766	0.4693	0.0000	0.0000	0.1537	0.0000	0.0004	0.0000	0.0000	0.0000	0.0000
0.0007	0.7315	0.0604	0.0000	0.0000	0.0176	0.0906	0.0789	0.0000	0.0000	0.0000	0.0203
0.0000	0.0000	0.0000	0.0000	0.0000	0.0000	0.0005	0.9995	0.0000	0.0000	0.0000	0.0000
1.0000	0.0000	0.0000	0.0000	0.0000	0.0000	0.0000	0.0000	0.0000	0.0000	0.0000	0.0000
0.0001	0.0000	0.0000	0.0022	0.0000	0.5226	0.1351	0.2962	0.0000	0.0000	0.0001	0.0437
0.0000	0.0000	0.0000	0.0000	0.0000	0.0000	0.0000	0.0000	1.0000	0.0000	0.0000	0.0000
0.0000	0.0105	0.1900	0.0000	0.0000	0.7966	0.0027	0.0002	0.0000	0.0000	0.0000	0.0001
0.0000	0.0000	0.0000	0.6167	0.0000	0.0000	0.0361	0.3471	0.0000	0.0000	0.0000	0.0000
0.0000	0.0000	0.0000	0.0000	0.0000	0.0000	0.0000	0.0000	0.0000	0.0000	1.0000	0.0000
0.3368	0.0007	0.0585	0.0000	0.0000	0.0000	0.4820	0.0000	0.0000	0.0000	0.0000	0.1221
0.0005	0.0000	0.0000	0.0000	0.0000	0.0000	0.1152	0.0232	0.0000	0.0006	0.0000	0.8605
0.0000	0.6301	0.1981	0.0000	0.0000	0.1712	0.0001	0.0004	0.0000	0.0000	0.0000	0.0000
0.0002	0.8492	0.0017	0.0000	0.0000	0.0079	0.0770	0.0452	0.0000	0.0001	0.0000	0.0188
0.0000	0.0000	0.0000	0.0000	0.0000	0.0000	0.5137	0.2366	0.0000	0.0000	0.0000	0.2497
0.0000	0.0000	0.0000	0.0000	1.0000	0.0000	0.0000	0.0000	0.0000	0.0000	0.0000	0.0000
0.0000	0.0046	0.0006	0.0000	0.0000	0.4226	0.4600	0.0263	0.0000	0.0000	0.0000	0.0858
1.0000	0.0000	0.0000	0.0000	0.0000	0.0000	0.0000	0.0000	0.0000	0.0000	0.0000	0.0000
0.0000	0.0000	0.0000	0.0000	0.9999	0.0000	0.0000	0.0000	0.0000	0.0001	0.0000	0.0000
0.0000	0.7870	0.1082	0.0000	0.0000	0.1040	0.0001	0.0007	0.0000	0.0000	0.0000	0.0000
0.0000	0.0000	0.0002	0.0000	0.0000	0.9998	0.0000	0.0000	0.0000	0.0000	0.0000	0.0000
0.0000	0.0138	0.0107	0.0000	0.0000	0.9755	0.0000	0.0000	0.0000	0.0000	0.0000	0.0000
0.0000	0.0000	0.0000	0.0000	0.0000	0.0000	0.0000	0.0000	1.0000	0.0000	0.0000	0.0000
0.0001	0.0000	0.0000	0.0000	0.0000	0.0023	0.1114	0.8821	0.0000	0.0024	0.0000	0.0017
0.0000	0.0000	0.0000	0.0000	0.0000	0.0000	0.0000	0.0000	0.0000	0.9465	0.0000	0.0535
0.0000	0.0000	0.0000	0.0000	0.0000	0.0000	0.0000	0.0000	0.0000	0.9905	0.0000	0.0095
0.0000	0.0000	0.0000	0.0000	0.0000	0.0000	0.9278	0.0215	0.0000	0.0507	0.0000	0.0000
0.0000	0.0000	0.0000	0.0000	0.0000	0.0009	0.0392	0.9584	0.0000	0.0004	0.0000	0.0011
0.8092	0.0000	0.0000	0.0000	0.0000	0.0000	0.0000	0.0000	0.1908	0.0000	0.0000	0.0000
0.0000	0.0000	0.0000	0.0000	0.0000	0.0000	0.0005	0.0000	0.0000	0.0000	0.0000	0.9995
0.0000	0.0000	0.0000	0.0000	0.0000	0.0000	0.0000	0.0000	1.0000	0.0000	0.0000	0.0000
0.0000	0.0000	0.0000	0.9999	0.0001	0.0000	0.0000	0.0000	0.0000	0.0000	0.0000	0.0000
0.0000	0.0000	0.0000	0.0000	0.0000	0.0000	0.9999	0.0000	0.0000	0.0000	0.0000	0.0001
0.0000	0.0000	0.0000	0.0000	0.0000	0.0000	0.0874	0.0005	0.0000	0.1108	0.0000	0.8013
0.0063	0.0001	0.0000	0.0000	0.0000	0.8776	0.0516	0.0243	0.0000	0.0400	0.0000	0.0001
0.0000	0.0000	0.0000	0.0000	0.0000	0.0000	0.9621	0.0141	0.0000	0.0000	0.0000	0.0237
0.0000	0.0000	0.0000	0.0000	0.0000	0.0000	0.5131	0.0000	0.0000	0.0014	0.0000	0.4855
0.0000	0.0421	0.0000	0.0000	0.0000	0.0000	0.9232	0.0347	0.0000	0.0000	0.0000	0.0000
0.0000	0.0000	0.2420	0.0000	0.0000	0.7579	0.0000	0.0000	0.0000	0.0000	0.0000	0.0000
0.0082	0.1153	0.8729	0.0000	0.0000	0.0002	0.0020	0.0001	0.0000	0.0000	0.0000	0.0013
0.1744	0.0000	0.0000	0.0000	0.0000	0.0000	0.0000	0.0000	0.8256	0.0000	0.0000	0.0000
0.8517	0.0000	0.0000	0.0000	0.0000	0.0000	0.1407	0.0000	0.0000	0.0000	0.0000	0.0076
0.6446	0.0000	0.0000	0.0000	0.0000	0.0000	0.0000	0.0000	0.3545	0.0007	0.0000	0.0001
0.0000	0.0000	0.0000	1.0000	0.0000	0.0000	0.0000	0.0000	0.0000	0.0000	0.0000	0.0000
0.0000	0.0000	0.2366	0.0000	0.0000	0.0002	0.5680	0.1905	0.0000	0.0000	0.0000	0.0047
0.0000	0.0000	0.0000	0.0000	0.0000	0.0000	0.0000	0.0000	0.0000	0.9998	0.0002	0.0000
0.0000	0.0000	0.0000	0.0003	0.0000	0.0000	0.0000	0.0000	0.0000	0.9996	0.0001	0.0000
0.0000	0.0000	0.0000	0.0000	0.0000	0.0000	0.0000	0.0000	0.0000	0.0000	0.0000	1.0000
0.0000	0.0000	0.0000	0.0000	0.0000	0.0000	0.0000	0.0000	0.0000	0.0034	0.0000	0.9966
0.0000	0.0000	0.0024	0.0000	0.0000	0.0000	0.0000	0.0000	0.0000	0.0000	0.0000	0.9976
0.0000	0.0000	0.0000	0.0000	0.0000	0.0054	0.0000	0.0000	0.0000	0.0000	0.0000	0.9946
0.0000	0.0000	0.9998	0.0000	0.0000	0.0000	0.0000	0.0000	0.0002	0.0000	0.0000	0.0000
0.0000	0.0000	0.9998	0.0000	0.0000	0.0000	0.0000	0.0000	0.0002	0.0000	0.0000	0.0000
0.0000	0.0000	0.0000	0.0000	0.0000	0.0000	0.0000	0.0000	0.0000	0.0000	0.0000	1.0000
0.0000	0.0000	1.0000	0.0000	0.0000	0.0000	0.0000	0.0000	0.0000	0.0000	0.0000	0.0000
0.0000	0.0000	0.0000	0.0000	0.0000	0.0000	0.0000	0.0000	0.0000	0.0000	0.0000	1.0000
0.0000	0.0000	0.9998	0.0000	0.0000	0.0001	0.0000	0.0000	0.0000	0.0000	0.0000	0.0000
0.0000	0.0023	0.9975	0.0000	0.0000	0.0000	0.0000	0.0000	0.0000	0.0000	0.0000	0.0001
0.0000	0.0000	0.0000	0.0000	0.0000	0.0000	0.0000	0.0000	0.0000	0.0000	0.0000	1.0000
0.0001	0.0000	0.9981	0.0000	0.0000	0.0000	0.0000	0.0000	0.0017	0.0000	0.0000	0.0001
0.0000	0.0000	0.0000	0.0000	0.0000	0.0000	0.0000	0.0000	0.0000	0.0000	0.0000	1.0000
0.0000	0.0000	0.0000	0.0000	0.0000	0.0000	0.0000	0.0000	0.0003	0.0000	0.0000	0.9996
0.0000	0.0000	1.0000	0.0000	0.0000	0.0000	0.0000	0.0000	0.0000	0.0000	0.0000	0.0000
0.0575	0.0000	0.0000	0.0000	0.0000	0.0000	0.0000	0.0000	0.0000	0.0000	0.0000	0.9425
0.0000	0.0000	0.0000	0.0000	0.0000	0.0000	0.0000	0.0000	0.0000	0.0000	0.0000	1.0000
0.0002	0.0000	0.9922	0.0000	0.0000	0.0000	0.0000	0.0000	0.0000	0.0000	0.0000	0.0076
0.0000	0.0000	0.8021	0.0000	0.0000	0.0000	0.0000	0.0000	0.0000	0.0000	0.0000	0.1979
0.0000	0.0000	0.0071	0.0000	0.0000	0.0000	0.0000	0.0000	0.0000	0.0007	0.0000	0.9922
0.0000	0.0000	0.9997	0.0000	0.0000	0.0000	0.0000	0.0000	0.0002	0.0000	0.0000	0.0000
0.0000	0.0000	1.0000	0.0000	0.0000	0.0000	0.0000	0.0000	0.0000	0.0000	0.0000	0.0000
0.0000	0.0000	0.0008	0.0000	0.0000	0.0000	0.9992	0.0000	0.0000	0.0000	0.0000	0.0000
0.0000	0.0000	0.0000	0.0000	0.0000	0.0000	0.0000	0.0000	1.0000	0.0000	0.0000	0.0000
0.0000	0.0000	0.9911	0.0000	0.0000	0.0089	0.0001	0.0000	0.0000	0.0000	0.0000	0.0000
0.0000	0.0000	0.0001	0.0000	0.0000	0.0000	0.9999	0.0000	0.0000	0.0000	0.0000	0.0000
0.0000	0.0000	0.0000	0.0000	0.0000	0.0000	0.0000	0.0000	1.0000	0.0000	0.0000	0.0000
0.0000	0.0000	0.9957	0.0000	0.0000	0.0000	0.0043	0.0000	0.0000	0.0000	0.0000	0.0000
0.0000	0.0000	0.0000	0.0000	0.0000	0.0000	1.0000	0.0000	0.0000	0.0000	0.0000	0.0000
0.0000	0.0000	0.0007	0.0000	0.0000	0.0022	0.9971	0.0000	0.0000	0.0000	0.0000	0.0000
0.0000	0.0000	0.0000	0.0000	0.0000	0.0000	0.0000	0.0000	1.0000	0.0000	0.0000	0.0000
0.0000	0.0000	0.0079	0.0000	0.0000	0.0000	0.9921	0.0000	0.0000	0.0000	0.0000	0.0000
0.0000	0.0000	0.0000	0.0000	0.0000	0.0000	0.0485	0.0000	0.9515	0.0000	0.0000	0.0000
0.0000	0.0000	0.0000	0.0000	0.0000	0.0000	0.1010	0.0000	0.8990	0.0000	0.0000	0.0000
0.0000	0.0000	0.0000	0.0000	0.0000	0.0000	0.0000	0.0000	1.0000	0.0000	0.0000	0.0000
0.0000	0.0000	0.0000	0.0000	0.0000	0.0000	0.0000	0.0000	1.0000	0.0000	0.0000	0.0000
0.0000	0.0000	0.0000	0.0000	0.0000	0.0000	0.0000	0.0000	1.0000	0.0000	0.0000	0.0000
0.0000	0.0000	0.9948	0.0000	0.0000	0.0043	0.0009	0.0000	0.0000	0.0000	0.0000	0.0000
0.0000	0.0000	0.6108	0.0000	0.0000	0.0716	0.3176	0.0000	0.0000	0.0000	0.0000	0.0000
0.0000	0.0000	0.9967	0.0000	0.0000	0.0032	0.0001	0.0000	0.0000	0.0000	0.0000	0.0000
0.0000	0.0000	0.9787	0.0000	0.0000	0.0000	0.0212	0.0000	0.0000	0.0000	0.0000	0.0000
0.0000	0.0000	0.0000	0.0000	0.0000	0.0000	0.0000	0.0000	1.0000	0.0000	0.0000	0.0000
0.0000	0.0000	0.0000	0.0000	0.0000	0.0000	0.0000	0.0000	1.0000	0.0000	0.0000	0.0000
0.0000	0.0000	0.0000	0.0000	0.0000	0.0000	0.0000	0.0000	1.0000	0.0000	0.0000	0.0000
0.0000	0.0000	0.0003	0.0000	0.0000	0.0000	0.9997	0.0000	0.0000	0.0000	0.0000	0.0000
0.0000	0.0000	0.0000	0.0000	0.0000	0.0000	0.0000	0.0000	1.0000	0.0000	0.0000	0.0000
0.0000	0.0000	0.0000	0.0000	0.0000	0.0053	0.9947	0.0000	0.0000	0.0000	0.0000	0.0000
0.0000	0.0000	0.0182	0.0000	0.0000	0.0000	0.9818	0.0000	0.0000	0.0000	0.0000	0.0000
0.0000	0.0000	0.8701	0.0000	0.0000	0.0000	0.1299	0.0000	0.0000	0.0000	0.0000	0.0000
0.0000	0.0000	0.0000	0.0000	0.0000	0.0000	0.0000	0.0000	1.0000	0.0000	0.0000	0.0000
0.0000	0.0000	0.0000	0.0000	0.0000	0.0000	1.0000	0.0000	0.0000	0.0000	0.0000	0.0000
0.0000	0.0000	0.0475	0.0000	0.0000	0.0000	0.9525	0.0000	0.0000	0.0000	0.0000	0.0000
0.0000	0.0000	0.0025	0.0000	0.0000	0.0000	0.9975	0.0000	0.0000	0.0000	0.0000	0.0000
