0.5600	0.0001	0.0000	0.0000	0.0000	0.0083	0.1191	0.0005	0.0000	0.1046	0.0000	0.2073
0.0000	0.0000	0.0000	0.0000	0.0000	0.0000	0.4167	0.0701	0.0000	0.4849	0.0182	0.0100
0.0000	0.0000	0.0000	0.0000	0.0000	0.0000	0.9566	0.0140	0.0000	0.0086	0.0054	0.0154
0.0740	0.0000	0.0000	0.0000	0.0000	0.0000	0.0000	0.0000	0.9260	0.0000	0.0000	0.0000
0.0000	0.1205	0.3044	0.0000	0.0000	0.5687	0.0049	0.0015	0.0000	0.0000	0.0000	0.0000
0.0000	0.0000	0.0000	0.0000	0.0000	0.0000	0.0000	0.0000	0.0000	0.0000	0.9982	0.0018
0.0000	0.0003	0.0145	0.0000	0.0000	0.0083	0.9670	0.0090	0.0000	0.0004	0.0001	0.0003
0.0000	0.0000	0.0000	0.0000	0.0000	0.0000	0.0000	0.0044	0.0000	0.0015	0.0000	0.9941
0.0000	0.0000	0.0000	0.0000	0.0000	0.0004	0.0000	0.0000	0.9996	0.0000	0.0000	0.0000
0.0241	0.0000	0.0000	0.0000	0.0000	0.1007	0.3840	0.4458	0.0000	0.0192	0.0000	0.0261
0.7009	0.0000	0.0015	0.0000	0.0000	0.0028	0.0192	0.0208	0.2368	0.0164	0.0000	0.0017
0.0000	0.9825	0.0175	0.0000	0.0000	0.0000	0.0000	0.0000	0.0000	0.0000	0.0000	0.0000
0.0000	0.0001	0.7617	0.0000	0.0000	0.2294	0.0001	0.0079	0.0000	0.0008	0.0000	0.0001
0.0049	0.0019	0.0685	0.0000	0.0000	0.2321	0.0042	0.5984	0.0000	0.0372	0.0000	0.0528
0.2789	0.0000	0.0000	0.0000	0.0000	0.0000	0.0000	0.0000	0.7210	0.0000	0.0001	0.0000
0.0000	0.0000	0.0000	0.0000	0.0000	0.0000	0.9920	0.0000	0.0000	0.0003	0.0000	0.0077
0.0000	0.0000	0.0000	0.0000	0.0000	0.0000	0.2923	0.0002	0.0000	0.6509	0.0001	0.0565
0.0026	0.0000	0.0000	0.0000	0.0000	0.0004	0.0000	0.0000	0.9963	0.0007	0.0000	0.0000
0.0000	0.0000	0.0000	0.0000	0.0000	0.0009	0.5329	0.4654	0.0000	0.0006	0.0002	0.0000
0.0000	0.0001	0.0049	0.0000	0.0000	0.0002	0.6886	0.2984	0.0000	0.0004	0.0069	0.0007
0.0000	0.9999	0.0000	0.0000	0.0000	0.0000	0.0000	0.0001	0.0000	0.0000	0.0000	0.0000
0.0002	0.0000	0.0000	0.0000	0.0000	0.9985	0.0001	0.0000	0.0000	0.0012	0.0000	0.0000
0.0005	0.0101	0.0076	0.0000	0.0000	0.0015	0.9022	0.0770	0.0000	0.0000	0.0000	0.0011
0.0027	0.0388	0.0017	0.0000	0.0000	0.0664	0.8467	0.0429	0.0000	0.0000	0.0000	0.0010
0.0000	0.0124	0.0000	0.0066	0.0000	0.0000	0.8336	0.1311	0.0000	0.0000	0.0000	0.0162
0.0000	0.0000	0.0000	0.0000	0.0000	0.0000	0.0000	0.0000	0.9987	0.0012	0.0000	0.0000
0.0000	0.0000	0.0000	0.0022	0.0000	0.0000	0.0000	0.0000	0.2820	0.7158	0.0000	0.0000
0.0000	0.0000	0.0000	0.0000	0.0000	0.0000	0.0855	0.9142	0.0000	0.0003	0.0000	0.0000
0.0000	0.0000	0.0000	0.0003	0.0000	0.0000	0.0000	0.0000	0.0000	0.9997	0.0000	0.0000
0.0000	0.0000	0.9998	0.0000	0.0000	0.0002	0.0000	0.0000	0.0000	0.0000	0.0000	0.0000
0.0000	0.0000	0.0000	0.0000	0.0000	0.0000	0.1311	0.8681	0.0000	0.0000	0.0007	0.0000
0.0000	0.0000	0.0000	0.0000	0.0000	0.0000	0.0000	0.0000	0.0001	0.9998	0.0000	0.0001
0.0000	0.0000	0.0000	0.0000	0.0000	0.0000	0.0000	0.0000	0.0000	0.9993	0.0007	0.0000
0.0000	0.2827	0.6668	0.0000	0.0000	0.0466	0.0017	0.0022	0.0000	0.0000	0.0000	0.0000
0.0040	0.0281	0.0282	0.0000	0.0000	0.1250	0.7573	0.0487	0.0000	0.0030	0.0049	0.0008
0.0000	0.0000	0.0000	0.0000	0.0000	0.0000	0.0003	0.9996	0.0000	0.0000	0.0000	0.0000
1.0000	0.0000	0.0000	0.0000	0.0000	0.0000	0.0000	0.0000	0.0000	0.0000	0.0000	0.0000
0.0010	0.0000	0.0000	0.0115	0.0000	0.9011	0.0052	0.0627	0.0000	0.0043	0.0026	0.0115
0.0000	0.0000	0.0000	0.0000	0.0000	0.0000	0.0000	0.0000	1.0000	0.0000	0.0000	0.0000
0.0000	0.1739	0.1796	0.0000	0.0000	0.4566	0.1861	0.0037	0.0000	0.0000	0.0000	0.0000
0.0000	0.0000	0.0000	0.3623	0.0000	0.0000	0.0007	0.6370	0.0000	0.0000	0.0000	0.0000
0.0000	0.0000	0.0000	0.0000	0.0000	0.0000	0.0000	0.0000	0.0000	0.0000	1.0000	0.0000
0.1968	0.0033	0.0040	0.0000	0.0000	0.0032	0.0167	0.0001	0.0000	0.0120	0.0000	0.7639
0.0491	0.0000	0.0000	0.0000	0.0000	0.0000	0.2750	0.0363	0.0000	0.0702	0.0008	0.5686
0.0000	0.5926	0.1278	0.0000	0.0000	0.2651	0.0130	0.0014	0.0000	0.0000	0.0000	0.0000
0.0088	0.1841	0.0009	0.0000	0.0000	0.0199	0.5580	0.1717	0.0000	0.0536	0.0000	0.0029
0.0000	0.0000	0.0000	0.0000	0.0000	0.0000	0.9489	0.0430	0.0000	0.0000	0.0000	0.0080
0.0000	0.0000	0.0000	0.0000	1.0000	0.0000	0.0000	0.0000	0.0000	0.0000	0.0000	0.0000
0.0004	0.0002	0.0001	0.0000	0.0000	0.8709	0.1257	0.0006	0.0000	0.0006	0.0000	0.0016
0.9995	0.0000	0.0000	0.0000	0.0000	0.0000	0.0000	0.0000	0.0000	0.0005	0.0000	0.0000
0.0000	0.0000	0.0000	0.0000	0.9973	0.0000	0.0000	0.0000	0.0000	0.0027	0.0000	0.0000
0.0000	0.5722	0.1858	0.0000	0.0000	0.2231	0.0159	0.0029	0.0000	0.0000	0.0000	0.0000
0.0000	0.0000	0.0100	0.0000	0.0000	0.9893	0.0006	0.0000	0.0000	0.0000	0.0000	0.0000
0.0000	0.0500	0.0414	0.0000	0.0000	0.9028	0.0047	0.0012	0.0000	0.0000	0.0000	0.0000
0.0000	0.0000	0.0000	0.0000	0.0000	0.0000	0.0000	0.0000	1.0000	0.0000	0.0000	0.0000
0.0012	0.0000	0.0000	0.0000	0.0000	0.0007	0.1721	0.8202	0.0000	0.0037	0.0000	0.0022
0.0000	0.0000	0.0000	0.0000	0.0000	0.0000	0.0000	0.0000	0.0000	0.9837	0.0000	0.0163
0.0000	0.0000	0.0000	0.0000	0.0000	0.0000	0.0000	0.0000	0.0000	0.9911	0.0000	0.0089
0.0000	0.0000	0.0000	0.0000	0.0000	0.0001	0.9649	0.0007	0.0000	0.0343	0.0000	0.0000
0.0006	0.0000	0.0000	0.0000	0.0000	0.0020	0.2699	0.7232	0.0000	0.0032	0.0000	0.0011
0.4848	0.0000	0.0000	0.0000	0.0000	0.0000	0.0000	0.0000	0.5151	0.0000	0.0000	0.0000
0.0000	0.0000	0.0000	0.0000	0.0000	0.0000	0.0734	0.0000	0.0000	0.0260	0.0000	0.9007
0.0127	0.0000	0.0000	0.0000	0.0000	0.0000	0.0000	0.0000	0.9824	0.0049	0.0000	0.0000
0.0000	0.0000	0.0000	0.9985	0.0015	0.0000	0.0000	0.0000	0.0000	0.0000	0.0000	0.0000
0.0000	0.0000	0.0015	0.0000	0.0000	0.0000	0.9190	0.0632	0.0000	0.0000	0.0152	0.0010
0.0000	0.0000	0.0000	0.0000	0.0000	0.0000	0.0364	0.0001	0.0000	0.8601	0.0000	0.1034
0.0150	0.0000	0.0000	0.0000	0.0000	0.2133	0.0438	0.0006	0.0000	0.7273	0.0000	0.0000
0.0000	0.0000	0.0000	0.0000	0.0000	0.0000	0.9990	0.0004	0.0000	0.0003	0.0000	0.0004
0.0000	0.0000	0.0005	0.0001	0.0000	0.0000	0.7750	0.0076	0.0000	0.0281	0.0000	0.1886
0.0000	0.1114	0.0000	0.0000	0.0000	0.0000	0.8517	0.0369	0.0000	0.0000	0.0000	0.0000
0.0000	0.0006	0.8899	0.0000	0.0000	0.1087	0.0003	0.0005	0.0000	0.0000	0.0000	0.0000
0.0070	0.0119	0.9064	0.0000	0.0000	0.0027	0.0507	0.0162	0.0000	0.0011	0.0000	0.0041
0.5350	0.0000	0.0000	0.0000	0.0000	0.0000	0.0000	0.0000	0.4650	0.0000	0.0000	0.0000
0.7632	0.0000	0.0000	0.0000	0.0000	0.0000	0.2312	0.0002	0.0000	0.0000	0.0000	0.0054
0.1197	0.0000	0.0000	0.0000	0.0000	0.0000	0.0000	0.0000	0.8115	0.0677	0.0000	0.0011
0.0000	0.0000	0.0000	1.0000	0.0000	0.0000	0.0000	0.0000	0.0000	0.0000	0.0000	0.0000
0.0000	0.0008	0.0290	0.0000	0.0000	0.0003	0.7521	0.2175	0.0000	0.0000	0.0000	0.0002
0.0000	0.0000	0.0000	0.0000	0.0000	0.0000	0.0000	0.0000	0.0000	1.0000	0.0000	0.0000
0.0000	0.0000	0.0000	0.1225	0.0000	0.0000	0.0000	0.0000	0.0000	0.8764	0.0001	0.0009
0.0000	0.0000	0.0000	0.0000	0.0000	0.0000	0.0036	0.0026	0.0000	0.0007	0.0000	0.9931
0.0000	0.0000	0.0000	0.0000	0.0000	0.0000	0.0000	0.0000	0.0000	0.1643	0.0001	0.8356
0.0000	0.0000	0.1204	0.0000	0.0000	0.0000	0.0000	0.0000	0.0001	0.0000	0.0000	0.8796
0.0000	0.0000	0.0000	0.0000	0.0000	0.0166	0.0000	0.0000	0.0000	0.0000	0.0000	0.9834
0.0000	0.0000	0.9999	0.0000	0.0000	0.0000	0.0000	0.0000	0.0000	0.0000	0.0000	0.0000
0.0000	0.0000	0.9999	0.0000	0.0000	0.0000	0.0000	0.0000	0.0000	0.0000	0.0000	0.0000
0.0000	0.0000	0.0000	0.0000	0.0000	0.0000	0.0000	0.0000	0.0000	0.0000	0.0000	1.0000
0.0000	0.0000	1.0000	0.0000	0.0000	0.0000	0.0000	0.0000	0.0000	0.0000	0.0000	0.0000
0.0000	0.0000	0.0000	0.0000	0.0000	0.0000	0.0000	0.0000	0.0000	0.0000	0.0000	1.0000
0.0000	0.0000	0.9999	0.0000	0.0000	0.0001	0.0000	0.0000	0.0000	0.0000	0.0000	0.0000
0.0000	0.0000	0.9998	0.0000	0.0000	0.0000	0.0000	0.0000	0.0000	0.0000	0.0000	0.0002
0.0000	0.0000	0.0000	0.0000	0.0000	0.0000	0.0000	0.0000	0.0000	0.0000	0.0000	1.0000
0.0000	0.0000	0.9997	0.0000	0.0000	0.0000	0.0000	0.0000	0.0002	0.0000	0.0000	0.0000
0.0000	0.0000	0.0000	0.0000	0.0000	0.0003	0.0000	0.0000	0.0000	0.0000	0.0000	0.9997
0.0000	0.0000	0.0000	0.0000	0.0000	0.0000	0.0000	0.0000	0.0024	0.0000	0.0000	0.9975
0.0000	0.0000	1.0000	0.0000	0.0000	0.0000	0.0000	0.0000	0.0000	0.0000	0.0000	0.0000
0.0037	0.0000	0.0002	0.0000	0.0000	0.0000	0.0000	0.0000	0.0000	0.0000	0.0000	0.9961
0.0000	0.0000	0.0000	0.0000	0.0000	0.0000	0.0000	0.0000	0.0000	0.0000	0.0000	1.0000
0.0000	0.0000	0.9859	0.0000	0.0000	0.0000	0.0000	0.0000	0.0001	0.0000	0.0000	0.0140
0.0000	0.0000	0.0166	0.0000	0.0000	0.0000	0.0000	0.0000	0.0001	0.0000	0.0000	0.9833
0.0000	0.0000	0.7561	0.0000	0.0000	0.0000	0.0000	0.0000	0.0004	0.0001	0.0000	0.2435
0.0000	0.0000	0.9999	0.0000	0.0000	0.0000	0.0000	0.0000	0.0001	0.0000	0.0000	0.0000
0.0000	0.0000	1.0000	0.0000	0.0000	0.0000	0.0000	0.0000	0.0000	0.0000	0.0000	0.0000
0.0000	0.0000	0.0772	0.0000	0.0000	0.0000	0.9228	0.0000	0.0000	0.0000	0.0000	0.0000
0.0000	0.0000	0.0000	0.0000	0.0000	0.0000	0.0000	0.0000	1.0000	0.0000	0.0000	0.0000
0.0000	0.0000	0.9556	0.0000	0.0000	0.0440	0.0005	0.0000	0.0000	0.0000	0.0000	0.0000
0.0000	0.0000	0.0001	0.0000	0.0000	0.0000	0.9999	0.0000	0.0000	0.0000	0.0000	0.0000
0.0000	0.0000	0.0000	0.0000	0.0000	0.0000	0.0000	0.0000	1.0000	0.0000	0.0000	0.0000
0.0000	0.0000	0.9872	0.0000	0.0000	0.0000	0.0128	0.0000	0.0000	0.0000	0.0000	0.0000
0.0000	0.0000	0.0001	0.0000	0.0000	0.0000	0.9999	0.0000	0.0000	0.0000	0.0000	0.0000
0.0000	0.0000	0.0139	0.0000	0.0000	0.0022	0.9839	0.0000	0.0000	0.0000	0.0000	0.0000
0.0000	0.0000	0.0000	0.0000	0.0000	0.0000	0.0000	0.0000	1.0000	0.0000	0.0000	0.0000
0.0000	0.0000	0.0018	0.0000	0.0000	0.0000	0.9982	0.0000	0.0000	0.0000	0.0000	0.0000
0.0000	0.0000	0.0000	0.0000	0.0000	0.0000	0.0187	0.0000	0.9813	0.0000	0.0000	0.0000
0.0000	0.0000	0.0000	0.0000	0.0000	0.0003	0.0250	0.0000	0.9746	0.0000	0.0000	0.0000
0.0000	0.0000	0.0000	0.0000	0.0000	0.0000	0.0000	0.0000	1.0000	0.0000	0.0000	0.0000
0.0000	0.0000	0.0000	0.0000	0.0000	0.0000	0.0000	0.0000	1.0000	0.0000	0.0000	0.0000
0.0000	0.0000	0.0000	0.0000	0.0000	0.0000	0.0000	0.0000	1.0000	0.0000	0.0000	0.0000
0.0000	0.0000	0.9892	0.0000	0.0000	0.0088	0.0020	0.0000	0.0000	0.0000	0.0000	0.0000
0.0000	0.0000	0.9038	0.0000	0.0000	0.0394	0.0568	0.0000	0.0000	0.0000	0.0000	0.0000
0.0000	0.0000	0.9895	0.0000	0.0000	0.0100	0.0005	0.0000	0.0000	0.0000	0.0000	0.0000
0.0000	0.0000	0.8917	0.0000	0.0000	0.0033	0.1050	0.0000	0.0000	0.0000	0.0000	0.0000
0.0000	0.0000	0.0000	0.0000	0.0000	0.0000	0.0000	0.0000	1.0000	0.0000	0.0000	0.0000
0.0000	0.0000	0.0000	0.0000	0.0000	0.0000	0.0000	0.0000	1.0000	0.0000	0.0000	0.0000
0.0000	0.0000	0.0000	0.0000	0.0000	0.0000	0.0000	0.0000	1.0000	0.0000	0.0000	0.0000
0.0000	0.0000	0.0008	0.0000	0.0000	0.0000	0.9992	0.0000	0.0000	0.0000	0.0000	0.0000
0.0000	0.0000	0.0000	0.0000	0.0000	0.0000	0.0000	0.0000	1.0000	0.0000	0.0000	0.0000
0.0000	0.0000	0.0007	0.0000	0.0000	0.0001	0.9991	0.0000	0.0001	0.0000	0.0000	0.0000
0.0000	0.0000	0.0047	0.0000	0.0000	0.0000	0.9953	0.0000	0.0000	0.0000	0.0000	0.0000
0.0000	0.0000	0.6431	0.0000	0.0000	0.0000	0.3569	0.0000	0.0000	0.0000	0.0000	0.0000
0.0000	0.0000	0.0000	0.0000	0.0000	0.0000	0.0000	0.0000	1.0000	0.0000	0.0000	0.0000
0.0000	0.0000	0.0001	0.0000	0.0000	0.0000	0.9999	0.0000	0.0000	0.0000	0.0000	0.0000
0.0000	0.0000	0.0009	0.0000	0.0000	0.0007	0.9984	0.0000	0.0000	0.0000	0.0000	0.0000
0.0000	0.0000	0.0010	0.0000	0.0000	0.0057	0.9933	0.0000	0.0000	0.0000	0.0000	0.0000
