0.0458	0.0000	0.0000	0.0000	0.0000	0.0001	0.1498	0.0014	0.0000	0.0806	0.0000	0.7222
0.0000	0.0000	0.0000	0.0000	0.0000	0.0000	0.7824	0.0163	0.0000	0.0381	0.0018	0.1614
0.0000	0.0000	0.0001	0.0000	0.0000	0.0000	0.7079	0.0117	0.0000	0.0005	0.0000	0.2799
0.0073	0.0000	0.0000	0.0000	0.0000	0.0000	0.0000	0.0000	0.9927	0.0000	0.0000	0.0000
0.0000	0.1731	0.6832	0.0000	0.0000	0.1433	0.0000	0.0003	0.0000	0.0000	0.0000	0.0000
0.0000	0.0000	0.0000	0.0000	0.0000	0.0000	0.0000	0.0000	0.0000	0.0000	0.9370	0.0630
0.0000	0.0000	0.3344	0.0021	0.0000	0.0004	0.5583	0.0100	0.0000	0.0001	0.0000	0.0946
0.0000	0.0000	0.0000	0.0000	0.0000	0.0002	0.0000	0.0002	0.0000	0.0198	0.0000	0.9798
0.0000	0.0000	0.0000	0.0000	0.0000	0.0000	0.0000	0.0000	1.0000	0.0000	0.0000	0.0000
0.0170	0.0000	0.0000	0.0000	0.0000	0.0265	0.4229	0.2944	0.0000	0.0105	0.0000	0.2287
0.8612	0.0000	0.0014	0.0000	0.0000	0.0081	0.0934	0.0092	0.0224	0.0028	0.0000	0.0016
0.0000	0.9702	0.0298	0.0000	0.0000	0.0000	0.0000	0.0000	0.0000	0.0000	0.0000	0.0000
0.0000	0.0000	0.5489	0.0000	0.0000	0.4399	0.0004	0.0055	0.0000	0.0003	0.0000	0.0050
0.0008	0.0036	0.2411	0.0000	0.0000	0.1395	0.0025	0.1559	0.0000	0.0332	0.0000	0.4234
0.4906	0.0000	0.0000	0.0000	0.0000	0.0000	0.0000	0.0000	0.5094	0.0000	0.0000	0.0000
0.0000	0.0000	0.0000	0.0000	0.0000	0.0000	0.9964	0.0000	0.0000	0.0000	0.0000	0.0036
0.0000	0.0000	0.0000	0.0000	0.0000	0.0000	0.0727	0.0024	0.0000	0.4022	0.0000	0.5226
0.0000	0.0000	0.0000	0.0000	0.0000	0.0000	0.0000	0.0000	0.9990	0.0009	0.0000	0.0000
0.0000	0.0000	0.0000	0.0000	0.0000	0.0053	0.0699	0.9235	0.0000	0.0005	0.0000	0.0007
0.0000	0.0004	0.0297	0.0000	0.0000	0.0004	0.2645	0.6210	0.0000	0.0009	0.0000	0.0830
0.0000	0.9998	0.0000	0.0000	0.0000	0.0000	0.0000	0.0002	0.0000	0.0000	0.0000	0.0000
0.0000	0.0000	0.0000	0.0000	0.0000	0.9999	0.0000	0.0000	0.0000	0.0001	0.0000	0.0000
0.0031	0.1824	0.2168	0.0000	0.0000	0.0311	0.3728	0.1890	0.0000	0.0000	0.0000	0.0048
0.0152	0.1435	0.1660	0.0000	0.0000	0.1776	0.2673	0.2133	0.0000	0.0000	0.0000	0.0170
0.0001	0.0354	0.0000	0.0010	0.0000	0.0000	0.8751	0.0560	0.0000	0.0005	0.0000	0.0319
0.0000	0.0000	0.0000	0.0000	0.0000	0.0000	0.0000	0.0000	1.0000	0.0000	0.0000	0.0000
0.0000	0.0000	0.0000	0.0004	0.0000	0.0000	0.0000	0.0000	0.0665	0.9332	0.0000	0.0000
0.0000	0.0000	0.0000	0.0000	0.0000	0.0000	0.2511	0.7489	0.0000	0.0000	0.0000	0.0000
0.0000	0.0000	0.0000	0.0000	0.0000	0.0000	0.0000	0.0000	0.0000	1.0000	0.0000	0.0000
0.0000	0.0000	0.9986	0.0000	0.0000	0.0014	0.0000	0.0000	0.0000	0.0000	0.0000	0.0000
0.0000	0.0000	0.0001	0.0000	0.0000	0.0000	0.1216	0.8782	0.0000	0.0000	0.0000	0.0001
0.0000	0.0000	0.0000	0.0000	0.0000	0.0000	0.0000	0.0000	0.0000	1.0000	0.0000	0.0000
0.0000	0.0000	0.0000	0.0000	0.0000	0.0000	0.0000	0.0000	0.0000	0.9699	0.0301	0.0000
0.0000	0.3186	0.6723	0.0000	0.0000	0.0089	0.0000	0.0002	0.0000	0.0000	0.0000	0.0000
0.0002	0.0317	0.8667	0.0001	0.0000	0.0136	0.0359	0.0306	0.0000	0.0017	0.0000	0.0197
0.0000	0.0000	0.0000	0.0003	0.0000	0.0000	0.0041	0.9948	0.0000	0.0000	0.0008	0.0000
1.0000	0.0000	0.0000	0.0000	0.0000	0.0000	0.0000	0.0000	0.0000	0.0000	0.0000	0.0000
0.0020	0.0000	0.0000	0.2366	0.0000	0.4539	0.0151	0.0880	0.0000	0.0005	0.0007	0.2032
0.0000	0.0000	0.0000	0.0000	0.0000	0.0000	0.0000	0.0000	1.0000	0.0000	0.0000	0.0000
0.0000	0.1203	0.5994	0.0004	0.0000	0.2547	0.0230	0.0017	0.0000	0.0000	0.0000	0.0004
0.0000	0.0000	0.0000	0.0539	0.0000	0.0000	0.0008	0.9454	0.0000	0.0000	0.0000	0.0000
0.0000	0.0000	0.0000	0.0000	0.0000	0.0000	0.0000	0.0000	0.0000	0.0000	1.0000	0.0000
0.2854	0.0000	0.6636	0.0000	0.0000	0.0000	0.0007	0.0002	0.0000	0.0002	0.0000	0.0500
0.0006	0.0000	0.0000	0.0000	0.0000	0.0000	0.0433	0.0036	0.0000	0.0149	0.0000	0.9376
0.0000	0.4375	0.4799	0.0000	0.0000	0.0818	0.0001	0.0007	0.0000	0.0000	0.0000	0.0000
0.0002	0.6496	0.0184	0.0000	0.0000	0.0235	0.0372	0.2468	0.0000	0.0115	0.0000	0.0128
0.0000	0.0000	0.0000	0.0000	0.0000	0.0000	0.6951	0.1936	0.0000	0.0000	0.0000	0.1112
0.0000	0.0000	0.0000	0.0000	1.0000	0.0000	0.0000	0.0000	0.0000	0.0000	0.0000	0.0000
0.0000	0.0005	0.0032	0.0000	0.0000	0.4396	0.1812	0.0434	0.0000	0.0100	0.0000	0.3222
0.9586	0.0000	0.0000	0.0000	0.0000	0.0000	0.0000	0.0000	0.0000	0.0414	0.0000	0.0000
0.0000	0.0000	0.0000	0.0000	1.0000	0.0000	0.0000	0.0000	0.0000	0.0000	0.0000	0.0000
0.0000	0.4798	0.4752	0.0000	0.0000	0.0443	0.0000	0.0006	0.0000	0.0000	0.0000	0.0000
0.0000	0.0000	0.0088	0.0000	0.0000	0.9912	0.0000	0.0000	0.0000	0.0000	0.0000	0.0000
0.0000	0.1861	0.1475	0.0000	0.0000	0.6659	0.0001	0.0005	0.0000	0.0000	0.0000	0.0000
0.0000	0.0000	0.0000	0.0000	0.0000	0.0000	0.0000	0.0000	1.0000	0.0000	0.0000	0.0000
0.0007	0.0000	0.0000	0.0000	0.0000	0.0002	0.3338	0.6608	0.0000	0.0016	0.0000	0.0029
0.0000	0.0000	0.0000	0.0000	0.0000	0.0000	0.0000	0.0000	0.0000	0.9932	0.0000	0.0067
0.0000	0.0000	0.0000	0.0000	0.0000	0.0000	0.0000	0.0000	0.0000	0.9700	0.0000	0.0300
0.0000	0.0000	0.0000	0.0000	0.0000	0.0024	0.7365	0.0002	0.0000	0.2604	0.0000	0.0004
0.0001	0.0000	0.0000	0.0000	0.0000	0.0006	0.2509	0.7384	0.0000	0.0068	0.0000	0.0031
0.6416	0.0000	0.0000	0.0000	0.0000	0.0000	0.0000	0.0000	0.3584	0.0000	0.0000	0.0000
0.0000	0.0000	0.0000	0.0000	0.0000	0.0000	0.0004	0.0000	0.0000	0.0001	0.0000	0.9995
0.0000	0.0000	0.0000	0.0000	0.0000	0.0000	0.0000	0.0000	0.9887	0.0113	0.0000	0.0000
0.0000	0.0000	0.0000	1.0000	0.0000	0.0000	0.0000	0.0000	0.0000	0.0000	0.0000	0.0000
0.0000	0.0000	0.0003	0.0000	0.0000	0.0000	0.0971	0.8302	0.0000	0.0002	0.0001	0.0721
0.0000	0.0000	0.0000	0.0000	0.0000	0.0000	0.0165	0.0000	0.0000	0.2791	0.0000	0.7044
0.0001	0.0000	0.0000	0.0000	0.0000	0.4556	0.0099	0.0037	0.0000	0.5307	0.0000	0.0000
0.0000	0.0000	0.0000	0.0000	0.0000	0.0000	0.9702	0.0039	0.0000	0.0001	0.0000	0.0257
0.0000	0.0000	0.0000	0.0000	0.0000	0.0000	0.1947	0.0001	0.0000	0.0401	0.0000	0.7652
0.0000	0.4166	0.0000	0.0000	0.0000	0.0000	0.5254	0.0581	0.0000	0.0000	0.0000	0.0000
0.0000	0.0001	0.9740	0.0000	0.0000	0.0258	0.0000	0.0000	0.0000	0.0000	0.0000	0.0000
0.0280	0.0218	0.9328	0.0000	0.0000	0.0017	0.0052	0.0020	0.0000	0.0007	0.0000	0.0078
0.1385	0.0000	0.0000	0.0000	0.0000	0.0000	0.0000	0.0000	0.8615	0.0000	0.0000	0.0000
0.0000	0.0000	0.0006	0.0000	0.0000	0.0000	0.9903	0.0000	0.0000	0.0000	0.0000	0.0092
0.0716	0.0000	0.0000	0.0000	0.0000	0.0000	0.0000	0.0000	0.9027	0.0257	0.0000	0.0001
0.0000	0.0000	0.0000	1.0000	0.0000	0.0000	0.0000	0.0000	0.0000	0.0000	0.0000	0.0000
0.0000	0.0000	0.3759	0.0000	0.0000	0.0003	0.5683	0.0507	0.0000	0.0000	0.0000	0.0048
0.0000	0.0000	0.0000	0.0001	0.0000	0.0000	0.0000	0.0000	0.0000	0.9691	0.0308	0.0000
0.0000	0.0000	0.0000	0.0096	0.0000	0.0000	0.0000	0.0000	0.0000	0.9694	0.0017	0.0192
0.0000	0.0000	0.0000	0.0000	0.0000	0.0000	0.0000	0.0000	0.0000	0.0000	0.0000	1.0000
0.0000	0.0000	0.0000	0.0000	0.0000	0.0000	0.0000	0.0000	0.0000	0.0083	0.0000	0.9917
0.0000	0.0000	0.0002	0.0000	0.0000	0.0000	0.0000	0.0000	0.0000	0.0000	0.0000	0.9998
0.0000	0.0000	0.0000	0.0000	0.0000	0.0000	0.0000	0.0000	0.0000	0.0000	0.0000	1.0000
0.0000	0.0000	0.9992	0.0000	0.0000	0.0007	0.0000	0.0000	0.0000	0.0000	0.0000	0.0000
0.0000	0.0000	0.9995	0.0000	0.0000	0.0005	0.0000	0.0000	0.0000	0.0000	0.0000	0.0000
0.0000	0.0000	0.0002	0.0000	0.0000	0.0000	0.0011	0.0000	0.0000	0.0000	0.0000	0.9988
0.0000	0.0000	1.0000	0.0000	0.0000	0.0000	0.0000	0.0000	0.0000	0.0000	0.0000	0.0000
0.0000	0.0000	0.0000	0.0000	0.0000	0.0000	0.0000	0.0000	0.0000	0.0000	0.0000	1.0000
0.0000	0.0000	0.9996	0.0000	0.0000	0.0004	0.0000	0.0000	0.0000	0.0000	0.0000	0.0000
0.0000	0.0000	0.9999	0.0000	0.0000	0.0000	0.0000	0.0000	0.0000	0.0000	0.0000	0.0001
0.0000	0.0000	0.0000	0.0000	0.0000	0.0000	0.0000	0.0000	0.0000	0.0000	0.0000	1.0000
0.0002	0.0000	0.9998	0.0000	0.0000	0.0000	0.0000	0.0000	0.0000	0.0000	0.0000	0.0001
0.0000	0.0000	0.0000	0.0000	0.0000	0.0000	0.0000	0.0000	0.0000	0.0000	0.0000	1.0000
0.0000	0.0000	0.0000	0.0000	0.0000	0.0000	0.0000	0.0000	0.0001	0.0000	0.0000	0.9999
0.0000	0.0000	0.9999	0.0000	0.0000	0.0000	0.0000	0.0000	0.0000	0.0000	0.0000	0.0000
0.0000	0.0000	0.0002	0.0000	0.0000	0.0000	0.0000	0.0000	0.0000	0.0000	0.0000	0.9998
0.0000	0.0000	0.0000	0.0000	0.0000	0.0000	0.0000	0.0000	0.0000	0.0000	0.0000	1.0000
0.0001	0.0000	0.9966	0.0000	0.0000	0.0000	0.0000	0.0000	0.0000	0.0000	0.0000	0.0033
0.0001	0.0000	0.1742	0.0000	0.0000	0.0000	0.0000	0.0000	0.0000	0.0007	0.0000	0.8250
0.0000	0.0000	0.0796	0.0000	0.0000	0.0000	0.0001	0.0061	0.0000	0.0218	0.0000	0.8924
0.0004	0.0000	0.9995	0.0000	0.0000	0.0000	0.0000	0.0000	0.0000	0.0000	0.0000	0.0001
0.0000	0.0000	0.9999	0.0000	0.0000	0.0000	0.0000	0.0000	0.0000	0.0000	0.0000	0.0001
0.0000	0.0000	0.0806	0.0000	0.0000	0.0000	0.9194	0.0000	0.0000	0.0000	0.0000	0.0000
0.0000	0.0000	0.0000	0.0000	0.0000	0.0000	0.0000	0.0000	1.0000	0.0000	0.0000	0.0000
0.0000	0.0000	0.9995	0.0000	0.0000	0.0004	0.0000	0.0000	0.0000	0.0000	0.0000	0.0000
0.0000	0.0000	0.0000	0.0000	0.0000	0.0000	1.0000	0.0000	0.0000	0.0000	0.0000	0.0000
0.0000	0.0000	0.0000	0.0000	0.0000	0.0000	0.0000	0.0000	1.0000	0.0000	0.0000	0.0000
0.0000	0.0000	0.9988	0.0000	0.0000	0.0000	0.0012	0.0000	0.0000	0.0000	0.0000	0.0000
0.0000	0.0000	0.0000	0.0000	0.0000	0.0000	1.0000	0.0000	0.0000	0.0000	0.0000	0.0000
0.0000	0.0000	0.0084	0.0000	0.0000	0.0009	0.9907	0.0000	0.0000	0.0000	0.0000	0.0000
0.0000	0.0000	0.0000	0.0000	0.0000	0.0000	0.0000	0.0000	1.0000	0.0000	0.0000	0.0000
0.0000	0.0000	0.0810	0.0000	0.0000	0.0000	0.9190	0.0000	0.0000	0.0000	0.0000	0.0000
0.0000	0.0000	0.0000	0.0000	0.0000	0.0000	0.0058	0.0000	0.9942	0.0000	0.0000	0.0000
0.0000	0.0000	0.0000	0.0000	0.0000	0.0001	0.0012	0.0000	0.9987	0.0000	0.0000	0.0000
0.0000	0.0000	0.0000	0.0000	0.0000	0.0000	0.0000	0.0000	1.0000	0.0000	0.0000	0.0000
0.0000	0.0000	0.0000	0.0000	0.0000	0.0000	0.0000	0.0000	1.0000	0.0000	0.0000	0.0000
0.0000	0.0000	0.0000	0.0000	0.0000	0.0000	0.0000	0.0000	1.0000	0.0000	0.0000	0.0000
0.0000	0.0000	0.9998	0.0000	0.0000	0.0001	0.0000	0.0000	0.0000	0.0000	0.0000	0.0000
0.0000	0.0000	0.9971	0.0000	0.0000	0.0009	0.0020	0.0000	0.0000	0.0000	0.0000	0.0000
0.0000	0.0000	0.9999	0.0000	0.0000	0.0001	0.0000	0.0000	0.0000	0.0000	0.0000	0.0000
0.0000	0.0000	0.9965	0.0000	0.0000	0.0000	0.0034	0.0000	0.0000	0.0000	0.0000	0.0000
0.0000	0.0000	0.0000	0.0000	0.0000	0.0000	0.0000	0.0000	1.0000	0.0000	0.0000	0.0000
0.0000	0.0000	0.0000	0.0000	0.0000	0.0000	0.0000	0.0000	1.0000	0.0000	0.0000	0.0000
0.0000	0.0000	0.0000	0.0000	0.0000	0.0000	0.0000	0.0000	1.0000	0.0000	0.0000	0.0000
0.0000	0.0000	0.0000	0.0000	0.0000	0.0000	1.0000	0.0000	0.0000	0.0000	0.0000	0.0000
0.0000	0.0000	0.0000	0.0000	0.0000	0.0000	0.0000	0.0000	1.0000	0.0000	0.0000	0.0000
0.0000	0.0000	0.0001	0.0000	0.0000	0.0007	0.9992	0.0000	0.0000	0.0000	0.0000	0.0000
0.0000	0.0000	0.0012	0.0000	0.0000	0.0000	0.9988	0.0000	0.0000	0.0000	0.0000	0.0000
0.0000	0.0000	0.6783	0.0000	0.0000	0.0000	0.3217	0.0000	0.0000	0.0000	0.0000	0.0000
0.0000	0.0000	0.0000	0.0000	0.0000	0.0000	0.0000	0.0000	1.0000	0.0000	0.0000	0.0000
0.0000	0.0000	0.0001	0.0000	0.0000	0.0000	0.9999	0.0000	0.0000	0.0000	0.0000	0.0000
0.0000	0.0000	0.0004	0.0000	0.0000	0.0000	0.9995	0.0000	0.0000	0.0000	0.0000	0.0000
0.0000	0.0000	0.0006	0.0000	0.0000	0.0041	0.9953	0.0000	0.0000	0.0000	0.0000	0.0000
