0.0011	0.0000	0.0000	0.0000	0.0000	0.0000	0.0229	0.0000	0.0000	0.0183	0.0000	0.9576
0.0000	0.0000	0.0000	0.0000	0.0000	0.0000	0.5469	0.0112	0.0000	0.0050	0.0009	0.4360
0.0000	0.0000	0.0000	0.0000	0.0000	0.0000	0.2054	0.0011	0.0000	0.0000	0.0000	0.7935
0.0043	0.0000	0.0000	0.0000	0.0000	0.0000	0.0000	0.0000	0.9957	0.0000	0.0000	0.0000
0.0000	0.5728	0.2041	0.0000	0.0000	0.2056	0.0060	0.0090	0.0000	0.0000	0.0000	0.0026
0.0000	0.0000	0.0000	0.0000	0.0000	0.0000	0.0000	0.0000	0.0000	0.0000	0.9502	0.0498
0.0000	0.0000	0.0363	0.0000	0.0000	0.0000	0.0878	0.0018	0.0000	0.0000	0.0000	0.8741
0.0000	0.0000	0.0000	0.0000	0.0000	0.0000	0.0000	0.0000	0.0000	0.0141	0.0000	0.9859
0.0000	0.0000	0.0000	0.0000	0.0000	0.0000	0.0000	0.0000	1.0000	0.0000	0.0000	0.0000
0.0007	0.0000	0.0001	0.0000	0.0000	0.0079	0.5485	0.1546	0.0000	0.0010	0.0000	0.2873
0.8268	0.0000	0.0047	0.0000	0.0000	0.0023	0.0783	0.0104	0.0463	0.0102	0.0000	0.0209
0.0000	0.9461	0.0537	0.0000	0.0000	0.0000	0.0000	0.0000	0.0000	0.0000	0.0000	0.0002
0.0001	0.0002	0.0600	0.0000	0.0000	0.0071	0.0051	0.0371	0.0000	0.0019	0.0000	0.8887
0.0000	0.0005	0.0028	0.0000	0.0000	0.0000	0.0002	0.0110	0.0000	0.0103	0.0000	0.9753
0.0612	0.0000	0.0000	0.0000	0.0000	0.0000	0.0000	0.0000	0.9387	0.0000	0.0000	0.0000
0.0000	0.0000	0.0000	0.0000	0.0000	0.0000	0.5449	0.0000	0.0000	0.0001	0.0000	0.4549
0.0000	0.0000	0.0000	0.0000	0.0000	0.0000	0.0290	0.0016	0.0000	0.2652	0.0000	0.7042
0.0000	0.0000	0.0000	0.0000	0.0000	0.0000	0.0000	0.0000	0.9986	0.0014	0.0000	0.0000
0.0000	0.0000	0.0039	0.0000	0.0000	0.0004	0.4046	0.5780	0.0000	0.0000	0.0000	0.0131
0.0000	0.0000	0.0006	0.0000	0.0000	0.0000	0.7030	0.1566	0.0000	0.0001	0.0000	0.1396
0.0000	0.9998	0.0000	0.0000	0.0000	0.0000	0.0000	0.0002	0.0000	0.0000	0.0000	0.0000
0.0000	0.0000	0.0000	0.0000	0.0000	0.9964	0.0014	0.0007	0.0000	0.0015	0.0000	0.0000
0.0157	0.0005	0.0007	0.0000	0.0000	0.9126	0.0092	0.0007	0.0000	0.0159	0.0000	0.0448
0.0025	0.0001	0.0000	0.0000	0.0000	0.9615	0.0005	0.0001	0.0000	0.0021	0.0000	0.0334
0.0000	0.0010	0.0000	0.0001	0.0000	0.0000	0.9621	0.0267	0.0000	0.0000	0.0000	0.0101
0.0000	0.0000	0.0000	0.0000	0.0000	0.0000	0.0000	0.0000	0.9999	0.0001	0.0000	0.0000
0.0000	0.0000	0.0000	0.0000	0.0000	0.0000	0.0000	0.0000	0.0000	1.0000	0.0000	0.0000
0.0000	0.0000	0.0000	0.0000	0.0000	0.0000	0.7872	0.2127	0.0000	0.0000	0.0000	0.0001
0.0000	0.0000	0.0000	0.0000	0.0000	0.0000	0.0000	0.0000	0.0000	1.0000	0.0000	0.0000
0.0010	0.0000	0.0000	0.0000	0.0000	0.9990	0.0000	0.0000	0.0000	0.0001	0.0000	0.0000
0.0000	0.0000	0.0000	0.0000	0.0000	0.0000	0.2945	0.7004	0.0000	0.0000	0.0002	0.0048
0.0000	0.0000	0.0000	0.0000	0.0000	0.0000	0.0000	0.0000	0.0047	0.9949	0.0000	0.0004
0.0000	0.0000	0.0000	0.0000	0.0000	0.0000	0.0000	0.0000	0.0000	0.9926	0.0074	0.0000
0.0000	0.7943	0.1778	0.0000	0.0000	0.0202	0.0015	0.0047	0.0000	0.0000	0.0000	0.0016
0.0000	0.1214	0.0303	0.0000	0.0000	0.2678	0.3253	0.0322	0.0000	0.0001	0.0000	0.2228
0.0000	0.0000	0.0000	0.0000	0.0000	0.0000	0.0698	0.9299	0.0000	0.0000	0.0002	0.0000
1.0000	0.0000	0.0000	0.0000	0.0000	0.0000	0.0000	0.0000	0.0000	0.0000	0.0000	0.0000
0.0000	0.0000	0.0029	0.0075	0.0000	0.0022	0.2982	0.1749	0.0000	0.0027	0.0031	0.5085
0.0000	0.0000	0.0000	0.0000	0.0000	0.0000	0.0000	0.0000	1.0000	0.0000	0.0000	0.0000
0.0000	0.0998	0.3933	0.0010	0.0000	0.2425	0.1351	0.0125	0.0000	0.0000	0.0000	0.1159
0.0000	0.0000	0.0000	0.0000	0.0000	0.0000	0.0000	1.0000	0.0000	0.0000	0.0000	0.0000
0.0000	0.0000	0.0000	0.0000	0.0000	0.0000	0.0000	0.0000	0.0000	0.0000	1.0000	0.0000
0.6649	0.0050	0.0029	0.0000	0.0000	0.0000	0.0058	0.0000	0.0000	0.0000	0.0000	0.3213
0.0001	0.0000	0.0000	0.0000	0.0000	0.0000	0.6038	0.0042	0.0000	0.0488	0.0001	0.3429
0.0000	0.5737	0.0997	0.0000	0.0000	0.2986	0.0085	0.0091	0.0000	0.0000	0.0000	0.0104
0.0001	0.2658	0.0003	0.0000	0.0000	0.0343	0.4860	0.0996	0.0000	0.0009	0.0000	0.1131
0.0000	0.0000	0.0000	0.0000	0.0000	0.0000	0.4567	0.1493	0.0000	0.0000	0.0000	0.3939
0.0000	0.0000	0.0000	0.0001	0.9999	0.0000	0.0000	0.0000	0.0000	0.0000	0.0000	0.0000
0.0000	0.0004	0.0000	0.0000	0.0000	0.4659	0.2289	0.0077	0.0000	0.0007	0.0000	0.2964
0.9944	0.0000	0.0000	0.0000	0.0000	0.0021	0.0000	0.0000	0.0000	0.0035	0.0000	0.0000
0.0000	0.0000	0.0000	0.0000	1.0000	0.0000	0.0000	0.0000	0.0000	0.0000	0.0000	0.0000
0.0000	0.7956	0.1082	0.0000	0.0000	0.0776	0.0057	0.0084	0.0000	0.0000	0.0000	0.0045
0.0000	0.0000	0.0142	0.0001	0.0000	0.9752	0.0005	0.0000	0.0000	0.0000	0.0000	0.0100
0.0000	0.1571	0.0091	0.0000	0.0000	0.8278	0.0022	0.0030	0.0000	0.0000	0.0000	0.0008
0.0000	0.0000	0.0000	0.0000	0.0000	0.0000	0.0000	0.0000	1.0000	0.0000	0.0000	0.0000
0.0002	0.0000	0.0000	0.0000	0.0000	0.0002	0.1389	0.8154	0.0000	0.0116	0.0000	0.0336
0.0000	0.0000	0.0000	0.0000	0.0000	0.0000	0.0000	0.0000	0.0000	0.9878	0.0000	0.0122
0.0000	0.0000	0.0000	0.0000	0.0000	0.0000	0.0000	0.0000	0.0000	0.0914	0.0000	0.9086
0.0000	0.0000	0.0000	0.0000	0.0000	0.0002	0.0028	0.0001	0.0000	0.9968	0.0000	0.0001
0.0003	0.0000	0.0000	0.0000	0.0000	0.0022	0.6876	0.3002	0.0000	0.0041	0.0000	0.0057
0.7170	0.0000	0.0000	0.0000	0.0000	0.0000	0.0000	0.0000	0.2830	0.0000	0.0001	0.0000
0.0000	0.0000	0.0000	0.0000	0.0000	0.0000	0.0005	0.0000	0.0000	0.0002	0.0000	0.9993
0.0001	0.0000	0.0000	0.0000	0.0000	0.0000	0.0000	0.0000	0.9947	0.0052	0.0000	0.0000
0.0000	0.0000	0.0000	1.0000	0.0000	0.0000	0.0000	0.0000	0.0000	0.0000	0.0000	0.0000
0.0000	0.0000	0.0000	0.0000	0.0000	0.0000	0.0564	0.8377	0.0000	0.0000	0.0001	0.1058
0.0000	0.0000	0.0000	0.0000	0.0000	0.0000	0.0224	0.0000	0.0000	0.3977	0.0000	0.5799
0.0003	0.0000	0.0000	0.0000	0.0000	0.0572	0.3745	0.0228	0.0000	0.5440	0.0000	0.0011
0.0000	0.0000	0.0000	0.0000	0.0000	0.0000	0.8245	0.0010	0.0000	0.0000	0.0000	0.1745
0.0000	0.0000	0.0000	0.0000	0.0000	0.0000	0.2386	0.0000	0.0000	0.0093	0.0000	0.7520
0.0000	0.0012	0.0000	0.0000	0.0000	0.0000	0.9615	0.0368	0.0000	0.0004	0.0000	0.0001
0.0000	0.0020	0.2606	0.0000	0.0000	0.7267	0.0002	0.0003	0.0000	0.0002	0.0000	0.0101
0.7907	0.0065	0.0099	0.0000	0.0000	0.1252	0.0003	0.0001	0.0000	0.0116	0.0000	0.0557
0.0846	0.0000	0.0000	0.0000	0.0000	0.0000	0.0000	0.0000	0.9154	0.0000	0.0000	0.0000
0.0000	0.0000	0.0000	0.0000	0.0000	0.0000	0.9997	0.0000	0.0000	0.0000	0.0000	0.0003
0.0002	0.0000	0.0000	0.0000	0.0000	0.0000	0.0000	0.0000	0.9997	0.0000	0.0000	0.0000
0.0000	0.0000	0.0000	1.0000	0.0000	0.0000	0.0000	0.0000	0.0000	0.0000	0.0000	0.0000
0.0000	0.0000	0.0000	0.0000	0.0000	0.0000	0.9923	0.0006	0.0000	0.0000	0.0000	0.0071
0.0000	0.0000	0.0000	0.0000	0.0000	0.0000	0.0000	0.0000	0.0000	0.2354	0.7646	0.0000
0.0000	0.0000	0.0000	0.0031	0.0000	0.0000	0.0000	0.0000	0.0000	0.9969	0.0000	0.0000
0.0000	0.0000	0.0000	0.0000	0.0000	0.0000	0.0000	0.0000	0.0000	0.0001	0.0000	0.9999
0.0000	0.0000	0.0000	0.0000	0.0000	0.0000	0.0000	0.0000	0.0000	0.8101	0.0000	0.1899
0.0000	0.0000	0.0000	0.0000	0.0000	0.0000	0.0000	0.0000	0.0000	0.0000	0.0000	1.0000
0.0000	0.0000	0.0000	0.0000	0.0000	0.0000	0.0000	0.0000	0.0000	0.0000	0.0000	1.0000
0.0001	0.0000	0.9936	0.0000	0.0000	0.0022	0.0000	0.0000	0.0000	0.0032	0.0000	0.0009
0.0001	0.0000	0.9938	0.0000	0.0000	0.0013	0.0000	0.0000	0.0000	0.0039	0.0000	0.0009
0.0000	0.0000	0.0000	0.0000	0.0000	0.0000	0.0000	0.0000	0.0000	0.0000	0.0000	1.0000
0.0000	0.0000	0.9870	0.0000	0.0000	0.0000	0.0000	0.0000	0.0000	0.0009	0.0000	0.0121
0.0000	0.0000	0.0000	0.0000	0.0000	0.0000	0.0000	0.0000	0.0000	0.0000	0.0000	1.0000
0.0000	0.0000	0.9801	0.0000	0.0000	0.0027	0.0000	0.0000	0.0000	0.0000	0.0000	0.0172
0.0000	0.0000	0.9543	0.0000	0.0000	0.0001	0.0000	0.0000	0.0000	0.0000	0.0000	0.0456
0.0000	0.0000	0.0000	0.0000	0.0000	0.0001	0.0000	0.0000	0.0000	0.0000	0.0000	0.9999
0.0010	0.0000	0.9080	0.0000	0.0000	0.0005	0.0000	0.0000	0.0003	0.0144	0.0000	0.0758
0.0000	0.0000	0.0000	0.0000	0.0000	0.0000	0.0000	0.0000	0.0000	0.0000	0.0000	1.0000
0.0000	0.0000	0.0000	0.0000	0.0000	0.0000	0.0000	0.0000	0.0000	0.0000	0.0000	1.0000
0.0002	0.0000	0.9951	0.0000	0.0000	0.0007	0.0000	0.0000	0.0000	0.0009	0.0000	0.0031
0.0000	0.0000	0.0000	0.0000	0.0000	0.0000	0.0000	0.0000	0.0000	0.0000	0.0000	1.0000
0.0000	0.0000	0.0000	0.0000	0.0000	0.0000	0.0000	0.0000	0.0000	0.0000	0.0000	1.0000
0.0003	0.0000	0.5875	0.0000	0.0000	0.0000	0.0000	0.0000	0.0002	0.0021	0.0000	0.4099
0.0006	0.0000	0.0106	0.0000	0.0000	0.0000	0.0000	0.0000	0.0001	0.0013	0.0000	0.9874
0.0000	0.0000	0.0003	0.0000	0.0000	0.0000	0.0000	0.0000	0.0000	0.1382	0.0000	0.8615
0.0004	0.0000	0.9100	0.0000	0.0000	0.0006	0.0000	0.0000	0.0000	0.0085	0.0000	0.0805
0.0000	0.0000	0.9010	0.0000	0.0000	0.0000	0.0000	0.0000	0.0000	0.0009	0.0000	0.0981
0.0000	0.0000	0.0001	0.0000	0.0000	0.0000	0.9999	0.0000	0.0000	0.0000	0.0000	0.0000
0.0000	0.0000	0.0000	0.0000	0.0000	0.0000	0.0000	0.0000	1.0000	0.0000	0.0000	0.0000
0.0000	0.0000	0.9905	0.0000	0.0000	0.0074	0.0021	0.0000	0.0000	0.0000	0.0000	0.0000
0.0000	0.0000	0.0000	0.0000	0.0000	0.0000	1.0000	0.0000	0.0000	0.0000	0.0000	0.0000
0.0000	0.0000	0.0000	0.0000	0.0000	0.0000	0.0000	0.0000	1.0000	0.0000	0.0000	0.0000
0.0000	0.0000	0.9185	0.0000	0.0000	0.0000	0.0815	0.0000	0.0000	0.0000	0.0000	0.0000
0.0000	0.0000	0.0000	0.0000	0.0000	0.0000	1.0000	0.0000	0.0000	0.0000	0.0000	0.0000
0.0000	0.0000	0.0003	0.0000	0.0000	0.0000	0.9997	0.0000	0.0000	0.0000	0.0000	0.0000
0.0000	0.0000	0.0000	0.0000	0.0000	0.0000	0.0000	0.0000	1.0000	0.0000	0.0000	0.0000
0.0000	0.0000	0.0004	0.0000	0.0000	0.0000	0.9996	0.0000	0.0000	0.0000	0.0000	0.0000
0.0000	0.0000	0.0000	0.0000	0.0000	0.0000	0.0017	0.0000	0.9983	0.0000	0.0000	0.0000
0.0000	0.0000	0.0000	0.0000	0.0000	0.0000	0.0000	0.0000	1.0000	0.0000	0.0000	0.0000
0.0000	0.0000	0.0000	0.0000	0.0000	0.0000	0.0000	0.0000	1.0000	0.0000	0.0000	0.0000
0.0000	0.0000	0.0000	0.0000	0.0000	0.0000	0.0000	0.0000	1.0000	0.0000	0.0000	0.0000
0.0000	0.0000	0.0000	0.0000	0.0000	0.0000	0.0000	0.0000	1.0000	0.0000	0.0000	0.0000
0.0000	0.0000	0.9578	0.0000	0.0000	0.0080	0.0343	0.0000	0.0000	0.0000	0.0000	0.0000
0.0000	0.0000	0.3356	0.0000	0.0000	0.0977	0.5667	0.0000	0.0000	0.0000	0.0000	0.0000
0.0000	0.0000	0.9955	0.0000	0.0000	0.0024	0.0021	0.0000	0.0000	0.0000	0.0000	0.0000
0.0000	0.0000	0.5329	0.0000	0.0000	0.0003	0.4668	0.0000	0.0000	0.0000	0.0000	0.0000
0.0000	0.0000	0.0000	0.0000	0.0000	0.0000	0.0000	0.0000	1.0000	0.0000	0.0000	0.0000
0.0000	0.0000	0.0000	0.0000	0.0000	0.0000	0.0000	0.0000	1.0000	0.0000	0.0000	0.0000
0.0000	0.0000	0.0000	0.0000	0.0000	0.0000	0.0000	0.0000	1.0000	0.0000	0.0000	0.0000
0.0000	0.0000	0.0003	0.0000	0.0000	0.0000	0.9997	0.0000	0.0000	0.0000	0.0000	0.0000
0.0000	0.0000	0.0000	0.0000	0.0000	0.0000	0.0000	0.0000	1.0000	0.0000	0.0000	0.0000
0.0000	0.0000	0.0000	0.0000	0.0000	0.0001	0.9999	0.0000	0.0000	0.0000	0.0000	0.0000
0.0000	0.0000	0.0001	0.0000	0.0000	0.0000	0.9999	0.0000	0.0000	0.0000	0.0000	0.0000
0.0000	0.0000	0.1507	0.0000	0.0000	0.0000	0.8493	0.0000	0.0000	0.0000	0.0000	0.0000
0.0000	0.0000	0.0000	0.0000	0.0000	0.0000	0.0000	0.0000	1.0000	0.0000	0.0000	0.0000
0.0000	0.0000	0.0000	0.0000	0.0000	0.0000	1.0000	0.0000	0.0000	0.0000	0.0000	0.0000
0.0000	0.0000	0.0021	0.0000	0.0000	0.0000	0.9978	0.0000	0.0000	0.0000	0.0000	0.0000
0.0000	0.0000	0.0005	0.0000	0.0000	0.0025	0.9970	0.0000	0.0000	0.0000	0.0000	0.0000
