0.0080	0.0000	0.0000	0.0000	0.0000	0.0007	0.1003	0.0015	0.0000	0.0110	0.0000	0.8785
0.0000	0.0000	0.0000	0.0000	0.0000	0.0000	0.3698	0.1533	0.0000	0.2831	0.0097	0.1840
0.0000	0.0000	0.0001	0.0000	0.0000	0.0000	0.1765	0.0416	0.0000	0.0025	0.0009	0.7784
0.1799	0.0000	0.0000	0.0000	0.0000	0.0000	0.0000	0.0000	0.8201	0.0000	0.0000	0.0000
0.0000	0.2476	0.2936	0.0000	0.0000	0.4582	0.0000	0.0006	0.0000	0.0000	0.0000	0.0000
0.0001	0.0000	0.0000	0.0000	0.0000	0.0000	0.0000	0.0000	0.0000	0.0000	0.9928	0.0071
0.0000	0.0000	0.5111	0.0201	0.0000	0.0000	0.1670	0.1580	0.0000	0.0009	0.0000	0.1429
0.0000	0.0000	0.0000	0.0000	0.0000	0.0002	0.0000	0.0648	0.0000	0.0673	0.0000	0.8677
0.0000	0.0000	0.0000	0.0000	0.0000	0.0000	0.0000	0.0000	1.0000	0.0000	0.0000	0.0000
0.0111	0.0000	0.0000	0.0000	0.0000	0.0282	0.1220	0.4763	0.0000	0.0376	0.0000	0.3248
0.6814	0.0000	0.0003	0.0000	0.0000	0.0013	0.0089	0.0061	0.2946	0.0016	0.0000	0.0058
0.0000	0.9937	0.0063	0.0000	0.0000	0.0000	0.0000	0.0000	0.0000	0.0000	0.0000	0.0000
0.0002	0.0004	0.2212	0.0000	0.0000	0.6564	0.0010	0.1123	0.0000	0.0020	0.0000	0.0065
0.0017	0.0004	0.0243	0.0000	0.0000	0.0799	0.0017	0.4568	0.0000	0.0929	0.0000	0.3422
0.1562	0.0000	0.0000	0.0000	0.0000	0.0000	0.0000	0.0000	0.8437	0.0000	0.0001	0.0000
0.0000	0.0000	0.0000	0.0000	0.0000	0.0000	0.9499	0.0000	0.0000	0.0002	0.0000	0.0500
0.0000	0.0000	0.0000	0.0000	0.0000	0.0000	0.1021	0.0103	0.0000	0.7189	0.0000	0.1687
0.0000	0.0000	0.0000	0.0000	0.0000	0.0000	0.0000	0.0000	0.9998	0.0002	0.0000	0.0000
0.0000	0.0000	0.0000	0.0004	0.0000	0.0027	0.0471	0.9468	0.0000	0.0025	0.0001	0.0004
0.0000	0.0000	0.0051	0.0003	0.0000	0.0002	0.1194	0.5833	0.0000	0.0058	0.0041	0.2819
0.0000	1.0000	0.0000	0.0000	0.0000	0.0000	0.0000	0.0000	0.0000	0.0000	0.0000	0.0000
0.0000	0.0000	0.0000	0.0000	0.0000	0.9940	0.0002	0.0000	0.0000	0.0057	0.0000	0.0000
0.0039	0.0112	0.0692	0.0000	0.0000	0.0721	0.3014	0.4763	0.0000	0.0000	0.0000	0.0659
0.0052	0.0009	0.0205	0.0000	0.0000	0.7013	0.0745	0.1393	0.0000	0.0000	0.0000	0.0583
0.0000	0.0143	0.0000	0.0194	0.0000	0.0000	0.7672	0.1611	0.0000	0.0013	0.0000	0.0367
0.0000	0.0000	0.0000	0.0000	0.0000	0.0000	0.0000	0.0000	1.0000	0.0000	0.0000	0.0000
0.0000	0.0000	0.0000	0.0003	0.0000	0.0000	0.0000	0.0000	0.9740	0.0257	0.0000	0.0000
0.0000	0.0000	0.0000	0.0000	0.0000	0.0000	0.0071	0.9925	0.0000	0.0004	0.0000	0.0000
0.0000	0.0000	0.0000	0.0000	0.0000	0.0000	0.0000	0.0000	0.0000	0.9999	0.0000	0.0000
0.0000	0.0000	0.9998	0.0000	0.0000	0.0002	0.0000	0.0000	0.0000	0.0000	0.0000	0.0000
0.0000	0.0000	0.0000	0.0000	0.0000	0.0000	0.0074	0.9922	0.0000	0.0000	0.0003	0.0001
0.0000	0.0000	0.0000	0.0000	0.0000	0.0000	0.0000	0.0000	0.0278	0.9722	0.0000	0.0001
0.0000	0.0000	0.0000	0.0000	0.0000	0.0000	0.0000	0.0000	0.0000	0.9922	0.0077	0.0000
0.0000	0.5469	0.4071	0.0000	0.0000	0.0453	0.0000	0.0007	0.0000	0.0000	0.0000	0.0000
0.0012	0.0693	0.4815	0.0004	0.0000	0.1855	0.0547	0.0940	0.0000	0.0051	0.0010	0.1071
0.0000	0.0000	0.0000	0.0000	0.0000	0.0000	0.0019	0.9979	0.0000	0.0000	0.0001	0.0000
1.0000	0.0000	0.0000	0.0000	0.0000	0.0000	0.0000	0.0000	0.0000	0.0000	0.0000	0.0000
0.0001	0.0000	0.0003	0.0668	0.0000	0.8083	0.0011	0.0398	0.0000	0.0003	0.0009	0.0824
0.0000	0.0000	0.0000	0.0000	0.0000	0.0000	0.0000	0.0000	1.0000	0.0000	0.0000	0.0000
0.0000	0.0559	0.2060	0.0006	0.0000	0.7333	0.0022	0.0010	0.0000	0.0000	0.0000	0.0010
0.0000	0.0000	0.0000	0.0297	0.0000	0.0000	0.0000	0.9702	0.0000	0.0000	0.0000	0.0000
0.0000	0.0000	0.0000	0.0000	0.0000	0.0000	0.0000	0.0000	0.0000	0.0000	1.0000	0.0000
0.0038	0.0007	0.0186	0.0000	0.0000	0.0007	0.0051	0.0001	0.0000	0.0000	0.0000	0.9709
0.0002	0.0000	0.0000	0.0000	0.0000	0.0000	0.0531	0.0156	0.0000	0.0167	0.0001	0.9143
0.0000	0.6916	0.1105	0.0000	0.0000	0.1971	0.0001	0.0006	0.0000	0.0000	0.0000	0.0001
0.0002	0.8003	0.0020	0.0000	0.0000	0.0068	0.0159	0.1405	0.0000	0.0163	0.0000	0.0179
0.0000	0.0000	0.0000	0.0000	0.0000	0.0000	0.4020	0.1667	0.0000	0.0000	0.0000	0.4313
0.0000	0.0000	0.0000	0.0000	1.0000	0.0000	0.0000	0.0000	0.0000	0.0000	0.0000	0.0000
0.0001	0.0020	0.0011	0.0000	0.0000	0.5994	0.1332	0.0188	0.0000	0.0018	0.0000	0.2437
0.9752	0.0000	0.0000	0.0000	0.0000	0.0000	0.0000	0.0000	0.0000	0.0248	0.0000	0.0000
0.0000	0.0000	0.0000	0.0000	1.0000	0.0000	0.0000	0.0000	0.0000	0.0000	0.0000	0.0000
0.0000	0.7965	0.1234	0.0000	0.0000	0.0793	0.0000	0.0007	0.0000	0.0000	0.0000	0.0000
0.0000	0.0000	0.0051	0.0000	0.0000	0.9949	0.0000	0.0000	0.0000	0.0000	0.0000	0.0000
0.0000	0.1106	0.0329	0.0000	0.0000	0.8563	0.0000	0.0003	0.0000	0.0000	0.0000	0.0000
0.0000	0.0000	0.0000	0.0000	0.0000	0.0000	0.0000	0.0000	1.0000	0.0000	0.0000	0.0000
0.0012	0.0000	0.0000	0.0000	0.0000	0.0009	0.0415	0.9193	0.0000	0.0143	0.0000	0.0227
0.0000	0.0000	0.0000	0.0000	0.0000	0.0000	0.0000	0.0000	0.0000	0.9899	0.0000	0.0101
0.0000	0.0000	0.0000	0.0000	0.0000	0.0000	0.0000	0.0000	0.0000	0.9865	0.0000	0.0135
0.0000	0.0000	0.0000	0.0000	0.0000	0.0428	0.0737	0.0005	0.0000	0.8669	0.0000	0.0160
0.0003	0.0000	0.0000	0.0000	0.0000	0.0058	0.0335	0.9220	0.0000	0.0124	0.0000	0.0260
0.8530	0.0000	0.0000	0.0000	0.0000	0.0000	0.0000	0.0000	0.1470	0.0000	0.0000	0.0000
0.0000	0.0000	0.0000	0.0000	0.0000	0.0000	0.0090	0.0000	0.0000	0.0050	0.0000	0.9860
0.0000	0.0000	0.0000	0.0000	0.0000	0.0000	0.0000	0.0000	0.9984	0.0016	0.0000	0.0000
0.0000	0.0000	0.0000	1.0000	0.0000	0.0000	0.0000	0.0000	0.0000	0.0000	0.0000	0.0000
0.0000	0.0000	0.0001	0.0000	0.0000	0.0000	0.9031	0.0382	0.0000	0.0001	0.0038	0.0548
0.0000	0.0000	0.0000	0.0000	0.0000	0.0000	0.0270	0.0005	0.0000	0.4794	0.0000	0.4930
0.0010	0.0000	0.0000	0.0000	0.0000	0.0130	0.0231	0.0013	0.0000	0.9615	0.0000	0.0000
0.0000	0.0000	0.0000	0.0000	0.0000	0.0000	0.8915	0.0344	0.0000	0.0014	0.0000	0.0728
0.0000	0.0000	0.0000	0.0003	0.0000	0.0000	0.2373	0.0008	0.0000	0.1819	0.0000	0.5796
0.0000	0.0047	0.0000	0.0000	0.0000	0.0000	0.6257	0.3696	0.0000	0.0000	0.0000	0.0000
0.0000	0.0004	0.8999	0.0000	0.0000	0.0990	0.0000	0.0004	0.0000	0.0000	0.0000	0.0002
0.0040	0.0456	0.9223	0.0000	0.0000	0.0031	0.0050	0.0060	0.0000	0.0008	0.0000	0.0131
0.7754	0.0000	0.0000	0.0000	0.0000	0.0000	0.0000	0.0000	0.2246	0.0000	0.0000	0.0000
0.0313	0.0000	0.0000	0.0000	0.0000	0.0000	0.5669	0.0000	0.0000	0.0000	0.0000	0.4018
0.0010	0.0000	0.0000	0.0000	0.0000	0.0000	0.0000	0.0000	0.9985	0.0005	0.0000	0.0000
0.0000	0.0000	0.0000	1.0000	0.0000	0.0000	0.0000	0.0000	0.0000	0.0000	0.0000	0.0000
0.0000	0.0000	0.0263	0.0000	0.0000	0.0011	0.5546	0.3596	0.0000	0.0000	0.0000	0.0583
0.0000	0.0000	0.0000	0.0001	0.0000	0.0000	0.0000	0.0000	0.0000	0.9984	0.0015	0.0000
0.0121	0.0000	0.0000	0.1465	0.0000	0.0002	0.0000	0.0000	0.0000	0.5943	0.2160	0.0310
0.0000	0.0000	0.0000	0.0000	0.0000	0.0000	0.0000	0.0000	0.0000	0.0000	0.0000	1.0000
0.0000	0.0000	0.0000	0.0000	0.0000	0.0000	0.0000	0.0000	0.0000	0.0075	0.0001	0.9924
0.0000	0.0000	0.0003	0.0000	0.0000	0.0000	0.0000	0.0000	0.0000	0.0000	0.0000	0.9997
0.0000	0.0000	0.0000	0.0000	0.0000	0.0021	0.0000	0.0000	0.0000	0.0000	0.0000	0.9979
0.0000	0.0000	1.0000	0.0000	0.0000	0.0000	0.0000	0.0000	0.0000	0.0000	0.0000	0.0000
0.0000	0.0000	1.0000	0.0000	0.0000	0.0000	0.0000	0.0000	0.0000	0.0000	0.0000	0.0000
0.0000	0.0000	0.0001	0.0000	0.0000	0.0000	0.0000	0.0000	0.0000	0.0000	0.0000	0.9999
0.0000	0.0000	1.0000	0.0000	0.0000	0.0000	0.0000	0.0000	0.0000	0.0000	0.0000	0.0000
0.0000	0.0000	0.0000	0.0000	0.0000	0.0000	0.0000	0.0000	0.0000	0.0000	0.0000	1.0000
0.0000	0.0000	0.9998	0.0000	0.0000	0.0002	0.0000	0.0000	0.0000	0.0000	0.0000	0.0000
0.0000	0.0000	0.9998	0.0000	0.0000	0.0000	0.0000	0.0000	0.0000	0.0000	0.0000	0.0002
0.0000	0.0000	0.0000	0.0000	0.0000	0.0000	0.0000	0.0000	0.0000	0.0000	0.0000	1.0000
0.0000	0.0000	0.9994	0.0000	0.0000	0.0000	0.0000	0.0000	0.0002	0.0003	0.0000	0.0001
0.0000	0.0000	0.0000	0.0000	0.0000	0.0002	0.0000	0.0000	0.0000	0.0000	0.0000	0.9997
0.0000	0.0000	0.0000	0.0000	0.0000	0.0000	0.0000	0.0000	0.0003	0.0000	0.0000	0.9997
0.0000	0.0000	1.0000	0.0000	0.0000	0.0000	0.0000	0.0000	0.0000	0.0000	0.0000	0.0000
0.0018	0.0000	0.0007	0.0000	0.0000	0.0000	0.0000	0.0000	0.0000	0.0000	0.0000	0.9974
0.0000	0.0000	0.0000	0.0000	0.0000	0.0000	0.0000	0.0000	0.0000	0.0000	0.0000	1.0000
0.0005	0.0000	0.9372	0.0000	0.0000	0.0000	0.0000	0.0000	0.0003	0.0023	0.0000	0.0598
0.0001	0.0001	0.2922	0.0000	0.0000	0.0000	0.0000	0.0000	0.0000	0.0031	0.0000	0.7046
0.0000	0.0000	0.0227	0.0000	0.0000	0.0000	0.0000	0.0000	0.0003	0.5878	0.0000	0.3891
0.0000	0.0000	0.9999	0.0000	0.0000	0.0000	0.0000	0.0000	0.0000	0.0000	0.0000	0.0000
0.0000	0.0000	1.0000	0.0000	0.0000	0.0000	0.0000	0.0000	0.0000	0.0000	0.0000	0.0000
0.0000	0.0000	0.0152	0.0000	0.0000	0.0000	0.9847	0.0000	0.0000	0.0000	0.0000	0.0000
0.0000	0.0000	0.0000	0.0000	0.0000	0.0000	0.0000	0.0000	1.0000	0.0000	0.0000	0.0000
0.0000	0.0000	0.9440	0.0000	0.0000	0.0557	0.0003	0.0000	0.0000	0.0000	0.0000	0.0000
0.0000	0.0000	0.0000	0.0000	0.0000	0.0000	1.0000	0.0000	0.0000	0.0000	0.0000	0.0000
0.0000	0.0000	0.0000	0.0000	0.0000	0.0000	0.0000	0.0000	1.0000	0.0000	0.0000	0.0000
0.0000	0.0000	0.9647	0.0000	0.0000	0.0000	0.0353	0.0000	0.0000	0.0000	0.0000	0.0000
0.0000	0.0000	0.0000	0.0000	0.0000	0.0000	1.0000	0.0000	0.0000	0.0000	0.0000	0.0000
0.0000	0.0000	0.0031	0.0000	0.0000	0.0153	0.9816	0.0000	0.0000	0.0000	0.0000	0.0000
0.0000	0.0000	0.0000	0.0000	0.0000	0.0000	0.0000	0.0000	1.0000	0.0000	0.0000	0.0000
0.0000	0.0000	0.0256	0.0000	0.0000	0.0000	0.9744	0.0000	0.0000	0.0000	0.0000	0.0000
0.0000	0.0000	0.0000	0.0000	0.0000	0.0000	0.0003	0.0000	0.9997	0.0000	0.0000	0.0000
0.0000	0.0000	0.0000	0.0000	0.0000	0.0000	0.0000	0.0000	1.0000	0.0000	0.0000	0.0000
0.0000	0.0000	0.0000	0.0000	0.0000	0.0000	0.0000	0.0000	1.0000	0.0000	0.0000	0.0000
0.0000	0.0000	0.0000	0.0000	0.0000	0.0000	0.0000	0.0000	1.0000	0.0000	0.0000	0.0000
0.0000	0.0000	0.0000	0.0000	0.0000	0.0000	0.0000	0.0000	1.0000	0.0000	0.0000	0.0000
0.0000	0.0000	0.9854	0.0000	0.0000	0.0112	0.0034	0.0000	0.0000	0.0000	0.0000	0.0000
0.0000	0.0000	0.8530	0.0000	0.0000	0.0723	0.0747	0.0000	0.0000	0.0000	0.0000	0.0000
0.0000	0.0000	0.9830	0.0000	0.0000	0.0166	0.0005	0.0000	0.0000	0.0000	0.0000	0.0000
0.0000	0.0000	0.9270	0.0000	0.0000	0.0024	0.0706	0.0000	0.0000	0.0000	0.0000	0.0000
0.0000	0.0000	0.0000	0.0000	0.0000	0.0000	0.0000	0.0000	1.0000	0.0000	0.0000	0.0000
0.0000	0.0000	0.0000	0.0000	0.0000	0.0000	0.0000	0.0000	1.0000	0.0000	0.0000	0.0000
0.0000	0.0000	0.0000	0.0000	0.0000	0.0000	0.0000	0.0000	1.0000	0.0000	0.0000	0.0000
0.0000	0.0000	0.0001	0.0000	0.0000	0.0000	0.9999	0.0000	0.0000	0.0000	0.0000	0.0000
0.0000	0.0000	0.0000	0.0000	0.0000	0.0000	0.0000	0.0000	1.0000	0.0000	0.0000	0.0000
0.0000	0.0000	0.0005	0.0000	0.0000	0.0631	0.9356	0.0000	0.0008	0.0000	0.0000	0.0000
0.0000	0.0000	0.0007	0.0000	0.0000	0.0000	0.9993	0.0000	0.0000	0.0000	0.0000	0.0000
0.0000	0.0000	0.7313	0.0000	0.0000	0.0000	0.2687	0.0000	0.0000	0.0000	0.0000	0.0000
0.0000	0.0000	0.0000	0.0000	0.0000	0.0000	0.0000	0.0000	1.0000	0.0000	0.0000	0.0000
0.0000	0.0000	0.0012	0.0000	0.0000	0.0000	0.9988	0.0000	0.0000	0.0000	0.0000	0.0000
0.0000	0.0000	0.0004	0.0000	0.0000	0.0001	0.9995	0.0000	0.0000	0.0000	0.0000	0.0000
0.0000	0.0000	0.0001	0.0000	0.0000	0.0030	0.9970	0.0000	0.0000	0.0000	0.0000	0.0000
