0.0599	0.0003	0.0000	0.0000	0.0000	0.0402	0.2052	0.0165	0.0000	0.0084	0.0000	0.6695
0.0000	0.0000	0.0000	0.0000	0.0000	0.0000	0.0415	0.9301	0.0000	0.0006	0.0000	0.0277
0.0001	0.0000	0.0002	0.0000	0.0000	0.0000	0.0553	0.1268	0.0000	0.0000	0.0003	0.8172
0.3772	0.0000	0.0000	0.0000	0.0000	0.0000	0.0000	0.0000	0.6215	0.0000	0.0013	0.0000
0.0000	0.6265	0.0307	0.0000	0.0000	0.3428	0.0000	0.0000	0.0000	0.0000	0.0000	0.0000
0.0035	0.0000	0.0000	0.0000	0.0000	0.0000	0.0000	0.0000	0.0000	0.0000	0.9873	0.0092
0.0000	0.0000	0.4717	0.0000	0.0000	0.0001	0.1129	0.3450	0.0000	0.0000	0.0002	0.0700
0.0000	0.0000	0.0000	0.0000	0.0000	0.0001	0.0004	0.1642	0.0000	0.0016	0.0000	0.8337
0.0000	0.0000	0.0000	0.0000	0.0000	0.0000	0.0000	0.0000	1.0000	0.0000	0.0000	0.0000
0.0006	0.0000	0.0006	0.0000	0.0000	0.0008	0.1554	0.8171	0.0000	0.0006	0.0000	0.0250
0.1405	0.0000	0.0090	0.0000	0.0000	0.0038	0.0186	0.0337	0.0147	0.6912	0.0000	0.0884
0.0000	0.9220	0.0780	0.0000	0.0000	0.0000	0.0000	0.0000	0.0000	0.0000	0.0000	0.0000
0.0000	0.0004	0.9552	0.0000	0.0000	0.0271	0.0005	0.0159	0.0000	0.0001	0.0000	0.0007
0.0005	0.0009	0.0473	0.0000	0.0000	0.3264	0.0079	0.4768	0.0000	0.0152	0.0000	0.1250
0.2888	0.0000	0.0000	0.0000	0.0000	0.0000	0.0000	0.0000	0.6978	0.0005	0.0129	0.0000
0.0000	0.0000	0.0000	0.0000	0.0000	0.0000	0.3446	0.0210	0.0000	0.0120	0.0000	0.6225
0.0000	0.0000	0.0000	0.0000	0.0000	0.0000	0.0771	0.1138	0.0000	0.4280	0.0001	0.3810
0.0113	0.0000	0.0000	0.0000	0.0000	0.0065	0.0000	0.0000	0.9819	0.0003	0.0000	0.0000
0.0000	0.0000	0.0003	0.0000	0.0000	0.0835	0.0953	0.8205	0.0000	0.0000	0.0000	0.0003
0.0000	0.0073	0.0183	0.0000	0.0000	0.0094	0.0968	0.7987	0.0000	0.0000	0.0006	0.0689
0.0000	1.0000	0.0000	0.0000	0.0000	0.0000	0.0000	0.0000	0.0000	0.0000	0.0000	0.0000
0.0002	0.0005	0.0000	0.0000	0.0000	0.9978	0.0007	0.0008	0.0000	0.0000	0.0000	0.0000
0.0129	0.0180	0.0162	0.0000	0.0000	0.6720	0.2074	0.0625	0.0000	0.0000	0.0000	0.0110
0.0305	0.0003	0.0008	0.0000	0.0000	0.7801	0.1616	0.0195	0.0000	0.0000	0.0000	0.0071
0.0001	0.0119	0.0007	0.0006	0.0000	0.0000	0.1612	0.6611	0.0000	0.0001	0.0000	0.1643
0.0000	0.0000	0.0000	0.0000	0.0000	0.0001	0.0000	0.0000	0.9933	0.0066	0.0000	0.0000
0.0000	0.0000	0.0000	0.0098	0.0000	0.0000	0.0000	0.0000	0.8851	0.1051	0.0000	0.0000
0.0000	0.0000	0.0004	0.0000	0.0000	0.0000	0.0461	0.9535	0.0000	0.0000	0.0000	0.0000
0.0000	0.0000	0.0000	0.0000	0.0000	0.0000	0.0000	0.0000	0.0000	0.9995	0.0000	0.0004
0.0011	0.0036	0.7850	0.0000	0.0000	0.2100	0.0000	0.0000	0.0000	0.0002	0.0000	0.0000
0.0000	0.0000	0.0001	0.0000	0.0000	0.0000	0.0805	0.9192	0.0000	0.0000	0.0000	0.0002
0.0000	0.0000	0.0000	0.0000	0.0000	0.0000	0.0000	0.0000	0.0000	0.9941	0.0024	0.0036
0.0000	0.0000	0.0000	0.0000	0.0000	0.0000	0.0000	0.0000	0.0000	0.9788	0.0202	0.0010
0.0000	0.9455	0.0342	0.0000	0.0000	0.0203	0.0000	0.0000	0.0000	0.0000	0.0000	0.0000
0.0094	0.1978	0.0723	0.0000	0.0000	0.5963	0.0525	0.0632	0.0000	0.0000	0.0001	0.0085
0.0000	0.0000	0.0000	0.0000	0.0000	0.0000	0.1098	0.8902	0.0000	0.0000	0.0000	0.0000
1.0000	0.0000	0.0000	0.0000	0.0000	0.0000	0.0000	0.0000	0.0000	0.0000	0.0000	0.0000
0.0007	0.0000	0.0011	0.0232	0.0000	0.3201	0.0398	0.0839	0.0000	0.0029	0.0000	0.5282
0.0000	0.0000	0.0000	0.0000	0.0000	0.0000	0.0000	0.0000	1.0000	0.0000	0.0000	0.0000
0.0000	0.1396	0.0077	0.0000	0.0000	0.8524	0.0001	0.0002	0.0000	0.0000	0.0000	0.0000
0.0000	0.0000	0.0000	0.0001	0.0000	0.0001	0.0001	0.9998	0.0000	0.0000	0.0000	0.0000
0.0000	0.0000	0.0000	0.0000	0.0000	0.0000	0.0000	0.0000	0.0000	0.0000	1.0000	0.0000
0.0084	0.0036	0.0147	0.0000	0.0000	0.0722	0.5197	0.0016	0.0000	0.0000	0.0000	0.3799
0.0017	0.0000	0.0000	0.0000	0.0000	0.0000	0.0385	0.0490	0.0000	0.0025	0.0000	0.9083
0.0000	0.9617	0.0030	0.0000	0.0000	0.0353	0.0000	0.0000	0.0000	0.0000	0.0000	0.0000
0.0004	0.9776	0.0003	0.0000	0.0000	0.0027	0.0056	0.0124	0.0000	0.0000	0.0000	0.0010
0.0000	0.0000	0.0000	0.0000	0.0000	0.0000	0.6552	0.3064	0.0000	0.0000	0.0000	0.0383
0.0000	0.0000	0.0000	0.0000	1.0000	0.0000	0.0000	0.0000	0.0000	0.0000	0.0000	0.0000
0.0000	0.0001	0.0000	0.0000	0.0000	0.9955	0.0037	0.0001	0.0000	0.0000	0.0000	0.0005
1.0000	0.0000	0.0000	0.0000	0.0000	0.0000	0.0000	0.0000	0.0000	0.0000	0.0000	0.0000
0.0000	0.0000	0.0000	0.0000	0.9994	0.0000	0.0000	0.0000	0.0000	0.0006	0.0000	0.0000
0.0000	0.9789	0.0066	0.0000	0.0000	0.0145	0.0000	0.0000	0.0000	0.0000	0.0000	0.0000
0.0000	0.0000	0.0086	0.0000	0.0000	0.9914	0.0000	0.0000	0.0000	0.0000	0.0000	0.0000
0.0000	0.2846	0.0104	0.0000	0.0000	0.7049	0.0000	0.0000	0.0000	0.0000	0.0000	0.0000
0.0000	0.0000	0.0000	0.0000	0.0000	0.0017	0.0000	0.0000	0.9983	0.0000	0.0000	0.0000
0.0015	0.0000	0.0000	0.0000	0.0000	0.0002	0.0071	0.9743	0.0000	0.0018	0.0000	0.0151
0.0000	0.0000	0.0000	0.0000	0.0000	0.0000	0.0000	0.0000	0.0000	0.9112	0.0000	0.0888
0.0000	0.0000	0.0000	0.0000	0.0000	0.0000	0.0000	0.0000	0.0000	0.4290	0.0000	0.5710
0.0000	0.0000	0.0000	0.0000	0.0000	0.0001	0.4804	0.0035	0.0000	0.4790	0.0000	0.0369
0.0009	0.0000	0.0000	0.0000	0.0000	0.0001	0.0134	0.9649	0.0000	0.0005	0.0000	0.0202
0.9925	0.0000	0.0000	0.0000	0.0000	0.0000	0.0000	0.0000	0.0065	0.0000	0.0010	0.0000
0.0000	0.0000	0.0000	0.0000	0.0000	0.0000	0.0043	0.0001	0.0000	0.0279	0.0000	0.9677
0.1356	0.0000	0.0000	0.0000	0.0000	0.0000	0.0000	0.0000	0.8597	0.0047	0.0000	0.0000
0.0000	0.0000	0.0000	1.0000	0.0000	0.0000	0.0000	0.0000	0.0000	0.0000	0.0000	0.0000
0.0000	0.0000	0.0888	0.0000	0.0000	0.0000	0.0127	0.0659	0.0000	0.0000	0.0024	0.8303
0.0000	0.0000	0.0000	0.0000	0.0000	0.0000	0.0030	0.0089	0.0000	0.0222	0.0000	0.9658
0.0038	0.0001	0.0000	0.0000	0.0000	0.8690	0.0630	0.0634	0.0000	0.0006	0.0000	0.0001
0.0000	0.0000	0.0006	0.0000	0.0000	0.0000	0.8241	0.1013	0.0000	0.0000	0.0000	0.0739
0.0000	0.0000	0.0006	0.0000	0.0000	0.0000	0.1214	0.0247	0.0000	0.0029	0.0000	0.8504
0.0000	0.0521	0.0001	0.0000	0.0000	0.0000	0.0452	0.9025	0.0000	0.0000	0.0000	0.0000
0.0000	0.0096	0.1361	0.0000	0.0000	0.8541	0.0000	0.0001	0.0000	0.0000	0.0000	0.0000
0.0847	0.0902	0.7844	0.0000	0.0000	0.0078	0.0201	0.0050	0.0000	0.0002	0.0000	0.0076
0.8813	0.0000	0.0000	0.0000	0.0000	0.0000	0.0000	0.0000	0.1187	0.0000	0.0000	0.0000
0.0158	0.0000	0.0000	0.0000	0.0000	0.0000	0.5640	0.0215	0.0000	0.0000	0.0000	0.3986
0.0795	0.0000	0.0000	0.0000	0.0000	0.0000	0.0011	0.0000	0.2005	0.7029	0.0000	0.0160
0.0000	0.0000	0.0000	1.0000	0.0000	0.0000	0.0000	0.0000	0.0000	0.0000	0.0000	0.0000
0.0000	0.0000	0.0018	0.0000	0.0000	0.0000	0.2299	0.7312	0.0000	0.0000	0.0000	0.0371
0.0000	0.0000	0.0000	0.0000	0.0000	0.0000	0.0000	0.0000	0.0000	0.9998	0.0002	0.0000
0.0001	0.0000	0.0000	0.8036	0.0000	0.0000	0.0000	0.0000	0.0000	0.1959	0.0003	0.0000
0.0000	0.0000	0.0000	0.0000	0.0000	0.0000	0.0000	0.0000	0.0000	0.0000	0.0000	1.0000
0.0000	0.0000	0.0000	0.0000	0.0000	0.0000	0.0000	0.0000	0.0000	0.5134	0.0000	0.4866
0.0000	0.0000	0.0010	0.0000	0.0000	0.0000	0.0000	0.0000	0.0000	0.0000	0.0000	0.9990
0.0000	0.0000	0.0000	0.0000	0.0000	0.0000	0.0000	0.0000	0.0000	0.0000	0.0000	1.0000
0.0000	0.0000	0.9854	0.0000	0.0000	0.0000	0.0000	0.0000	0.0146	0.0000	0.0000	0.0000
0.0000	0.0000	0.9863	0.0000	0.0000	0.0000	0.0000	0.0000	0.0136	0.0000	0.0000	0.0000
0.0000	0.0000	0.0061	0.0000	0.0000	0.0000	0.0003	0.0000	0.0000	0.0000	0.0000	0.9937
0.0000	0.0000	1.0000	0.0000	0.0000	0.0000	0.0000	0.0000	0.0000	0.0000	0.0000	0.0000
0.0000	0.0000	0.0000	0.0000	0.0000	0.0000	0.0000	0.0000	0.0000	0.0000	0.0000	1.0000
0.0000	0.0000	1.0000	0.0000	0.0000	0.0000	0.0000	0.0000	0.0000	0.0000	0.0000	0.0000
0.0000	0.0000	0.9998	0.0000	0.0000	0.0000	0.0000	0.0000	0.0000	0.0000	0.0000	0.0002
0.0000	0.0000	0.0000	0.0000	0.0000	0.0000	0.0000	0.0000	0.0000	0.0000	0.0000	1.0000
0.0000	0.0000	0.9877	0.0000	0.0000	0.0000	0.0000	0.0000	0.0066	0.0000	0.0000	0.0057
0.0000	0.0000	0.0001	0.0000	0.0000	0.0000	0.0000	0.0000	0.0000	0.0000	0.0000	0.9999
0.0000	0.0000	0.0000	0.0000	0.0000	0.0000	0.0000	0.0000	0.0000	0.0000	0.0000	1.0000
0.0000	0.0000	0.9965	0.0000	0.0000	0.0000	0.0000	0.0000	0.0034	0.0000	0.0000	0.0001
0.0000	0.0000	0.0555	0.0000	0.0000	0.0000	0.0053	0.0000	0.0000	0.0000	0.0000	0.9392
0.0000	0.0000	0.0001	0.0000	0.0000	0.0000	0.0000	0.0000	0.0000	0.0000	0.0000	0.9999
0.0000	0.0000	0.9611	0.0000	0.0000	0.0000	0.0000	0.0000	0.0010	0.0000	0.0000	0.0379
0.0000	0.0000	0.6404	0.0000	0.0000	0.0000	0.0000	0.0000	0.0002	0.0000	0.0000	0.3594
0.0000	0.0000	0.2709	0.0000	0.0000	0.0000	0.0001	0.0000	0.0000	0.0000	0.0000	0.7290
0.0000	0.0000	0.9997	0.0000	0.0000	0.0000	0.0000	0.0000	0.0001	0.0000	0.0000	0.0001
0.0000	0.0000	0.9916	0.0000	0.0000	0.0000	0.0000	0.0000	0.0000	0.0000	0.0000	0.0084
0.0000	0.0000	0.0024	0.0000	0.0000	0.0000	0.9975	0.0000	0.0001	0.0000	0.0000	0.0000
0.0000	0.0000	0.0000	0.0000	0.0000	0.0000	0.0000	0.0000	1.0000	0.0000	0.0000	0.0000
0.0000	0.0000	0.9683	0.0000	0.0034	0.0268	0.0015	0.0000	0.0000	0.0000	0.0000	0.0000
0.0000	0.0000	0.0000	0.0000	0.0000	0.0000	1.0000	0.0000	0.0000	0.0000	0.0000	0.0000
0.0000	0.0000	0.0000	0.0000	0.0000	0.0000	0.0000	0.0000	1.0000	0.0000	0.0000	0.0000
0.0000	0.0000	0.9913	0.0000	0.0000	0.0000	0.0087	0.0000	0.0000	0.0000	0.0000	0.0000
0.0000	0.0000	0.0000	0.0000	0.0000	0.0000	1.0000	0.0000	0.0000	0.0000	0.0000	0.0000
0.0000	0.0000	0.1070	0.0000	0.0000	0.0062	0.8868	0.0000	0.0000	0.0000	0.0000	0.0000
0.0000	0.0000	0.0000	0.0000	0.0000	0.0000	0.0000	0.0000	1.0000	0.0000	0.0000	0.0000
0.0000	0.0000	0.0111	0.0000	0.0000	0.0000	0.9889	0.0000	0.0000	0.0000	0.0000	0.0000
0.0000	0.0000	0.0000	0.0000	0.0000	0.0000	0.0034	0.0000	0.9966	0.0000	0.0000	0.0000
0.0000	0.0000	0.0001	0.0000	0.0000	0.0000	0.0477	0.0000	0.9522	0.0000	0.0000	0.0000
0.0000	0.0000	0.0000	0.0000	0.0000	0.0000	0.0000	0.0000	1.0000	0.0000	0.0000	0.0000
0.0000	0.0000	0.0000	0.0000	0.0000	0.0000	0.0000	0.0000	1.0000	0.0000	0.0000	0.0000
0.0000	0.0000	0.0000	0.0000	0.0000	0.0000	0.0000	0.0000	1.0000	0.0000	0.0000	0.0000
0.0000	0.0000	0.9551	0.0000	0.0001	0.0202	0.0246	0.0000	0.0000	0.0000	0.0000	0.0000
0.0000	0.0000	0.1864	0.0000	0.0002	0.0137	0.7996	0.0000	0.0001	0.0000	0.0000	0.0000
0.0000	0.0000	0.9871	0.0000	0.0004	0.0109	0.0016	0.0000	0.0000	0.0000	0.0000	0.0000
0.0000	0.0000	0.9635	0.0000	0.0000	0.0008	0.0344	0.0000	0.0013	0.0000	0.0000	0.0000
0.0000	0.0000	0.0000	0.0000	0.0000	0.0000	0.0000	0.0000	1.0000	0.0000	0.0000	0.0000
0.0000	0.0000	0.0000	0.0000	0.0000	0.0000	0.0000	0.0000	1.0000	0.0000	0.0000	0.0000
0.0000	0.0000	0.0000	0.0000	0.0000	0.0000	0.0000	0.0000	1.0000	0.0000	0.0000	0.0000
0.0000	0.0000	0.0639	0.0000	0.0000	0.0000	0.9361	0.0000	0.0000	0.0000	0.0000	0.0000
0.0000	0.0000	0.0000	0.0000	0.0000	0.0000	0.0000	0.0000	1.0000	0.0000	0.0000	0.0000
0.0000	0.0000	0.0788	0.0000	0.0000	0.0007	0.9197	0.0000	0.0007	0.0000	0.0000	0.0000
0.0000	0.0000	0.2111	0.0000	0.0000	0.0000	0.7889	0.0000	0.0000	0.0000	0.0000	0.0000
0.0000	0.0000	0.9411	0.0000	0.0000	0.0000	0.0589	0.0000	0.0000	0.0000	0.0000	0.0000
0.0000	0.0000	0.0000	0.0000	0.0000	0.0000	0.0000	0.0000	1.0000	0.0000	0.0000	0.0000
0.0000	0.0000	0.0385	0.0000	0.0000	0.0000	0.9615	0.0000	0.0000	0.0000	0.0000	0.0000
0.0000	0.0000	0.0205	0.0000	0.0000	0.0000	0.9795	0.0000	0.0000	0.0000	0.0000	0.0000
0.0000	0.0000	0.0378	0.0000	0.0000	0.0000	0.9622	0.0000	0.0000	0.0000	0.0000	0.0000
