0.0000	0.0000	0.0000	0.0000	0.0000	0.0511	0.0031	0.0001	0.0000	0.0163	0.0000	0.9294
0.0000	0.0000	0.0000	0.0000	0.0000	0.0000	0.9804	0.0129	0.0000	0.0036	0.0000	0.0030
0.0000	0.0000	0.0001	0.0000	0.0000	0.0000	0.1266	0.0044	0.0000	0.0001	0.0001	0.8688
0.0024	0.0000	0.0000	0.0000	0.0000	0.0000	0.0000	0.0000	0.9976	0.0000	0.0000	0.0000
0.0000	0.0959	0.7257	0.0000	0.0000	0.1783	0.0001	0.0000	0.0000	0.0000	0.0000	0.0000
0.0000	0.0000	0.0000	0.0000	0.0000	0.0000	0.0000	0.0000	0.0000	0.0000	1.0000	0.0000
0.0000	0.0006	0.0256	0.0000	0.0000	0.0086	0.8749	0.0208	0.0000	0.0000	0.0000	0.0696
0.0000	0.0000	0.0000	0.0000	0.0000	0.0000	0.0000	0.0010	0.0000	0.0001	0.0000	0.9989
0.0000	0.0000	0.0000	0.0000	0.0000	0.0000	0.0000	0.0000	1.0000	0.0000	0.0000	0.0000
0.0001	0.0000	0.0000	0.0000	0.0000	0.0004	0.5099	0.3898	0.0000	0.0002	0.0000	0.0996
0.9612	0.0000	0.0003	0.0000	0.0000	0.0043	0.0001	0.0079	0.0248	0.0001	0.0000	0.0013
0.0000	0.7238	0.2762	0.0000	0.0000	0.0000	0.0000	0.0000	0.0000	0.0000	0.0000	0.0000
0.0000	0.0000	0.9915	0.0000	0.0000	0.0000	0.0000	0.0084	0.0000	0.0000	0.0000	0.0000
0.0000	0.0004	0.4846	0.0000	0.0000	0.0039	0.0176	0.4402	0.0000	0.0005	0.0000	0.0527
0.2389	0.0000	0.0000	0.0000	0.0000	0.0000	0.0000	0.0000	0.7611	0.0000	0.0000	0.0000
0.0000	0.0000	0.0000	0.0000	0.0000	0.0000	0.8547	0.0000	0.0000	0.0001	0.0000	0.1453
0.0000	0.0000	0.0000	0.0000	0.0000	0.0000	0.0026	0.0006	0.0000	0.0463	0.0000	0.9505
0.0000	0.0000	0.0000	0.0000	0.0000	0.0000	0.0000	0.0000	0.9999	0.0000	0.0000	0.0000
0.0000	0.0000	0.0000	0.0000	0.0000	0.0009	0.7731	0.2254	0.0000	0.0004	0.0000	0.0002
0.0000	0.0001	0.1041	0.0000	0.0000	0.0013	0.3965	0.1188	0.0000	0.0002	0.0000	0.3792
0.0000	1.0000	0.0000	0.0000	0.0000	0.0000	0.0000	0.0000	0.0000	0.0000	0.0000	0.0000
0.0000	0.0008	0.0000	0.0000	0.0000	0.9867	0.0092	0.0000	0.0000	0.0033	0.0000	0.0000
0.0087	0.0001	0.0001	0.0000	0.0000	0.2564	0.5841	0.1488	0.0000	0.0000	0.0000	0.0018
0.0180	0.0000	0.0000	0.0000	0.0000	0.8455	0.1281	0.0063	0.0000	0.0000	0.0000	0.0022
0.0000	0.0062	0.0000	0.0006	0.0000	0.0000	0.3658	0.0083	0.0000	0.0000	0.0000	0.6191
0.0000	0.0000	0.0000	0.0000	0.0000	0.0000	0.0000	0.0000	1.0000	0.0000	0.0000	0.0000
0.0000	0.0000	0.0000	0.0143	0.0000	0.0000	0.0000	0.0000	0.9479	0.0377	0.0000	0.0000
0.0000	0.0000	0.0000	0.0000	0.0000	0.0000	0.9999	0.0001	0.0000	0.0000	0.0000	0.0000
0.0000	0.0000	0.0000	0.0345	0.0000	0.0000	0.0000	0.0000	0.0000	0.9655	0.0000	0.0000
0.0022	0.0000	0.0002	0.0000	0.0000	0.9973	0.0000	0.0000	0.0000	0.0002	0.0000	0.0000
0.0000	0.0000	0.0000	0.0000	0.0000	0.0000	0.1098	0.8902	0.0000	0.0000	0.0000	0.0000
0.0000	0.0000	0.0000	0.0000	0.0000	0.0000	0.0000	0.0000	0.0000	1.0000	0.0000	0.0000
0.0000	0.0000	0.0000	0.0000	0.0000	0.0000	0.0000	0.0000	0.0000	0.4247	0.5753	0.0000
0.0000	0.2523	0.7349	0.0000	0.0000	0.0128	0.0000	0.0000	0.0000	0.0000	0.0000	0.0000
0.0000	0.0009	0.0472	0.0000	0.0000	0.6698	0.1899	0.0358	0.0000	0.0008	0.0000	0.0558
0.0000	0.0000	0.0000	0.0000	0.0000	0.0000	0.0001	0.9999	0.0000	0.0000	0.0000	0.0000
1.0000	0.0000	0.0000	0.0000	0.0000	0.0000	0.0000	0.0000	0.0000	0.0000	0.0000	0.0000
0.0000	0.0000	0.0000	0.0001	0.0000	0.6755	0.0001	0.0039	0.0000	0.0000	0.0000	0.3204
0.0000	0.0000	0.0000	0.0000	0.0000	0.0000	0.0000	0.0000	1.0000	0.0000	0.0000	0.0000
0.0000	0.4166	0.3340	0.0000	0.0000	0.2474	0.0019	0.0001	0.0000	0.0000	0.0000	0.0001
0.0000	0.1477	0.0000	0.0000	0.0000	0.0000	0.0000	0.8523	0.0000	0.0000	0.0000	0.0000
0.0000	0.0000	0.0000	0.0000	0.0000	0.0000	0.0000	0.0000	0.0000	0.0000	1.0000	0.0000
0.0000	0.0000	0.0191	0.0000	0.0000	0.0137	0.0492	0.0000	0.0000	0.0000	0.0000	0.9179
0.0000	0.0000	0.0000	0.0000	0.0000	0.0000	0.0137	0.0001	0.0000	0.0001	0.0000	0.9862
0.0000	0.8890	0.0836	0.0000	0.0000	0.0270	0.0003	0.0000	0.0000	0.0000	0.0000	0.0000
0.0000	0.9075	0.0002	0.0000	0.0000	0.0003	0.0858	0.0038	0.0000	0.0001	0.0000	0.0023
0.0000	0.0000	0.0000	0.0000	0.0000	0.0000	0.7007	0.2822	0.0000	0.0000	0.0000	0.0171
0.0000	0.0000	0.0000	0.0000	1.0000	0.0000	0.0000	0.0000	0.0000	0.0000	0.0000	0.0000
0.0000	0.0000	0.0000	0.0000	0.0000	0.9997	0.0002	0.0000	0.0000	0.0000	0.0000	0.0001
0.9670	0.0000	0.0000	0.0000	0.0000	0.0000	0.0000	0.0000	0.0000	0.0330	0.0000	0.0000
0.0000	0.0000	0.0000	0.0000	0.9999	0.0000	0.0000	0.0000	0.0000	0.0001	0.0000	0.0000
0.0000	0.5254	0.4198	0.0000	0.0000	0.0544	0.0003	0.0001	0.0000	0.0000	0.0000	0.0000
0.0000	0.0000	0.1153	0.0000	0.0000	0.8846	0.0001	0.0000	0.0000	0.0000	0.0000	0.0000
0.0000	0.1518	0.2356	0.0000	0.0000	0.6123	0.0002	0.0000	0.0000	0.0000	0.0000	0.0000
0.0000	0.0000	0.0000	0.0000	0.0000	0.0000	0.0000	0.0000	1.0000	0.0000	0.0000	0.0000
0.0001	0.0000	0.0000	0.0000	0.0000	0.0001	0.1443	0.8427	0.0000	0.0001	0.0000	0.0128
0.0000	0.0000	0.0000	0.0000	0.0000	0.0000	0.0000	0.0000	0.0000	0.9983	0.0000	0.0017
0.0000	0.0000	0.0000	0.0000	0.0000	0.0000	0.0000	0.0000	0.0000	0.7053	0.0000	0.2947
0.0000	0.0000	0.0000	0.0000	0.0000	0.0000	0.8613	0.0005	0.0000	0.0013	0.0000	0.1369
0.0000	0.0000	0.0000	0.0000	0.0000	0.0000	0.1212	0.8417	0.0000	0.0006	0.0000	0.0365
0.9460	0.0000	0.0000	0.0000	0.0000	0.0000	0.0000	0.0000	0.0540	0.0000	0.0000	0.0000
0.0000	0.0000	0.0000	0.0000	0.0000	0.0000	0.0007	0.0000	0.0000	0.0159	0.0000	0.9834
0.0000	0.0000	0.0000	0.0000	0.0000	0.0000	0.0000	0.0000	0.9995	0.0005	0.0000	0.0000
0.0000	0.0000	0.0000	1.0000	0.0000	0.0000	0.0000	0.0000	0.0000	0.0000	0.0000	0.0000
0.0000	0.0000	0.3761	0.0000	0.0000	0.0000	0.2388	0.1701	0.0000	0.0000	0.0000	0.2150
0.0000	0.0000	0.0000	0.0000	0.0000	0.0000	0.0018	0.0000	0.0000	0.8986	0.0000	0.0996
0.0000	0.0000	0.0000	0.0000	0.0000	0.0123	0.4442	0.0002	0.0000	0.5432	0.0000	0.0000
0.0000	0.0000	0.0000	0.0000	0.0000	0.0000	0.9619	0.0014	0.0000	0.0000	0.0000	0.0367
0.0000	0.0000	0.0000	0.0000	0.0000	0.0000	0.7735	0.0030	0.0000	0.0000	0.0000	0.2235
0.0000	0.9553	0.0000	0.0000	0.0000	0.0000	0.0410	0.0037	0.0000	0.0000	0.0000	0.0000
0.0000	0.0003	0.9170	0.0000	0.0000	0.0826	0.0000	0.0001	0.0000	0.0000	0.0000	0.0001
0.0053	0.0001	0.3018	0.0000	0.0000	0.0077	0.3110	0.0505	0.0000	0.0033	0.0000	0.3204
0.9456	0.0000	0.0000	0.0000	0.0000	0.0000	0.0000	0.0000	0.0544	0.0000	0.0000	0.0000
0.0000	0.0000	0.0000	0.0000	0.0000	0.0338	0.9487	0.0000	0.0000	0.0000	0.0000	0.0175
0.0002	0.0000	0.0000	0.0000	0.0000	0.0000	0.0000	0.0000	0.9998	0.0000	0.0000	0.0000
0.0000	0.0000	0.0000	1.0000	0.0000	0.0000	0.0000	0.0000	0.0000	0.0000	0.0000	0.0000
0.0000	0.0001	0.0181	0.0000	0.0000	0.0386	0.9335	0.0004	0.0000	0.0000	0.0000	0.0092
0.0000	0.0000	0.0000	0.0000	0.0000	0.0000	0.0000	0.0000	0.0000	0.0034	0.9966	0.0000
0.0000	0.0000	0.0000	0.8229	0.0000	0.0000	0.0000	0.0000	0.0000	0.1771	0.0000	0.0000
0.0000	0.0000	0.0000	0.0000	0.0000	0.0000	0.0071	0.0001	0.0000	0.0000	0.0000	0.9928
0.0000	0.0000	0.0000	0.0000	0.0000	0.0000	0.0000	0.0000	0.0000	0.0798	0.0000	0.9202
0.0000	0.0000	0.7861	0.0000	0.0000	0.0000	0.0000	0.0000	0.0000	0.0000	0.0000	0.2139
0.0000	0.0000	0.0000	0.0000	0.0000	0.0040	0.0000	0.0000	0.0000	0.0000	0.0000	0.9960
0.0000	0.0000	1.0000	0.0000	0.0000	0.0000	0.0000	0.0000	0.0000	0.0000	0.0000	0.0000
0.0000	0.0000	1.0000	0.0000	0.0000	0.0000	0.0000	0.0000	0.0000	0.0000	0.0000	0.0000
0.0000	0.0000	0.0009	0.0000	0.0000	0.0000	0.0000	0.0000	0.0000	0.0000	0.0000	0.9991
0.0000	0.0000	1.0000	0.0000	0.0000	0.0000	0.0000	0.0000	0.0000	0.0000	0.0000	0.0000
0.0000	0.0000	0.0000	0.0000	0.0000	0.0000	0.0000	0.0000	0.0000	0.0000	0.0000	1.0000
0.0000	0.0000	1.0000	0.0000	0.0000	0.0000	0.0000	0.0000	0.0000	0.0000	0.0000	0.0000
0.0000	0.0000	1.0000	0.0000	0.0000	0.0000	0.0000	0.0000	0.0000	0.0000	0.0000	0.0000
0.0000	0.0000	0.0000	0.0000	0.0000	0.0000	0.0000	0.0000	0.0000	0.0000	0.0000	1.0000
0.0000	0.0000	1.0000	0.0000	0.0000	0.0000	0.0000	0.0000	0.0000	0.0000	0.0000	0.0000
0.0000	0.0000	0.0002	0.0000	0.0000	0.0022	0.0000	0.0000	0.0000	0.0022	0.0000	0.9955
0.0000	0.0000	0.0001	0.0000	0.0000	0.0000	0.0000	0.0000	0.0000	0.0000	0.0000	0.9999
0.0000	0.0000	1.0000	0.0000	0.0000	0.0000	0.0000	0.0000	0.0000	0.0000	0.0000	0.0000
0.0000	0.0000	0.0880	0.0000	0.0000	0.0000	0.0000	0.0000	0.0000	0.0000	0.0000	0.9120
0.0000	0.0000	0.0000	0.0000	0.0000	0.0000	0.0000	0.0000	0.0000	0.0000	0.0000	1.0000
0.0000	0.0000	1.0000	0.0000	0.0000	0.0000	0.0000	0.0000	0.0000	0.0000	0.0000	0.0000
0.0000	0.0000	0.9996	0.0000	0.0000	0.0000	0.0000	0.0000	0.0000	0.0000	0.0000	0.0004
0.0000	0.0000	0.9751	0.0000	0.0000	0.0000	0.0000	0.0000	0.0005	0.0000	0.0000	0.0244
0.0000	0.0000	1.0000	0.0000	0.0000	0.0000	0.0000	0.0000	0.0000	0.0000	0.0000	0.0000
0.0000	0.0000	1.0000	0.0000	0.0000	0.0000	0.0000	0.0000	0.0000	0.0000	0.0000	0.0000
0.0000	0.0000	0.0000	0.0000	0.0000	0.0000	1.0000	0.0000	0.0000	0.0000	0.0000	0.0000
0.0000	0.0000	0.0000	0.0000	0.0000	0.0000	0.0000	0.0000	1.0000	0.0000	0.0000	0.0000
0.0000	0.0000	0.9853	0.0000	0.0000	0.0130	0.0017	0.0000	0.0000	0.0000	0.0000	0.0000
0.0000	0.0000	0.0000	0.0000	0.0000	0.0000	1.0000	0.0000	0.0000	0.0000	0.0000	0.0000
0.0000	0.0000	0.0000	0.0000	0.0000	0.0000	0.0000	0.0000	1.0000	0.0000	0.0000	0.0000
0.0000	0.0000	0.9578	0.0000	0.0000	0.0000	0.0422	0.0000	0.0000	0.0000	0.0000	0.0000
0.0000	0.0000	0.0000	0.0000	0.0000	0.0000	1.0000	0.0000	0.0000	0.0000	0.0000	0.0000
0.0000	0.0000	0.0130	0.0000	0.0000	0.0001	0.9870	0.0000	0.0000	0.0000	0.0000	0.0000
0.0000	0.0000	0.0000	0.0000	0.0000	0.0000	0.0000	0.0000	1.0000	0.0000	0.0000	0.0000
0.0000	0.0000	0.0000	0.0000	0.0000	0.0000	1.0000	0.0000	0.0000	0.0000	0.0000	0.0000
0.0000	0.0000	0.0000	0.0000	0.0000	0.0000	0.0001	0.0000	0.9999	0.0000	0.0000	0.0000
0.0000	0.0000	0.0000	0.0000	0.0000	0.0000	0.0001	0.0000	0.9999	0.0000	0.0000	0.0000
0.0000	0.0000	0.0000	0.0000	0.0000	0.0000	0.0000	0.0000	1.0000	0.0000	0.0000	0.0000
0.0000	0.0000	0.0000	0.0000	0.0000	0.0000	0.0000	0.0000	1.0000	0.0000	0.0000	0.0000
0.0000	0.0000	0.0000	0.0000	0.0000	0.0000	0.0000	0.0000	1.0000	0.0000	0.0000	0.0000
0.0000	0.0000	0.9745	0.0000	0.0000	0.0028	0.0228	0.0000	0.0000	0.0000	0.0000	0.0000
0.0000	0.0000	0.3632	0.0000	0.0000	0.0553	0.5815	0.0000	0.0000	0.0000	0.0000	0.0000
0.0000	0.0000	0.9944	0.0000	0.0000	0.0040	0.0016	0.0000	0.0000	0.0000	0.0000	0.0000
0.0000	0.0000	0.7809	0.0000	0.0000	0.0000	0.2191	0.0000	0.0000	0.0000	0.0000	0.0000
0.0000	0.0000	0.0000	0.0000	0.0000	0.0000	0.0000	0.0000	1.0000	0.0000	0.0000	0.0000
0.0000	0.0000	0.0000	0.0000	0.0000	0.0000	0.0000	0.0000	1.0000	0.0000	0.0000	0.0000
0.0000	0.0000	0.0000	0.0000	0.0000	0.0000	0.0000	0.0000	1.0000	0.0000	0.0000	0.0000
0.0000	0.0000	0.0399	0.0000	0.0000	0.0000	0.9601	0.0000	0.0000	0.0000	0.0000	0.0000
0.0000	0.0000	0.0000	0.0000	0.0000	0.0000	0.0000	0.0000	1.0000	0.0000	0.0000	0.0000
0.0000	0.0000	0.0004	0.0000	0.0000	0.0000	0.9996	0.0000	0.0000	0.0000	0.0000	0.0000
0.0000	0.0000	0.0034	0.0000	0.0000	0.0000	0.9966	0.0000	0.0000	0.0000	0.0000	0.0000
0.0000	0.0000	0.6749	0.0000	0.0000	0.0000	0.3251	0.0000	0.0000	0.0000	0.0000	0.0000
0.0000	0.0000	0.0000	0.0000	0.0000	0.0000	0.0000	0.0000	1.0000	0.0000	0.0000	0.0000
0.0000	0.0000	0.0000	0.0000	0.0000	0.0000	1.0000	0.0000	0.0000	0.0000	0.0000	0.0000
0.0000	0.0000	0.0000	0.0000	0.0000	0.0000	1.0000	0.0000	0.0000	0.0000	0.0000	0.0000
0.0000	0.0000	0.0006	0.0000	0.0000	0.1723	0.8271	0.0000	0.0000	0.0000	0.0000	0.0000
