0.0148	0.0000	0.0001	0.0000	0.0000	0.0003	0.3451	0.0041	0.0000	0.0109	0.0000	0.6247
0.0000	0.0000	0.0000	0.0000	0.0000	0.0000	0.4714	0.0235	0.0000	0.0411	0.0025	0.4615
0.0000	0.0000	0.0001	0.0000	0.0000	0.0000	0.6405	0.0360	0.0000	0.0011	0.0000	0.3223
0.0947	0.0000	0.0000	0.0000	0.0000	0.0000	0.0000	0.0000	0.9053	0.0000	0.0000	0.0000
0.0000	0.2385	0.3631	0.0000	0.0000	0.3978	0.0001	0.0006	0.0000	0.0000	0.0000	0.0000
0.0001	0.0000	0.0000	0.0000	0.0000	0.0000	0.0000	0.0000	0.0000	0.0000	0.9453	0.0547
0.0000	0.0001	0.1678	0.0004	0.0000	0.0412	0.6722	0.0459	0.0000	0.0001	0.0000	0.0723
0.0000	0.0000	0.0000	0.0000	0.0000	0.0045	0.0000	0.0926	0.0000	0.0365	0.0000	0.8663
0.0000	0.0000	0.0000	0.0000	0.0000	0.0000	0.0000	0.0000	1.0000	0.0000	0.0000	0.0000
0.0160	0.0000	0.0001	0.0000	0.0000	0.0295	0.1918	0.6335	0.0000	0.0144	0.0000	0.1147
0.8059	0.0000	0.0107	0.0000	0.0001	0.0100	0.0190	0.0644	0.0572	0.0226	0.0000	0.0101
0.0000	0.7949	0.2050	0.0000	0.0000	0.0000	0.0000	0.0000	0.0000	0.0000	0.0000	0.0000
0.0000	0.0000	0.4559	0.0000	0.0000	0.3751	0.0061	0.1596	0.0000	0.0015	0.0000	0.0018
0.0023	0.0006	0.1587	0.0000	0.0000	0.1483	0.0020	0.5121	0.0000	0.0164	0.0000	0.1596
0.2885	0.0000	0.0000	0.0000	0.0000	0.0000	0.0000	0.0000	0.7113	0.0000	0.0002	0.0000
0.0000	0.0000	0.0000	0.0000	0.0000	0.0000	0.9874	0.0000	0.0000	0.0002	0.0000	0.0125
0.0000	0.0000	0.0000	0.0000	0.0000	0.0000	0.2359	0.0003	0.0000	0.2243	0.0000	0.5394
0.0001	0.0000	0.0000	0.0000	0.0000	0.0003	0.0000	0.0000	0.9989	0.0007	0.0000	0.0000
0.0000	0.0000	0.0002	0.0000	0.0000	0.0013	0.1662	0.8295	0.0000	0.0001	0.0000	0.0026
0.0000	0.0001	0.0354	0.0000	0.0000	0.0009	0.3013	0.5767	0.0000	0.0003	0.0000	0.0853
0.0000	0.9991	0.0000	0.0000	0.0000	0.0000	0.0000	0.0009	0.0000	0.0000	0.0000	0.0000
0.0000	0.0000	0.0000	0.0000	0.0000	0.9997	0.0001	0.0000	0.0000	0.0001	0.0000	0.0000
0.0240	0.0017	0.0845	0.0000	0.0000	0.0038	0.3215	0.5521	0.0000	0.0000	0.0000	0.0124
0.0320	0.0045	0.0303	0.0000	0.0000	0.1683	0.3690	0.3461	0.0000	0.0000	0.0000	0.0500
0.0001	0.0003	0.0000	0.0104	0.0000	0.0000	0.5368	0.4287	0.0000	0.0003	0.0000	0.0234
0.0000	0.0000	0.0000	0.0000	0.0000	0.0000	0.0000	0.0000	1.0000	0.0000	0.0000	0.0000
0.0000	0.0000	0.0000	0.0017	0.0000	0.0000	0.0000	0.0000	0.9841	0.0142	0.0000	0.0000
0.0000	0.0000	0.0000	0.0000	0.0000	0.0000	0.1954	0.8043	0.0000	0.0003	0.0000	0.0000
0.0000	0.0000	0.0000	0.0003	0.0000	0.0000	0.0000	0.0000	0.0000	0.9992	0.0000	0.0005
0.0000	0.0000	0.9992	0.0000	0.0000	0.0008	0.0000	0.0000	0.0000	0.0000	0.0000	0.0000
0.0000	0.0000	0.0002	0.0000	0.0000	0.0000	0.0765	0.9230	0.0000	0.0000	0.0000	0.0003
0.0000	0.0000	0.0000	0.0000	0.0000	0.0000	0.0000	0.0000	0.0006	0.9924	0.0000	0.0070
0.0000	0.0000	0.0000	0.0001	0.0000	0.0000	0.0000	0.0000	0.0000	0.9789	0.0209	0.0000
0.0000	0.3678	0.5791	0.0000	0.0000	0.0525	0.0000	0.0005	0.0000	0.0000	0.0000	0.0000
0.0005	0.3070	0.3126	0.0000	0.0000	0.2229	0.1023	0.0251	0.0000	0.0001	0.0000	0.0294
0.0000	0.0000	0.0000	0.0000	0.0000	0.0000	0.0037	0.9963	0.0000	0.0000	0.0000	0.0000
1.0000	0.0000	0.0000	0.0000	0.0000	0.0000	0.0000	0.0000	0.0000	0.0000	0.0000	0.0000
0.0025	0.0000	0.0001	0.0252	0.0000	0.6989	0.0051	0.2012	0.0000	0.0003	0.0001	0.0665
0.0000	0.0000	0.0000	0.0000	0.0000	0.0000	0.0000	0.0000	1.0000	0.0000	0.0000	0.0000
0.0000	0.1127	0.6603	0.0000	0.0000	0.2130	0.0122	0.0015	0.0000	0.0000	0.0000	0.0003
0.0000	0.0000	0.0000	0.0123	0.0000	0.0000	0.0002	0.9874	0.0000	0.0000	0.0000	0.0000
0.0000	0.0000	0.0000	0.0000	0.0000	0.0000	0.0000	0.0000	0.0000	0.0000	1.0000	0.0000
0.1248	0.0000	0.0724	0.0000	0.0000	0.0004	0.0255	0.0010	0.0000	0.0001	0.0000	0.7757
0.0006	0.0000	0.0001	0.0000	0.0000	0.0000	0.1192	0.0101	0.0000	0.0104	0.0001	0.8594
0.0000	0.6738	0.1556	0.0000	0.0000	0.1690	0.0004	0.0011	0.0000	0.0000	0.0000	0.0001
0.0011	0.3398	0.0033	0.0000	0.0000	0.0667	0.1901	0.3512	0.0000	0.0020	0.0000	0.0458
0.0000	0.0000	0.0002	0.0000	0.0000	0.0000	0.3553	0.1545	0.0000	0.0001	0.0000	0.4900
0.0000	0.0000	0.0000	0.0000	1.0000	0.0000	0.0000	0.0000	0.0000	0.0000	0.0000	0.0000
0.0003	0.0007	0.0053	0.0000	0.0000	0.3645	0.3019	0.0169	0.0000	0.0003	0.0000	0.3101
0.9993	0.0000	0.0000	0.0000	0.0000	0.0002	0.0000	0.0000	0.0000	0.0005	0.0000	0.0000
0.0000	0.0000	0.0000	0.0000	0.9999	0.0000	0.0000	0.0000	0.0000	0.0001	0.0000	0.0000
0.0000	0.7769	0.1521	0.0000	0.0000	0.0700	0.0002	0.0009	0.0000	0.0000	0.0000	0.0000
0.0000	0.0000	0.0123	0.0000	0.0000	0.9877	0.0000	0.0000	0.0000	0.0000	0.0000	0.0000
0.0000	0.1180	0.0589	0.0000	0.0000	0.8225	0.0001	0.0004	0.0000	0.0000	0.0000	0.0000
0.0000	0.0000	0.0000	0.0000	0.0000	0.0000	0.0000	0.0000	1.0000	0.0000	0.0000	0.0000
0.0006	0.0000	0.0000	0.0000	0.0000	0.0007	0.0709	0.9035	0.0000	0.0157	0.0000	0.0084
0.0000	0.0000	0.0000	0.0000	0.0000	0.0000	0.0000	0.0000	0.0000	0.9301	0.0000	0.0699
0.0000	0.0000	0.0000	0.0000	0.0000	0.0000	0.0000	0.0000	0.0000	0.5073	0.0000	0.4927
0.0000	0.0000	0.0000	0.0000	0.0000	0.0009	0.0825	0.0007	0.0000	0.9151	0.0000	0.0008
0.0008	0.0000	0.0000	0.0000	0.0000	0.0008	0.0972	0.8920	0.0000	0.0061	0.0000	0.0031
0.6840	0.0000	0.0000	0.0000	0.0000	0.0000	0.0000	0.0000	0.3160	0.0000	0.0000	0.0000
0.0000	0.0000	0.0000	0.0000	0.0000	0.0000	0.0224	0.0000	0.0000	0.0088	0.0000	0.9688
0.0007	0.0000	0.0000	0.0000	0.0000	0.0000	0.0000	0.0000	0.9913	0.0080	0.0000	0.0000
0.0000	0.0000	0.0000	0.9606	0.0394	0.0000	0.0000	0.0000	0.0000	0.0000	0.0000	0.0000
0.0000	0.0000	0.0246	0.0000	0.0000	0.0000	0.3278	0.6342	0.0000	0.0000	0.0000	0.0134
0.0000	0.0000	0.0000	0.0000	0.0000	0.0000	0.0387	0.0000	0.0000	0.1020	0.0001	0.8592
0.0092	0.0000	0.0000	0.0000	0.0000	0.0991	0.4612	0.0330	0.0000	0.3932	0.0000	0.0043
0.0000	0.0000	0.0000	0.0000	0.0000	0.0000	0.9660	0.0134	0.0000	0.0001	0.0000	0.0204
0.0000	0.0000	0.0007	0.0000	0.0000	0.0000	0.1367	0.0019	0.0000	0.0317	0.0000	0.8290
0.0000	0.0032	0.0000	0.0000	0.0000	0.0000	0.8797	0.1171	0.0000	0.0000	0.0000	0.0000
0.0000	0.0005	0.9199	0.0000	0.0000	0.0789	0.0001	0.0005	0.0000	0.0000	0.0000	0.0002
0.0143	0.0063	0.9492	0.0000	0.0000	0.0063	0.0046	0.0132	0.0000	0.0001	0.0000	0.0060
0.3239	0.0000	0.0000	0.0000	0.0000	0.0000	0.0000	0.0000	0.6761	0.0000	0.0000	0.0000
0.0078	0.0000	0.0046	0.0000	0.0000	0.0001	0.1999	0.0035	0.0000	0.0020	0.0000	0.7821
0.0097	0.0000	0.0000	0.0000	0.0000	0.0000	0.0000	0.0000	0.9798	0.0086	0.0000	0.0019
0.0000	0.0000	0.0000	1.0000	0.0000	0.0000	0.0000	0.0000	0.0000	0.0000	0.0000	0.0000
0.0000	0.0013	0.2197	0.0000	0.0000	0.0416	0.3204	0.4025	0.0000	0.0000	0.0000	0.0144
0.0000	0.0000	0.0000	0.0015	0.0000	0.0000	0.0000	0.0000	0.0000	0.9879	0.0106	0.0000
0.0014	0.0000	0.0000	0.0041	0.0000	0.0000	0.0000	0.0000	0.0000	0.9545	0.0368	0.0031
0.0000	0.0000	0.0000	0.0000	0.0000	0.0000	0.0000	0.0000	0.0000	0.0007	0.0000	0.9993
0.0000	0.0000	0.0000	0.0000	0.0000	0.0000	0.0000	0.0000	0.0000	0.1640	0.0001	0.8359
0.0000	0.0000	0.0025	0.0000	0.0000	0.0000	0.0000	0.0000	0.0000	0.0000	0.0000	0.9975
0.0000	0.0000	0.0000	0.0000	0.0000	0.0000	0.0000	0.0000	0.0000	0.0000	0.0000	1.0000
0.0001	0.0000	0.9976	0.0000	0.0000	0.0001	0.0000	0.0000	0.0022	0.0000	0.0000	0.0000
0.0001	0.0000	0.9972	0.0000	0.0000	0.0001	0.0000	0.0000	0.0027	0.0000	0.0000	0.0000
0.0000	0.0000	0.0001	0.0000	0.0000	0.0000	0.0000	0.0000	0.0000	0.0000	0.0000	0.9999
0.0000	0.0000	1.0000	0.0000	0.0000	0.0000	0.0000	0.0000	0.0000	0.0000	0.0000	0.0000
0.0000	0.0000	0.0000	0.0000	0.0000	0.0000	0.0000	0.0000	0.0000	0.0000	0.0000	1.0000
0.0001	0.0000	0.9984	0.0000	0.0000	0.0014	0.0000	0.0000	0.0000	0.0000	0.0000	0.0001
0.0003	0.0000	0.9986	0.0000	0.0000	0.0001	0.0000	0.0000	0.0000	0.0000	0.0000	0.0010
0.0000	0.0000	0.0000	0.0000	0.0000	0.0000	0.0000	0.0000	0.0000	0.0000	0.0000	1.0000
0.0000	0.0000	0.9977	0.0000	0.0000	0.0000	0.0000	0.0000	0.0010	0.0000	0.0000	0.0013
0.0000	0.0000	0.0000	0.0000	0.0000	0.0000	0.0000	0.0000	0.0000	0.0000	0.0000	1.0000
0.0000	0.0000	0.0000	0.0000	0.0000	0.0000	0.0000	0.0000	0.0006	0.0000	0.0000	0.9994
0.0000	0.0000	0.9992	0.0000	0.0000	0.0000	0.0000	0.0000	0.0008	0.0000	0.0000	0.0000
0.0034	0.0000	0.0199	0.0000	0.0000	0.0000	0.0000	0.0000	0.0000	0.0000	0.0000	0.9767
0.0000	0.0000	0.0000	0.0000	0.0000	0.0000	0.0000	0.0000	0.0000	0.0000	0.0000	1.0000
0.0026	0.0000	0.9027	0.0000	0.0000	0.0000	0.0000	0.0000	0.0139	0.0000	0.0000	0.0808
0.0013	0.0000	0.2158	0.0000	0.0000	0.0000	0.0000	0.0000	0.0147	0.0005	0.0000	0.7677
0.0000	0.0000	0.0181	0.0000	0.0000	0.0000	0.0000	0.0000	0.0000	0.0001	0.0000	0.9818
0.0000	0.0000	0.9988	0.0000	0.0000	0.0000	0.0000	0.0000	0.0003	0.0000	0.0000	0.0008
0.0000	0.0000	0.9944	0.0000	0.0000	0.0000	0.0000	0.0000	0.0001	0.0000	0.0000	0.0055
0.0000	0.0000	0.1343	0.0000	0.0000	0.0000	0.8657	0.0000	0.0000	0.0000	0.0000	0.0000
0.0000	0.0000	0.0000	0.0000	0.0000	0.0000	0.0000	0.0000	1.0000	0.0000	0.0000	0.0000
0.0000	0.0000	0.9704	0.0000	0.0000	0.0293	0.0002	0.0000	0.0000	0.0000	0.0000	0.0000
0.0000	0.0000	0.0037	0.0000	0.0000	0.0000	0.9963	0.0000	0.0000	0.0000	0.0000	0.0000
0.0000	0.0000	0.0000	0.0000	0.0000	0.0000	0.0000	0.0000	1.0000	0.0000	0.0000	0.0000
0.0000	0.0000	0.9930	0.0000	0.0000	0.0000	0.0070	0.0000	0.0000	0.0000	0.0000	0.0000
0.0000	0.0000	0.0000	0.0000	0.0000	0.0000	1.0000	0.0000	0.0000	0.0000	0.0000	0.0000
0.0000	0.0000	0.0331	0.0000	0.0000	0.0005	0.9663	0.0000	0.0000	0.0000	0.0000	0.0000
0.0000	0.0000	0.0000	0.0000	0.0000	0.0000	0.0000	0.0000	1.0000	0.0000	0.0000	0.0000
0.0000	0.0000	0.0251	0.0000	0.0000	0.0000	0.9749	0.0000	0.0000	0.0000	0.0000	0.0000
0.0000	0.0000	0.0000	0.0000	0.0000	0.0000	0.0044	0.0000	0.9956	0.0000	0.0000	0.0000
0.0000	0.0000	0.0000	0.0000	0.0000	0.0000	0.0007	0.0000	0.9993	0.0000	0.0000	0.0000
0.0000	0.0000	0.0000	0.0000	0.0000	0.0000	0.0000	0.0000	1.0000	0.0000	0.0000	0.0000
0.0000	0.0000	0.0000	0.0000	0.0000	0.0000	0.0000	0.0000	1.0000	0.0000	0.0000	0.0000
0.0000	0.0000	0.0000	0.0000	0.0000	0.0000	0.0000	0.0000	1.0000	0.0000	0.0000	0.0000
0.0000	0.0000	0.9907	0.0000	0.0000	0.0069	0.0024	0.0000	0.0000	0.0000	0.0000	0.0000
0.0000	0.0000	0.9808	0.0000	0.0001	0.0024	0.0167	0.0000	0.0000	0.0000	0.0000	0.0000
0.0000	0.0000	0.9913	0.0000	0.0000	0.0084	0.0003	0.0000	0.0000	0.0000	0.0000	0.0000
0.0000	0.0000	0.9401	0.0000	0.0000	0.0008	0.0591	0.0000	0.0000	0.0000	0.0000	0.0000
0.0000	0.0000	0.0000	0.0000	0.0000	0.0000	0.0000	0.0000	1.0000	0.0000	0.0000	0.0000
0.0000	0.0000	0.0000	0.0000	0.0000	0.0000	0.0000	0.0000	1.0000	0.0000	0.0000	0.0000
0.0000	0.0000	0.0000	0.0000	0.0000	0.0000	0.0000	0.0000	1.0000	0.0000	0.0000	0.0000
0.0000	0.0000	0.0018	0.0000	0.0000	0.0000	0.9980	0.0000	0.0003	0.0000	0.0000	0.0000
0.0000	0.0000	0.0000	0.0000	0.0000	0.0000	0.0000	0.0000	1.0000	0.0000	0.0000	0.0000
0.0000	0.0000	0.0007	0.0000	0.0000	0.0000	0.9945	0.0000	0.0048	0.0000	0.0000	0.0000
0.0000	0.0000	0.0035	0.0000	0.0000	0.0000	0.9965	0.0000	0.0000	0.0000	0.0000	0.0000
0.0000	0.0000	0.4455	0.0000	0.0000	0.0000	0.5545	0.0000	0.0000	0.0000	0.0000	0.0000
0.0000	0.0000	0.0000	0.0000	0.0000	0.0000	0.0000	0.0000	1.0000	0.0000	0.0000	0.0000
0.0000	0.0000	0.0003	0.0000	0.0000	0.0000	0.9997	0.0000	0.0000	0.0000	0.0000	0.0000
0.0000	0.0000	0.0003	0.0000	0.0000	0.0001	0.9996	0.0000	0.0000	0.0000	0.0000	0.0000
0.0000	0.0000	0.0012	0.0000	0.0000	0.0082	0.9906	0.0000	0.0000	0.0000	0.0000	0.0000
