0.0294	0.0000	0.0000	0.0000	0.0000	0.0015	0.3944	0.0206	0.0000	0.0417	0.0001	0.5122
0.0000	0.0000	0.0001	0.0000	0.0000	0.0000	0.4752	0.0382	0.0000	0.0874	0.0167	0.3824
0.0000	0.0000	0.0001	0.0000	0.0000	0.0000	0.3508	0.0163	0.0000	0.0147	0.0012	0.6169
0.0593	0.0000	0.0000	0.0000	0.0000	0.0000	0.0000	0.0000	0.9407	0.0000	0.0000	0.0000
0.0000	0.0910	0.1761	0.0000	0.0000	0.7287	0.0019	0.0019	0.0000	0.0000	0.0000	0.0004
0.0000	0.0000	0.0000	0.0000	0.0000	0.0000	0.0000	0.0000	0.0000	0.0000	0.9685	0.0315
0.0000	0.0008	0.0279	0.0005	0.0000	0.0566	0.7834	0.0129	0.0000	0.0013	0.0000	0.1166
0.0000	0.0000	0.0000	0.0000	0.0000	0.0001	0.0000	0.0218	0.0000	0.0030	0.0000	0.9752
0.0000	0.0000	0.0000	0.0000	0.0000	0.0011	0.0000	0.0000	0.9989	0.0000	0.0000	0.0000
0.0163	0.0000	0.0000	0.0000	0.0000	0.0777	0.1085	0.4818	0.0000	0.0302	0.0000	0.2854
0.7778	0.0000	0.0020	0.0000	0.0000	0.0030	0.0020	0.0110	0.1809	0.0049	0.0000	0.0182
0.0000	0.7098	0.2901	0.0000	0.0000	0.0000	0.0000	0.0000	0.0000	0.0000	0.0000	0.0001
0.0003	0.0001	0.6016	0.0000	0.0000	0.2771	0.0041	0.0927	0.0000	0.0041	0.0000	0.0199
0.0017	0.0013	0.0450	0.0000	0.0000	0.1117	0.0033	0.2184	0.0000	0.0229	0.0000	0.5957
0.2013	0.0000	0.0000	0.0000	0.0000	0.0000	0.0000	0.0000	0.7985	0.0000	0.0001	0.0000
0.0000	0.0000	0.0000	0.0000	0.0000	0.0000	0.9472	0.0000	0.0000	0.0007	0.0000	0.0520
0.0000	0.0000	0.0000	0.0000	0.0000	0.0000	0.2604	0.0046	0.0000	0.3551	0.0005	0.3794
0.0023	0.0000	0.0000	0.0000	0.0000	0.0003	0.0000	0.0000	0.9858	0.0116	0.0000	0.0000
0.0000	0.0000	0.0000	0.0001	0.0000	0.0077	0.5257	0.4595	0.0000	0.0047	0.0001	0.0021
0.0000	0.0001	0.0073	0.0001	0.0000	0.0033	0.5739	0.2600	0.0000	0.0012	0.0016	0.1525
0.0000	0.9964	0.0000	0.0000	0.0000	0.0000	0.0000	0.0035	0.0000	0.0000	0.0000	0.0000
0.0001	0.0000	0.0000	0.0000	0.0000	0.9941	0.0002	0.0000	0.0000	0.0055	0.0000	0.0000
0.0160	0.0024	0.0309	0.0000	0.0000	0.0289	0.6423	0.1762	0.0000	0.0000	0.0000	0.1033
0.0141	0.0029	0.0085	0.0001	0.0000	0.2414	0.5179	0.1050	0.0000	0.0000	0.0000	0.1102
0.0000	0.0004	0.0000	0.0028	0.0000	0.0000	0.6266	0.1614	0.0000	0.0013	0.0000	0.2075
0.0000	0.0000	0.0000	0.0000	0.0000	0.0000	0.0000	0.0000	0.9999	0.0001	0.0000	0.0000
0.0000	0.0000	0.0000	0.0002	0.0000	0.0000	0.0000	0.0000	0.6080	0.3919	0.0000	0.0000
0.0000	0.0000	0.0003	0.0000	0.0000	0.0000	0.1164	0.8737	0.0000	0.0095	0.0000	0.0001
0.0000	0.0000	0.0000	0.0001	0.0000	0.0000	0.0000	0.0000	0.0000	0.9998	0.0000	0.0001
0.0000	0.0000	0.9893	0.0000	0.0000	0.0104	0.0000	0.0000	0.0000	0.0000	0.0000	0.0002
0.0000	0.0000	0.0001	0.0000	0.0000	0.0000	0.0832	0.9159	0.0000	0.0000	0.0002	0.0005
0.0000	0.0000	0.0000	0.0000	0.0000	0.0000	0.0000	0.0000	0.0103	0.9858	0.0006	0.0034
0.0000	0.0000	0.0000	0.0000	0.0000	0.0000	0.0000	0.0000	0.0000	0.9895	0.0104	0.0000
0.0000	0.2456	0.6198	0.0000	0.0000	0.1280	0.0012	0.0048	0.0000	0.0000	0.0000	0.0005
0.0008	0.0185	0.0700	0.0002	0.0000	0.4990	0.2315	0.0462	0.0000	0.0038	0.0006	0.1293
0.0000	0.0000	0.0000	0.0000	0.0000	0.0000	0.0016	0.9984	0.0000	0.0000	0.0000	0.0000
1.0000	0.0000	0.0000	0.0000	0.0000	0.0000	0.0000	0.0000	0.0000	0.0000	0.0000	0.0000
0.0018	0.0000	0.0002	0.0085	0.0000	0.5286	0.0010	0.2393	0.0000	0.0025	0.0050	0.2132
0.0000	0.0000	0.0000	0.0000	0.0000	0.0000	0.0000	0.0000	1.0000	0.0000	0.0000	0.0000
0.0000	0.0815	0.1315	0.0003	0.0000	0.6845	0.0890	0.0087	0.0000	0.0000	0.0000	0.0045
0.0000	0.0000	0.0000	0.0072	0.0000	0.0000	0.0002	0.9926	0.0000	0.0000	0.0000	0.0000
0.0000	0.0000	0.0000	0.0000	0.0000	0.0000	0.0000	0.0000	0.0000	0.0000	1.0000	0.0000
0.0761	0.0000	0.0105	0.0000	0.0000	0.0003	0.0067	0.0006	0.0000	0.0181	0.0017	0.8860
0.0037	0.0000	0.0000	0.0000	0.0000	0.0000	0.1011	0.0932	0.0000	0.0211	0.0072	0.7736
0.0000	0.3162	0.1114	0.0000	0.0000	0.5572	0.0081	0.0053	0.0000	0.0000	0.0000	0.0017
0.0008	0.0815	0.0016	0.0000	0.0000	0.0162	0.2368	0.5162	0.0000	0.0437	0.0000	0.1033
0.0000	0.0000	0.0004	0.0000	0.0000	0.0001	0.5437	0.1806	0.0000	0.0001	0.0000	0.2751
0.0000	0.0000	0.0000	0.0001	0.9985	0.0000	0.0000	0.0000	0.0000	0.0013	0.0000	0.0000
0.0005	0.0005	0.0008	0.0000	0.0000	0.5755	0.2080	0.0279	0.0000	0.0036	0.0001	0.1831
0.9712	0.0000	0.0000	0.0000	0.0000	0.0000	0.0000	0.0000	0.0000	0.0288	0.0000	0.0000
0.0000	0.0000	0.0000	0.0000	0.9821	0.0000	0.0000	0.0000	0.0000	0.0179	0.0000	0.0000
0.0000	0.3160	0.2111	0.0000	0.0000	0.4611	0.0058	0.0052	0.0000	0.0000	0.0000	0.0009
0.0000	0.0002	0.0095	0.0000	0.0000	0.9898	0.0002	0.0000	0.0000	0.0000	0.0000	0.0002
0.0000	0.0327	0.0215	0.0000	0.0000	0.9435	0.0012	0.0010	0.0000	0.0000	0.0000	0.0002
0.0000	0.0000	0.0000	0.0000	0.0000	0.0000	0.0000	0.0000	1.0000	0.0000	0.0000	0.0000
0.0049	0.0000	0.0000	0.0000	0.0000	0.0029	0.0794	0.8168	0.0000	0.0062	0.0000	0.0898
0.0000	0.0000	0.0000	0.0000	0.0000	0.0000	0.0000	0.0000	0.0000	0.6996	0.0000	0.3003
0.0000	0.0000	0.0000	0.0000	0.0000	0.0000	0.0000	0.0000	0.0000	0.7572	0.0000	0.2428
0.0130	0.0000	0.0000	0.0000	0.0000	0.0053	0.7842	0.0147	0.0000	0.1714	0.0000	0.0114
0.0018	0.0000	0.0000	0.0000	0.0000	0.0040	0.0738	0.8667	0.0000	0.0079	0.0000	0.0458
0.4721	0.0000	0.0000	0.0000	0.0000	0.0000	0.0000	0.0000	0.5279	0.0000	0.0000	0.0000
0.0000	0.0000	0.0000	0.0000	0.0000	0.0000	0.0211	0.0000	0.0000	0.0034	0.0000	0.9754
0.0290	0.0000	0.0000	0.0000	0.0000	0.0000	0.0000	0.0000	0.9005	0.0705	0.0000	0.0000
0.0000	0.0000	0.0000	0.9992	0.0008	0.0000	0.0000	0.0000	0.0000	0.0000	0.0000	0.0000
0.0000	0.0000	0.0008	0.0000	0.0000	0.0000	0.2470	0.7495	0.0000	0.0000	0.0003	0.0024
0.0000	0.0000	0.0000	0.0000	0.0000	0.0000	0.0749	0.0008	0.0000	0.5142	0.0014	0.4088
0.0019	0.0000	0.0000	0.0000	0.0000	0.3324	0.0202	0.0012	0.0000	0.6440	0.0000	0.0003
0.0000	0.0000	0.0000	0.0000	0.0000	0.0000	0.9686	0.0079	0.0000	0.0008	0.0000	0.0227
0.0000	0.0000	0.0004	0.0000	0.0000	0.0001	0.1648	0.0109	0.0000	0.0421	0.0000	0.7817
0.0000	0.0078	0.0000	0.0000	0.0000	0.0000	0.9011	0.0906	0.0000	0.0000	0.0000	0.0004
0.0000	0.0008	0.7730	0.0000	0.0000	0.2163	0.0005	0.0015	0.0000	0.0001	0.0000	0.0078
0.0037	0.0029	0.6980	0.0000	0.0000	0.0253	0.0503	0.0131	0.0000	0.0021	0.0000	0.2046
0.3643	0.0000	0.0000	0.0000	0.0000	0.0000	0.0000	0.0000	0.6356	0.0000	0.0000	0.0001
0.2227	0.0000	0.0671	0.0001	0.0000	0.0018	0.3947	0.0046	0.0000	0.0046	0.0266	0.2778
0.0190	0.0000	0.0000	0.0000	0.0000	0.0000	0.0000	0.0000	0.9543	0.0258	0.0000	0.0008
0.0000	0.0000	0.0000	1.0000	0.0000	0.0000	0.0000	0.0000	0.0000	0.0000	0.0000	0.0000
0.0000	0.0017	0.1235	0.0000	0.0000	0.0167	0.4199	0.4112	0.0000	0.0002	0.0001	0.0268
0.0000	0.0000	0.0000	0.0002	0.0000	0.0000	0.0000	0.0000	0.0000	0.9938	0.0059	0.0000
0.0035	0.0000	0.0000	0.0636	0.0000	0.0006	0.0000	0.0000	0.0000	0.7387	0.1655	0.0281
0.0000	0.0000	0.0000	0.0000	0.0000	0.0000	0.0003	0.1815	0.0000	0.0015	0.0000	0.8168
0.0000	0.0000	0.0000	0.0000	0.0000	0.0000	0.0000	0.0000	0.0000	0.2111	0.0010	0.7878
0.0000	0.0000	0.0050	0.0000	0.0000	0.0002	0.0000	0.0000	0.0000	0.0000	0.0000	0.9949
0.0000	0.0000	0.0000	0.0000	0.0000	0.0003	0.0000	0.0000	0.0000	0.0000	0.0000	0.9997
0.0000	0.0000	0.9996	0.0000	0.0000	0.0004	0.0000	0.0000	0.0000	0.0000	0.0000	0.0000
0.0000	0.0000	0.9996	0.0000	0.0000	0.0003	0.0000	0.0000	0.0000	0.0000	0.0000	0.0000
0.0000	0.0000	0.0005	0.0000	0.0000	0.0000	0.0000	0.0000	0.0000	0.0000	0.0000	0.9995
0.0000	0.0000	1.0000	0.0000	0.0000	0.0000	0.0000	0.0000	0.0000	0.0000	0.0000	0.0000
0.0000	0.0000	0.0000	0.0000	0.0000	0.0000	0.0000	0.0000	0.0000	0.0000	0.0000	1.0000
0.0000	0.0000	0.9904	0.0000	0.0000	0.0092	0.0000	0.0000	0.0000	0.0000	0.0000	0.0004
0.0000	0.0000	0.9973	0.0000	0.0000	0.0010	0.0000	0.0000	0.0000	0.0000	0.0000	0.0017
0.0000	0.0000	0.0000	0.0000	0.0000	0.0000	0.0000	0.0000	0.0000	0.0000	0.0000	1.0000
0.0000	0.0000	0.9994	0.0000	0.0000	0.0000	0.0000	0.0000	0.0000	0.0000	0.0000	0.0006
0.0000	0.0000	0.0000	0.0000	0.0000	0.0016	0.0000	0.0000	0.0000	0.0000	0.0000	0.9984
0.0000	0.0000	0.0001	0.0000	0.0000	0.0023	0.0000	0.0000	0.0006	0.0000	0.0000	0.9971
0.0000	0.0000	0.9999	0.0000	0.0000	0.0000	0.0000	0.0000	0.0000	0.0000	0.0000	0.0000
0.0006	0.0000	0.0070	0.0000	0.0000	0.0000	0.0000	0.0000	0.0000	0.0001	0.0000	0.9923
0.0000	0.0000	0.0000	0.0000	0.0000	0.0000	0.0000	0.0000	0.0001	0.0000	0.0000	0.9998
0.0000	0.0000	0.9843	0.0000	0.0000	0.0000	0.0000	0.0000	0.0022	0.0001	0.0000	0.0133
0.0001	0.0000	0.2157	0.0000	0.0000	0.0000	0.0000	0.0000	0.0026	0.0046	0.0000	0.7770
0.0000	0.0000	0.0603	0.0000	0.0000	0.0000	0.0000	0.0000	0.0001	0.0001	0.0000	0.9395
0.0000	0.0000	0.9981	0.0000	0.0000	0.0000	0.0000	0.0000	0.0000	0.0000	0.0000	0.0018
0.0000	0.0000	0.9983	0.0000	0.0000	0.0000	0.0000	0.0000	0.0000	0.0000	0.0000	0.0017
0.0000	0.0000	0.1350	0.0000	0.0000	0.0001	0.8649	0.0000	0.0000	0.0000	0.0000	0.0000
0.0000	0.0000	0.0000	0.0000	0.0000	0.0000	0.0000	0.0000	1.0000	0.0000	0.0000	0.0000
0.0000	0.0000	0.9401	0.0000	0.0000	0.0561	0.0038	0.0000	0.0000	0.0000	0.0000	0.0000
0.0000	0.0000	0.0002	0.0000	0.0000	0.0000	0.9998	0.0000	0.0000	0.0000	0.0000	0.0000
0.0000	0.0000	0.0000	0.0000	0.0000	0.0000	0.0000	0.0000	1.0000	0.0000	0.0000	0.0000
0.0000	0.0000	0.9444	0.0000	0.0000	0.0000	0.0556	0.0000	0.0000	0.0000	0.0000	0.0000
0.0000	0.0000	0.0001	0.0000	0.0000	0.0000	0.9999	0.0000	0.0000	0.0000	0.0000	0.0000
0.0000	0.0000	0.0191	0.0000	0.0000	0.0003	0.9806	0.0000	0.0000	0.0000	0.0000	0.0000
0.0000	0.0000	0.0000	0.0000	0.0000	0.0000	0.0000	0.0000	1.0000	0.0000	0.0000	0.0000
0.0000	0.0000	0.0147	0.0000	0.0000	0.0000	0.9853	0.0000	0.0000	0.0000	0.0000	0.0000
0.0000	0.0000	0.0000	0.0000	0.0000	0.0000	0.0019	0.0000	0.9981	0.0000	0.0000	0.0000
0.0000	0.0000	0.0000	0.0000	0.0000	0.0000	0.0012	0.0000	0.9988	0.0000	0.0000	0.0000
0.0000	0.0000	0.0000	0.0000	0.0000	0.0000	0.0000	0.0000	1.0000	0.0000	0.0000	0.0000
0.0000	0.0000	0.0000	0.0000	0.0000	0.0000	0.0000	0.0000	1.0000	0.0000	0.0000	0.0000
0.0000	0.0000	0.0000	0.0000	0.0000	0.0000	0.0000	0.0000	1.0000	0.0000	0.0000	0.0000
0.0000	0.0000	0.9736	0.0000	0.0000	0.0109	0.0155	0.0000	0.0000	0.0000	0.0000	0.0000
0.0000	0.0000	0.9435	0.0000	0.0000	0.0117	0.0448	0.0000	0.0000	0.0000	0.0000	0.0000
0.0000	0.0000	0.9847	0.0000	0.0000	0.0121	0.0032	0.0000	0.0000	0.0000	0.0000	0.0000
0.0000	0.0000	0.7418	0.0000	0.0000	0.0053	0.2529	0.0000	0.0000	0.0000	0.0000	0.0000
0.0000	0.0000	0.0000	0.0000	0.0000	0.0000	0.0000	0.0000	1.0000	0.0000	0.0000	0.0000
0.0000	0.0000	0.0000	0.0000	0.0000	0.0000	0.0000	0.0000	1.0000	0.0000	0.0000	0.0000
0.0000	0.0000	0.0000	0.0000	0.0000	0.0000	0.0000	0.0000	1.0000	0.0000	0.0000	0.0000
0.0000	0.0000	0.0009	0.0000	0.0000	0.0000	0.9991	0.0000	0.0000	0.0000	0.0000	0.0000
0.0000	0.0000	0.0000	0.0000	0.0000	0.0000	0.0000	0.0000	1.0000	0.0000	0.0000	0.0000
0.0000	0.0000	0.0011	0.0000	0.0000	0.0000	0.9987	0.0000	0.0002	0.0000	0.0000	0.0000
0.0000	0.0000	0.0040	0.0000	0.0000	0.0000	0.9960	0.0000	0.0000	0.0000	0.0000	0.0000
0.0000	0.0000	0.6113	0.0000	0.0000	0.0000	0.3886	0.0000	0.0000	0.0000	0.0000	0.0000
0.0000	0.0000	0.0000	0.0000	0.0000	0.0000	0.0000	0.0000	1.0000	0.0000	0.0000	0.0000
0.0000	0.0000	0.0002	0.0000	0.0000	0.0000	0.9998	0.0000	0.0000	0.0000	0.0000	0.0000
0.0000	0.0000	0.0006	0.0000	0.0000	0.0001	0.9993	0.0000	0.0000	0.0000	0.0000	0.0000
0.0000	0.0000	0.0045	0.0000	0.0000	0.0168	0.9787	0.0000	0.0000	0.0000	0.0000	0.0000
