0.0121	0.0000	0.0000	0.0000	0.0000	0.0000	0.0000	0.0000	0.0000	0.0273	0.0011	0.9595
0.0000	0.0000	0.9971	0.0000	0.0000	0.0000	0.0029	0.0000	0.0000	0.0000	0.0000	0.0000
0.0000	0.0019	0.6513	0.0000	0.0000	0.0322	0.2842	0.0261	0.0000	0.0000	0.0000	0.0044
0.0000	0.0000	0.0000	0.0000	0.0000	0.0000	0.0000	0.0000	0.0000	0.0625	0.0574	0.8801
0.0000	0.0000	0.0000	0.0000	0.0000	0.0000	0.0000	0.7628	0.0000	0.0000	0.0000	0.2372
0.0007	0.0000	0.0000	0.0000	0.0000	0.0000	0.0000	0.0000	0.9993	0.0000	0.0000	0.0000
0.0135	0.0000	0.0000	0.0000	0.0000	0.0000	0.0000	0.0000	0.0000	0.9865	0.0000	0.0000
0.0000	0.0000	0.0000	0.0000	0.0000	0.0000	0.0000	0.0000	0.0000	0.0000	0.9852	0.0148
0.0000	0.7039	0.1702	0.0000	0.0000	0.1257	0.0001	0.0000	0.0000	0.0000	0.0000	0.0000
0.0000	0.0000	0.0007	0.0000	0.0000	0.0000	0.9733	0.0001	0.0000	0.0004	0.0000	0.0256
0.0000	0.0000	0.0004	0.0000	0.0000	0.0075	0.0463	0.2679	0.0000	0.0005	0.0000	0.6774
0.0000	0.0000	0.0004	0.0000	0.0000	0.0507	0.0850	0.0010	0.0000	0.0006	0.0000	0.8623
0.0000	0.0000	0.0000	0.0000	0.0000	0.0003	0.0000	0.0000	0.9997	0.0000	0.0000	0.0000
0.0000	0.0000	0.0001	0.0000	0.0000	0.0003	0.9952	0.0008	0.0000	0.0001	0.0000	0.0035
0.0002	0.0000	0.0000	0.0000	0.0000	0.0006	0.9071	0.0045	0.0000	0.0021	0.0000	0.0855
0.0438	0.0000	0.0064	0.0000	0.0000	0.0091	0.3195	0.2771	0.2459	0.0020	0.0000	0.0963
0.0000	0.0000	0.0002	0.0000	0.0000	0.9752	0.0168	0.0078	0.0000	0.0000	0.0000	0.0000
0.0000	0.0000	0.3840	0.0000	0.0000	0.0053	0.6103	0.0003	0.0000	0.0000	0.0000	0.0000
0.0000	0.0000	0.0000	0.0000	0.0000	0.0000	0.0000	0.0000	1.0000	0.0000	0.0000	0.0000
0.0000	0.0000	0.0000	0.0000	0.0000	0.0000	0.0000	0.0000	1.0000	0.0000	0.0000	0.0000
0.0000	0.0000	0.0000	0.0000	0.0000	0.0000	0.0227	0.0000	0.0000	0.0147	0.0027	0.9599
0.0000	0.0000	0.0000	0.0000	0.0000	0.0000	0.0167	0.0000	0.0000	0.4014	0.0007	0.5812
0.0000	0.0000	0.0000	0.0000	0.0000	0.0000	0.0000	0.0000	0.0000	0.0000	1.0000	0.0000
0.0000	0.0000	0.0000	0.0000	0.0000	0.0000	0.0001	0.0000	0.0000	0.9907	0.0025	0.0067
0.0000	0.0000	0.0000	0.0000	0.0000	0.0000	0.5274	0.0000	0.0000	0.0090	0.0000	0.4636
0.0000	0.0000	0.0000	0.0000	0.0000	0.0005	0.0017	0.0001	0.0000	0.5368	0.0000	0.4609
0.0000	0.0000	0.0000	0.0003	0.0000	0.0000	0.0000	0.0000	0.2647	0.7350	0.0000	0.0000
0.0000	0.0000	0.0032	0.0000	0.0000	0.0000	0.9615	0.0000	0.0000	0.0010	0.0000	0.0343
0.0000	0.0000	0.0000	0.0000	0.0000	0.0000	1.0000	0.0000	0.0000	0.0000	0.0000	0.0000
0.0000	0.0000	0.0004	0.0000	0.0000	0.0000	0.9930	0.0000	0.0000	0.0001	0.0000	0.0065
0.0000	0.0000	0.9959	0.0000	0.0000	0.0037	0.0000	0.0000	0.0000	0.0000	0.0000	0.0005
0.0000	0.0000	0.0000	0.0002	0.0000	0.0000	0.1473	0.0000	0.0000	0.2270	0.0000	0.6255
1.0000	0.0000	0.0000	0.0000	0.0000	0.0000	0.0000	0.0000	0.0000	0.0000	0.0000	0.0000
0.0015	0.0000	0.0000	0.0000	0.0000	0.0003	0.0195	0.0000	0.0000	0.0647	0.0003	0.9138
0.0006	0.0000	0.0000	0.0000	0.0000	0.0000	0.0000	0.0000	0.0065	0.9926	0.0001	0.0001
0.0000	0.0000	0.0000	0.0000	0.0000	0.0000	0.0000	0.0000	0.0000	0.0002	0.9998	0.0000
0.0001	0.0067	0.0001	0.0000	0.0000	0.9062	0.0348	0.0092	0.0000	0.0001	0.0000	0.0428
1.0000	0.0000	0.0000	0.0000	0.0000	0.0000	0.0000	0.0000	0.0000	0.0000	0.0000	0.0000
1.0000	0.0000	0.0000	0.0000	0.0000	0.0000	0.0000	0.0000	0.0000	0.0000	0.0000	0.0000
0.0000	0.0000	0.0000	0.0000	0.0000	0.0000	0.0000	0.0000	1.0000	0.0000	0.0000	0.0000
0.0001	0.0000	0.0000	0.0000	0.0000	0.0000	0.0000	0.0000	0.0000	0.9959	0.0000	0.0039
0.0000	0.0041	0.1262	0.0000	0.0000	0.8641	0.0056	0.0000	0.0000	0.0000	0.0000	0.0000
0.1460	0.0000	0.0000	0.0000	0.0000	0.0056	0.0000	0.0001	0.0000	0.8150	0.0000	0.0332
0.0009	0.0000	0.0000	0.0000	0.0000	0.0001	0.0062	0.0000	0.0000	0.9911	0.0000	0.0017
0.0000	0.0000	0.0000	0.0000	0.0000	0.0000	0.0000	0.0000	0.0000	0.0000	1.0000	0.0000
0.0000	0.0009	0.7477	0.0000	0.0000	0.0247	0.1836	0.0391	0.0000	0.0000	0.0000	0.0038
0.0060	0.0000	0.0002	0.0000	0.0000	0.8691	0.1141	0.0054	0.0000	0.0001	0.0000	0.0050
0.0000	0.0000	0.0000	0.0000	0.0000	0.0000	0.0001	0.2238	0.0000	0.0000	0.0033	0.7728
1.0000	0.0000	0.0000	0.0000	0.0000	0.0000	0.0000	0.0000	0.0000	0.0000	0.0000	0.0000
0.0001	0.0000	0.0000	0.0000	0.0000	0.0000	0.0000	0.0000	0.9999	0.0000	0.0000	0.0000
0.0000	0.0000	0.0042	0.0000	0.0000	0.0001	0.1226	0.0000	0.0000	0.2131	0.0000	0.6600
0.0000	0.0000	0.0002	0.0000	0.0000	0.0000	0.9994	0.0000	0.0000	0.0000	0.0000	0.0003
0.0000	0.2859	0.0661	0.0000	0.0000	0.6479	0.0000	0.0000	0.0000	0.0000	0.0000	0.0000
0.0000	0.0000	0.0000	0.0000	0.0000	0.0000	0.0004	0.0000	0.0000	0.0000	0.0000	0.9996
0.0000	0.0000	0.0000	0.0000	0.0000	0.0047	0.0000	0.0000	0.9953	0.0000	0.0000	0.0000
0.0000	0.0000	0.0000	0.0000	0.0000	0.0004	0.0000	0.0000	0.9996	0.0000	0.0000	0.0000
0.0000	0.0000	0.0000	0.0000	0.0000	0.0000	0.0004	0.0000	0.0000	0.9832	0.0000	0.0163
0.0000	0.0000	0.0000	0.0000	1.0000	0.0000	0.0000	0.0000	0.0000	0.0000	0.0000	0.0000
0.0016	0.0000	0.0000	0.0000	0.0000	0.0000	0.6844	0.0000	0.0000	0.3132	0.0000	0.0008
0.0000	0.0000	0.0000	0.0000	0.0000	0.0000	0.0000	0.0000	1.0000	0.0000	0.0000	0.0000
0.0000	0.0000	0.0000	0.0000	0.0000	0.0000	0.0000	0.0000	1.0000	0.0000	0.0000	0.0000
0.0000	0.0000	0.0000	0.0000	0.0000	0.0001	0.0000	0.0000	0.9771	0.0228	0.0000	0.0000
0.0544	0.0000	0.0000	0.0000	0.0000	0.0052	0.0000	0.0000	0.9389	0.0014	0.0000	0.0000
0.0000	0.0000	0.0000	0.9277	0.0207	0.0000	0.0000	0.0000	0.0000	0.0000	0.0517	0.0000
0.0000	0.0000	0.0003	0.0000	0.0000	0.8274	0.1667	0.0000	0.0000	0.0000	0.0000	0.0056
0.0000	1.0000	0.0000	0.0000	0.0000	0.0000	0.0000	0.0000	0.0000	0.0000	0.0000	0.0000
0.0000	0.0000	0.0000	0.0000	0.0000	0.0000	0.1544	0.0000	0.0000	0.0635	0.0001	0.7821
0.0000	0.0000	0.0000	0.0000	0.0000	0.0000	0.9681	0.0000	0.0000	0.0006	0.0000	0.0313
0.0195	0.0000	0.9538	0.0000	0.0000	0.0028	0.0037	0.0094	0.0000	0.0000	0.0000	0.0108
0.0000	0.0000	0.0001	0.0000	0.0000	0.0000	0.7761	0.0000	0.0000	0.0596	0.0000	0.1643
0.0000	0.0000	0.0000	0.0000	0.0000	0.0000	0.9721	0.0269	0.0000	0.0009	0.0000	0.0002
0.0015	0.0000	0.6858	0.0000	0.0000	0.0139	0.1692	0.0001	0.0000	0.0000	0.0000	0.1294
0.0000	0.0000	0.0007	0.0000	0.0000	0.0000	0.0030	0.9923	0.0000	0.0039	0.0000	0.0000
0.0000	0.0000	0.0000	0.0000	0.0000	0.0000	0.0097	0.0001	0.0000	0.0000	0.0000	0.9902
0.0000	0.0000	0.0000	0.0085	0.0000	0.0000	0.0000	0.0000	0.0000	0.0010	0.9905	0.0000
0.0068	0.3303	0.0412	0.0000	0.0000	0.0000	0.5163	0.0490	0.0000	0.0000	0.0000	0.0564
0.0000	0.0000	0.0000	0.0000	0.0000	0.0000	0.4920	0.0001	0.0000	0.0000	0.0000	0.5079
0.0000	0.0000	0.0137	0.0000	0.0000	0.0079	0.0180	0.0000	0.0000	0.0000	0.0000	0.9604
0.0000	0.0000	0.0000	0.0000	0.0000	0.0000	0.2272	0.0000	0.0000	0.0011	0.0000	0.7717
0.0000	0.0000	0.0000	0.0000	0.0000	0.0000	0.0000	0.0000	0.0000	0.0000	1.0000	0.0000
0.0000	0.0000	0.0030	0.0000	0.0000	0.9968	0.0002	0.0000	0.0000	0.0000	0.0000	0.0000
0.0000	0.0000	1.0000	0.0000	0.0000	0.0000	0.0000	0.0000	0.0000	0.0000	0.0000	0.0000
0.0000	0.0000	1.0000	0.0000	0.0000	0.0000	0.0000	0.0000	0.0000	0.0000	0.0000	0.0000
0.0000	0.0000	0.0003	0.0000	0.0000	0.0000	0.0000	0.0000	0.0000	0.0000	0.0000	0.9997
0.0000	0.0000	0.0000	0.0000	0.0000	0.0000	0.0000	0.0000	0.0000	0.0000	0.0000	1.0000
0.0000	0.0000	0.9959	0.0000	0.0000	0.0000	0.0000	0.0000	0.0000	0.0000	0.0000	0.0041
0.0000	0.0000	0.0000	0.0000	0.0000	0.0000	0.0000	0.0000	0.0000	0.0000	0.0000	1.0000
0.0000	0.0000	0.0000	0.0000	0.0000	0.0000	0.0000	0.0000	0.0000	0.0000	0.0000	1.0000
0.0000	0.0000	0.0000	0.0000	0.0000	0.0000	0.0000	0.0000	0.0000	0.0000	0.0000	1.0000
0.0000	0.0000	0.9749	0.0000	0.0000	0.0000	0.0000	0.0000	0.0000	0.0000	0.0000	0.0251
0.0000	0.0000	0.0326	0.0000	0.0000	0.0000	0.0000	0.0000	0.0000	0.0000	0.0000	0.9674
0.0000	0.0000	0.0018	0.0000	0.0000	0.0000	0.0000	0.0000	0.0000	0.0000	0.0000	0.9982
0.0000	0.0000	0.9992	0.0000	0.0000	0.0000	0.0000	0.0000	0.0000	0.0000	0.0000	0.0008
0.0000	0.0000	0.9768	0.0000	0.0000	0.0000	0.0000	0.0000	0.0000	0.0000	0.0000	0.0232
0.0000	0.0000	0.0000	0.0000	0.0000	0.0000	0.0000	0.0000	0.0000	0.0000	0.0000	1.0000
0.0000	0.0000	0.0000	0.0000	0.0000	0.0000	0.0000	0.0000	0.0000	0.0000	0.0000	0.9999
0.0000	0.0000	1.0000	0.0000	0.0000	0.0000	0.0000	0.0000	0.0000	0.0000	0.0000	0.0000
0.0000	0.0000	1.0000	0.0000	0.0000	0.0000	0.0000	0.0000	0.0000	0.0000	0.0000	0.0000
0.0000	0.0000	1.0000	0.0000	0.0000	0.0000	0.0000	0.0000	0.0000	0.0000	0.0000	0.0000
0.0000	0.0000	0.8948	0.0000	0.0000	0.0000	0.0000	0.0000	0.0000	0.0000	0.0000	0.1052
0.0000	0.0000	0.3675	0.0000	0.0000	0.0000	0.0000	0.0000	0.0000	0.0000	0.0000	0.6325
0.0000	0.0000	0.0000	0.0000	0.0000	0.0000	0.0000	0.0000	0.0000	0.0000	0.0000	1.0000
0.0000	0.0000	1.0000	0.0000	0.0000	0.0000	0.0000	0.0000	0.0000	0.0000	0.0000	0.0000
0.0000	0.0000	0.0000	0.0000	0.0000	0.0000	1.0000	0.0000	0.0000	0.0000	0.0000	0.0000
0.0000	0.0000	0.0000	0.0000	0.0000	0.0000	0.0000	0.0000	1.0000	0.0000	0.0000	0.0000
0.0000	0.0000	0.0000	0.0000	0.0000	0.0000	1.0000	0.0000	0.0000	0.0000	0.0000	0.0000
0.0000	0.0000	0.0000	0.0000	0.0000	0.0000	0.0006	0.0000	0.9994	0.0000	0.0000	0.0000
0.0000	0.0000	0.0000	0.0000	0.0000	0.0000	0.0000	0.0000	1.0000	0.0000	0.0000	0.0000
0.0000	0.0000	0.0006	0.0000	0.0000	0.0000	0.9994	0.0000	0.0000	0.0000	0.0000	0.0000
0.0000	0.0000	0.0000	0.0000	0.0000	0.0000	0.0000	0.0000	1.0000	0.0000	0.0000	0.0000
0.0000	0.0000	0.0000	0.0000	0.0000	0.0000	0.0000	0.0000	1.0000	0.0000	0.0000	0.0000
0.0000	0.0000	0.0000	0.0000	0.0000	0.0000	1.0000	0.0000	0.0000	0.0000	0.0000	0.0000
0.0000	0.0000	0.0000	0.0000	0.0000	0.0000	0.0000	0.0000	1.0000	0.0000	0.0000	0.0000
0.0000	0.0000	0.0000	0.0000	0.0000	0.0000	1.0000	0.0000	0.0000	0.0000	0.0000	0.0000
0.0000	0.0000	0.0000	0.0000	0.0000	0.0000	0.0000	0.0000	1.0000	0.0000	0.0000	0.0000
0.0000	0.0000	0.0000	0.4110	0.0000	0.0000	0.5890	0.0000	0.0000	0.0000	0.0000	0.0000
0.0000	0.0000	0.7469	0.0000	0.0000	0.0000	0.2531	0.0000	0.0000	0.0000	0.0000	0.0000
0.0000	0.0000	0.0000	0.0000	0.0000	0.0000	0.0000	0.0000	1.0000	0.0000	0.0000	0.0000
0.0000	0.0000	0.0000	0.0000	0.0000	0.0000	1.0000	0.0000	0.0000	0.0000	0.0000	0.0000
0.0000	0.0000	0.5020	0.0000	0.0000	0.0002	0.4978	0.0000	0.0000	0.0000	0.0000	0.0000
0.0000	0.0000	0.9284	0.0000	0.0000	0.0002	0.0714	0.0000	0.0000	0.0000	0.0000	0.0000
0.0000	0.0000	0.0000	0.0000	0.0000	0.0000	1.0000	0.0000	0.0000	0.0000	0.0000	0.0000
0.0000	0.0000	0.0000	0.0000	0.0000	0.0000	0.0000	0.0000	1.0000	0.0000	0.0000	0.0000
0.0000	0.0000	0.0000	0.0000	0.0000	0.0000	0.0000	0.0000	1.0000	0.0000	0.0000	0.0000
0.0000	0.0000	0.0000	0.0000	0.0000	0.0000	0.0000	0.0000	1.0000	0.0000	0.0000	0.0000
0.0000	0.0000	0.0596	0.0000	0.0000	0.0000	0.9404	0.0000	0.0000	0.0000	0.0000	0.0000
0.0000	0.0000	0.9883	0.0000	0.0000	0.0000	0.0117	0.0000	0.0000	0.0000	0.0000	0.0000
0.0000	0.0000	0.0024	0.0000	0.0000	0.0000	0.9976	0.0000	0.0000	0.0000	0.0000	0.0000
0.0000	0.0000	0.0000	0.0000	0.0000	0.0000	0.0000	0.0000	1.0000	0.0000	0.0000	0.0000
0.0000	0.0000	0.0322	0.0000	0.0000	0.0000	0.9678	0.0000	0.0000	0.0000	0.0000	0.0000
0.0000	0.0000	0.0000	0.0000	0.0000	0.0000	0.0000	0.0000	1.0000	0.0000	0.0000	0.0000
0.0000	0.0000	0.0000	0.0000	0.0000	0.0054	0.9946	0.0000	0.0000	0.0000	0.0000	0.0000
0.0000	0.0000	0.0000	0.0000	0.0000	0.0000	1.0000	0.0000	0.0000	0.0000	0.0000	0.0000
