0.0424	0.0000	0.0001	0.0000	0.0000	0.0001	0.0446	0.0001	0.0000	0.0003	0.0141	0.8982
0.0000	0.6775	0.2604	0.0000	0.0000	0.0000	0.0002	0.0619	0.0000	0.0000	0.0000	0.0000
0.0000	0.0901	0.5071	0.0000	0.0000	0.2256	0.0543	0.1173	0.0000	0.0000	0.0000	0.0056
0.0000	0.0000	0.0017	0.0000	0.0000	0.0000	0.0207	0.0061	0.0000	0.0006	0.0302	0.9407
0.0000	0.0000	0.0000	0.0000	0.0000	0.0000	0.0000	0.9902	0.0000	0.0000	0.0000	0.0098
0.0048	0.0000	0.0000	0.0000	0.0000	0.0000	0.0000	0.0000	0.9952	0.0000	0.0000	0.0000
0.0005	0.0000	0.0000	0.0000	0.0000	0.0000	0.0000	0.0000	0.0000	0.9995	0.0000	0.0000
0.0000	0.0000	0.0000	0.0000	0.0000	0.0000	0.0000	0.0000	0.0000	0.0000	0.8720	0.1280
0.0000	0.0016	0.1364	0.0000	0.0000	0.8602	0.0016	0.0001	0.0000	0.0000	0.0000	0.0001
0.0000	0.0000	0.0116	0.0000	0.0000	0.0002	0.6875	0.0129	0.0000	0.0000	0.0000	0.2878
0.0000	0.0000	0.0000	0.0000	0.0000	0.0135	0.1656	0.0049	0.0000	0.0683	0.0000	0.7477
0.0000	0.0000	0.0000	0.0000	0.0000	0.0612	0.0535	0.0002	0.0000	0.0107	0.0000	0.8744
0.0000	0.0000	0.0000	0.0000	0.0000	0.0000	0.0000	0.0000	1.0000	0.0000	0.0000	0.0000
0.0034	0.0000	0.0002	0.0000	0.0000	0.0074	0.9579	0.0208	0.0000	0.0022	0.0000	0.0081
0.0108	0.0000	0.0000	0.0000	0.0000	0.0154	0.8897	0.0282	0.0000	0.0028	0.0000	0.0529
0.5803	0.0000	0.0001	0.0000	0.0000	0.0007	0.0069	0.0015	0.4071	0.0021	0.0000	0.0012
0.0000	0.0013	0.0104	0.0000	0.0000	0.8833	0.0759	0.0286	0.0000	0.0000	0.0000	0.0005
0.0000	0.0001	0.2531	0.0000	0.0000	0.6673	0.0636	0.0079	0.0000	0.0000	0.0000	0.0079
0.0010	0.0000	0.0000	0.0000	0.0000	0.0000	0.0000	0.0000	0.9988	0.0002	0.0000	0.0000
0.0000	0.0000	0.0000	0.0000	0.0000	0.0000	0.0000	0.0000	1.0000	0.0000	0.0000	0.0000
0.0000	0.0000	0.0000	0.0000	0.0000	0.0000	0.6364	0.0000	0.0000	0.0013	0.0004	0.3620
0.0000	0.0000	0.0000	0.0000	0.0000	0.0000	0.0209	0.0000	0.0000	0.3300	0.0003	0.6488
0.0000	0.0000	0.0000	0.0000	0.1048	0.0000	0.0000	0.0000	0.0000	0.0000	0.8952	0.0000
0.0000	0.0000	0.0000	0.0000	0.0000	0.0000	0.0001	0.0000	0.0000	0.9763	0.0007	0.0229
0.0001	0.0000	0.0000	0.0001	0.0000	0.0000	0.9487	0.0100	0.0000	0.0001	0.0000	0.0412
0.0001	0.0000	0.0000	0.0000	0.0000	0.0063	0.1207	0.0052	0.0000	0.0149	0.0000	0.8527
0.0000	0.0000	0.0000	0.0016	0.0000	0.0000	0.0000	0.0000	0.4887	0.5097	0.0000	0.0000
0.0000	0.0000	0.0084	0.0000	0.0001	0.0000	0.4234	0.4744	0.0000	0.0715	0.0000	0.0221
0.0000	0.0000	0.0000	0.0000	0.0000	0.0000	0.9356	0.0642	0.0000	0.0000	0.0000	0.0002
0.0000	0.0010	0.0224	0.0000	0.0000	0.0003	0.9413	0.0127	0.0000	0.0001	0.0000	0.0222
0.0001	0.0000	0.9822	0.0000	0.0000	0.0171	0.0000	0.0000	0.0000	0.0002	0.0000	0.0004
0.0000	0.0000	0.0000	0.0000	0.0000	0.0000	0.0172	0.0000	0.0000	0.9819	0.0000	0.0009
1.0000	0.0000	0.0000	0.0000	0.0000	0.0000	0.0000	0.0000	0.0000	0.0000	0.0000	0.0000
0.0000	0.0000	0.0006	0.0000	0.0000	0.0000	0.0024	0.0002	0.0000	0.0002	0.0001	0.9965
0.1120	0.0000	0.0000	0.0000	0.0000	0.0000	0.0000	0.0000	0.0147	0.8241	0.0444	0.0049
0.0000	0.0000	0.0000	0.0000	0.0000	0.0000	0.0000	0.0000	0.0000	0.9345	0.0655	0.0000
0.0000	0.1316	0.7451	0.0000	0.0000	0.0371	0.0256	0.0457	0.0000	0.0000	0.0000	0.0149
1.0000	0.0000	0.0000	0.0000	0.0000	0.0000	0.0000	0.0000	0.0000	0.0000	0.0000	0.0000
1.0000	0.0000	0.0000	0.0000	0.0000	0.0000	0.0000	0.0000	0.0000	0.0000	0.0000	0.0000
0.0000	0.0000	0.0000	0.0000	0.0000	0.0000	0.0000	0.0000	1.0000	0.0000	0.0000	0.0000
0.0000	0.0000	0.0000	0.0000	0.0000	0.0000	0.0000	0.0000	0.0000	0.9999	0.0000	0.0001
0.0000	0.1270	0.5555	0.0000	0.0000	0.3116	0.0048	0.0009	0.0000	0.0000	0.0000	0.0002
0.5712	0.0000	0.0000	0.0000	0.0000	0.0139	0.0055	0.0037	0.0000	0.0021	0.0000	0.4036
0.0357	0.0000	0.0001	0.0000	0.0000	0.0041	0.5493	0.0192	0.0000	0.0875	0.0006	0.3035
0.0000	0.0000	0.0000	0.0000	0.0000	0.0000	0.0000	0.0000	0.0000	0.0000	1.0000	0.0000
0.0000	0.0468	0.8696	0.0000	0.0000	0.0379	0.0319	0.0112	0.0000	0.0000	0.0000	0.0027
0.0094	0.0012	0.0356	0.0000	0.0000	0.5370	0.3259	0.0119	0.0000	0.0000	0.0000	0.0789
0.0000	0.0000	0.0000	0.0000	0.0000	0.0000	0.0013	0.3427	0.0000	0.0000	0.0035	0.6525
0.9956	0.0000	0.0000	0.0000	0.0000	0.0000	0.0000	0.0000	0.0013	0.0031	0.0000	0.0000
0.0011	0.0000	0.0000	0.0000	0.0000	0.0000	0.0000	0.0000	0.9989	0.0000	0.0000	0.0000
0.0000	0.0000	0.0315	0.0000	0.0000	0.0001	0.9472	0.0033	0.0000	0.0000	0.0000	0.0179
0.0000	0.0000	0.0000	0.0000	0.0000	0.0000	0.9993	0.0000	0.0000	0.0000	0.0000	0.0006
0.0000	0.0535	0.0622	0.0000	0.0000	0.8835	0.0005	0.0003	0.0000	0.0000	0.0000	0.0000
0.0000	0.0000	0.0000	0.0000	0.0000	0.0000	0.0005	0.0000	0.0000	0.0004	0.0000	0.9991
0.0000	0.0000	0.0000	0.0000	0.0000	0.0000	0.0000	0.0000	1.0000	0.0000	0.0000	0.0000
0.0000	0.0000	0.0000	0.0000	0.0000	0.0000	0.0000	0.0000	1.0000	0.0000	0.0000	0.0000
0.0000	0.0000	0.0000	0.0000	0.0000	0.0000	0.0001	0.0000	0.0000	0.9998	0.0000	0.0002
0.0000	0.0000	0.0000	0.0000	1.0000	0.0000	0.0000	0.0000	0.0000	0.0000	0.0000	0.0000
0.0012	0.0000	0.0000	0.0000	0.0000	0.0000	0.1518	0.0002	0.0000	0.8467	0.0000	0.0002
0.0021	0.0000	0.0000	0.0000	0.0000	0.0000	0.0000	0.0000	0.9979	0.0000	0.0000	0.0000
0.0007	0.0000	0.0000	0.0000	0.0000	0.0000	0.0000	0.0000	0.9993	0.0000	0.0000	0.0000
0.0000	0.0000	0.0000	0.0000	0.0000	0.0000	0.0000	0.0000	0.9996	0.0003	0.0000	0.0000
0.0002	0.0000	0.0000	0.0000	0.0000	0.0000	0.0000	0.0000	0.9997	0.0000	0.0000	0.0000
0.0000	0.0000	0.0000	0.0000	0.9982	0.0000	0.0000	0.0000	0.0000	0.0000	0.0018	0.0000
0.0000	0.0000	0.2467	0.0000	0.0000	0.0328	0.6531	0.0123	0.0000	0.0000	0.0000	0.0552
0.0000	0.9799	0.0076	0.0000	0.0000	0.0055	0.0001	0.0068	0.0000	0.0000	0.0000	0.0000
0.0000	0.0000	0.0000	0.0000	0.0000	0.0000	0.2661	0.0000	0.0000	0.0000	0.0000	0.7339
0.0000	0.0000	0.0000	0.0000	0.0000	0.0000	0.9126	0.0001	0.0000	0.0000	0.0000	0.0873
0.9320	0.0000	0.0550	0.0000	0.0000	0.0039	0.0032	0.0004	0.0005	0.0013	0.0000	0.0037
0.0002	0.0000	0.0002	0.0000	0.0000	0.0010	0.3082	0.0017	0.0000	0.0110	0.0000	0.6778
0.0000	0.0000	0.0000	0.0000	0.0000	0.0000	0.7229	0.2764	0.0000	0.0000	0.0000	0.0006
0.0329	0.0000	0.6457	0.0000	0.0000	0.0028	0.1263	0.0106	0.0000	0.0028	0.0000	0.1790
0.0000	0.0000	0.0004	0.0000	0.0000	0.0002	0.0203	0.9710	0.0000	0.0021	0.0000	0.0060
0.0000	0.0000	0.0000	0.0000	0.0000	0.0000	0.0035	0.0048	0.0000	0.0000	0.0000	0.9917
0.0000	0.0000	0.0000	0.0000	0.0000	0.0000	0.0000	0.0000	0.0000	0.9997	0.0003	0.0000
0.0048	0.8586	0.0930	0.0000	0.0000	0.0000	0.0317	0.0022	0.0000	0.0000	0.0000	0.0097
0.0001	0.0000	0.0000	0.0000	0.0000	0.0000	0.2352	0.2224	0.0000	0.0000	0.0000	0.5423
0.0004	0.0008	0.0521	0.0000	0.0000	0.0387	0.1566	0.0297	0.0000	0.0000	0.0000	0.7217
0.0000	0.0000	0.0000	0.0000	0.0000	0.0000	0.4932	0.0000	0.0000	0.4971	0.0000	0.0097
0.0000	0.0000	0.0000	0.0000	0.0000	0.0000	0.0000	0.0000	0.0000	0.0000	1.0000	0.0000
0.0000	0.0071	0.0993	0.0000	0.0000	0.8919	0.0007	0.0007	0.0000	0.0000	0.0000	0.0003
0.0003	0.0000	0.8963	0.0000	0.0000	0.1015	0.0000	0.0000	0.0010	0.0009	0.0000	0.0000
0.0003	0.0000	0.9452	0.0000	0.0000	0.0523	0.0000	0.0000	0.0011	0.0009	0.0000	0.0001
0.0000	0.0000	0.0013	0.0000	0.0000	0.0000	0.0229	0.0000	0.0000	0.0000	0.0000	0.9758
0.0000	0.0000	0.0000	0.0000	0.0000	0.0000	0.0001	0.0000	0.0000	0.0000	0.0000	0.9999
0.0000	0.0000	0.9999	0.0000	0.0000	0.0000	0.0000	0.0000	0.0000	0.0000	0.0000	0.0001
0.0000	0.0000	0.0000	0.0000	0.0000	0.0000	0.0000	0.0000	0.0000	0.0000	0.0000	1.0000
0.0000	0.0000	0.0000	0.0000	0.0000	0.0000	0.0000	0.0000	0.0000	0.0000	0.0000	1.0000
0.0000	0.0000	0.0000	0.0000	0.0000	0.0000	0.0000	0.0000	0.0000	0.0000	0.0000	1.0000
0.0000	0.0000	0.9569	0.0000	0.0000	0.0006	0.0000	0.0000	0.0000	0.0000	0.0000	0.0425
0.0000	0.0000	0.0000	0.0000	0.0000	0.0000	0.0000	0.0000	0.0000	0.0000	0.0000	1.0000
0.0000	0.0000	0.0003	0.0000	0.0000	0.0000	0.0000	0.0000	0.0000	0.0000	0.0000	0.9997
0.0000	0.0000	0.9889	0.0000	0.0000	0.0001	0.0000	0.0000	0.0006	0.0001	0.0000	0.0103
0.0005	0.0000	0.9973	0.0000	0.0000	0.0000	0.0000	0.0000	0.0002	0.0001	0.0000	0.0018
0.0000	0.0000	0.0000	0.0000	0.0000	0.0000	0.0000	0.0000	0.0000	0.0000	0.0000	1.0000
0.0000	0.0000	0.0001	0.0000	0.0000	0.0002	0.0000	0.0000	0.0002	0.0000	0.0000	0.9995
0.0004	0.0000	0.9657	0.0000	0.0000	0.0322	0.0000	0.0000	0.0009	0.0007	0.0000	0.0001
0.0003	0.0000	0.9445	0.0000	0.0000	0.0530	0.0000	0.0000	0.0009	0.0011	0.0000	0.0002
0.0000	0.0000	0.9846	0.0000	0.0000	0.0139	0.0000	0.0000	0.0006	0.0007	0.0000	0.0002
0.0003	0.0000	0.9966	0.0000	0.0000	0.0000	0.0000	0.0000	0.0009	0.0000	0.0000	0.0022
0.0001	0.0000	0.9818	0.0000	0.0000	0.0001	0.0000	0.0000	0.0000	0.0000	0.0000	0.0180
0.0000	0.0000	0.0000	0.0000	0.0000	0.0000	0.0000	0.0000	0.0000	0.0000	0.0000	1.0000
0.0000	0.0000	0.9995	0.0000	0.0000	0.0000	0.0000	0.0000	0.0003	0.0001	0.0000	0.0001
0.0000	0.0000	0.0001	0.0000	0.0000	0.0000	0.9999	0.0000	0.0000	0.0000	0.0000	0.0000
0.0000	0.0000	0.0000	0.0000	0.0000	0.0000	0.0000	0.0000	1.0000	0.0000	0.0000	0.0000
0.0000	0.0000	0.0018	0.0000	0.0000	0.0000	0.9982	0.0000	0.0000	0.0000	0.0000	0.0000
0.0000	0.0000	0.0000	0.0000	0.0000	0.0000	0.9963	0.0000	0.0037	0.0000	0.0000	0.0000
0.0000	0.0000	0.0000	0.0000	0.0000	0.0000	0.0000	0.0000	1.0000	0.0000	0.0000	0.0000
0.0000	0.0000	0.0001	0.0000	0.0000	0.0000	0.9999	0.0000	0.0000	0.0000	0.0000	0.0000
0.0000	0.0000	0.0000	0.0000	0.0000	0.0000	0.0000	0.0000	1.0000	0.0000	0.0000	0.0000
0.0000	0.0000	0.0000	0.0000	0.0000	0.0000	0.0000	0.0000	1.0000	0.0000	0.0000	0.0000
0.0000	0.0000	0.0000	0.0000	0.0000	0.0000	1.0000	0.0000	0.0000	0.0000	0.0000	0.0000
0.0000	0.0000	0.0000	0.0000	0.0000	0.0000	0.0000	0.0000	1.0000	0.0000	0.0000	0.0000
0.0000	0.0000	0.0002	0.0000	0.0000	0.0001	0.9997	0.0000	0.0000	0.0000	0.0000	0.0000
0.0000	0.0000	0.0000	0.0000	0.0000	0.0000	0.0003	0.0000	0.9997	0.0000	0.0000	0.0000
0.0000	0.0000	0.0000	0.0000	0.0000	0.0000	1.0000	0.0000	0.0000	0.0000	0.0000	0.0000
0.0000	0.0000	0.8192	0.0000	0.0000	0.0003	0.1806	0.0000	0.0000	0.0000	0.0000	0.0000
0.0000	0.0000	0.0000	0.0000	0.0000	0.0000	0.0000	0.0000	1.0000	0.0000	0.0000	0.0000
0.0000	0.0000	0.0000	0.0000	0.0000	0.0000	1.0000	0.0000	0.0000	0.0000	0.0000	0.0000
0.0000	0.0000	0.9466	0.0000	0.0000	0.0019	0.0516	0.0000	0.0000	0.0000	0.0000	0.0000
0.0000	0.0000	0.9765	0.0000	0.0000	0.0025	0.0209	0.0000	0.0000	0.0000	0.0000	0.0000
0.0000	0.0000	0.0118	0.0000	0.0000	0.0000	0.9882	0.0000	0.0000	0.0000	0.0000	0.0000
0.0000	0.0000	0.0000	0.0000	0.0000	0.0000	0.0000	0.0000	1.0000	0.0000	0.0000	0.0000
0.0000	0.0000	0.0000	0.0000	0.0000	0.0000	0.0000	0.0000	1.0000	0.0000	0.0000	0.0000
0.0000	0.0000	0.0000	0.0000	0.0000	0.0000	0.0000	0.0000	1.0000	0.0000	0.0000	0.0000
0.0000	0.0000	0.0045	0.0000	0.0000	0.0000	0.9955	0.0000	0.0000	0.0000	0.0000	0.0000
0.0000	0.0000	0.9756	0.0000	0.0000	0.0007	0.0237	0.0000	0.0000	0.0000	0.0000	0.0000
0.0000	0.0000	0.0005	0.0000	0.0000	0.0000	0.9995	0.0000	0.0000	0.0000	0.0000	0.0000
0.0000	0.0000	0.0000	0.0000	0.0000	0.0000	0.0000	0.0000	1.0000	0.0000	0.0000	0.0000
0.0000	0.0000	0.8152	0.0000	0.0000	0.0000	0.1848	0.0000	0.0000	0.0000	0.0000	0.0000
0.0000	0.0000	0.0000	0.0000	0.0000	0.0000	0.0000	0.0000	1.0000	0.0000	0.0000	0.0000
0.0000	0.0000	0.0050	0.0000	0.0000	0.1841	0.8109	0.0000	0.0000	0.0000	0.0000	0.0000
0.0000	0.0000	0.0001	0.0000	0.0000	0.0000	0.9999	0.0000	0.0000	0.0000	0.0000	0.0000
