0.0299	0.0000	0.0001	0.0000	0.0000	0.0000	0.2998	0.0000	0.0000	0.0000	0.2407	0.4296
0.0000	1.0000	0.0000	0.0000	0.0000	0.0000	0.0000	0.0000	0.0000	0.0000	0.0000	0.0000
0.0000	0.4411	0.1812	0.0000	0.0000	0.0346	0.0323	0.3100	0.0000	0.0000	0.0000	0.0008
0.0000	0.0000	0.0004	0.0000	0.0000	0.0000	0.0015	0.0013	0.0000	0.0000	0.6618	0.3350
0.0000	0.0000	0.0000	0.0000	0.0000	0.0000	0.0000	0.9998	0.0000	0.0000	0.0001	0.0001
0.0001	0.0000	0.0000	0.0000	0.0000	0.0000	0.0000	0.0000	0.9999	0.0000	0.0000	0.0000
0.0000	0.0000	0.0000	0.0000	0.0000	0.0000	0.0000	0.0000	0.0000	1.0000	0.0000	0.0000
0.0000	0.0000	0.0000	0.0000	0.0000	0.0000	0.0000	0.0000	0.0000	0.0000	1.0000	0.0000
0.0000	0.0005	0.0131	0.0000	0.0000	0.9862	0.0001	0.0000	0.0000	0.0000	0.0000	0.0000
0.0000	0.0000	0.0079	0.0000	0.0000	0.0000	0.6674	0.1298	0.0000	0.0000	0.0000	0.1949
0.0000	0.0000	0.0000	0.0000	0.0000	0.0001	0.4336	0.0005	0.0000	0.2845	0.0000	0.2813
0.0000	0.0000	0.0000	0.0000	0.0000	0.0118	0.1872	0.0004	0.0000	0.0928	0.0000	0.7078
0.0000	0.0000	0.0000	0.0000	0.0000	0.0000	0.0000	0.0000	1.0000	0.0000	0.0000	0.0000
0.0001	0.0000	0.0000	0.0000	0.0000	0.0013	0.9960	0.0012	0.0000	0.0001	0.0000	0.0013
0.0009	0.0000	0.0000	0.0000	0.0000	0.0078	0.9498	0.0192	0.0000	0.0003	0.0000	0.0220
0.7194	0.0000	0.0000	0.0000	0.0000	0.0009	0.0439	0.0075	0.2266	0.0005	0.0000	0.0012
0.0000	0.0003	0.0004	0.0000	0.0000	0.9800	0.0161	0.0032	0.0000	0.0000	0.0000	0.0000
0.0000	0.0002	0.1695	0.0000	0.0000	0.6726	0.1521	0.0039	0.0000	0.0000	0.0000	0.0016
0.0000	0.0000	0.0000	0.0000	0.0000	0.0000	0.0000	0.0000	1.0000	0.0000	0.0000	0.0000
0.0000	0.0000	0.0000	0.0000	0.0000	0.0000	0.0000	0.0000	1.0000	0.0000	0.0000	0.0000
0.0000	0.0000	0.0000	0.0000	0.0000	0.0000	0.9608	0.0000	0.0000	0.0004	0.0004	0.0384
0.0000	0.0000	0.0000	0.0000	0.0000	0.0000	0.1005	0.0000	0.0000	0.8872	0.0034	0.0089
0.0000	0.0000	0.0000	0.0000	0.0074	0.0000	0.0000	0.0000	0.0000	0.0000	0.9926	0.0000
0.0000	0.0000	0.0000	0.0000	0.0000	0.0000	0.0000	0.0000	0.0000	0.9990	0.0009	0.0000
0.0000	0.0000	0.0000	0.0000	0.0000	0.0000	0.9983	0.0013	0.0000	0.0000	0.0000	0.0003
0.0000	0.0000	0.0000	0.0000	0.0000	0.0068	0.0279	0.0010	0.0000	0.0067	0.0000	0.9576
0.0000	0.0000	0.0000	0.0000	0.0000	0.0000	0.0000	0.0000	0.1514	0.8486	0.0000	0.0000
0.0000	0.0000	0.0490	0.0000	0.0000	0.0000	0.0691	0.8792	0.0000	0.0026	0.0000	0.0000
0.0000	0.0000	0.0000	0.0000	0.0000	0.0000	0.9976	0.0024	0.0000	0.0000	0.0000	0.0000
0.0000	0.0001	0.0063	0.0000	0.0000	0.0003	0.9906	0.0014	0.0000	0.0000	0.0000	0.0012
0.0000	0.0000	0.9964	0.0000	0.0000	0.0032	0.0000	0.0000	0.0000	0.0001	0.0000	0.0004
0.0000	0.0000	0.0000	0.0000	0.0000	0.0000	0.0135	0.0000	0.0000	0.9864	0.0000	0.0000
1.0000	0.0000	0.0000	0.0000	0.0000	0.0000	0.0000	0.0000	0.0000	0.0000	0.0000	0.0000
0.0000	0.0000	0.0001	0.0000	0.0000	0.0000	0.0101	0.0003	0.0000	0.0012	0.3066	0.6816
0.0819	0.0000	0.0000	0.0000	0.0000	0.0000	0.0000	0.0000	0.6797	0.1842	0.0542	0.0000
0.0000	0.0000	0.0000	0.0000	0.0000	0.0000	0.0000	0.0000	0.0000	0.3707	0.6293	0.0000
0.0000	0.8781	0.0733	0.0000	0.0000	0.0079	0.0023	0.0380	0.0000	0.0000	0.0000	0.0004
0.9999	0.0000	0.0000	0.0000	0.0000	0.0000	0.0000	0.0000	0.0000	0.0000	0.0000	0.0001
1.0000	0.0000	0.0000	0.0000	0.0000	0.0000	0.0000	0.0000	0.0000	0.0000	0.0000	0.0000
0.0000	0.0000	0.0000	0.0000	0.0000	0.0000	0.0000	0.0000	1.0000	0.0000	0.0000	0.0000
0.0000	0.0000	0.0000	0.0000	0.0000	0.0000	0.0000	0.0000	0.0000	1.0000	0.0000	0.0000
0.0000	0.3525	0.3594	0.0000	0.0000	0.2847	0.0016	0.0017	0.0000	0.0000	0.0000	0.0000
0.3696	0.0000	0.0000	0.0000	0.0000	0.0153	0.0186	0.0130	0.0000	0.0079	0.0052	0.5705
0.0147	0.0000	0.0000	0.0000	0.0000	0.0008	0.8142	0.0173	0.0000	0.0443	0.0789	0.0298
0.0000	0.0000	0.0000	0.0000	0.0000	0.0000	0.0000	0.0000	0.0000	0.0000	1.0000	0.0000
0.0000	0.1817	0.7659	0.0000	0.0000	0.0088	0.0138	0.0287	0.0000	0.0000	0.0000	0.0011
0.0010	0.0029	0.0224	0.0000	0.0000	0.3013	0.6511	0.0114	0.0000	0.0000	0.0008	0.0089
0.0000	0.0000	0.0000	0.0000	0.0000	0.0000	0.0000	0.8950	0.0000	0.0000	0.0749	0.0300
0.9945	0.0000	0.0000	0.0000	0.0000	0.0000	0.0000	0.0000	0.0000	0.0055	0.0000	0.0000
0.0000	0.0000	0.0000	0.0000	0.0000	0.0000	0.0000	0.0000	1.0000	0.0000	0.0000	0.0000
0.0000	0.0000	0.0034	0.0000	0.0000	0.0000	0.9779	0.0074	0.0000	0.0000	0.0014	0.0099
0.0000	0.0000	0.0001	0.0000	0.0000	0.0000	0.9985	0.0002	0.0000	0.0000	0.0011	0.0002
0.0000	0.0426	0.0069	0.0000	0.0000	0.9501	0.0000	0.0003	0.0000	0.0000	0.0000	0.0000
0.0000	0.0000	0.0000	0.0000	0.0000	0.0000	0.0011	0.0000	0.0000	0.0410	0.0000	0.9579
0.0000	0.0000	0.0000	0.0000	0.0000	0.0000	0.0000	0.0000	1.0000	0.0000	0.0000	0.0000
0.0000	0.0000	0.0000	0.0000	0.0000	0.0000	0.0000	0.0000	1.0000	0.0000	0.0000	0.0000
0.0000	0.0000	0.0000	0.0000	0.0000	0.0000	0.0001	0.0000	0.0000	0.9999	0.0000	0.0000
0.0000	0.0000	0.0000	0.0000	1.0000	0.0000	0.0000	0.0000	0.0000	0.0000	0.0000	0.0000
0.0001	0.0000	0.0000	0.0000	0.0000	0.0000	0.4884	0.0000	0.0000	0.5115	0.0000	0.0000
0.0000	0.0000	0.0000	0.0000	0.0000	0.0000	0.0000	0.0000	1.0000	0.0000	0.0000	0.0000
0.0000	0.0000	0.0000	0.0000	0.0000	0.0000	0.0000	0.0000	1.0000	0.0000	0.0000	0.0000
0.0001	0.0000	0.0000	0.0000	0.0000	0.0000	0.0000	0.0000	0.9997	0.0002	0.0000	0.0000
0.0045	0.0000	0.0000	0.0000	0.0000	0.0000	0.0000	0.0000	0.9955	0.0000	0.0000	0.0000
0.0000	0.0000	0.0000	0.0000	0.9804	0.0000	0.0000	0.0000	0.0000	0.0000	0.0196	0.0000
0.0000	0.0000	0.3532	0.0000	0.0000	0.2654	0.3261	0.0491	0.0000	0.0000	0.0000	0.0063
0.0000	0.9911	0.0008	0.0000	0.0000	0.0014	0.0000	0.0066	0.0000	0.0000	0.0000	0.0000
0.0000	0.0000	0.0000	0.0000	0.0000	0.0000	0.3760	0.0001	0.0000	0.0000	0.0001	0.6238
0.0000	0.0000	0.0001	0.0000	0.0000	0.0000	0.9447	0.0002	0.0000	0.0000	0.0000	0.0549
0.9825	0.0000	0.0109	0.0000	0.0000	0.0012	0.0009	0.0004	0.0000	0.0002	0.0000	0.0038
0.0001	0.0000	0.0000	0.0000	0.0000	0.0038	0.6901	0.0016	0.0000	0.0010	0.0000	0.3033
0.0000	0.0000	0.0000	0.0000	0.0000	0.0000	0.8352	0.1647	0.0000	0.0000	0.0000	0.0000
0.0152	0.0000	0.5330	0.0000	0.0000	0.0012	0.0440	0.0030	0.0000	0.0012	0.0000	0.4023
0.0000	0.0000	0.0000	0.0000	0.0000	0.0000	0.0004	0.9995	0.0000	0.0000	0.0000	0.0000
0.0000	0.0000	0.0000	0.0000	0.0000	0.0000	0.0011	0.0087	0.0000	0.0000	0.0000	0.9902
0.0000	0.0000	0.0000	0.0000	0.0000	0.0000	0.0000	0.0000	0.0000	0.9029	0.0971	0.0000
0.0001	0.9890	0.0095	0.0000	0.0000	0.0000	0.0005	0.0008	0.0000	0.0000	0.0000	0.0001
0.0000	0.0000	0.0000	0.0000	0.0000	0.0000	0.0341	0.8350	0.0000	0.0000	0.0001	0.1308
0.0002	0.0001	0.0244	0.0000	0.0000	0.1951	0.4243	0.0098	0.0000	0.0000	0.0000	0.3460
0.0000	0.0000	0.0000	0.0000	0.0000	0.0000	0.9966	0.0000	0.0000	0.0033	0.0000	0.0001
0.0000	0.0000	0.0000	0.0000	0.0000	0.0000	0.0000	0.0000	0.0000	0.0000	1.0000	0.0000
0.0000	0.0019	0.0101	0.0000	0.0000	0.9874	0.0001	0.0004	0.0000	0.0000	0.0000	0.0001
0.0000	0.0000	0.9823	0.0000	0.0000	0.0170	0.0000	0.0000	0.0003	0.0002	0.0000	0.0001
0.0000	0.0000	0.9935	0.0000	0.0000	0.0056	0.0000	0.0000	0.0004	0.0002	0.0000	0.0002
0.0000	0.0000	0.0005	0.0000	0.0000	0.0000	0.0005	0.0000	0.0000	0.0000	0.0000	0.9991
0.0000	0.0000	0.0000	0.0000	0.0000	0.0000	0.0000	0.0000	0.0000	0.0000	0.0000	1.0000
0.0000	0.0000	1.0000	0.0000	0.0000	0.0000	0.0000	0.0000	0.0000	0.0000	0.0000	0.0000
0.0000	0.5934	0.0000	0.0000	0.0000	0.0000	0.0000	0.0000	0.0000	0.0000	0.0000	0.4065
0.0000	0.0003	0.0004	0.0000	0.0000	0.0000	0.0000	0.0000	0.0000	0.0000	0.0000	0.9993
0.0000	0.0356	0.0001	0.0000	0.0000	0.0000	0.0000	0.0000	0.0000	0.0000	0.0000	0.9643
0.0000	0.0000	0.9801	0.0000	0.0000	0.0000	0.0000	0.0000	0.0000	0.0000	0.0000	0.0199
0.0000	0.0000	0.0029	0.0000	0.0000	0.0000	0.0000	0.0000	0.0000	0.0000	0.0000	0.9971
0.0000	0.0000	0.0000	0.0000	0.0000	0.0000	0.0000	0.0000	0.0000	0.0000	0.0000	1.0000
0.0000	0.0000	0.9726	0.0000	0.0000	0.0000	0.0000	0.0000	0.0005	0.0000	0.0000	0.0268
0.0005	0.0000	0.9864	0.0000	0.0000	0.0000	0.0000	0.0000	0.0003	0.0001	0.0000	0.0126
0.0000	0.0000	0.0000	0.0000	0.0000	0.0000	0.0000	0.0000	0.0000	0.0000	0.0000	1.0000
0.0000	0.0000	0.0000	0.0000	0.0000	0.0000	0.0000	0.0000	0.0001	0.0000	0.0000	0.9999
0.0000	0.0000	0.9963	0.0000	0.0000	0.0027	0.0000	0.0000	0.0003	0.0002	0.0000	0.0006
0.0000	0.0000	0.9922	0.0000	0.0000	0.0065	0.0000	0.0000	0.0003	0.0003	0.0000	0.0006
0.0000	0.0000	0.9981	0.0000	0.0000	0.0007	0.0000	0.0000	0.0004	0.0001	0.0000	0.0006
0.0000	0.0000	0.9777	0.0000	0.0000	0.0000	0.0000	0.0000	0.0005	0.0000	0.0000	0.0218
0.0000	0.0000	0.9850	0.0000	0.0000	0.0000	0.0000	0.0000	0.0000	0.0000	0.0000	0.0150
0.0000	0.0000	0.0000	0.0000	0.0000	0.0000	0.0000	0.0000	0.0000	0.0000	0.0000	1.0000
0.0000	0.0000	0.9996	0.0000	0.0000	0.0000	0.0000	0.0000	0.0003	0.0000	0.0000	0.0001
0.0000	0.0000	0.0000	0.0000	0.0000	0.0000	1.0000	0.0000	0.0000	0.0000	0.0000	0.0000
0.0000	0.0000	0.0000	0.0000	0.0000	0.0000	0.0000	0.0000	1.0000	0.0000	0.0000	0.0000
0.0000	0.0000	0.0000	0.0000	0.0000	0.0000	1.0000	0.0000	0.0000	0.0000	0.0000	0.0000
0.0000	0.0001	0.0000	0.0000	0.0000	0.0000	0.9632	0.0000	0.0367	0.0000	0.0000	0.0000
0.0000	0.0000	0.0000	0.0000	0.0000	0.0000	0.0000	0.0000	1.0000	0.0000	0.0000	0.0000
0.0000	0.0000	0.0010	0.0000	0.0000	0.0000	0.9990	0.0000	0.0000	0.0000	0.0000	0.0000
0.0000	0.0000	0.0000	0.0000	0.0000	0.0000	0.0000	0.0000	1.0000	0.0000	0.0000	0.0000
0.0000	0.0000	0.0000	0.0000	0.0000	0.0000	0.0000	0.0000	1.0000	0.0000	0.0000	0.0000
0.0000	0.0000	0.0000	0.0000	0.0000	0.0000	1.0000	0.0000	0.0000	0.0000	0.0000	0.0000
0.0000	0.0000	0.0000	0.0000	0.0000	0.0000	0.0000	0.0000	1.0000	0.0000	0.0000	0.0000
0.0000	0.0000	0.0000	0.0000	0.0000	0.0000	1.0000	0.0000	0.0000	0.0000	0.0000	0.0000
0.0000	0.0000	0.0000	0.0000	0.0000	0.0000	0.0000	0.0000	1.0000	0.0000	0.0000	0.0000
0.0000	0.0000	0.0000	0.0000	0.0000	0.0000	0.9997	0.0000	0.0003	0.0000	0.0000	0.0000
0.0000	0.0000	0.9463	0.0000	0.0000	0.0005	0.0532	0.0000	0.0000	0.0000	0.0000	0.0000
0.0000	0.0000	0.0000	0.0000	0.0000	0.0010	0.0000	0.0000	0.9990	0.0000	0.0000	0.0000
0.0000	0.0000	0.0000	0.0000	0.0000	0.0000	1.0000	0.0000	0.0000	0.0000	0.0000	0.0000
0.0000	0.0000	0.8987	0.0000	0.0000	0.0001	0.1012	0.0000	0.0000	0.0000	0.0000	0.0000
0.0000	0.0000	0.9579	0.0000	0.0000	0.0000	0.0421	0.0000	0.0000	0.0000	0.0000	0.0000
0.0000	0.0000	0.0009	0.0000	0.0000	0.0000	0.9991	0.0000	0.0000	0.0000	0.0000	0.0000
0.0000	0.0000	0.0000	0.0000	0.0000	0.0000	0.0000	0.0000	1.0000	0.0000	0.0000	0.0000
0.0000	0.0000	0.0000	0.0000	0.0000	0.0000	0.0000	0.0000	1.0000	0.0000	0.0000	0.0000
0.0000	0.0000	0.0000	0.0000	0.0000	0.0000	0.0000	0.0000	1.0000	0.0000	0.0000	0.0000
0.0000	0.0000	0.0102	0.0000	0.0000	0.0000	0.9898	0.0000	0.0000	0.0000	0.0000	0.0000
0.0000	0.0000	0.9809	0.0000	0.0000	0.0000	0.0191	0.0000	0.0000	0.0000	0.0000	0.0000
0.0000	0.0000	0.0000	0.0000	0.0000	0.0000	1.0000	0.0000	0.0000	0.0000	0.0000	0.0000
0.0000	0.0000	0.0000	0.0000	0.0000	0.0000	0.0000	0.0000	1.0000	0.0000	0.0000	0.0000
0.0000	0.0000	0.3261	0.0000	0.0000	0.0000	0.6739	0.0000	0.0000	0.0000	0.0000	0.0000
0.0000	0.0000	0.0000	0.0000	0.0000	0.0000	0.0000	0.0000	1.0000	0.0000	0.0000	0.0000
0.0000	0.0000	0.0000	0.0000	0.0000	0.0014	0.9986	0.0000	0.0000	0.0000	0.0000	0.0000
0.0000	0.0000	0.0000	0.0000	0.0000	0.0000	1.0000	0.0000	0.0000	0.0000	0.0000	0.0000
