0.0329	0.0000	0.0001	0.0000	0.0000	0.0003	0.0465	0.0001	0.0000	0.0002	0.0071	0.9128
0.0000	0.9997	0.0003	0.0000	0.0000	0.0000	0.0000	0.0000	0.0000	0.0000	0.0000	0.0000
0.0000	0.6100	0.2492	0.0000	0.0000	0.0201	0.0215	0.0955	0.0000	0.0000	0.0000	0.0036
0.0001	0.0000	0.0006	0.0000	0.0000	0.0000	0.0235	0.0057	0.0000	0.0001	0.0032	0.9669
0.0000	0.0000	0.0000	0.0000	0.0000	0.0000	0.0005	0.8290	0.0000	0.0000	0.0000	0.1705
0.0058	0.0000	0.0000	0.0000	0.0000	0.0000	0.0000	0.0000	0.9942	0.0000	0.0000	0.0000
0.0078	0.0000	0.0000	0.0000	0.0000	0.0000	0.0000	0.0000	0.0000	0.9922	0.0000	0.0000
0.0000	0.0000	0.0000	0.0000	0.0000	0.0000	0.0000	0.0000	0.0000	0.0000	0.9969	0.0031
0.0000	0.0356	0.3448	0.0000	0.0000	0.6154	0.0028	0.0009	0.0000	0.0000	0.0000	0.0005
0.0000	0.0000	0.0056	0.0000	0.0000	0.0006	0.5796	0.0304	0.0000	0.0000	0.0000	0.3837
0.0000	0.0000	0.0000	0.0000	0.0000	0.0078	0.3039	0.0003	0.0000	0.0579	0.0000	0.6301
0.0000	0.0000	0.0000	0.0000	0.0000	0.0065	0.1140	0.0005	0.0000	0.0062	0.0000	0.8728
0.0000	0.0000	0.0000	0.0000	0.0000	0.0000	0.0000	0.0000	1.0000	0.0000	0.0000	0.0000
0.0029	0.0000	0.0002	0.0000	0.0000	0.0008	0.9494	0.0417	0.0000	0.0000	0.0000	0.0049
0.0058	0.0000	0.0000	0.0000	0.0000	0.0048	0.8190	0.1119	0.0000	0.0001	0.0000	0.0585
0.5681	0.0000	0.0000	0.0000	0.0000	0.0002	0.0106	0.0067	0.4113	0.0007	0.0000	0.0023
0.0000	0.0123	0.0507	0.0000	0.0000	0.7308	0.1013	0.1038	0.0000	0.0000	0.0000	0.0011
0.0000	0.0003	0.2075	0.0000	0.0000	0.1539	0.4696	0.1378	0.0000	0.0000	0.0000	0.0307
0.0000	0.0000	0.0000	0.0000	0.0000	0.0000	0.0000	0.0000	0.9999	0.0000	0.0000	0.0000
0.0000	0.0000	0.0000	0.0000	0.0000	0.0000	0.0000	0.0000	1.0000	0.0000	0.0000	0.0000
0.0000	0.0000	0.0000	0.0000	0.0000	0.0000	0.5436	0.0000	0.0000	0.0018	0.0009	0.4536
0.0000	0.0000	0.0000	0.0000	0.0000	0.0000	0.3183	0.0000	0.0000	0.0317	0.0004	0.6496
0.0000	0.0000	0.0000	0.0000	0.0035	0.0000	0.0000	0.0000	0.0000	0.0000	0.9965	0.0000
0.0000	0.0000	0.0000	0.0000	0.0000	0.0000	0.0136	0.0000	0.0000	0.4470	0.0026	0.5369
0.0001	0.0000	0.0002	0.0002	0.0000	0.0000	0.9223	0.0017	0.0000	0.0000	0.0000	0.0755
0.0004	0.0000	0.0001	0.0000	0.0000	0.0048	0.0679	0.0018	0.0000	0.0029	0.0000	0.9221
0.0000	0.0000	0.0000	0.0028	0.0000	0.0000	0.0000	0.0000	0.0256	0.9716	0.0000	0.0000
0.0000	0.0000	0.0000	0.0000	0.0001	0.0000	0.9213	0.0036	0.0000	0.0000	0.0000	0.0750
0.0000	0.0000	0.0000	0.0000	0.0000	0.0000	0.9933	0.0062	0.0000	0.0000	0.0000	0.0005
0.0001	0.0014	0.0202	0.0000	0.0000	0.0001	0.9418	0.0027	0.0000	0.0000	0.0000	0.0337
0.0000	0.0000	0.9870	0.0000	0.0000	0.0125	0.0000	0.0000	0.0000	0.0000	0.0000	0.0004
0.0000	0.0000	0.0000	0.0002	0.0006	0.0000	0.7297	0.0000	0.0001	0.0660	0.0000	0.2034
1.0000	0.0000	0.0000	0.0000	0.0000	0.0000	0.0000	0.0000	0.0000	0.0000	0.0000	0.0000
0.0001	0.0000	0.0026	0.0000	0.0000	0.0000	0.0141	0.0003	0.0000	0.0000	0.0000	0.9828
0.4168	0.0000	0.0000	0.0000	0.0000	0.0000	0.0000	0.0000	0.4964	0.0838	0.0028	0.0002
0.0000	0.0000	0.0000	0.0000	0.0000	0.0000	0.0000	0.0000	0.0000	0.2824	0.7175	0.0001
0.0000	0.2610	0.4609	0.0000	0.0000	0.1904	0.0280	0.0429	0.0000	0.0000	0.0000	0.0169
1.0000	0.0000	0.0000	0.0000	0.0000	0.0000	0.0000	0.0000	0.0000	0.0000	0.0000	0.0000
1.0000	0.0000	0.0000	0.0000	0.0000	0.0000	0.0000	0.0000	0.0000	0.0000	0.0000	0.0000
0.0000	0.0000	0.0000	0.0000	0.0000	0.0000	0.0000	0.0000	1.0000	0.0000	0.0000	0.0000
0.0026	0.0000	0.0000	0.0000	0.0000	0.0000	0.0000	0.0000	0.0000	0.9545	0.0000	0.0429
0.0000	0.4368	0.4473	0.0000	0.0000	0.1094	0.0047	0.0018	0.0000	0.0000	0.0000	0.0001
0.2897	0.0000	0.0001	0.0000	0.0000	0.0371	0.0180	0.0044	0.0000	0.0003	0.0000	0.6504
0.0097	0.0000	0.0002	0.0000	0.0000	0.0004	0.8301	0.0045	0.0000	0.0060	0.0002	0.1488
0.0000	0.0000	0.0000	0.0000	0.0000	0.0000	0.0000	0.0000	0.0111	0.0019	0.9870	0.0000
0.0000	0.3881	0.5149	0.0000	0.0000	0.0240	0.0481	0.0236	0.0000	0.0000	0.0000	0.0013
0.0123	0.0039	0.0868	0.0000	0.0000	0.4113	0.4360	0.0106	0.0000	0.0000	0.0000	0.0390
0.0000	0.0000	0.0001	0.0000	0.0000	0.0000	0.0083	0.3007	0.0000	0.0000	0.0015	0.6892
0.9933	0.0000	0.0000	0.0000	0.0000	0.0000	0.0000	0.0000	0.0053	0.0014	0.0000	0.0000
0.0005	0.0000	0.0000	0.0000	0.0000	0.0000	0.0000	0.0000	0.9995	0.0000	0.0000	0.0000
0.0000	0.0000	0.1563	0.0000	0.0000	0.0001	0.7796	0.0015	0.0000	0.0000	0.0000	0.0625
0.0000	0.0000	0.0004	0.0000	0.0000	0.0000	0.9970	0.0000	0.0000	0.0000	0.0000	0.0025
0.0000	0.3804	0.1553	0.0000	0.0000	0.4625	0.0007	0.0010	0.0000	0.0000	0.0000	0.0000
0.0000	0.0000	0.0000	0.0000	0.0000	0.0000	0.0046	0.0000	0.0000	0.0003	0.0000	0.9951
0.0000	0.0000	0.0000	0.0000	0.0000	0.0000	0.0000	0.0000	1.0000	0.0000	0.0000	0.0000
0.0000	0.0000	0.0000	0.0000	0.0000	0.0000	0.0000	0.0000	1.0000	0.0000	0.0000	0.0000
0.0000	0.0000	0.0000	0.0000	0.0000	0.0000	0.0000	0.0000	0.0000	0.9998	0.0000	0.0002
0.0000	0.0000	0.0000	0.0000	0.9999	0.0000	0.0000	0.0001	0.0000	0.0000	0.0000	0.0000
0.0232	0.0000	0.0000	0.0000	0.0000	0.0000	0.2604	0.0008	0.0000	0.7107	0.0000	0.0050
0.0002	0.0000	0.0000	0.0000	0.0000	0.0000	0.0000	0.0000	0.9998	0.0000	0.0000	0.0000
0.0000	0.0000	0.0000	0.0000	0.0000	0.0000	0.0000	0.0000	1.0000	0.0000	0.0000	0.0000
0.0000	0.0000	0.0000	0.0000	0.0000	0.0000	0.0000	0.0000	0.9984	0.0016	0.0000	0.0000
0.0002	0.0000	0.0000	0.0000	0.0000	0.0000	0.0000	0.0000	0.9992	0.0007	0.0000	0.0000
0.0000	0.0000	0.0000	0.0000	0.5846	0.0000	0.0000	0.0000	0.0000	0.0003	0.4151	0.0000
0.0000	0.0000	0.3357	0.0000	0.0000	0.0140	0.5942	0.0130	0.0000	0.0000	0.0000	0.0431
0.0000	0.9901	0.0052	0.0000	0.0000	0.0008	0.0000	0.0039	0.0000	0.0000	0.0000	0.0000
0.0000	0.0000	0.0000	0.0000	0.0000	0.0000	0.5685	0.0001	0.0000	0.0000	0.0000	0.4314
0.0000	0.0000	0.0001	0.0000	0.0000	0.0000	0.9290	0.0002	0.0000	0.0000	0.0000	0.0707
0.9544	0.0000	0.0200	0.0000	0.0000	0.0026	0.0087	0.0005	0.0029	0.0006	0.0000	0.0104
0.0003	0.0000	0.0012	0.0000	0.0000	0.0009	0.6306	0.0020	0.0000	0.0005	0.0000	0.3646
0.0000	0.0000	0.0000	0.0000	0.0000	0.0000	0.9439	0.0526	0.0000	0.0000	0.0000	0.0034
0.0392	0.0000	0.6609	0.0000	0.0000	0.0053	0.1143	0.0020	0.0000	0.0001	0.0000	0.1784
0.0000	0.0000	0.0017	0.0000	0.0000	0.0001	0.0372	0.9369	0.0000	0.0005	0.0000	0.0236
0.0001	0.0000	0.0000	0.0000	0.0000	0.0000	0.0414	0.0026	0.0000	0.0000	0.0000	0.9559
0.0000	0.0000	0.0000	0.0007	0.0000	0.0000	0.0000	0.0004	0.0000	0.2684	0.7306	0.0000
0.0008	0.7115	0.2492	0.0000	0.0000	0.0000	0.0277	0.0039	0.0000	0.0000	0.0000	0.0070
0.0001	0.0000	0.0000	0.0000	0.0000	0.0000	0.7340	0.0062	0.0000	0.0000	0.0000	0.2596
0.0015	0.0010	0.0545	0.0000	0.0000	0.0157	0.1502	0.0279	0.0000	0.0000	0.0000	0.7492
0.0000	0.0000	0.0000	0.0000	0.0000	0.0000	0.9869	0.0000	0.0000	0.0094	0.0000	0.0037
0.0000	0.0000	0.0000	0.0000	0.0000	0.0000	0.0000	0.0000	0.0000	0.0000	0.9998	0.0002
0.0000	0.0337	0.4393	0.0000	0.0000	0.5243	0.0011	0.0011	0.0000	0.0000	0.0000	0.0004
0.0000	0.0000	0.9884	0.0000	0.0000	0.0115	0.0000	0.0000	0.0000	0.0000	0.0000	0.0000
0.0000	0.0000	0.9908	0.0000	0.0000	0.0091	0.0000	0.0000	0.0001	0.0000	0.0000	0.0000
0.0000	0.0000	0.0090	0.0000	0.0000	0.0000	0.0129	0.0000	0.0000	0.0011	0.0000	0.9769
0.0000	0.0000	0.0002	0.0000	0.0000	0.0000	0.0001	0.0000	0.0000	0.0001	0.0000	0.9997
0.0000	0.0000	0.9387	0.0000	0.0000	0.0000	0.0000	0.0000	0.0000	0.0000	0.0000	0.0613
0.0000	0.0000	0.0000	0.0000	0.0000	0.0000	0.0000	0.0000	0.0000	0.0000	0.0000	1.0000
0.0000	0.0000	0.0002	0.0000	0.0000	0.0000	0.0000	0.0000	0.0000	0.0000	0.0000	0.9997
0.0000	0.0000	0.0000	0.0000	0.0000	0.0000	0.0000	0.0000	0.0000	0.0000	0.0000	1.0000
0.0000	0.0000	0.9637	0.0000	0.0000	0.0053	0.0000	0.0000	0.0000	0.0000	0.0000	0.0310
0.0000	0.0000	0.0001	0.0000	0.0000	0.0000	0.0000	0.0000	0.0000	0.0000	0.0000	0.9999
0.0000	0.0000	0.0000	0.0000	0.0000	0.0000	0.0000	0.0000	0.0000	0.0000	0.0000	0.9999
0.0000	0.0000	0.9811	0.0000	0.0000	0.0006	0.0000	0.0000	0.0002	0.0000	0.0000	0.0181
0.0000	0.0000	0.9982	0.0000	0.0000	0.0000	0.0000	0.0000	0.0001	0.0000	0.0000	0.0017
0.0000	0.0000	0.0000	0.0000	0.0000	0.0000	0.0000	0.0000	0.0000	0.0000	0.0000	1.0000
0.0000	0.0000	0.0001	0.0000	0.0000	0.0005	0.0000	0.0000	0.0001	0.0000	0.0000	0.9993
0.0000	0.0000	0.9961	0.0000	0.0000	0.0038	0.0000	0.0000	0.0000	0.0000	0.0000	0.0001
0.0000	0.0000	0.9901	0.0000	0.0000	0.0097	0.0000	0.0000	0.0001	0.0000	0.0000	0.0001
0.0000	0.0000	0.9913	0.0000	0.0000	0.0083	0.0000	0.0000	0.0000	0.0000	0.0000	0.0003
0.0005	0.0000	0.9896	0.0000	0.0000	0.0000	0.0000	0.0000	0.0021	0.0000	0.0000	0.0078
0.0000	0.0000	0.9858	0.0000	0.0000	0.0011	0.0000	0.0000	0.0000	0.0000	0.0000	0.0131
0.0000	0.0000	0.0000	0.0000	0.0000	0.0000	0.0000	0.0000	0.0000	0.0000	0.0000	1.0000
0.0000	0.0000	0.9996	0.0000	0.0000	0.0002	0.0000	0.0000	0.0000	0.0000	0.0000	0.0001
0.0000	0.0000	0.0015	0.0000	0.0000	0.0000	0.9985	0.0000	0.0000	0.0000	0.0000	0.0000
0.0000	0.0000	0.0000	0.0000	0.0000	0.0000	0.0000	0.0000	1.0000	0.0000	0.0000	0.0000
0.0000	0.0000	0.0114	0.0000	0.0000	0.0003	0.9883	0.0000	0.0000	0.0000	0.0000	0.0000
0.0000	0.0000	0.0000	0.0000	0.0000	0.0000	0.9925	0.0000	0.0075	0.0000	0.0000	0.0000
0.0000	0.0000	0.0000	0.0000	0.0000	0.0000	0.0000	0.0000	1.0000	0.0000	0.0000	0.0000
0.0000	0.0000	0.0059	0.0000	0.0000	0.0000	0.9941	0.0000	0.0000	0.0000	0.0000	0.0000
0.0000	0.0000	0.0000	0.0000	0.0000	0.0000	0.0000	0.0000	1.0000	0.0000	0.0000	0.0000
0.0000	0.0000	0.0000	0.0000	0.0000	0.0000	0.0000	0.0000	1.0000	0.0000	0.0000	0.0000
0.0000	0.0000	0.0000	0.0000	0.0000	0.0000	1.0000	0.0000	0.0000	0.0000	0.0000	0.0000
0.0000	0.0000	0.0000	0.0000	0.0000	0.0000	0.0000	0.0000	1.0000	0.0000	0.0000	0.0000
0.0000	0.0000	0.0021	0.0000	0.0000	0.0000	0.9978	0.0000	0.0000	0.0000	0.0000	0.0000
0.0000	0.0000	0.0000	0.0000	0.0000	0.0000	0.0005	0.0000	0.9995	0.0000	0.0000	0.0000
0.0000	0.0000	0.0000	0.0001	0.0000	0.0000	0.9999	0.0000	0.0000	0.0000	0.0000	0.0000
0.0000	0.0000	0.4578	0.0000	0.0000	0.0018	0.5404	0.0000	0.0000	0.0000	0.0000	0.0000
0.0000	0.0000	0.0000	0.0000	0.0000	0.0000	0.0000	0.0000	1.0000	0.0000	0.0000	0.0000
0.0000	0.0000	0.0000	0.0000	0.0000	0.0000	1.0000	0.0000	0.0000	0.0000	0.0000	0.0000
0.0000	0.0000	0.9617	0.0000	0.0000	0.0059	0.0325	0.0000	0.0000	0.0000	0.0000	0.0000
0.0000	0.0000	0.9857	0.0000	0.0000	0.0032	0.0111	0.0000	0.0000	0.0000	0.0000	0.0000
0.0000	0.0000	0.0291	0.0000	0.0000	0.0000	0.9709	0.0000	0.0000	0.0000	0.0000	0.0000
0.0000	0.0000	0.0000	0.0000	0.0000	0.0000	0.0000	0.0000	1.0000	0.0000	0.0000	0.0000
0.0000	0.0000	0.0000	0.0000	0.0000	0.0000	0.0000	0.0000	1.0000	0.0000	0.0000	0.0000
0.0000	0.0000	0.0000	0.0000	0.0000	0.0000	0.0000	0.0000	1.0000	0.0000	0.0000	0.0000
0.0000	0.0000	0.0525	0.0000	0.0000	0.0000	0.9475	0.0000	0.0000	0.0000	0.0000	0.0000
0.0000	0.0000	0.9945	0.0000	0.0000	0.0004	0.0051	0.0000	0.0000	0.0000	0.0000	0.0000
0.0000	0.0000	0.0077	0.0000	0.0000	0.0000	0.9923	0.0000	0.0000	0.0000	0.0000	0.0000
0.0000	0.0000	0.0000	0.0000	0.0000	0.0000	0.0000	0.0000	1.0000	0.0000	0.0000	0.0000
0.0000	0.0000	0.9047	0.0000	0.0000	0.0000	0.0953	0.0000	0.0000	0.0000	0.0000	0.0000
0.0000	0.0000	0.0000	0.0000	0.0000	0.0000	0.0000	0.0000	1.0000	0.0000	0.0000	0.0000
0.0000	0.0000	0.0846	0.0000	0.0000	0.4226	0.4928	0.0000	0.0000	0.0000	0.0000	0.0000
0.0000	0.0000	0.0007	0.0000	0.0000	0.0000	0.9993	0.0000	0.0000	0.0000	0.0000	0.0000
