0.0504	0.0000	0.0000	0.0000	0.0000	0.0000	0.0286	0.0009	0.0000	0.0015	0.0540	0.8647
0.0000	0.6363	0.3088	0.0000	0.0000	0.0000	0.0544	0.0004	0.0000	0.0000	0.0000	0.0000
0.0005	0.0979	0.1555	0.0000	0.0000	0.1072	0.1908	0.3893	0.0000	0.0000	0.0000	0.0588
0.0000	0.0000	0.0000	0.0000	0.0000	0.0000	0.0045	0.0034	0.0000	0.0035	0.0402	0.9484
0.0000	0.0000	0.0000	0.0000	0.0000	0.0000	0.0000	0.9690	0.0000	0.0000	0.0000	0.0310
0.0014	0.0000	0.0000	0.0000	0.0000	0.0000	0.0000	0.0000	0.9986	0.0000	0.0000	0.0000
0.0006	0.0000	0.0000	0.0000	0.0000	0.0000	0.0000	0.0000	0.0000	0.9994	0.0000	0.0000
0.0000	0.0000	0.0000	0.0000	0.0000	0.0000	0.0000	0.0000	0.0000	0.0001	0.9918	0.0081
0.0000	0.1514	0.2019	0.0000	0.0000	0.6323	0.0096	0.0005	0.0000	0.0000	0.0000	0.0043
0.0000	0.0000	0.0041	0.0000	0.0000	0.0000	0.3565	0.0419	0.0000	0.0003	0.0000	0.5972
0.0000	0.0000	0.0000	0.0000	0.0000	0.0069	0.0364	0.0005	0.0000	0.0254	0.0000	0.9308
0.0000	0.0000	0.0000	0.0000	0.0000	0.0273	0.0380	0.0006	0.0000	0.0177	0.0000	0.9164
0.0000	0.0000	0.0000	0.0000	0.0000	0.0000	0.0000	0.0000	1.0000	0.0000	0.0000	0.0000
0.0126	0.0000	0.0050	0.0000	0.0000	0.0047	0.8144	0.1059	0.0000	0.0025	0.0000	0.0549
0.0593	0.0000	0.0001	0.0000	0.0000	0.0022	0.4759	0.3774	0.0000	0.0024	0.0000	0.0827
0.6176	0.0000	0.0039	0.0000	0.0000	0.0038	0.0222	0.0352	0.3029	0.0021	0.0000	0.0124
0.0005	0.0041	0.0893	0.0000	0.0000	0.3935	0.3881	0.1067	0.0000	0.0000	0.0000	0.0179
0.0001	0.0001	0.6924	0.0000	0.0000	0.1199	0.1292	0.0335	0.0000	0.0003	0.0000	0.0246
0.0001	0.0000	0.0000	0.0000	0.0000	0.0000	0.0000	0.0000	0.9997	0.0002	0.0000	0.0000
0.0000	0.0000	0.0000	0.0000	0.0000	0.0000	0.0000	0.0000	1.0000	0.0000	0.0000	0.0000
0.0000	0.0000	0.0000	0.0000	0.0000	0.0000	0.6546	0.0000	0.0000	0.0264	0.0011	0.3179
0.0000	0.0000	0.0000	0.0000	0.0000	0.0000	0.0429	0.0000	0.0000	0.6930	0.0016	0.2625
0.0000	0.0000	0.0000	0.0000	0.0000	0.0000	0.0000	0.0000	0.0000	0.0000	1.0000	0.0000
0.0000	0.0000	0.0000	0.0000	0.0000	0.0000	0.0003	0.0000	0.0000	0.9814	0.0009	0.0174
0.0003	0.0000	0.0000	0.0001	0.0000	0.0000	0.8173	0.0476	0.0000	0.0022	0.0000	0.1325
0.0002	0.0000	0.0001	0.0000	0.0000	0.0004	0.0240	0.0040	0.0000	0.0657	0.0000	0.9057
0.0000	0.0000	0.0000	0.0004	0.0000	0.0000	0.0000	0.0000	0.4668	0.5329	0.0000	0.0000
0.0000	0.0000	0.0001	0.0000	0.0000	0.0000	0.2715	0.6177	0.0000	0.0243	0.0000	0.0864
0.0000	0.0000	0.0000	0.0000	0.0000	0.0000	0.8637	0.1340	0.0000	0.0000	0.0000	0.0023
0.0023	0.0014	0.0464	0.0000	0.0000	0.0001	0.6117	0.0776	0.0000	0.0068	0.0000	0.2538
0.0000	0.0000	0.9994	0.0000	0.0000	0.0004	0.0000	0.0000	0.0000	0.0000	0.0000	0.0001
0.0000	0.0000	0.0001	0.0001	0.0000	0.0000	0.0540	0.0006	0.0000	0.7925	0.0000	0.1527
0.9996	0.0000	0.0000	0.0000	0.0000	0.0000	0.0000	0.0000	0.0004	0.0000	0.0000	0.0000
0.0011	0.0000	0.0002	0.0000	0.0000	0.0000	0.0068	0.0011	0.0000	0.0067	0.0044	0.9797
0.0289	0.0000	0.0000	0.0000	0.0000	0.0000	0.0000	0.0000	0.5522	0.4135	0.0041	0.0013
0.0000	0.0000	0.0000	0.0000	0.0000	0.0000	0.0000	0.0000	0.0000	0.9870	0.0128	0.0001
0.0092	0.2773	0.1522	0.0000	0.0000	0.1675	0.1068	0.1953	0.0000	0.0000	0.0000	0.0916
1.0000	0.0000	0.0000	0.0000	0.0000	0.0000	0.0000	0.0000	0.0000	0.0000	0.0000	0.0000
1.0000	0.0000	0.0000	0.0000	0.0000	0.0000	0.0000	0.0000	0.0000	0.0000	0.0000	0.0000
0.0000	0.0000	0.0000	0.0000	0.0000	0.0000	0.0000	0.0000	1.0000	0.0000	0.0000	0.0000
0.0001	0.0000	0.0000	0.0000	0.0000	0.0000	0.0000	0.0000	0.0000	0.9994	0.0000	0.0005
0.0001	0.2606	0.4160	0.0000	0.0000	0.2704	0.0330	0.0148	0.0000	0.0000	0.0000	0.0051
0.7908	0.0000	0.0000	0.0000	0.0000	0.0038	0.0012	0.0047	0.0000	0.0077	0.0000	0.1918
0.0211	0.0000	0.0000	0.0000	0.0000	0.0010	0.3284	0.0117	0.0000	0.3746	0.0044	0.2589
0.0000	0.0000	0.0000	0.0000	0.0000	0.0000	0.0000	0.0000	0.0034	0.0003	0.9963	0.0000
0.0021	0.0785	0.3803	0.0000	0.0000	0.1002	0.2238	0.1579	0.0000	0.0000	0.0000	0.0573
0.2050	0.0001	0.0146	0.0000	0.0000	0.4231	0.2102	0.0168	0.0000	0.0003	0.0001	0.1299
0.0000	0.0000	0.0000	0.0000	0.0000	0.0000	0.0021	0.6270	0.0000	0.0000	0.0177	0.3531
0.9990	0.0000	0.0000	0.0000	0.0000	0.0000	0.0000	0.0000	0.0008	0.0002	0.0000	0.0000
0.0001	0.0000	0.0000	0.0000	0.0000	0.0000	0.0000	0.0000	0.9999	0.0000	0.0000	0.0000
0.0000	0.0000	0.0037	0.0000	0.0000	0.0001	0.9089	0.0135	0.0000	0.0003	0.0001	0.0735
0.0000	0.0000	0.0000	0.0000	0.0000	0.0000	0.9979	0.0002	0.0000	0.0000	0.0001	0.0019
0.0000	0.2449	0.0772	0.0000	0.0000	0.6690	0.0044	0.0039	0.0000	0.0000	0.0000	0.0005
0.0000	0.0000	0.0000	0.0000	0.0000	0.0001	0.0020	0.0000	0.0000	0.0128	0.0000	0.9851
0.0000	0.0000	0.0000	0.0000	0.0000	0.0000	0.0000	0.0000	1.0000	0.0000	0.0000	0.0000
0.0000	0.0000	0.0000	0.0000	0.0000	0.0000	0.0000	0.0000	1.0000	0.0000	0.0000	0.0000
0.0000	0.0000	0.0000	0.0000	0.0000	0.0000	0.0001	0.0000	0.0000	0.9984	0.0000	0.0015
0.0000	0.0000	0.0000	0.0000	1.0000	0.0000	0.0000	0.0000	0.0000	0.0000	0.0000	0.0000
0.0072	0.0000	0.0000	0.0000	0.0000	0.0000	0.8690	0.0008	0.0000	0.1228	0.0000	0.0002
0.0001	0.0000	0.0000	0.0000	0.0000	0.0000	0.0000	0.0000	0.9999	0.0000	0.0000	0.0000
0.0000	0.0000	0.0000	0.0000	0.0000	0.0000	0.0000	0.0000	1.0000	0.0000	0.0000	0.0000
0.0001	0.0000	0.0000	0.0000	0.0000	0.0000	0.0000	0.0000	0.9977	0.0022	0.0000	0.0000
0.0088	0.0000	0.0000	0.0000	0.0000	0.0000	0.0000	0.0000	0.9903	0.0009	0.0000	0.0000
0.0000	0.0000	0.0000	0.0006	0.0037	0.0000	0.0000	0.0000	0.0000	0.0000	0.9956	0.0000
0.0000	0.0000	0.0700	0.0000	0.0000	0.0074	0.7468	0.0136	0.0000	0.0000	0.0000	0.1621
0.0000	0.9532	0.0053	0.0000	0.0000	0.0028	0.0004	0.0381	0.0000	0.0000	0.0000	0.0002
0.0000	0.0000	0.0000	0.0000	0.0000	0.0000	0.5108	0.0000	0.0000	0.0007	0.0000	0.4884
0.0000	0.0000	0.0000	0.0000	0.0000	0.0000	0.8696	0.0001	0.0000	0.0003	0.0000	0.1301
0.4961	0.0000	0.4713	0.0000	0.0000	0.0085	0.0031	0.0020	0.0058	0.0002	0.0000	0.0131
0.0005	0.0000	0.0011	0.0000	0.0000	0.0002	0.2361	0.0063	0.0000	0.0353	0.0000	0.7204
0.0000	0.0000	0.0000	0.0000	0.0000	0.0000	0.2405	0.7550	0.0000	0.0017	0.0000	0.0027
0.0997	0.0000	0.7308	0.0000	0.0000	0.0041	0.0485	0.0136	0.0000	0.0023	0.0000	0.1010
0.0000	0.0000	0.0006	0.0000	0.0000	0.0000	0.0084	0.9432	0.0000	0.0144	0.0000	0.0334
0.0002	0.0000	0.0000	0.0000	0.0000	0.0000	0.0010	0.0053	0.0000	0.0000	0.0000	0.9935
0.0000	0.0000	0.0000	0.0000	0.0000	0.0000	0.0000	0.0000	0.0000	0.9995	0.0005	0.0000
0.2642	0.2936	0.0775	0.0000	0.0000	0.0000	0.2075	0.0306	0.0000	0.0000	0.0000	0.1265
0.0002	0.0000	0.0000	0.0000	0.0000	0.0000	0.0083	0.3125	0.0000	0.0000	0.0000	0.6790
0.0059	0.0004	0.0173	0.0000	0.0000	0.0043	0.2978	0.0747	0.0000	0.0001	0.0000	0.5995
0.0000	0.0000	0.0000	0.0000	0.0000	0.0000	0.9930	0.0000	0.0000	0.0058	0.0000	0.0012
0.0000	0.0000	0.0000	0.0000	0.0000	0.0000	0.0000	0.0000	0.0000	0.0000	1.0000	0.0000
0.0000	0.0401	0.2339	0.0000	0.0000	0.7007	0.0070	0.0081	0.0000	0.0000	0.0000	0.0102
0.0000	0.0000	0.9994	0.0000	0.0000	0.0002	0.0000	0.0000	0.0005	0.0000	0.0000	0.0000
0.0000	0.0000	0.9994	0.0000	0.0000	0.0001	0.0000	0.0000	0.0005	0.0000	0.0000	0.0000
0.0000	0.0000	0.0736	0.0000	0.0000	0.0000	0.0003	0.0000	0.0000	0.0006	0.0000	0.9255
0.0000	0.0000	0.0024	0.0000	0.0000	0.0000	0.0000	0.0000	0.0000	0.0001	0.0000	0.9975
0.0000	0.0000	0.9890	0.0000	0.0000	0.0000	0.0000	0.0000	0.0000	0.0000	0.0000	0.0110
0.0000	0.0000	0.0000	0.0000	0.0000	0.0000	0.0000	0.0000	0.0000	0.0000	0.0000	1.0000
0.0000	0.0000	0.0001	0.0000	0.0000	0.0000	0.0000	0.0000	0.0000	0.0000	0.0000	0.9999
0.0000	0.0000	0.0000	0.0000	0.0000	0.0000	0.0000	0.0000	0.0000	0.0000	0.0000	1.0000
0.0000	0.0000	0.9955	0.0000	0.0000	0.0000	0.0000	0.0000	0.0000	0.0000	0.0000	0.0045
0.0000	0.0000	0.0000	0.0000	0.0000	0.0000	0.0000	0.0000	0.0000	0.0000	0.0000	1.0000
0.0000	0.0000	0.0009	0.0000	0.0000	0.0000	0.0000	0.0000	0.0000	0.0000	0.0000	0.9991
0.0000	0.0000	0.9889	0.0000	0.0000	0.0000	0.0000	0.0000	0.0007	0.0000	0.0000	0.0104
0.0001	0.0000	0.9750	0.0000	0.0000	0.0000	0.0000	0.0000	0.0019	0.0000	0.0000	0.0230
0.0000	0.0000	0.0000	0.0000	0.0000	0.0000	0.0000	0.0000	0.0000	0.0000	0.0000	1.0000
0.0000	0.0000	0.0010	0.0000	0.0000	0.0002	0.0000	0.0000	0.0002	0.0000	0.0000	0.9986
0.0000	0.0000	0.9991	0.0000	0.0000	0.0001	0.0000	0.0000	0.0008	0.0000	0.0000	0.0000
0.0000	0.0000	0.9995	0.0000	0.0000	0.0001	0.0000	0.0000	0.0004	0.0000	0.0000	0.0000
0.0000	0.0000	0.9997	0.0000	0.0000	0.0001	0.0000	0.0000	0.0002	0.0000	0.0000	0.0000
0.0002	0.0000	0.9892	0.0000	0.0000	0.0000	0.0000	0.0000	0.0005	0.0001	0.0000	0.0101
0.0000	0.0000	0.9865	0.0000	0.0000	0.0000	0.0000	0.0000	0.0000	0.0000	0.0000	0.0134
0.0000	0.0000	0.0000	0.0000	0.0000	0.0000	0.0000	0.0000	0.0000	0.0000	0.0000	1.0000
0.0000	0.0000	0.9996	0.0000	0.0000	0.0000	0.0000	0.0000	0.0003	0.0000	0.0000	0.0001
0.0000	0.0000	0.0008	0.0000	0.0000	0.0000	0.9992	0.0000	0.0000	0.0000	0.0000	0.0000
0.0000	0.0000	0.0000	0.0000	0.0000	0.0000	0.0000	0.0000	1.0000	0.0000	0.0000	0.0000
0.0000	0.0000	0.0006	0.0000	0.0000	0.0003	0.9991	0.0000	0.0000	0.0000	0.0000	0.0000
0.0000	0.0000	0.0000	0.0000	0.0000	0.0000	0.1670	0.0000	0.8329	0.0000	0.0000	0.0001
0.0000	0.0000	0.0000	0.0000	0.0000	0.0000	0.0000	0.0000	1.0000	0.0000	0.0000	0.0000
0.0000	0.0000	0.0038	0.0000	0.0000	0.0000	0.9962	0.0000	0.0000	0.0000	0.0000	0.0000
0.0000	0.0000	0.0000	0.0000	0.0000	0.0000	0.0000	0.0000	1.0000	0.0000	0.0000	0.0000
0.0000	0.0000	0.0000	0.0000	0.0000	0.0000	0.0000	0.0000	1.0000	0.0000	0.0000	0.0000
0.0000	0.0000	0.0000	0.0000	0.0000	0.0000	1.0000	0.0000	0.0000	0.0000	0.0000	0.0000
0.0000	0.0000	0.0000	0.0000	0.0000	0.0000	0.0000	0.0000	1.0000	0.0000	0.0000	0.0000
0.0000	0.0000	0.0022	0.0000	0.0000	0.0000	0.9977	0.0000	0.0000	0.0000	0.0000	0.0000
0.0000	0.0000	0.0000	0.0000	0.0000	0.0000	0.0003	0.0000	0.9997	0.0000	0.0000	0.0000
0.0000	0.0000	0.0000	0.0000	0.0000	0.0000	1.0000	0.0000	0.0000	0.0000	0.0000	0.0000
0.0000	0.0000	0.8905	0.0000	0.0000	0.0028	0.1068	0.0000	0.0000	0.0000	0.0000	0.0000
0.0000	0.0000	0.0000	0.0000	0.0000	0.0017	0.0000	0.0000	0.9982	0.0000	0.0000	0.0000
0.0000	0.0000	0.0000	0.0000	0.0000	0.0000	1.0000	0.0000	0.0000	0.0000	0.0000	0.0000
0.0000	0.0000	0.9771	0.0000	0.0000	0.0011	0.0217	0.0000	0.0000	0.0000	0.0000	0.0000
0.0000	0.0000	0.9903	0.0000	0.0000	0.0007	0.0091	0.0000	0.0000	0.0000	0.0000	0.0000
0.0000	0.0000	0.0671	0.0000	0.0000	0.0000	0.9329	0.0000	0.0000	0.0000	0.0000	0.0000
0.0000	0.0000	0.0000	0.0000	0.0000	0.0265	0.0000	0.0000	0.9735	0.0000	0.0000	0.0000
0.0000	0.0000	0.0000	0.0000	0.0000	0.0000	0.0000	0.0000	1.0000	0.0000	0.0000	0.0000
0.0000	0.0000	0.0000	0.0000	0.0000	0.0000	0.0000	0.0000	1.0000	0.0000	0.0000	0.0000
0.0000	0.0000	0.0301	0.0000	0.0000	0.0000	0.9699	0.0000	0.0000	0.0000	0.0000	0.0000
0.0000	0.0000	0.9927	0.0000	0.0000	0.0001	0.0073	0.0000	0.0000	0.0000	0.0000	0.0000
0.0000	0.0000	0.0182	0.0000	0.0000	0.0000	0.9818	0.0000	0.0000	0.0000	0.0000	0.0000
0.0000	0.0000	0.0000	0.0000	0.0000	0.0000	0.0000	0.0000	1.0000	0.0000	0.0000	0.0000
0.0000	0.0000	0.8934	0.0000	0.0000	0.0000	0.1066	0.0000	0.0000	0.0000	0.0000	0.0000
0.0000	0.0000	0.0000	0.0000	0.0000	0.0000	0.0000	0.0000	1.0000	0.0000	0.0000	0.0000
0.0000	0.0000	0.0036	0.0000	0.0000	0.1262	0.8702	0.0000	0.0000	0.0000	0.0000	0.0000
0.0000	0.0000	0.0001	0.0000	0.0000	0.0000	0.9999	0.0000	0.0000	0.0000	0.0000	0.0000
