0.0112	0.0000	0.0000	0.0000	0.0000	0.0003	0.0013	0.0016	0.0000	0.0083	0.0073	0.9700
0.0000	1.0000	0.0000	0.0000	0.0000	0.0000	0.0000	0.0000	0.0000	0.0000	0.0000	0.0000
0.0001	0.0658	0.7913	0.0000	0.0000	0.1061	0.0142	0.0221	0.0000	0.0000	0.0000	0.0005
0.0000	0.0000	0.0000	0.0000	0.0000	0.0000	0.0311	0.0234	0.0000	0.0025	0.0129	0.9302
0.0000	0.0000	0.0000	0.0000	0.0000	0.0000	0.0000	1.0000	0.0000	0.0000	0.0000	0.0000
0.0179	0.0000	0.0000	0.0000	0.0000	0.0000	0.0000	0.0000	0.9817	0.0000	0.0004	0.0000
0.0001	0.0000	0.0000	0.0000	0.0000	0.0000	0.0000	0.0000	0.0000	0.9999	0.0000	0.0000
0.0000	0.0000	0.0000	0.0000	0.0000	0.0000	0.0000	0.0000	0.0000	0.0000	0.9994	0.0006
0.0000	0.0000	0.4298	0.0000	0.0000	0.5696	0.0006	0.0000	0.0000	0.0000	0.0000	0.0000
0.0000	0.0000	0.0172	0.0000	0.0000	0.0000	0.9251	0.0539	0.0000	0.0000	0.0000	0.0038
0.0003	0.0000	0.0000	0.0000	0.0000	0.0001	0.7164	0.0017	0.0000	0.2033	0.0000	0.0782
0.0008	0.0000	0.0000	0.0000	0.0000	0.0061	0.9061	0.0000	0.0000	0.0589	0.0000	0.0281
0.0000	0.0000	0.0000	0.0000	0.0000	0.0000	0.0000	0.0000	0.9964	0.0036	0.0000	0.0000
0.0312	0.0000	0.0006	0.0000	0.0000	0.0284	0.8716	0.0276	0.0000	0.0243	0.0000	0.0164
0.0023	0.0000	0.0000	0.0000	0.0000	0.0053	0.8467	0.0326	0.0000	0.0694	0.0000	0.0437
0.7907	0.0000	0.0003	0.0000	0.0000	0.0080	0.0851	0.0152	0.0516	0.0478	0.0000	0.0012
0.0001	0.0000	0.0146	0.0050	0.0000	0.9654	0.0132	0.0015	0.0000	0.0000	0.0000	0.0001
0.0002	0.0000	0.2269	0.0000	0.0000	0.0894	0.6380	0.0422	0.0000	0.0002	0.0000	0.0031
0.1313	0.0000	0.0000	0.0000	0.0000	0.0000	0.0000	0.0000	0.7130	0.0765	0.0792	0.0000
0.0001	0.0000	0.0000	0.0000	0.0000	0.0000	0.0000	0.0000	0.9982	0.0008	0.0009	0.0000
0.0000	0.0000	0.0000	0.0000	0.0000	0.0000	0.0724	0.0000	0.0000	0.0306	0.0397	0.8573
0.0000	0.0000	0.0000	0.0000	0.0000	0.0000	0.0028	0.0000	0.0000	0.6246	0.0560	0.3166
0.0000	0.0000	0.0000	0.0000	0.0000	0.0000	0.0000	0.0000	0.0000	0.0000	1.0000	0.0000
0.0000	0.0000	0.0000	0.0000	0.0000	0.0000	0.0000	0.0000	0.0000	0.9857	0.0120	0.0023
0.0001	0.0000	0.0002	0.0002	0.0000	0.0001	0.7127	0.1557	0.0000	0.0145	0.0000	0.1165
0.0031	0.0000	0.0000	0.0000	0.0000	0.0006	0.0524	0.0034	0.0000	0.7034	0.0000	0.2371
0.0000	0.0000	0.0000	0.0894	0.0000	0.0000	0.0000	0.0000	0.0527	0.8579	0.0000	0.0000
0.0000	0.0000	0.3749	0.0000	0.0000	0.0000	0.4125	0.0330	0.0000	0.0777	0.0000	0.1019
0.0000	0.0000	0.0000	0.0000	0.0000	0.0000	0.6286	0.3711	0.0000	0.0000	0.0000	0.0002
0.0001	0.0001	0.1052	0.0001	0.0000	0.4199	0.2100	0.2175	0.0000	0.0072	0.0000	0.0400
0.0192	0.0000	0.4547	0.0002	0.0000	0.5235	0.0000	0.0000	0.0000	0.0022	0.0000	0.0000
0.0000	0.0000	0.0000	0.0000	0.0000	0.0000	0.0010	0.0005	0.0000	0.9535	0.0000	0.0450
1.0000	0.0000	0.0000	0.0000	0.0000	0.0000	0.0000	0.0000	0.0000	0.0000	0.0000	0.0000
0.0155	0.0000	0.0000	0.0000	0.0000	0.0000	0.0153	0.0084	0.0000	0.0840	0.0012	0.8756
0.0523	0.0000	0.0000	0.0000	0.0000	0.0000	0.0000	0.0000	0.0032	0.9308	0.0127	0.0009
0.0000	0.0000	0.0000	0.0000	0.0000	0.0000	0.0000	0.0000	0.0000	0.8611	0.1389	0.0000
0.0038	0.8620	0.0642	0.0000	0.0000	0.0231	0.0098	0.0343	0.0000	0.0000	0.0000	0.0028
1.0000	0.0000	0.0000	0.0000	0.0000	0.0000	0.0000	0.0000	0.0000	0.0000	0.0000	0.0000
1.0000	0.0000	0.0000	0.0000	0.0000	0.0000	0.0000	0.0000	0.0000	0.0000	0.0000	0.0000
0.0000	0.0000	0.0000	0.0000	0.0000	0.0000	0.0000	0.0000	0.9999	0.0001	0.0000	0.0000
0.0000	0.0000	0.0000	0.0000	0.0000	0.0000	0.0000	0.0000	0.0000	0.9997	0.0000	0.0003
0.0000	0.3490	0.4492	0.0000	0.0000	0.2007	0.0006	0.0005	0.0000	0.0000	0.0000	0.0000
0.8928	0.0000	0.0000	0.0000	0.0000	0.0026	0.0000	0.0002	0.0000	0.0540	0.0001	0.0502
0.0074	0.0000	0.0000	0.0000	0.0000	0.0005	0.0285	0.0011	0.0000	0.9470	0.0005	0.0150
0.0000	0.0000	0.0000	0.0000	0.0000	0.0000	0.0000	0.0000	0.0151	0.0035	0.9814	0.0000
0.0004	0.0274	0.7672	0.0000	0.0000	0.0728	0.0353	0.0957	0.0000	0.0000	0.0000	0.0012
0.0076	0.0001	0.0091	0.0000	0.0000	0.9634	0.0086	0.0056	0.0000	0.0001	0.0000	0.0054
0.0000	0.0000	0.0000	0.0000	0.0000	0.0000	0.0103	0.9344	0.0000	0.0000	0.0003	0.0550
1.0000	0.0000	0.0000	0.0000	0.0000	0.0000	0.0000	0.0000	0.0000	0.0000	0.0000	0.0000
0.0031	0.0000	0.0000	0.0000	0.0000	0.0000	0.0000	0.0000	0.9937	0.0001	0.0031	0.0000
0.0000	0.0000	0.0009	0.0000	0.0000	0.0000	0.9509	0.0057	0.0000	0.0011	0.0000	0.0415
0.0000	0.0000	0.0005	0.0000	0.0000	0.0000	0.9918	0.0023	0.0000	0.0000	0.0000	0.0054
0.0000	0.4142	0.3941	0.0000	0.0000	0.1914	0.0001	0.0003	0.0000	0.0000	0.0000	0.0000
0.0000	0.0000	0.0000	0.0000	0.0000	0.0005	0.3964	0.0032	0.0000	0.1227	0.0000	0.4773
0.0000	0.0000	0.0000	0.0000	0.0000	0.0000	0.0000	0.0000	0.9997	0.0002	0.0000	0.0000
0.0001	0.0000	0.0000	0.0000	0.0000	0.0000	0.0000	0.0000	0.9995	0.0003	0.0000	0.0000
0.0000	0.0000	0.0000	0.0000	0.0000	0.0000	0.0005	0.0000	0.0000	0.9994	0.0000	0.0000
0.0000	0.0000	0.0000	0.0000	1.0000	0.0000	0.0000	0.0000	0.0000	0.0000	0.0000	0.0000
0.0000	0.0000	0.0000	0.0000	0.0000	0.0000	0.0688	0.0018	0.0000	0.9292	0.0000	0.0002
0.1139	0.0000	0.0000	0.0000	0.0000	0.0000	0.0000	0.0000	0.5165	0.0341	0.3356	0.0000
0.0031	0.0000	0.0000	0.0000	0.0000	0.0000	0.0000	0.0000	0.9964	0.0003	0.0002	0.0000
0.0004	0.0000	0.0000	0.0000	0.0000	0.0001	0.0000	0.0000	0.9945	0.0050	0.0000	0.0000
0.1001	0.0000	0.0000	0.0000	0.0000	0.0001	0.0000	0.0000	0.8798	0.0200	0.0000	0.0000
0.0000	0.0000	0.0000	0.0027	0.0006	0.0000	0.0000	0.0000	0.0000	0.0000	0.9967	0.0000
0.0000	0.0000	0.4233	0.0000	0.0000	0.4653	0.0866	0.0176	0.0000	0.0000	0.0000	0.0071
0.0000	0.9960	0.0029	0.0000	0.0000	0.0008	0.0000	0.0003	0.0000	0.0000	0.0000	0.0000
0.0001	0.0000	0.0006	0.0000	0.0000	0.0047	0.3537	0.0028	0.0000	0.0099	0.0009	0.6273
0.0002	0.0000	0.0076	0.0000	0.0000	0.0003	0.7774	0.0060	0.0000	0.0020	0.0006	0.2060
0.7623	0.0016	0.1455	0.0000	0.0000	0.0790	0.0035	0.0015	0.0036	0.0024	0.0000	0.0007
0.0008	0.0000	0.0002	0.0000	0.0000	0.0018	0.5286	0.0035	0.0000	0.2806	0.0000	0.1845
0.0000	0.0000	0.0000	0.0000	0.0000	0.0006	0.1434	0.8298	0.0000	0.0109	0.0000	0.0153
0.1721	0.0001	0.3812	0.0000	0.0000	0.4160	0.0242	0.0029	0.0000	0.0016	0.0000	0.0019
0.0000	0.0000	0.0296	0.0000	0.0000	0.0002	0.0043	0.9366	0.0000	0.0211	0.0000	0.0082
0.0000	0.0000	0.0000	0.0000	0.0000	0.0000	0.1940	0.0589	0.0000	0.0000	0.0000	0.7471
0.0000	0.0000	0.0000	0.0000	0.0000	0.0000	0.0000	0.0000	0.0000	0.9991	0.0009	0.0000
0.0028	0.7476	0.2212	0.0000	0.0000	0.0001	0.0194	0.0063	0.0000	0.0000	0.0000	0.0026
0.0000	0.0000	0.0000	0.0000	0.0000	0.0000	0.8518	0.0767	0.0000	0.0000	0.0000	0.0714
0.0413	0.0003	0.3756	0.0000	0.0000	0.1040	0.3093	0.0230	0.0000	0.0000	0.0000	0.1466
0.0000	0.0000	0.0000	0.0000	0.0000	0.0000	0.0001	0.0000	0.0000	0.9999	0.0000	0.0000
0.0033	0.0000	0.0000	0.0000	0.0000	0.0000	0.0000	0.0000	0.0000	0.0000	0.9967	0.0000
0.0000	0.0007	0.0007	0.0000	0.0000	0.9986	0.0000	0.0000	0.0000	0.0000	0.0000	0.0000
0.0000	0.0000	0.9881	0.0000	0.0000	0.0000	0.0000	0.0000	0.0119	0.0000	0.0000	0.0000
0.0000	0.0000	0.9935	0.0000	0.0000	0.0000	0.0000	0.0000	0.0065	0.0000	0.0000	0.0000
0.0000	0.0000	0.9781	0.0000	0.0000	0.0000	0.0002	0.0000	0.0000	0.0000	0.0000	0.0217
0.0000	0.0000	0.3744	0.0000	0.0000	0.0000	0.0000	0.0000	0.0000	0.0000	0.0000	0.6256
0.0000	0.0000	0.9998	0.0000	0.0000	0.0000	0.0000	0.0000	0.0000	0.0000	0.0000	0.0002
0.0000	0.0000	0.0035	0.0000	0.0000	0.0000	0.0000	0.0000	0.0000	0.0000	0.0000	0.9965
0.0000	0.0000	0.0056	0.0000	0.0000	0.0000	0.0000	0.0000	0.0000	0.0000	0.0000	0.9944
0.0000	0.0000	0.0000	0.0000	0.0000	0.0000	0.0000	0.0000	0.0000	0.0000	0.0000	1.0000
0.0000	0.0000	0.9997	0.0000	0.0000	0.0000	0.0000	0.0000	0.0000	0.0000	0.0000	0.0003
0.0000	0.0000	0.9100	0.0000	0.0000	0.0000	0.0000	0.0000	0.0000	0.0000	0.0000	0.0900
0.0000	0.0000	0.1235	0.0000	0.0000	0.0000	0.0000	0.0000	0.0000	0.0000	0.0000	0.8765
0.0000	0.0000	0.9994	0.0000	0.0000	0.0000	0.0000	0.0000	0.0000	0.0000	0.0000	0.0005
0.0000	0.0000	0.9976	0.0000	0.0000	0.0000	0.0000	0.0000	0.0003	0.0000	0.0000	0.0021
0.0000	0.0000	0.0000	0.0000	0.0000	0.0000	0.0000	0.0000	0.0000	0.0000	0.0000	1.0000
0.0000	0.0000	0.0001	0.0000	0.0000	0.0000	0.0000	0.0000	0.0000	0.0000	0.0000	0.9999
0.0000	0.0000	0.9955	0.0000	0.0000	0.0000	0.0000	0.0000	0.0045	0.0000	0.0000	0.0000
0.0000	0.0000	0.9858	0.0000	0.0000	0.0000	0.0000	0.0000	0.0141	0.0000	0.0000	0.0000
0.0000	0.0000	0.9949	0.0000	0.0000	0.0000	0.0000	0.0000	0.0051	0.0000	0.0000	0.0001
0.0000	0.0000	0.9904	0.0000	0.0000	0.0000	0.0000	0.0000	0.0000	0.0000	0.0000	0.0096
0.0000	0.0000	0.9983	0.0000	0.0000	0.0000	0.0000	0.0000	0.0000	0.0000	0.0000	0.0017
0.0000	0.0000	0.0001	0.0000	0.0000	0.0000	0.0000	0.0000	0.0000	0.0000	0.0000	0.9999
0.0000	0.0000	0.9977	0.0000	0.0000	0.0000	0.0000	0.0000	0.0023	0.0000	0.0000	0.0000
0.0000	0.0000	0.5071	0.0000	0.0000	0.0000	0.4929	0.0000	0.0000	0.0000	0.0000	0.0000
0.0000	0.0000	0.0000	0.0000	0.0000	0.0000	0.0000	0.0000	1.0000	0.0000	0.0000	0.0000
0.0000	0.0000	0.0135	0.0000	0.0000	0.0001	0.9864	0.0000	0.0000	0.0000	0.0000	0.0000
0.0000	0.0000	0.0000	0.0000	0.0000	0.0000	0.0610	0.0000	0.9390	0.0000	0.0000	0.0000
0.0000	0.0000	0.0000	0.0000	0.0000	0.0000	0.0000	0.0000	1.0000	0.0000	0.0000	0.0000
0.0000	0.0000	0.0118	0.0000	0.0000	0.0000	0.9882	0.0000	0.0000	0.0000	0.0000	0.0000
0.0000	0.0000	0.0000	0.0000	0.0000	0.0000	0.0000	0.0000	1.0000	0.0000	0.0000	0.0000
0.0000	0.0000	0.0000	0.0000	0.0000	0.0000	0.0000	0.0000	1.0000	0.0000	0.0000	0.0000
0.0000	0.0000	0.0000	0.0000	0.0000	0.0000	1.0000	0.0000	0.0000	0.0000	0.0000	0.0000
0.0000	0.0000	0.0000	0.0000	0.0000	0.0000	0.0000	0.0000	1.0000	0.0000	0.0000	0.0000
0.0000	0.0000	0.0338	0.0000	0.0000	0.0012	0.9649	0.0000	0.0000	0.0000	0.0000	0.0000
0.0000	0.0000	0.0000	0.0000	0.0000	0.0000	0.0017	0.0000	0.9983	0.0000	0.0000	0.0000
0.0000	0.0000	0.0000	0.0000	0.0000	0.0000	1.0000	0.0000	0.0000	0.0000	0.0000	0.0000
0.0000	0.0000	0.9591	0.0000	0.0000	0.0038	0.0371	0.0000	0.0000	0.0000	0.0000	0.0000
0.0000	0.0000	0.0000	0.0000	0.0000	0.0000	0.0000	0.0000	1.0000	0.0000	0.0000	0.0000
0.0000	0.0000	0.0000	0.0000	0.0000	0.0000	1.0000	0.0000	0.0000	0.0000	0.0000	0.0000
0.0000	0.0000	0.9692	0.0000	0.0000	0.0089	0.0219	0.0000	0.0000	0.0000	0.0000	0.0000
0.0000	0.0000	0.9959	0.0000	0.0000	0.0019	0.0023	0.0000	0.0000	0.0000	0.0000	0.0000
0.0000	0.0000	0.0021	0.0000	0.0000	0.0001	0.9978	0.0000	0.0000	0.0000	0.0000	0.0000
0.0000	0.0000	0.0000	0.0000	0.0000	0.0000	0.0000	0.0000	1.0000	0.0000	0.0000	0.0000
0.0000	0.0000	0.0000	0.0000	0.0000	0.0000	0.0000	0.0000	1.0000	0.0000	0.0000	0.0000
0.0000	0.0000	0.0000	0.0000	0.0000	0.0000	0.0000	0.0000	1.0000	0.0000	0.0000	0.0000
0.0000	0.0000	0.3766	0.0000	0.0000	0.0000	0.6234	0.0000	0.0000	0.0000	0.0000	0.0000
0.0000	0.0000	0.9964	0.0000	0.0000	0.0016	0.0020	0.0000	0.0000	0.0000	0.0000	0.0000
0.0000	0.0000	0.3343	0.0000	0.0000	0.0016	0.6640	0.0000	0.0001	0.0000	0.0000	0.0000
0.0000	0.0000	0.0000	0.0000	0.0000	0.0000	0.0000	0.0000	1.0000	0.0000	0.0000	0.0000
0.0000	0.0000	0.8506	0.0000	0.0000	0.0000	0.1494	0.0000	0.0000	0.0000	0.0000	0.0000
0.0000	0.0000	0.0000	0.0000	0.0000	0.0000	0.0000	0.0000	1.0000	0.0000	0.0000	0.0000
0.0000	0.0000	0.3658	0.0000	0.0000	0.1453	0.4888	0.0000	0.0000	0.0000	0.0000	0.0000
0.0000	0.0000	0.0031	0.0000	0.0000	0.0000	0.9969	0.0000	0.0000	0.0000	0.0000	0.0000
