0.8970	0.0000	0.0000	0.0000	0.0000	0.0000	0.0007	0.0000	0.0000	0.0001	0.0289	0.0732
0.0000	0.6621	0.3296	0.0000	0.0000	0.0000	0.0080	0.0003	0.0000	0.0000	0.0000	0.0000
0.0001	0.1826	0.3548	0.0003	0.0000	0.0003	0.0402	0.4126	0.0000	0.0000	0.0000	0.0091
0.0000	0.0000	0.0000	0.0000	0.0000	0.0000	0.0001	0.0001	0.0000	0.0011	0.0404	0.9582
0.0000	0.0000	0.0000	0.0000	0.0000	0.0000	0.0000	0.9064	0.0000	0.0000	0.0000	0.0936
0.0025	0.0000	0.0000	0.0000	0.0000	0.0000	0.0000	0.0000	0.9974	0.0000	0.0000	0.0000
0.0061	0.0000	0.0000	0.0000	0.0000	0.0000	0.0000	0.0000	0.0000	0.9939	0.0000	0.0000
0.0000	0.0000	0.0000	0.0000	0.0000	0.0000	0.0000	0.0000	0.0000	0.0000	1.0000	0.0000
0.0000	0.0561	0.6683	0.0232	0.0000	0.2397	0.0098	0.0015	0.0000	0.0000	0.0000	0.0014
0.0000	0.0000	0.0076	0.0027	0.0000	0.0000	0.5012	0.0168	0.0000	0.0004	0.0000	0.4713
0.0003	0.0000	0.0000	0.0000	0.0000	0.0022	0.3988	0.1745	0.0000	0.0634	0.0000	0.3608
0.0170	0.0000	0.0000	0.0000	0.0000	0.1851	0.2372	0.0277	0.0000	0.1260	0.0000	0.4070
0.0001	0.0000	0.0000	0.0000	0.0000	0.0003	0.0000	0.0000	0.9996	0.0000	0.0000	0.0000
0.0504	0.0000	0.0002	0.0000	0.0000	0.0070	0.8479	0.0071	0.0000	0.0022	0.0000	0.0852
0.4274	0.0000	0.0000	0.0000	0.0000	0.0048	0.3260	0.1893	0.0000	0.0027	0.0003	0.0494
0.7100	0.0000	0.0008	0.0000	0.0000	0.0001	0.0018	0.0869	0.1240	0.0003	0.0757	0.0004
0.0001	0.0000	0.0084	0.0013	0.0000	0.9561	0.0142	0.0175	0.0000	0.0000	0.0000	0.0026
0.0000	0.0000	0.6104	0.0000	0.0000	0.2331	0.0664	0.0789	0.0000	0.0001	0.0000	0.0110
0.0004	0.0000	0.0000	0.0000	0.0000	0.0000	0.0000	0.0000	0.9995	0.0001	0.0000	0.0000
0.0000	0.0000	0.0000	0.0000	0.0000	0.0000	0.0000	0.0000	0.9999	0.0000	0.0001	0.0000
0.0000	0.0000	0.0000	0.0000	0.0000	0.0000	0.0024	0.0000	0.0000	0.0032	0.0097	0.9846
0.0000	0.0000	0.0000	0.0000	0.0000	0.0000	0.0005	0.0000	0.0000	0.5090	0.0218	0.4687
0.0000	0.0000	0.0000	0.0000	0.0297	0.0000	0.0000	0.0000	0.0000	0.0000	0.9703	0.0000
0.0000	0.0000	0.0000	0.0000	0.0000	0.0000	0.0000	0.0000	0.0000	0.9902	0.0062	0.0037
0.0001	0.0000	0.0000	0.0012	0.0000	0.0000	0.9918	0.0011	0.0000	0.0000	0.0000	0.0058
0.0008	0.0000	0.0000	0.0000	0.0000	0.0024	0.0067	0.0003	0.0000	0.0180	0.0000	0.9718
0.0001	0.0000	0.0000	0.0021	0.0000	0.0000	0.0000	0.0000	0.7496	0.2482	0.0000	0.0000
0.0000	0.0000	0.4591	0.0000	0.0001	0.0000	0.4397	0.0437	0.0000	0.0329	0.0000	0.0245
0.0000	0.0000	0.0000	0.0000	0.0000	0.0000	0.9949	0.0050	0.0000	0.0000	0.0000	0.0001
0.0000	0.0000	0.0408	0.0001	0.0000	0.0003	0.9442	0.0011	0.0000	0.0000	0.0000	0.0134
0.0000	0.0000	0.9998	0.0000	0.0000	0.0001	0.0000	0.0000	0.0000	0.0000	0.0000	0.0001
0.0000	0.0000	0.0004	0.0000	0.0000	0.0000	0.0135	0.0000	0.0000	0.9544	0.0000	0.0316
1.0000	0.0000	0.0000	0.0000	0.0000	0.0000	0.0000	0.0000	0.0000	0.0000	0.0000	0.0000
0.0077	0.0000	0.0000	0.0000	0.0000	0.0000	0.0019	0.0004	0.0000	0.0130	0.0026	0.9744
0.6078	0.0000	0.0000	0.0000	0.0000	0.0000	0.0000	0.0000	0.2659	0.1180	0.0005	0.0077
0.0000	0.0000	0.0000	0.0000	0.0000	0.0000	0.0000	0.0000	0.0000	0.0175	0.9825	0.0000
0.0390	0.3778	0.0344	0.0001	0.0000	0.0335	0.0352	0.3467	0.0000	0.0001	0.0003	0.1329
1.0000	0.0000	0.0000	0.0000	0.0000	0.0000	0.0000	0.0000	0.0000	0.0000	0.0000	0.0000
1.0000	0.0000	0.0000	0.0000	0.0000	0.0000	0.0000	0.0000	0.0000	0.0000	0.0000	0.0000
0.0000	0.0000	0.0000	0.0000	0.0000	0.0000	0.0000	0.0000	1.0000	0.0000	0.0000	0.0000
0.0011	0.0000	0.0000	0.0000	0.0000	0.0000	0.0000	0.0000	0.0000	0.9987	0.0000	0.0002
0.0001	0.3528	0.5044	0.0001	0.0000	0.1310	0.0082	0.0022	0.0000	0.0000	0.0000	0.0012
0.9807	0.0000	0.0000	0.0000	0.0000	0.0000	0.0000	0.0000	0.0000	0.0019	0.0000	0.0173
0.0457	0.0000	0.0000	0.0000	0.0000	0.0001	0.0107	0.0029	0.0000	0.8244	0.0003	0.1159
0.0000	0.0000	0.0000	0.0000	0.0000	0.0000	0.0000	0.0000	0.0077	0.0000	0.9923	0.0000
0.0020	0.1675	0.6714	0.0000	0.0000	0.0006	0.0207	0.1247	0.0000	0.0000	0.0000	0.0131
0.7999	0.0000	0.0020	0.0000	0.0000	0.1426	0.0309	0.0005	0.0000	0.0002	0.0001	0.0238
0.0000	0.0000	0.0000	0.0000	0.0000	0.0000	0.0001	0.5799	0.0000	0.0000	0.2358	0.1841
0.9996	0.0000	0.0000	0.0000	0.0000	0.0000	0.0000	0.0000	0.0004	0.0000	0.0000	0.0000
0.0003	0.0000	0.0000	0.0000	0.0000	0.0000	0.0000	0.0000	0.9975	0.0000	0.0022	0.0000
0.0000	0.0000	0.0071	0.0002	0.0000	0.0000	0.6288	0.1866	0.0000	0.0012	0.0000	0.1761
0.0000	0.0000	0.0004	0.0000	0.0000	0.0000	0.9776	0.0112	0.0000	0.0000	0.0000	0.0107
0.0000	0.1963	0.1981	0.0018	0.0000	0.5996	0.0024	0.0016	0.0000	0.0000	0.0000	0.0001
0.0000	0.0000	0.0000	0.0000	0.0000	0.0002	0.0600	0.0142	0.0000	0.0245	0.0000	0.9011
0.0000	0.0000	0.0000	0.0000	0.0000	0.0004	0.0000	0.0000	0.9996	0.0000	0.0000	0.0000
0.0000	0.0000	0.0000	0.0000	0.0000	0.0000	0.0000	0.0000	1.0000	0.0000	0.0000	0.0000
0.0000	0.0000	0.0000	0.0000	0.0000	0.0000	0.0017	0.0000	0.0000	0.9983	0.0000	0.0000
0.0000	0.0000	0.0000	0.0000	1.0000	0.0000	0.0000	0.0000	0.0000	0.0000	0.0000	0.0000
0.0075	0.0000	0.0000	0.0000	0.0000	0.0000	0.4082	0.0016	0.0000	0.0060	0.5767	0.0000
0.0009	0.0000	0.0000	0.0000	0.0000	0.0000	0.0000	0.0000	0.9987	0.0000	0.0004	0.0000
0.0006	0.0000	0.0000	0.0000	0.0000	0.0000	0.0000	0.0000	0.9993	0.0000	0.0001	0.0000
0.0000	0.0000	0.0000	0.0000	0.0000	0.0000	0.0000	0.0000	1.0000	0.0000	0.0000	0.0000
0.0000	0.0000	0.0000	0.0000	0.0000	0.0000	0.0000	0.0000	1.0000	0.0000	0.0000	0.0000
0.0000	0.0000	0.0000	0.0000	0.9989	0.0000	0.0000	0.0000	0.0000	0.0000	0.0011	0.0000
0.0001	0.0000	0.0658	0.0000	0.0000	0.4487	0.3690	0.0101	0.0000	0.0000	0.0000	0.1063
0.0000	0.9850	0.0024	0.0001	0.0000	0.0002	0.0000	0.0120	0.0000	0.0000	0.0000	0.0002
0.0000	0.0000	0.0000	0.0000	0.0000	0.0000	0.0112	0.0000	0.0000	0.0002	0.0001	0.9884
0.0000	0.0000	0.0001	0.0000	0.0000	0.0000	0.3492	0.0004	0.0000	0.0006	0.0001	0.6496
0.8316	0.0000	0.1644	0.0000	0.0000	0.0007	0.0006	0.0008	0.0006	0.0000	0.0000	0.0013
0.0008	0.0000	0.0000	0.0000	0.0000	0.0004	0.3284	0.0006	0.0000	0.0110	0.0000	0.6587
0.0000	0.0000	0.0000	0.0000	0.0000	0.0000	0.6893	0.3094	0.0000	0.0000	0.0000	0.0013
0.1826	0.0000	0.4205	0.0000	0.0000	0.0042	0.2621	0.0038	0.0000	0.0009	0.0000	0.1259
0.0000	0.0000	0.0002	0.0000	0.0000	0.0000	0.0009	0.9984	0.0000	0.0000	0.0000	0.0004
0.0062	0.0000	0.0000	0.0000	0.0000	0.0000	0.0074	0.0024	0.0000	0.0000	0.0000	0.9839
0.0000	0.0000	0.0000	0.0000	0.0000	0.0000	0.0000	0.0000	0.0000	0.0218	0.9781	0.0000
0.6822	0.2675	0.0076	0.0000	0.0000	0.0000	0.0030	0.0202	0.0000	0.0000	0.0000	0.0195
0.0036	0.0000	0.0000	0.0000	0.0000	0.0000	0.7316	0.0680	0.0000	0.0000	0.0000	0.1968
0.0011	0.0000	0.0003	0.0000	0.0000	0.1778	0.0196	0.0000	0.0000	0.0000	0.0000	0.8011
0.0000	0.0000	0.0000	0.0000	0.0000	0.0000	0.6925	0.0000	0.0000	0.0198	0.0000	0.2878
0.0000	0.0000	0.0000	0.0000	0.0000	0.0000	0.0000	0.0000	0.0000	0.0000	1.0000	0.0000
0.0000	0.0051	0.1994	0.0023	0.0000	0.7884	0.0028	0.0008	0.0000	0.0000	0.0000	0.0012
0.0000	0.0000	1.0000	0.0000	0.0000	0.0000	0.0000	0.0000	0.0000	0.0000	0.0000	0.0000
0.0000	0.0000	1.0000	0.0000	0.0000	0.0000	0.0000	0.0000	0.0000	0.0000	0.0000	0.0000
0.0000	0.0000	0.0000	0.0000	0.0000	0.0000	0.0004	0.0000	0.0000	0.0000	0.0000	0.9995
0.0000	0.0000	0.0000	0.0000	0.0000	0.0000	0.0000	0.0000	0.0000	0.0000	0.0000	1.0000
0.0000	0.0000	0.9989	0.0000	0.0000	0.0000	0.0000	0.0000	0.0000	0.0000	0.0000	0.0011
0.0000	0.0000	0.0000	0.0000	0.0000	0.0000	0.0000	0.0000	0.0000	0.0000	0.0000	1.0000
0.0000	0.0000	0.0053	0.0000	0.0000	0.0000	0.0000	0.0000	0.0000	0.0000	0.0000	0.9947
0.0000	0.0000	0.0000	0.0000	0.0000	0.0000	0.0000	0.0000	0.0000	0.0000	0.0000	1.0000
0.0000	0.0000	0.9996	0.0000	0.0000	0.0000	0.0000	0.0000	0.0000	0.0000	0.0000	0.0004
0.0000	0.0000	0.9667	0.0000	0.0000	0.0000	0.0000	0.0000	0.0000	0.0000	0.0000	0.0333
0.0000	0.0000	0.0103	0.0000	0.0000	0.0000	0.0000	0.0000	0.0000	0.0000	0.0000	0.9897
0.0000	0.0000	0.9999	0.0000	0.0000	0.0000	0.0000	0.0000	0.0000	0.0000	0.0000	0.0001
0.0000	0.0000	0.9999	0.0000	0.0000	0.0000	0.0000	0.0000	0.0000	0.0000	0.0000	0.0001
0.0000	0.0000	0.0000	0.0000	0.0000	0.0000	0.0000	0.0000	0.0000	0.0000	0.0000	1.0000
0.0000	0.0000	0.0018	0.0000	0.0000	0.0000	0.0000	0.0000	0.0001	0.0000	0.0000	0.9981
0.0000	0.0000	1.0000	0.0000	0.0000	0.0000	0.0000	0.0000	0.0000	0.0000	0.0000	0.0000
0.0000	0.0000	1.0000	0.0000	0.0000	0.0000	0.0000	0.0000	0.0000	0.0000	0.0000	0.0000
0.0000	0.0000	1.0000	0.0000	0.0000	0.0000	0.0000	0.0000	0.0000	0.0000	0.0000	0.0000
0.0000	0.0000	0.9967	0.0000	0.0000	0.0000	0.0000	0.0000	0.0005	0.0000	0.0000	0.0028
0.0000	0.0000	0.9998	0.0000	0.0000	0.0000	0.0000	0.0000	0.0000	0.0000	0.0000	0.0002
0.0000	0.0000	0.0000	0.0000	0.0000	0.0000	0.0000	0.0000	0.0000	0.0000	0.0000	1.0000
0.0000	0.0000	1.0000	0.0000	0.0000	0.0000	0.0000	0.0000	0.0000	0.0000	0.0000	0.0000
0.0000	0.0000	0.0000	0.0000	0.0000	0.0000	1.0000	0.0000	0.0000	0.0000	0.0000	0.0000
0.0000	0.0000	0.0000	0.0000	0.0000	0.0000	0.0000	0.0000	1.0000	0.0000	0.0000	0.0000
0.0000	0.0000	0.0000	0.0000	0.0000	0.0000	1.0000	0.0000	0.0000	0.0000	0.0000	0.0000
0.0000	0.0000	0.0000	0.0000	0.0000	0.0000	0.9449	0.0000	0.0551	0.0000	0.0000	0.0000
0.0000	0.0000	0.0000	0.0000	0.0000	0.0000	0.0000	0.0000	1.0000	0.0000	0.0000	0.0000
0.0000	0.0000	0.0007	0.0000	0.0000	0.0000	0.9993	0.0000	0.0000	0.0000	0.0000	0.0000
0.0000	0.0000	0.0000	0.0000	0.0000	0.0000	0.0000	0.0000	1.0000	0.0000	0.0000	0.0000
0.0000	0.0000	0.0000	0.0000	0.0000	0.0000	0.0000	0.0000	1.0000	0.0000	0.0000	0.0000
0.0000	0.0000	0.0000	0.0000	0.0000	0.0000	1.0000	0.0000	0.0000	0.0000	0.0000	0.0000
0.0000	0.0000	0.0000	0.0000	0.0000	0.0000	0.0000	0.0000	1.0000	0.0000	0.0000	0.0000
0.0000	0.0000	0.0000	0.0000	0.0000	0.0000	1.0000	0.0000	0.0000	0.0000	0.0000	0.0000
0.0000	0.0000	0.0000	0.0000	0.0000	0.0000	0.0001	0.0000	0.9999	0.0000	0.0000	0.0000
0.0000	0.0000	0.0000	0.0000	0.0000	0.0000	1.0000	0.0000	0.0000	0.0000	0.0000	0.0000
0.0000	0.0000	0.2077	0.0000	0.0000	0.0001	0.7922	0.0000	0.0000	0.0000	0.0000	0.0000
0.0000	0.0000	0.0000	0.0000	0.0000	0.0018	0.0000	0.0000	0.9982	0.0000	0.0000	0.0000
0.0000	0.0000	0.0000	0.0000	0.0000	0.0000	1.0000	0.0000	0.0000	0.0000	0.0000	0.0000
0.0000	0.0000	0.9409	0.0000	0.0000	0.0002	0.0589	0.0000	0.0000	0.0000	0.0000	0.0000
0.0000	0.0000	0.9882	0.0000	0.0000	0.0000	0.0118	0.0000	0.0000	0.0000	0.0000	0.0000
0.0000	0.0000	0.0001	0.0000	0.0000	0.0000	0.9999	0.0000	0.0000	0.0000	0.0000	0.0000
0.0000	0.0000	0.0000	0.0000	0.0000	0.0000	0.0000	0.0000	1.0000	0.0000	0.0000	0.0000
0.0000	0.0000	0.0000	0.0000	0.0000	0.0000	0.0000	0.0000	1.0000	0.0000	0.0000	0.0000
0.0000	0.0000	0.0000	0.0000	0.0000	0.0000	0.0000	0.0000	1.0000	0.0000	0.0000	0.0000
0.0000	0.0000	0.0393	0.0000	0.0000	0.0000	0.9607	0.0000	0.0000	0.0000	0.0000	0.0000
0.0000	0.0000	0.9939	0.0000	0.0000	0.0000	0.0061	0.0000	0.0000	0.0000	0.0000	0.0000
0.0000	0.0000	0.0011	0.0000	0.0000	0.0000	0.9989	0.0000	0.0000	0.0000	0.0000	0.0000
0.0000	0.0000	0.0000	0.0000	0.0000	0.0000	0.0000	0.0000	1.0000	0.0000	0.0000	0.0000
0.0000	0.0000	0.7313	0.0000	0.0000	0.0000	0.2687	0.0000	0.0000	0.0000	0.0000	0.0000
0.0000	0.0000	0.0000	0.0000	0.0000	0.0000	0.0000	0.0000	1.0000	0.0000	0.0000	0.0000
0.0000	0.0000	0.0011	0.0000	0.0000	0.0013	0.9976	0.0000	0.0000	0.0000	0.0000	0.0000
0.0000	0.0000	0.0003	0.0000	0.0000	0.0000	0.9997	0.0000	0.0000	0.0000	0.0000	0.0000
