0.0016	0.0000	0.0002	0.0000	0.0000	0.0000	0.1234	0.0000	0.0000	0.0000	0.0038	0.8711
0.0000	1.0000	0.0000	0.0000	0.0000	0.0000	0.0000	0.0000	0.0000	0.0000	0.0000	0.0000
0.0000	0.1358	0.3588	0.0000	0.0000	0.0513	0.0377	0.4099	0.0000	0.0000	0.0000	0.0065
0.0000	0.0000	0.0068	0.0000	0.0000	0.0000	0.0207	0.0283	0.0000	0.0002	0.0137	0.9303
0.0000	0.0000	0.0001	0.0000	0.0000	0.0000	0.0000	0.9996	0.0000	0.0000	0.0000	0.0003
0.0001	0.0000	0.0000	0.0000	0.0000	0.0000	0.0000	0.0000	0.9999	0.0000	0.0000	0.0000
0.0001	0.0000	0.0000	0.0000	0.0000	0.0000	0.0000	0.0000	0.0000	0.9999	0.0000	0.0000
0.0000	0.0000	0.0000	0.0000	0.0000	0.0000	0.0000	0.0000	0.0000	0.0000	1.0000	0.0000
0.0000	0.0017	0.1413	0.0000	0.0000	0.8564	0.0004	0.0001	0.0000	0.0000	0.0000	0.0001
0.0000	0.0000	0.0226	0.0000	0.0000	0.0000	0.3896	0.0710	0.0000	0.0000	0.0000	0.5168
0.0000	0.0000	0.0000	0.0000	0.0000	0.0001	0.1649	0.0008	0.0000	0.0369	0.0000	0.7972
0.0000	0.0000	0.0000	0.0000	0.0000	0.0089	0.0882	0.0006	0.0000	0.1792	0.0000	0.7231
0.0000	0.0000	0.0000	0.0000	0.0000	0.0000	0.0000	0.0000	1.0000	0.0000	0.0000	0.0000
0.0020	0.0000	0.0000	0.0000	0.0000	0.0287	0.9577	0.0059	0.0000	0.0003	0.0000	0.0054
0.0037	0.0000	0.0000	0.0000	0.0000	0.0065	0.9413	0.0354	0.0000	0.0002	0.0000	0.0129
0.4331	0.0000	0.0002	0.0000	0.0000	0.0004	0.0166	0.0206	0.5255	0.0014	0.0000	0.0022
0.0000	0.0000	0.0019	0.0000	0.0000	0.9226	0.0572	0.0182	0.0000	0.0000	0.0000	0.0000
0.0000	0.0000	0.2734	0.0000	0.0000	0.7160	0.0098	0.0001	0.0000	0.0000	0.0000	0.0008
0.0000	0.0000	0.0000	0.0000	0.0000	0.0000	0.0000	0.0000	1.0000	0.0000	0.0000	0.0000
0.0000	0.0000	0.0000	0.0000	0.0000	0.0000	0.0000	0.0000	1.0000	0.0000	0.0000	0.0000
0.0000	0.0000	0.0000	0.0000	0.0000	0.0000	0.2068	0.0000	0.0000	0.0087	0.0121	0.7723
0.0000	0.0000	0.0000	0.0000	0.0000	0.0000	0.0595	0.0000	0.0000	0.5780	0.0212	0.3413
0.0000	0.0000	0.0000	0.0008	0.0214	0.0000	0.0004	0.0000	0.0000	0.0000	0.9774	0.0000
0.0000	0.0000	0.0000	0.0000	0.0000	0.0000	0.0016	0.0003	0.0000	0.9783	0.0156	0.0042
0.0000	0.0000	0.0000	0.0002	0.0000	0.0000	0.9756	0.0157	0.0000	0.0000	0.0000	0.0084
0.0002	0.0000	0.0000	0.0000	0.0000	0.0013	0.2363	0.0070	0.0000	0.0071	0.0000	0.7481
0.0000	0.0000	0.0000	0.0014	0.0000	0.0000	0.0000	0.0000	0.6199	0.3787	0.0000	0.0000
0.0000	0.0000	0.0194	0.0000	0.0000	0.0000	0.2288	0.7518	0.0000	0.0000	0.0000	0.0000
0.0000	0.0000	0.0000	0.0000	0.0000	0.0000	0.9919	0.0081	0.0000	0.0000	0.0000	0.0000
0.0000	0.0001	0.0521	0.0000	0.0000	0.0002	0.9162	0.0148	0.0000	0.0001	0.0000	0.0166
0.0000	0.0000	0.9997	0.0000	0.0000	0.0003	0.0000	0.0000	0.0000	0.0000	0.0000	0.0001
0.0000	0.0000	0.0270	0.0001	0.0001	0.0000	0.3719	0.0140	0.0000	0.5860	0.0000	0.0009
0.9999	0.0000	0.0000	0.0000	0.0000	0.0000	0.0000	0.0000	0.0001	0.0000	0.0000	0.0000
0.0001	0.0000	0.0007	0.0000	0.0000	0.0000	0.0039	0.0014	0.0000	0.0004	0.0006	0.9929
0.0010	0.0000	0.0000	0.0000	0.0000	0.0000	0.0000	0.0000	0.0511	0.9186	0.0293	0.0000
0.0000	0.0000	0.0000	0.0000	0.0000	0.0000	0.0000	0.0000	0.0000	0.9563	0.0437	0.0000
0.0001	0.3025	0.1608	0.0000	0.0000	0.0059	0.0028	0.5245	0.0000	0.0000	0.0000	0.0034
1.0000	0.0000	0.0000	0.0000	0.0000	0.0000	0.0000	0.0000	0.0000	0.0000	0.0000	0.0000
1.0000	0.0000	0.0000	0.0000	0.0000	0.0000	0.0000	0.0000	0.0000	0.0000	0.0000	0.0000
0.0000	0.0000	0.0000	0.0000	0.0000	0.0000	0.0000	0.0000	1.0000	0.0000	0.0000	0.0000
0.0000	0.0000	0.0000	0.0000	0.0000	0.0000	0.0000	0.0000	0.0000	1.0000	0.0000	0.0000
0.0000	0.1945	0.3941	0.0000	0.0000	0.4032	0.0018	0.0061	0.0000	0.0000	0.0000	0.0003
0.3436	0.0000	0.0000	0.0000	0.0000	0.0007	0.0050	0.0203	0.0000	0.0003	0.0000	0.6301
0.0284	0.0000	0.0000	0.0000	0.0000	0.0016	0.5465	0.0688	0.0000	0.0204	0.0017	0.3325
0.0000	0.0000	0.0000	0.0000	0.0000	0.0000	0.0000	0.0000	0.0005	0.0005	0.9990	0.0000
0.0000	0.0242	0.9250	0.0000	0.0000	0.0069	0.0096	0.0290	0.0000	0.0000	0.0000	0.0053
0.0072	0.0700	0.0243	0.0000	0.0000	0.6519	0.1426	0.0329	0.0000	0.0000	0.0000	0.0710
0.0000	0.0000	0.0000	0.0000	0.0000	0.0000	0.0002	0.9087	0.0000	0.0000	0.0010	0.0900
0.8969	0.0000	0.0000	0.0000	0.0000	0.0000	0.0000	0.0000	0.0037	0.0994	0.0000	0.0000
0.0000	0.0000	0.0000	0.0000	0.0000	0.0000	0.0000	0.0000	1.0000	0.0000	0.0000	0.0000
0.0000	0.0000	0.0141	0.0000	0.0000	0.0000	0.8550	0.0844	0.0000	0.0000	0.0000	0.0465
0.0000	0.0000	0.0000	0.0000	0.0000	0.0000	0.9892	0.0028	0.0000	0.0000	0.0000	0.0080
0.0000	0.0293	0.0188	0.0000	0.0000	0.9505	0.0000	0.0014	0.0000	0.0000	0.0000	0.0000
0.0000	0.0000	0.0000	0.0000	0.0000	0.0000	0.0095	0.0001	0.0000	0.4426	0.0000	0.5479
0.0000	0.0000	0.0000	0.0000	0.0000	0.0000	0.0000	0.0000	1.0000	0.0000	0.0000	0.0000
0.0000	0.0000	0.0000	0.0000	0.0000	0.0000	0.0000	0.0000	1.0000	0.0000	0.0000	0.0000
0.0000	0.0000	0.0000	0.0000	0.0000	0.0000	0.0038	0.0000	0.0000	0.9962	0.0000	0.0000
0.0000	0.0000	0.0000	0.0000	1.0000	0.0000	0.0000	0.0000	0.0000	0.0000	0.0000	0.0000
0.0000	0.0000	0.0000	0.0000	0.0000	0.0000	0.9936	0.0000	0.0000	0.0064	0.0000	0.0000
0.0000	0.0000	0.0000	0.0000	0.0000	0.0000	0.0000	0.0000	1.0000	0.0000	0.0000	0.0000
0.0000	0.0000	0.0000	0.0000	0.0000	0.0000	0.0000	0.0000	1.0000	0.0000	0.0000	0.0000
0.0000	0.0000	0.0000	0.0000	0.0000	0.0000	0.0000	0.0000	1.0000	0.0000	0.0000	0.0000
0.0000	0.0000	0.0000	0.0000	0.0000	0.0000	0.0000	0.0000	1.0000	0.0000	0.0000	0.0000
0.0000	0.0000	0.0000	0.0007	0.9358	0.0000	0.0000	0.0000	0.0000	0.0000	0.0635	0.0000
0.0000	0.0000	0.4707	0.0000	0.0000	0.1763	0.1585	0.1817	0.0000	0.0000	0.0000	0.0128
0.0000	0.7256	0.0562	0.0000	0.0000	0.1962	0.0006	0.0213	0.0000	0.0000	0.0000	0.0000
0.0000	0.0000	0.0000	0.0000	0.0000	0.0000	0.2007	0.0013	0.0000	0.0000	0.0000	0.7980
0.0000	0.0000	0.0003	0.0000	0.0000	0.0000	0.7242	0.0044	0.0000	0.0000	0.0000	0.2712
0.4429	0.0000	0.5360	0.0000	0.0000	0.0023	0.0006	0.0004	0.0006	0.0001	0.0000	0.0171
0.0007	0.0000	0.0002	0.0000	0.0000	0.0007	0.5577	0.0003	0.0000	0.0009	0.0000	0.4395
0.0000	0.0000	0.0000	0.0000	0.0000	0.0000	0.6227	0.3750	0.0000	0.0002	0.0000	0.0021
0.0278	0.0000	0.8319	0.0000	0.0000	0.0012	0.0097	0.0005	0.0000	0.0000	0.0000	0.1288
0.0000	0.0000	0.0002	0.0000	0.0000	0.0000	0.0013	0.9983	0.0000	0.0000	0.0000	0.0002
0.0000	0.0000	0.0000	0.0000	0.0000	0.0000	0.0071	0.0032	0.0000	0.0000	0.0000	0.9897
0.0000	0.0000	0.0000	0.0000	0.0000	0.0000	0.0000	0.0000	0.0000	0.9999	0.0001	0.0000
0.0275	0.8579	0.0332	0.0000	0.0000	0.0000	0.0307	0.0173	0.0000	0.0000	0.0000	0.0336
0.0000	0.0000	0.0000	0.0000	0.0000	0.0000	0.0339	0.6395	0.0000	0.0000	0.0000	0.3265
0.0004	0.0000	0.0072	0.0000	0.0000	0.0071	0.9476	0.0031	0.0000	0.0000	0.0000	0.0346
0.0000	0.0000	0.0000	0.0000	0.0000	0.0000	0.9990	0.0000	0.0000	0.0008	0.0000	0.0003
0.0000	0.0000	0.0000	0.0005	0.0000	0.0000	0.0000	0.0000	0.0030	0.0000	0.9965	0.0000
0.0000	0.0016	0.0176	0.0000	0.0000	0.9796	0.0001	0.0008	0.0000	0.0000	0.0000	0.0002
0.0000	0.0000	0.9997	0.0000	0.0000	0.0002	0.0000	0.0000	0.0001	0.0000	0.0000	0.0000
0.0000	0.0000	0.9999	0.0000	0.0000	0.0001	0.0000	0.0000	0.0000	0.0000	0.0000	0.0000
0.0000	0.0000	0.0000	0.0000	0.0000	0.0000	0.0000	0.0000	0.0000	0.0000	0.0000	0.9999
0.0000	0.0000	0.0000	0.0000	0.0000	0.0000	0.0000	0.0000	0.0000	0.0000	0.0000	1.0000
0.0000	0.0000	1.0000	0.0000	0.0000	0.0000	0.0000	0.0000	0.0000	0.0000	0.0000	0.0000
0.0000	0.0000	0.0000	0.0000	0.0000	0.0000	0.0000	0.0000	0.0000	0.0000	0.0000	1.0000
0.0000	0.0000	0.0000	0.0000	0.0000	0.0000	0.0000	0.0000	0.0000	0.0000	0.0000	1.0000
0.0000	0.0000	0.0000	0.0000	0.0000	0.0000	0.0000	0.0000	0.0000	0.0000	0.0000	1.0000
0.0000	0.0000	0.9811	0.0000	0.0000	0.0000	0.0000	0.0000	0.0000	0.0000	0.0000	0.0189
0.0000	0.0000	0.0000	0.0000	0.0000	0.0000	0.0000	0.0000	0.0000	0.0000	0.0000	1.0000
0.0000	0.0000	0.0000	0.0000	0.0000	0.0000	0.0000	0.0000	0.0000	0.0000	0.0000	1.0000
0.0000	0.0000	0.7868	0.0000	0.0000	0.0000	0.0000	0.0000	0.0006	0.0000	0.0000	0.2127
0.0003	0.0000	0.8735	0.0000	0.0000	0.0000	0.0000	0.0000	0.0008	0.0000	0.0000	0.1254
0.0000	0.0000	0.0000	0.0000	0.0000	0.0000	0.0000	0.0000	0.0000	0.0000	0.0000	1.0000
0.0000	0.0000	0.0000	0.0000	0.0000	0.0000	0.0000	0.0000	0.0000	0.0000	0.0000	1.0000
0.0000	0.0000	0.9997	0.0000	0.0000	0.0000	0.0000	0.0000	0.0000	0.0000	0.0000	0.0002
0.0000	0.0000	0.9996	0.0000	0.0000	0.0001	0.0000	0.0000	0.0001	0.0000	0.0000	0.0002
0.0000	0.0000	0.9999	0.0000	0.0000	0.0000	0.0000	0.0000	0.0000	0.0000	0.0000	0.0001
0.0001	0.0000	0.5156	0.0000	0.0000	0.0000	0.0000	0.0000	0.0027	0.0000	0.0000	0.4816
0.0001	0.0000	0.9174	0.0000	0.0000	0.0000	0.0000	0.0000	0.0000	0.0000	0.0000	0.0824
0.0000	0.0000	0.0000	0.0000	0.0000	0.0000	0.0000	0.0000	0.0000	0.0000	0.0000	1.0000
0.0000	0.0000	0.9998	0.0000	0.0000	0.0000	0.0000	0.0000	0.0001	0.0000	0.0000	0.0001
0.0000	0.0000	0.0001	0.0000	0.0000	0.0000	0.9999	0.0000	0.0000	0.0000	0.0000	0.0000
0.0000	0.0000	0.0000	0.0000	0.0000	0.0000	0.0000	0.0000	1.0000	0.0000	0.0000	0.0000
0.0000	0.0000	0.0002	0.0000	0.0000	0.0000	0.9998	0.0000	0.0000	0.0000	0.0000	0.0000
0.0000	0.0000	0.0000	0.0000	0.0000	0.0000	0.9872	0.0000	0.0128	0.0000	0.0000	0.0000
0.0000	0.0000	0.0000	0.0000	0.0000	0.0000	0.0000	0.0000	1.0000	0.0000	0.0000	0.0000
0.0000	0.0000	0.0003	0.0000	0.0000	0.0000	0.9997	0.0000	0.0000	0.0000	0.0000	0.0000
0.0000	0.0000	0.0000	0.0000	0.0000	0.0000	0.0000	0.0000	1.0000	0.0000	0.0000	0.0000
0.0000	0.0000	0.0000	0.0000	0.0000	0.0000	0.0000	0.0000	1.0000	0.0000	0.0000	0.0000
0.0000	0.0000	0.0000	0.0000	0.0000	0.0000	1.0000	0.0000	0.0000	0.0000	0.0000	0.0000
0.0000	0.0000	0.0000	0.0000	0.0000	0.0000	0.0000	0.0000	1.0000	0.0000	0.0000	0.0000
0.0000	0.0000	0.0001	0.0000	0.0000	0.0002	0.9997	0.0000	0.0000	0.0000	0.0000	0.0000
0.0000	0.0000	0.0000	0.0000	0.0000	0.0000	0.0000	0.0000	1.0000	0.0000	0.0000	0.0000
0.0000	0.0000	0.0002	0.0000	0.0000	0.0000	0.0485	0.0000	0.9513	0.0000	0.0000	0.0000
0.0000	0.0000	0.9875	0.0000	0.0000	0.0008	0.0117	0.0000	0.0000	0.0000	0.0000	0.0000
0.0000	0.0000	0.0000	0.0000	0.0000	0.0000	0.0000	0.0000	1.0000	0.0000	0.0000	0.0000
0.0000	0.0000	0.0000	0.0000	0.0000	0.0000	1.0000	0.0000	0.0000	0.0000	0.0000	0.0000
0.0000	0.0000	0.9775	0.0000	0.0000	0.0005	0.0220	0.0000	0.0000	0.0000	0.0000	0.0000
0.0000	0.0000	0.9932	0.0000	0.0000	0.0002	0.0066	0.0000	0.0000	0.0000	0.0000	0.0000
0.0000	0.0000	0.0225	0.0000	0.0000	0.0000	0.9775	0.0000	0.0000	0.0000	0.0000	0.0000
0.0000	0.0000	0.0000	0.0000	0.0000	0.0000	0.0000	0.0000	1.0000	0.0000	0.0000	0.0000
0.0000	0.0000	0.0000	0.0000	0.0000	0.0000	0.0000	0.0000	1.0000	0.0000	0.0000	0.0000
0.0000	0.0000	0.0000	0.0000	0.0000	0.0000	0.0000	0.0000	1.0000	0.0000	0.0000	0.0000
0.0000	0.0000	0.0488	0.0000	0.0000	0.0000	0.9512	0.0000	0.0000	0.0000	0.0000	0.0000
0.0000	0.0000	0.9950	0.0000	0.0000	0.0003	0.0047	0.0000	0.0000	0.0000	0.0000	0.0000
0.0000	0.0000	0.0006	0.0000	0.0000	0.0000	0.9994	0.0000	0.0000	0.0000	0.0000	0.0000
0.0000	0.0000	0.0000	0.0000	0.0000	0.0000	0.0000	0.0000	1.0000	0.0000	0.0000	0.0000
0.0000	0.0000	0.8300	0.0000	0.0000	0.0000	0.1700	0.0000	0.0000	0.0000	0.0000	0.0000
0.0000	0.0000	0.0000	0.0000	0.0000	0.0000	0.0000	0.0000	1.0000	0.0000	0.0000	0.0000
0.0000	0.0000	0.0006	0.0000	0.0000	0.0205	0.9789	0.0000	0.0000	0.0000	0.0000	0.0000
0.0000	0.0000	0.0009	0.0000	0.0000	0.0000	0.9991	0.0000	0.0000	0.0000	0.0000	0.0000
