0.0270	0.0000	0.0003	0.0000	0.0000	0.0000	0.0665	0.0000	0.0000	0.0001	0.0749	0.8312
0.0000	0.0000	0.0007	0.0007	0.0000	0.0000	0.0001	0.0008	0.0000	0.0001	0.0000	0.9976
0.0000	0.0529	0.2194	0.0000	0.0000	0.6589	0.0026	0.0653	0.0000	0.0000	0.0000	0.0008
0.0000	0.0000	0.0001	0.0000	0.0000	0.0000	0.0177	0.0231	0.0000	0.0000	0.0017	0.9573
0.0000	0.0000	0.0000	0.0000	0.0005	0.0000	0.0001	0.9850	0.0000	0.0000	0.0001	0.0143
0.0001	0.0000	0.0000	0.0000	0.0000	0.0000	0.0000	0.0000	0.9999	0.0000	0.0000	0.0000
0.0000	0.0000	0.0000	0.0000	0.0000	0.0000	0.0000	0.0000	0.0000	1.0000	0.0000	0.0000
0.0000	0.0000	0.0000	0.0000	0.0000	0.0000	0.0000	0.0000	0.0001	0.0020	0.9916	0.0064
0.0000	0.0402	0.2886	0.0000	0.0000	0.6702	0.0001	0.0009	0.0000	0.0000	0.0000	0.0000
0.0000	0.0000	0.0033	0.0000	0.0000	0.0004	0.2984	0.1882	0.0000	0.0000	0.0000	0.5096
0.0000	0.0000	0.0000	0.0000	0.0000	0.0003	0.7095	0.0013	0.0000	0.0336	0.0000	0.2551
0.0001	0.0000	0.0000	0.0000	0.0000	0.0169	0.0881	0.0049	0.0000	0.0830	0.0000	0.8070
0.0000	0.0000	0.0000	0.0000	0.0000	0.0000	0.0000	0.0000	1.0000	0.0000	0.0000	0.0000
0.0028	0.0000	0.0032	0.0000	0.0000	0.0204	0.6590	0.2618	0.0000	0.0001	0.0000	0.0526
0.0001	0.0000	0.0002	0.0000	0.0000	0.0097	0.1357	0.8384	0.0000	0.0000	0.0000	0.0158
0.0783	0.0000	0.0000	0.0000	0.0000	0.0000	0.0000	0.0001	0.9214	0.0001	0.0000	0.0000
0.0000	0.0309	0.0927	0.0000	0.0000	0.6706	0.0995	0.1064	0.0000	0.0000	0.0000	0.0001
0.0000	0.0002	0.3840	0.0000	0.0000	0.4361	0.1260	0.0199	0.0000	0.0000	0.0000	0.0339
0.0000	0.0000	0.0000	0.0000	0.0000	0.0000	0.0000	0.0000	0.9999	0.0001	0.0000	0.0000
0.0000	0.0000	0.0000	0.0000	0.0000	0.0000	0.0000	0.0000	1.0000	0.0000	0.0000	0.0000
0.0000	0.0000	0.0000	0.0000	0.0000	0.0000	0.0966	0.0000	0.0000	0.0004	0.0005	0.9024
0.0000	0.0000	0.0000	0.0000	0.0000	0.0000	0.0848	0.0000	0.0000	0.0591	0.0034	0.8527
0.0000	0.0000	0.0000	0.2917	0.0034	0.0000	0.0000	0.0000	0.0000	0.0000	0.7049	0.0000
0.0000	0.0000	0.0000	0.0000	0.0000	0.0000	0.0107	0.0000	0.0000	0.5601	0.0118	0.4174
0.0000	0.0000	0.0000	0.0000	0.0000	0.0000	0.9986	0.0011	0.0000	0.0000	0.0000	0.0002
0.0001	0.0000	0.0021	0.0005	0.0000	0.0292	0.2959	0.0189	0.0000	0.0024	0.0000	0.6509
0.0000	0.0000	0.0000	0.0000	0.0000	0.0000	0.0000	0.0000	0.0003	0.9997	0.0000	0.0000
0.0000	0.0000	0.0000	0.0192	0.0052	0.0000	0.5193	0.3659	0.0000	0.0001	0.0002	0.0901
0.0000	0.0000	0.0000	0.0041	0.0000	0.0000	0.8884	0.1003	0.0000	0.0000	0.0000	0.0072
0.0000	0.0004	0.1071	0.0000	0.0000	0.0010	0.7456	0.0015	0.0000	0.0000	0.0000	0.1442
0.0000	0.0000	0.9667	0.0000	0.0000	0.0333	0.0000	0.0000	0.0000	0.0000	0.0000	0.0000
0.0000	0.0000	0.0000	0.0075	0.0048	0.0000	0.0034	0.0002	0.0011	0.9292	0.0015	0.0524
1.0000	0.0000	0.0000	0.0000	0.0000	0.0000	0.0000	0.0000	0.0000	0.0000	0.0000	0.0000
0.0000	0.0000	0.0172	0.0000	0.0000	0.0000	0.1310	0.0010	0.0000	0.0000	0.0000	0.8508
0.6072	0.0000	0.0000	0.0000	0.0000	0.0000	0.0000	0.0000	0.3878	0.0051	0.0000	0.0000
0.0000	0.0000	0.0000	0.0001	0.0000	0.0000	0.0000	0.0000	0.0000	0.6448	0.3391	0.0161
0.0000	0.2349	0.2959	0.0000	0.0000	0.1971	0.0193	0.2515	0.0000	0.0000	0.0000	0.0013
1.0000	0.0000	0.0000	0.0000	0.0000	0.0000	0.0000	0.0000	0.0000	0.0000	0.0000	0.0000
1.0000	0.0000	0.0000	0.0000	0.0000	0.0000	0.0000	0.0000	0.0000	0.0000	0.0000	0.0000
0.0000	0.0000	0.0000	0.0000	0.0000	0.0000	0.0000	0.0000	1.0000	0.0000	0.0000	0.0000
0.0003	0.0000	0.0000	0.0000	0.0000	0.0000	0.0000	0.0000	0.0000	0.9996	0.0000	0.0001
0.0000	0.1144	0.6486	0.0000	0.0000	0.2335	0.0019	0.0016	0.0000	0.0000	0.0000	0.0000
0.0004	0.0000	0.0000	0.0000	0.0000	0.0155	0.0025	0.0397	0.0000	0.0001	0.0000	0.9419
0.0001	0.0000	0.0001	0.0000	0.0000	0.0003	0.2818	0.0357	0.0000	0.0006	0.0001	0.6813
0.0000	0.0000	0.0000	0.0000	0.0000	0.0000	0.0000	0.0000	0.0000	0.0000	1.0000	0.0000
0.0000	0.0117	0.4844	0.0000	0.0000	0.4785	0.0134	0.0114	0.0000	0.0000	0.0000	0.0006
0.0000	0.0003	0.1293	0.0000	0.0000	0.0077	0.8351	0.0032	0.0000	0.0000	0.0000	0.0244
0.0000	0.0000	0.0000	0.0000	0.0000	0.0000	0.0002	0.8937	0.0000	0.0000	0.0004	0.1058
0.7126	0.0000	0.0000	0.0000	0.0000	0.0000	0.0000	0.0000	0.2713	0.0161	0.0000	0.0000
0.0000	0.0000	0.0000	0.0000	0.0000	0.0000	0.0000	0.0000	1.0000	0.0000	0.0000	0.0000
0.0000	0.0000	0.3212	0.0000	0.0000	0.0004	0.0627	0.5812	0.0000	0.0000	0.0000	0.0345
0.0000	0.0000	0.0014	0.0000	0.0000	0.0000	0.9819	0.0077	0.0000	0.0000	0.0000	0.0090
0.0000	0.2875	0.0410	0.0000	0.0000	0.6705	0.0000	0.0010	0.0000	0.0000	0.0000	0.0000
0.0000	0.0000	0.0000	0.0000	0.0000	0.0000	0.0042	0.0001	0.0000	0.0056	0.0000	0.9901
0.0000	0.0000	0.0000	0.0000	0.0000	0.0000	0.0000	0.0000	1.0000	0.0000	0.0000	0.0000
0.0000	0.0000	0.0000	0.0000	0.0000	0.0000	0.0000	0.0000	1.0000	0.0000	0.0000	0.0000
0.0000	0.0000	0.0000	0.0000	0.0000	0.0000	0.0042	0.0000	0.0000	0.9942	0.0000	0.0016
0.0000	0.0000	0.0000	0.0000	0.9978	0.0000	0.0000	0.0022	0.0000	0.0000	0.0000	0.0000
0.7205	0.0000	0.0000	0.0000	0.0000	0.0000	0.2724	0.0029	0.0000	0.0040	0.0000	0.0003
0.0000	0.0000	0.0000	0.0000	0.0000	0.0000	0.0000	0.0000	1.0000	0.0000	0.0000	0.0000
0.0000	0.0000	0.0000	0.0000	0.0000	0.0000	0.0000	0.0000	1.0000	0.0000	0.0000	0.0000
0.0000	0.0000	0.0000	0.0000	0.0000	0.0000	0.0000	0.0000	1.0000	0.0000	0.0000	0.0000
0.0000	0.0000	0.0000	0.0000	0.0000	0.0000	0.0000	0.0000	1.0000	0.0000	0.0000	0.0000
0.0000	0.0000	0.0000	0.2386	0.0696	0.0000	0.0000	0.0000	0.0000	0.0020	0.6899	0.0000
0.0000	0.0015	0.4998	0.0000	0.0000	0.2250	0.2404	0.0311	0.0000	0.0000	0.0000	0.0023
0.0000	0.9717	0.0065	0.0000	0.0000	0.0126	0.0001	0.0091	0.0000	0.0000	0.0000	0.0000
0.0000	0.0000	0.0002	0.0000	0.0000	0.0000	0.3512	0.0013	0.0000	0.0000	0.0000	0.6473
0.0000	0.0000	0.0006	0.0000	0.0000	0.0000	0.8493	0.0008	0.0000	0.0000	0.0000	0.1492
0.9978	0.0000	0.0011	0.0000	0.0000	0.0009	0.0000	0.0000	0.0001	0.0000	0.0000	0.0001
0.0002	0.0000	0.0056	0.0000	0.0000	0.0041	0.4827	0.0055	0.0000	0.0009	0.0000	0.5010
0.0000	0.0001	0.0006	0.0000	0.0000	0.0003	0.8552	0.0815	0.0000	0.0000	0.0000	0.0622
0.0304	0.0000	0.9251	0.0000	0.0000	0.0246	0.0087	0.0000	0.0000	0.0000	0.0000	0.0112
0.0000	0.0000	0.0023	0.0000	0.0000	0.0000	0.0021	0.9884	0.0000	0.0002	0.0000	0.0069
0.0000	0.0000	0.0000	0.0000	0.0000	0.0000	0.0008	0.0002	0.0000	0.0000	0.0000	0.9990
0.0000	0.0000	0.0000	0.0003	0.0000	0.0000	0.0000	0.0000	0.0000	0.9035	0.0892	0.0070
0.0000	0.7052	0.0960	0.0000	0.0000	0.0000	0.1189	0.0109	0.0000	0.0000	0.0000	0.0691
0.0000	0.0000	0.0000	0.0000	0.0000	0.0000	0.0005	0.0070	0.0000	0.0004	0.0004	0.9918
0.0000	0.0006	0.0109	0.0011	0.0000	0.0178	0.5890	0.1263	0.0000	0.0000	0.0000	0.2543
0.0201	0.0000	0.0000	0.0000	0.0000	0.0000	0.8933	0.0064	0.0000	0.0802	0.0000	0.0000
0.0000	0.0000	0.0000	0.0000	0.0000	0.0000	0.0000	0.0000	0.0000	0.0000	1.0000	0.0000
0.0000	0.0093	0.2915	0.0000	0.0000	0.6990	0.0001	0.0002	0.0000	0.0000	0.0000	0.0000
0.0000	0.0000	0.9567	0.0000	0.0000	0.0433	0.0000	0.0000	0.0000	0.0000	0.0000	0.0000
0.0000	0.0000	0.9678	0.0000	0.0000	0.0322	0.0000	0.0000	0.0000	0.0000	0.0000	0.0000
0.0002	0.0000	0.0038	0.0000	0.0000	0.0000	0.0006	0.0000	0.0001	0.0070	0.0000	0.9884
0.0000	0.0000	0.0000	0.0000	0.0000	0.0000	0.0000	0.0000	0.0000	0.0002	0.0000	0.9998
0.0000	0.0000	0.5593	0.0000	0.0000	0.0000	0.0000	0.0000	0.0000	0.0001	0.0000	0.4406
0.0000	0.0000	0.0000	0.0000	0.0000	0.0000	0.0000	0.0000	0.0000	0.0000	0.0000	1.0000
0.0000	0.0000	0.0000	0.0000	0.0000	0.0000	0.0005	0.0000	0.0000	0.0000	0.0000	0.9995
0.0000	0.0000	0.0000	0.0000	0.0000	0.0000	0.0017	0.0000	0.0000	0.0000	0.0000	0.9983
0.0000	0.0000	0.9929	0.0000	0.0000	0.0040	0.0000	0.0000	0.0000	0.0000	0.0000	0.0031
0.0000	0.0000	0.0000	0.0000	0.0000	0.0000	0.0000	0.0000	0.0000	0.0000	0.0000	1.0000
0.0000	0.0000	0.0000	0.0000	0.0000	0.0000	0.0000	0.0000	0.0000	0.0000	0.0000	1.0000
0.0000	0.0000	0.9797	0.0000	0.0000	0.0202	0.0000	0.0000	0.0000	0.0000	0.0000	0.0000
0.0000	0.0000	0.9881	0.0000	0.0000	0.0119	0.0000	0.0000	0.0000	0.0000	0.0000	0.0000
0.0000	0.0000	0.0000	0.0000	0.0000	0.0000	0.0000	0.0000	0.0000	0.0000	0.0000	1.0000
0.0000	0.0000	0.0023	0.0000	0.0000	0.0007	0.0000	0.0000	0.0000	0.0000	0.0000	0.9970
0.0000	0.0000	0.9757	0.0000	0.0000	0.0243	0.0000	0.0000	0.0000	0.0000	0.0000	0.0000
0.0000	0.0000	0.9571	0.0000	0.0000	0.0429	0.0000	0.0000	0.0000	0.0000	0.0000	0.0000
0.0000	0.0000	0.9763	0.0000	0.0000	0.0237	0.0000	0.0000	0.0000	0.0000	0.0000	0.0000
0.0009	0.0000	0.9832	0.0000	0.0000	0.0000	0.0000	0.0000	0.0000	0.0000	0.0000	0.0159
0.0000	0.0000	0.9917	0.0000	0.0000	0.0078	0.0000	0.0000	0.0000	0.0000	0.0000	0.0004
0.0000	0.0000	0.0000	0.0000	0.0000	0.0000	0.0000	0.0000	0.0000	0.0000	0.0000	1.0000
0.0000	0.0000	0.9950	0.0000	0.0000	0.0050	0.0000	0.0000	0.0000	0.0000	0.0000	0.0000
0.0000	0.0000	0.0001	0.0000	0.0000	0.0000	0.9999	0.0000	0.0000	0.0000	0.0000	0.0000
0.0000	0.0000	0.0000	0.0000	0.0000	0.0000	0.0000	0.0000	1.0000	0.0000	0.0000	0.0000
0.0000	0.0000	0.0079	0.0000	0.0000	0.0039	0.9882	0.0000	0.0000	0.0000	0.0000	0.0000
0.0000	0.0000	0.0000	0.0000	0.0017	0.0000	0.3522	0.0000	0.6026	0.0038	0.0047	0.0349
0.0000	0.0000	0.0000	0.0000	0.0000	0.0000	0.0000	0.0000	1.0000	0.0000	0.0000	0.0000
0.0000	0.0000	0.0282	0.0000	0.0000	0.0000	0.9718	0.0000	0.0000	0.0000	0.0000	0.0000
0.0000	0.0000	0.0000	0.0000	0.0000	0.0000	0.0000	0.0000	1.0000	0.0000	0.0000	0.0000
0.0000	0.0000	0.0000	0.0000	0.0000	0.0000	0.0000	0.0000	1.0000	0.0000	0.0000	0.0000
0.0000	0.0000	0.0000	0.0000	0.0000	0.0000	1.0000	0.0000	0.0000	0.0000	0.0000	0.0000
0.0000	0.0000	0.0000	0.0000	0.0000	0.0000	0.0000	0.0000	1.0000	0.0000	0.0000	0.0000
0.0000	0.0000	0.0008	0.0000	0.0000	0.0019	0.9973	0.0000	0.0000	0.0000	0.0000	0.0000
0.0000	0.0000	0.0000	0.0000	0.0000	0.0000	0.0000	0.0000	0.9984	0.0016	0.0000	0.0000
0.0000	0.0000	0.0000	0.0000	0.0000	0.0000	0.0901	0.0081	0.9017	0.0000	0.0001	0.0000
0.0000	0.0000	0.7548	0.0000	0.0000	0.0893	0.1559	0.0000	0.0000	0.0000	0.0000	0.0000
0.0000	0.0000	0.0000	0.0000	0.0000	0.0000	0.0000	0.0000	0.9998	0.0002	0.0000	0.0000
0.0000	0.0000	0.0000	0.0000	0.0000	0.0000	1.0000	0.0000	0.0000	0.0000	0.0000	0.0000
0.0000	0.0000	0.9322	0.0000	0.0000	0.0039	0.0640	0.0000	0.0000	0.0000	0.0000	0.0000
0.0000	0.0000	0.9709	0.0000	0.0000	0.0020	0.0271	0.0000	0.0000	0.0000	0.0000	0.0000
0.0000	0.0000	0.0210	0.0000	0.0000	0.0000	0.9790	0.0000	0.0000	0.0000	0.0000	0.0000
0.0000	0.0000	0.0000	0.0000	0.0000	0.0000	0.0000	0.0000	1.0000	0.0000	0.0000	0.0000
0.0000	0.0000	0.0000	0.0000	0.0000	0.0000	0.0000	0.0000	1.0000	0.0000	0.0000	0.0000
0.0000	0.0000	0.0000	0.0000	0.0000	0.0000	0.0000	0.0000	1.0000	0.0000	0.0000	0.0000
0.0000	0.0000	0.1466	0.0000	0.0000	0.0000	0.8534	0.0000	0.0000	0.0000	0.0000	0.0000
0.0000	0.0000	0.9991	0.0000	0.0000	0.0005	0.0005	0.0000	0.0000	0.0000	0.0000	0.0000
0.0000	0.0000	0.0068	0.0000	0.0000	0.0000	0.9932	0.0000	0.0000	0.0000	0.0000	0.0000
0.0000	0.0000	0.0000	0.0000	0.0000	0.0000	0.0000	0.0000	1.0000	0.0000	0.0000	0.0000
0.0000	0.0000	0.7544	0.0000	0.0000	0.0001	0.2456	0.0000	0.0000	0.0000	0.0000	0.0000
0.0000	0.0000	0.0000	0.0000	0.0000	0.0000	0.0000	0.0000	1.0000	0.0000	0.0000	0.0000
0.0000	0.0000	0.0009	0.0000	0.0000	0.9685	0.0305	0.0000	0.0000	0.0000	0.0000	0.0000
0.0000	0.0000	0.0004	0.0000	0.0000	0.0000	0.9996	0.0000	0.0000	0.0000	0.0000	0.0000
