0.2220	0.0000	0.0000	0.0000	0.0000	0.0000	0.0203	0.0000	0.0000	0.0000	0.0368	0.7209
0.0000	1.0000	0.0000	0.0000	0.0000	0.0000	0.0000	0.0000	0.0000	0.0000	0.0000	0.0000
0.0000	0.1792	0.4240	0.0000	0.0000	0.0403	0.0569	0.2892	0.0000	0.0000	0.0000	0.0104
0.0000	0.0000	0.0000	0.0000	0.0000	0.0000	0.0045	0.0002	0.0000	0.0018	0.4041	0.5894
0.0000	0.0000	0.0000	0.0000	0.0000	0.0000	0.0000	0.9903	0.0000	0.0000	0.0000	0.0097
0.0000	0.0000	0.0000	0.0000	0.0000	0.0000	0.0000	0.0000	1.0000	0.0000	0.0000	0.0000
0.0007	0.0000	0.0000	0.0000	0.0000	0.0000	0.0000	0.0000	0.0000	0.9993	0.0000	0.0000
0.0000	0.0000	0.0000	0.0000	0.0000	0.0000	0.0000	0.0000	0.0000	0.0000	0.9993	0.0007
0.0000	0.0000	0.1073	0.0000	0.0000	0.8920	0.0006	0.0000	0.0000	0.0000	0.0000	0.0001
0.0000	0.0000	0.0017	0.0000	0.0000	0.0000	0.4608	0.0229	0.0000	0.0000	0.0000	0.5145
0.0000	0.0000	0.0000	0.0000	0.0000	0.0002	0.2045	0.1624	0.0000	0.6188	0.0000	0.0142
0.0000	0.0000	0.0000	0.0000	0.0000	0.0360	0.4651	0.0493	0.0000	0.2796	0.0000	0.1700
0.0000	0.0000	0.0000	0.0000	0.0000	0.0000	0.0000	0.0000	1.0000	0.0000	0.0000	0.0000
0.0004	0.0000	0.0000	0.0000	0.0000	0.0013	0.9857	0.0116	0.0000	0.0002	0.0000	0.0007
0.0840	0.0000	0.0000	0.0000	0.0000	0.0090	0.6534	0.1623	0.0000	0.0027	0.0000	0.0886
0.9808	0.0000	0.0000	0.0000	0.0000	0.0000	0.0035	0.0014	0.0134	0.0000	0.0000	0.0008
0.0000	0.0000	0.0002	0.0000	0.0000	0.9748	0.0212	0.0036	0.0000	0.0000	0.0000	0.0001
0.0000	0.0000	0.1588	0.0000	0.0000	0.8026	0.0236	0.0144	0.0000	0.0000	0.0000	0.0005
0.0000	0.0000	0.0000	0.0000	0.0000	0.0000	0.0000	0.0000	1.0000	0.0000	0.0000	0.0000
0.0000	0.0000	0.0000	0.0000	0.0000	0.0000	0.0000	0.0000	1.0000	0.0000	0.0000	0.0000
0.0000	0.0000	0.0000	0.0000	0.0000	0.0000	0.2081	0.0000	0.0000	0.0017	0.0247	0.7655
0.0000	0.0000	0.0000	0.0000	0.0000	0.0000	0.0014	0.0000	0.0000	0.7756	0.0026	0.2204
0.0000	0.0000	0.0000	0.0000	0.0016	0.0000	0.0000	0.0000	0.0000	0.0000	0.9984	0.0000
0.0000	0.0000	0.0000	0.0000	0.0000	0.0000	0.0000	0.0000	0.0000	0.9997	0.0002	0.0002
0.0008	0.0000	0.0000	0.0001	0.0000	0.0000	0.9570	0.0032	0.0000	0.0000	0.0000	0.0389
0.0001	0.0000	0.0000	0.0000	0.0000	0.0012	0.0058	0.0036	0.0000	0.0188	0.0000	0.9705
0.0000	0.0000	0.0000	0.0004	0.0000	0.0000	0.0000	0.0000	0.0225	0.9771	0.0000	0.0000
0.0000	0.0000	0.0056	0.0000	0.0002	0.0000	0.6216	0.1542	0.0000	0.1118	0.0000	0.1067
0.0000	0.0000	0.0000	0.0000	0.0000	0.0000	0.9099	0.0901	0.0000	0.0000	0.0000	0.0000
0.0000	0.0747	0.0502	0.0000	0.0000	0.0005	0.8112	0.0411	0.0000	0.0017	0.0000	0.0207
0.0000	0.0000	0.9995	0.0000	0.0000	0.0005	0.0000	0.0000	0.0000	0.0000	0.0000	0.0000
0.0000	0.0000	0.0000	0.0000	0.0000	0.0000	0.0023	0.0000	0.0000	0.9975	0.0000	0.0002
1.0000	0.0000	0.0000	0.0000	0.0000	0.0000	0.0000	0.0000	0.0000	0.0000	0.0000	0.0000
0.0001	0.0000	0.0000	0.0000	0.0000	0.0000	0.0005	0.0000	0.0000	0.0033	0.0008	0.9952
0.9950	0.0000	0.0000	0.0000	0.0000	0.0000	0.0000	0.0000	0.0001	0.0049	0.0000	0.0000
0.0000	0.0000	0.0000	0.0000	0.0000	0.0000	0.0000	0.0000	0.0000	0.9964	0.0036	0.0000
0.0035	0.0565	0.6814	0.0000	0.0000	0.0736	0.0657	0.0892	0.0000	0.0000	0.0000	0.0301
0.9901	0.0000	0.0000	0.0000	0.0000	0.0000	0.0000	0.0000	0.0000	0.0000	0.0000	0.0099
0.9975	0.0000	0.0000	0.0000	0.0000	0.0000	0.0000	0.0000	0.0000	0.0000	0.0000	0.0025
0.0000	0.0000	0.0000	0.0000	0.0000	0.0000	0.0000	0.0000	1.0000	0.0000	0.0000	0.0000
0.0000	0.0000	0.0000	0.0000	0.0000	0.0000	0.0000	0.0000	0.0000	1.0000	0.0000	0.0000
0.0000	0.2174	0.6171	0.0000	0.0000	0.1649	0.0004	0.0001	0.0000	0.0000	0.0000	0.0001
0.9673	0.0000	0.0000	0.0000	0.0000	0.0009	0.0002	0.0001	0.0000	0.0029	0.0000	0.0286
0.0438	0.0000	0.0000	0.0000	0.0000	0.0002	0.7457	0.0024	0.0000	0.1796	0.0003	0.0281
0.0000	0.0000	0.0000	0.0000	0.0000	0.0000	0.0000	0.0000	0.4695	0.0000	0.5305	0.0000
0.0000	0.0482	0.9183	0.0000	0.0000	0.0027	0.0085	0.0192	0.0000	0.0000	0.0000	0.0032
0.0164	0.0000	0.0025	0.0000	0.0000	0.9490	0.0255	0.0003	0.0000	0.0000	0.0000	0.0061
0.0000	0.0000	0.0000	0.0000	0.0000	0.0000	0.0000	0.6942	0.0000	0.0000	0.0434	0.2625
1.0000	0.0000	0.0000	0.0000	0.0000	0.0000	0.0000	0.0000	0.0000	0.0000	0.0000	0.0000
0.0000	0.0000	0.0000	0.0000	0.0000	0.0000	0.0000	0.0000	1.0000	0.0000	0.0000	0.0000
0.0000	0.0000	0.0008	0.0000	0.0000	0.0000	0.9299	0.0021	0.0000	0.0009	0.0000	0.0662
0.0000	0.0000	0.0000	0.0000	0.0000	0.0000	0.9958	0.0001	0.0000	0.0000	0.0000	0.0041
0.0000	0.0101	0.0305	0.0000	0.0000	0.9594	0.0000	0.0000	0.0000	0.0000	0.0000	0.0000
0.0000	0.0000	0.0000	0.0000	0.0000	0.0000	0.0049	0.0392	0.0000	0.3842	0.0000	0.5717
0.0000	0.0000	0.0000	0.0000	0.0000	0.0000	0.0000	0.0000	1.0000	0.0000	0.0000	0.0000
0.0000	0.0000	0.0000	0.0000	0.0000	0.0000	0.0000	0.0000	1.0000	0.0000	0.0000	0.0000
0.0000	0.0000	0.0000	0.0000	0.0000	0.0000	0.0000	0.0000	0.0000	1.0000	0.0000	0.0000
0.0000	0.0000	0.0000	0.0000	1.0000	0.0000	0.0000	0.0000	0.0000	0.0000	0.0000	0.0000
0.0001	0.0000	0.0000	0.0000	0.0000	0.0000	0.0508	0.0000	0.0000	0.9487	0.0000	0.0004
0.0000	0.0000	0.0000	0.0000	0.0000	0.0000	0.0000	0.0000	1.0000	0.0000	0.0000	0.0000
0.0000	0.0000	0.0000	0.0000	0.0000	0.0000	0.0000	0.0000	1.0000	0.0000	0.0000	0.0000
0.0000	0.0000	0.0000	0.0000	0.0000	0.0000	0.0000	0.0000	1.0000	0.0000	0.0000	0.0000
0.0000	0.0000	0.0000	0.0000	0.0000	0.0000	0.0000	0.0000	1.0000	0.0000	0.0000	0.0000
0.0000	0.0000	0.0000	0.0014	0.4380	0.0000	0.0000	0.0000	0.0000	0.0000	0.5607	0.0000
0.0000	0.0000	0.1904	0.0000	0.0000	0.5960	0.1615	0.0061	0.0000	0.0000	0.0000	0.0460
0.0000	0.9940	0.0033	0.0000	0.0000	0.0017	0.0000	0.0010	0.0000	0.0000	0.0000	0.0000
0.0000	0.0000	0.0000	0.0000	0.0000	0.0000	0.0541	0.0000	0.0000	0.0003	0.0001	0.9455
0.0000	0.0000	0.0000	0.0000	0.0000	0.0000	0.8749	0.0000	0.0000	0.0001	0.0000	0.1249
0.5661	0.0000	0.4323	0.0000	0.0000	0.0000	0.0003	0.0001	0.0000	0.0000	0.0000	0.0012
0.0000	0.0000	0.0000	0.0000	0.0000	0.0006	0.2725	0.0021	0.0000	0.0520	0.0000	0.6728
0.0000	0.0000	0.0000	0.0000	0.0000	0.0000	0.0725	0.9272	0.0000	0.0003	0.0000	0.0000
0.0202	0.0000	0.8968	0.0000	0.0000	0.0004	0.0120	0.0027	0.0000	0.0001	0.0000	0.0679
0.0000	0.0000	0.0000	0.0000	0.0000	0.0000	0.0001	0.9996	0.0000	0.0002	0.0000	0.0001
0.0023	0.0000	0.0000	0.0000	0.0000	0.0000	0.0227	0.0511	0.0000	0.0000	0.0000	0.9239
0.0000	0.0000	0.0000	0.0000	0.0000	0.0000	0.0000	0.0000	0.0000	0.9997	0.0003	0.0000
0.0405	0.8164	0.1309	0.0000	0.0000	0.0000	0.0099	0.0010	0.0000	0.0000	0.0000	0.0013
0.0019	0.0000	0.0000	0.0000	0.0000	0.0000	0.7941	0.2018	0.0000	0.0000	0.0000	0.0022
0.0008	0.0000	0.0046	0.0000	0.0000	0.1327	0.0153	0.0076	0.0000	0.0000	0.0000	0.8389
0.0000	0.0000	0.0000	0.0000	0.0000	0.0000	0.4365	0.0000	0.0000	0.5620	0.0000	0.0015
0.0000	0.0000	0.0000	0.0000	0.0000	0.0000	0.0000	0.0000	0.0000	0.0000	1.0000	0.0000
0.0000	0.0010	0.0019	0.0000	0.0000	0.9970	0.0000	0.0000	0.0000	0.0000	0.0000	0.0001
0.0001	0.0000	0.9969	0.0000	0.0000	0.0031	0.0000	0.0000	0.0000	0.0000	0.0000	0.0000
0.0001	0.0000	0.9993	0.0000	0.0000	0.0006	0.0000	0.0000	0.0000	0.0000	0.0000	0.0000
0.0000	0.0000	0.0340	0.0000	0.0000	0.0000	0.0140	0.0000	0.0000	0.0000	0.0000	0.9520
0.0000	0.0000	0.0003	0.0000	0.0000	0.0000	0.0000	0.0000	0.0000	0.0000	0.0000	0.9997
0.0000	0.0000	1.0000	0.0000	0.0000	0.0000	0.0000	0.0000	0.0000	0.0000	0.0000	0.0000
0.0000	0.0000	0.0000	0.0000	0.0000	0.0000	0.0000	0.0000	0.0000	0.0000	0.0000	1.0000
0.0000	0.0000	0.0000	0.0000	0.0000	0.0000	0.0000	0.0000	0.0000	0.0000	0.0000	1.0000
0.0000	0.0000	0.0000	0.0000	0.0000	0.0000	0.0000	0.0000	0.0000	0.0000	0.0000	1.0000
0.0000	0.0000	0.9915	0.0000	0.0000	0.0000	0.0000	0.0000	0.0000	0.0000	0.0000	0.0085
0.0000	0.0000	0.0002	0.0000	0.0000	0.0000	0.0000	0.0000	0.0000	0.0000	0.0000	0.9998
0.0000	0.0000	0.0002	0.0000	0.0000	0.0000	0.0000	0.0000	0.0000	0.0000	0.0000	0.9998
0.0000	0.0000	0.9953	0.0000	0.0000	0.0000	0.0000	0.0000	0.0000	0.0000	0.0000	0.0047
0.0006	0.0000	0.9564	0.0000	0.0000	0.0000	0.0000	0.0000	0.0003	0.0000	0.0000	0.0426
0.0000	0.0000	0.0000	0.0000	0.0000	0.0000	0.0000	0.0000	0.0000	0.0000	0.0000	1.0000
0.0000	0.0000	0.0000	0.0000	0.0000	0.0000	0.0000	0.0000	0.0000	0.0000	0.0000	1.0000
0.0000	0.0000	0.9998	0.0000	0.0000	0.0001	0.0000	0.0000	0.0000	0.0000	0.0000	0.0000
0.0000	0.0000	0.9992	0.0000	0.0000	0.0008	0.0000	0.0000	0.0000	0.0000	0.0000	0.0000
0.0000	0.0000	0.9999	0.0000	0.0000	0.0001	0.0000	0.0000	0.0000	0.0000	0.0000	0.0000
0.0000	0.0000	0.9984	0.0000	0.0000	0.0000	0.0000	0.0000	0.0001	0.0000	0.0000	0.0015
0.0000	0.0000	0.9908	0.0000	0.0000	0.0000	0.0000	0.0000	0.0000	0.0000	0.0000	0.0092
0.0000	0.0000	0.0000	0.0000	0.0000	0.0000	0.0000	0.0000	0.0000	0.0000	0.0000	1.0000
0.0000	0.0000	1.0000	0.0000	0.0000	0.0000	0.0000	0.0000	0.0000	0.0000	0.0000	0.0000
0.0000	0.0000	0.0000	0.0000	0.0000	0.0000	1.0000	0.0000	0.0000	0.0000	0.0000	0.0000
0.0000	0.0000	0.0000	0.0000	0.0000	0.0000	0.0000	0.0000	1.0000	0.0000	0.0000	0.0000
0.0000	0.0000	0.0001	0.0000	0.0000	0.0000	0.9999	0.0000	0.0000	0.0000	0.0000	0.0000
0.0000	0.0000	0.0000	0.0000	0.0000	0.0000	0.9915	0.0000	0.0085	0.0000	0.0000	0.0000
0.0000	0.0000	0.0000	0.0000	0.0000	0.0000	0.0000	0.0000	1.0000	0.0000	0.0000	0.0000
0.0000	0.0000	0.0006	0.0000	0.0000	0.0000	0.9994	0.0000	0.0000	0.0000	0.0000	0.0000
0.0000	0.0000	0.0000	0.0000	0.0000	0.0000	0.0000	0.0000	1.0000	0.0000	0.0000	0.0000
0.0000	0.0000	0.0000	0.0000	0.0000	0.0000	0.0000	0.0000	1.0000	0.0000	0.0000	0.0000
0.0000	0.0000	0.0000	0.0000	0.0000	0.0000	1.0000	0.0000	0.0000	0.0000	0.0000	0.0000
0.0000	0.0000	0.0000	0.0000	0.0000	0.0000	0.0000	0.0000	1.0000	0.0000	0.0000	0.0000
0.0000	0.0000	0.0001	0.0000	0.0000	0.0001	0.9998	0.0000	0.0000	0.0000	0.0000	0.0000
0.0000	0.0000	0.0000	0.0000	0.0000	0.0000	0.0000	0.0000	1.0000	0.0000	0.0000	0.0000
0.0000	0.0000	0.0000	0.0002	0.0000	0.0027	0.9971	0.0000	0.0000	0.0000	0.0000	0.0000
0.0000	0.0000	0.9929	0.0000	0.0000	0.0000	0.0071	0.0000	0.0000	0.0000	0.0000	0.0000
0.0000	0.0000	0.0000	0.0000	0.0000	0.0000	0.0000	0.0000	1.0000	0.0000	0.0000	0.0000
0.0000	0.0000	0.0000	0.0000	0.0000	0.0000	1.0000	0.0000	0.0000	0.0000	0.0000	0.0000
0.0000	0.0000	0.9918	0.0000	0.0000	0.0029	0.0053	0.0000	0.0000	0.0000	0.0000	0.0000
0.0000	0.0000	0.9986	0.0000	0.0000	0.0008	0.0007	0.0000	0.0000	0.0000	0.0000	0.0000
0.0000	0.0000	0.0048	0.0000	0.0000	0.0000	0.9952	0.0000	0.0000	0.0000	0.0000	0.0000
0.0000	0.0000	0.0000	0.0000	0.0000	0.0000	0.0000	0.0000	1.0000	0.0000	0.0000	0.0000
0.0000	0.0000	0.0000	0.0000	0.0000	0.0000	0.0000	0.0000	1.0000	0.0000	0.0000	0.0000
0.0000	0.0000	0.0000	0.0000	0.0000	0.0000	0.0000	0.0000	1.0000	0.0000	0.0000	0.0000
0.0000	0.0000	0.0634	0.0000	0.0000	0.0000	0.9366	0.0000	0.0000	0.0000	0.0000	0.0000
0.0000	0.0000	0.9961	0.0000	0.0000	0.0023	0.0015	0.0000	0.0000	0.0000	0.0000	0.0000
0.0000	0.0000	0.0000	0.0000	0.0000	0.0000	1.0000	0.0000	0.0000	0.0000	0.0000	0.0000
0.0000	0.0000	0.0000	0.0000	0.0000	0.0000	0.0000	0.0000	1.0000	0.0000	0.0000	0.0000
0.0000	0.0000	0.9526	0.0000	0.0000	0.0000	0.0474	0.0000	0.0000	0.0000	0.0000	0.0000
0.0000	0.0000	0.0000	0.0000	0.0000	0.0000	0.0000	0.0000	1.0000	0.0000	0.0000	0.0000
0.0000	0.0000	0.0049	0.0000	0.0000	0.2485	0.7466	0.0000	0.0000	0.0000	0.0000	0.0000
0.0000	0.0000	0.0000	0.0000	0.0000	0.0000	1.0000	0.0000	0.0000	0.0000	0.0000	0.0000
