0.0210	0.0000	0.0000	0.0000	0.0000	0.0000	0.0005	0.0000	0.0000	0.0005	0.0061	0.9719
0.0000	0.9583	0.0417	0.0000	0.0000	0.0000	0.0000	0.0000	0.0000	0.0000	0.0000	0.0000
0.0001	0.0641	0.3198	0.0000	0.0000	0.0034	0.0270	0.5824	0.0000	0.0000	0.0000	0.0031
0.0000	0.0000	0.0000	0.0000	0.0000	0.0000	0.0007	0.0000	0.0000	0.0001	0.0189	0.9803
0.0000	0.0000	0.0000	0.0000	0.0000	0.0000	0.0000	0.6089	0.0000	0.0000	0.0000	0.3911
0.0000	0.0000	0.0000	0.0000	0.0000	0.0000	0.0000	0.0000	1.0000	0.0000	0.0000	0.0000
0.0002	0.0000	0.0000	0.0000	0.0000	0.0000	0.0000	0.0000	0.0000	0.9998	0.0000	0.0000
0.0000	0.0000	0.0000	0.0000	0.0000	0.0000	0.0000	0.0000	0.0000	0.0000	0.9999	0.0001
0.0000	0.0006	0.3603	0.0000	0.0000	0.6386	0.0003	0.0002	0.0000	0.0000	0.0000	0.0000
0.0000	0.0000	0.0005	0.0000	0.0000	0.0000	0.2719	0.0102	0.0000	0.0000	0.0000	0.7174
0.0000	0.0000	0.0000	0.0000	0.0000	0.0000	0.6643	0.0000	0.0000	0.0021	0.0000	0.3336
0.0000	0.0000	0.0000	0.0000	0.0000	0.0023	0.2037	0.0001	0.0000	0.0024	0.0000	0.7916
0.0000	0.0000	0.0000	0.0000	0.0000	0.0000	0.0000	0.0000	1.0000	0.0000	0.0000	0.0000
0.0008	0.0000	0.0002	0.0000	0.0000	0.0012	0.9842	0.0077	0.0000	0.0001	0.0000	0.0058
0.0159	0.0000	0.0000	0.0000	0.0000	0.0037	0.8325	0.0266	0.0000	0.0009	0.0000	0.1204
0.5186	0.0000	0.0004	0.0000	0.0000	0.0028	0.0814	0.0243	0.3388	0.0038	0.0000	0.0299
0.0000	0.0000	0.0009	0.0000	0.0000	0.9407	0.0379	0.0203	0.0000	0.0000	0.0000	0.0001
0.0000	0.0000	0.1769	0.0000	0.0000	0.4047	0.3058	0.1062	0.0000	0.0000	0.0000	0.0063
0.0000	0.0000	0.0000	0.0000	0.0000	0.0000	0.0000	0.0000	1.0000	0.0000	0.0000	0.0000
0.0000	0.0000	0.0000	0.0000	0.0000	0.0000	0.0000	0.0000	1.0000	0.0000	0.0000	0.0000
0.0000	0.0000	0.0000	0.0000	0.0000	0.0000	0.0474	0.0000	0.0000	0.0041	0.0024	0.9461
0.0000	0.0000	0.0000	0.0000	0.0000	0.0000	0.0019	0.0000	0.0000	0.1952	0.0004	0.8024
0.0000	0.0000	0.0000	0.0000	0.0000	0.0000	0.0000	0.0000	0.0000	0.0000	1.0000	0.0000
0.0000	0.0000	0.0000	0.0000	0.0000	0.0000	0.0000	0.0000	0.0000	0.9886	0.0002	0.0113
0.0001	0.0000	0.0034	0.0007	0.0000	0.0000	0.6481	0.0019	0.0000	0.0001	0.0000	0.3458
0.0000	0.0000	0.0000	0.0000	0.0000	0.0000	0.0013	0.0000	0.0000	0.0014	0.0000	0.9972
0.0000	0.0000	0.0000	0.0056	0.0000	0.0000	0.0000	0.0000	0.0607	0.9338	0.0000	0.0000
0.0000	0.0000	0.0000	0.0000	0.0000	0.0000	0.9531	0.0160	0.0000	0.0010	0.0000	0.0299
0.0000	0.0000	0.0000	0.0000	0.0000	0.0000	0.9969	0.0031	0.0000	0.0000	0.0000	0.0000
0.0000	0.0000	0.0457	0.0000	0.0000	0.0001	0.9278	0.0052	0.0000	0.0000	0.0000	0.0211
0.0000	0.0000	0.1629	0.0000	0.0000	0.8371	0.0000	0.0000	0.0000	0.0000	0.0000	0.0000
0.0000	0.0000	0.0000	0.0003	0.0000	0.0000	0.0179	0.0000	0.0000	0.9393	0.0000	0.0425
1.0000	0.0000	0.0000	0.0000	0.0000	0.0000	0.0000	0.0000	0.0000	0.0000	0.0000	0.0000
0.0030	0.0000	0.0000	0.0000	0.0000	0.0000	0.0007	0.0001	0.0000	0.0006	0.0009	0.9946
0.0537	0.0000	0.0000	0.0000	0.0000	0.0000	0.0000	0.0000	0.0740	0.7927	0.0624	0.0172
0.0000	0.0000	0.0000	0.0000	0.0000	0.0000	0.0000	0.0000	0.0000	0.0164	0.9836	0.0000
0.0233	0.0474	0.3561	0.0000	0.0000	0.0808	0.0521	0.3860	0.0000	0.0000	0.0000	0.0542
1.0000	0.0000	0.0000	0.0000	0.0000	0.0000	0.0000	0.0000	0.0000	0.0000	0.0000	0.0000
1.0000	0.0000	0.0000	0.0000	0.0000	0.0000	0.0000	0.0000	0.0000	0.0000	0.0000	0.0000
0.0000	0.0000	0.0000	0.0000	0.0000	0.0000	0.0000	0.0000	1.0000	0.0000	0.0000	0.0000
0.0000	0.0000	0.0000	0.0000	0.0000	0.0000	0.0000	0.0000	0.0000	0.9996	0.0000	0.0004
0.0000	0.1408	0.7841	0.0000	0.0000	0.0725	0.0012	0.0014	0.0000	0.0000	0.0000	0.0000
0.8947	0.0000	0.0000	0.0000	0.0000	0.0001	0.0001	0.0002	0.0000	0.0006	0.0000	0.1042
0.0361	0.0000	0.0000	0.0000	0.0000	0.0001	0.3874	0.0087	0.0000	0.3733	0.0018	0.1927
0.0000	0.0000	0.0000	0.0000	0.0000	0.0000	0.0000	0.0000	0.0082	0.0002	0.9917	0.0000
0.0008	0.0770	0.7964	0.0000	0.0000	0.0017	0.0112	0.1113	0.0000	0.0000	0.0000	0.0016
0.3995	0.0002	0.0817	0.0000	0.0000	0.4417	0.0367	0.0026	0.0000	0.0000	0.0000	0.0376
0.0000	0.0000	0.0000	0.0000	0.0000	0.0000	0.0000	0.6870	0.0000	0.0000	0.0179	0.2951
0.9996	0.0000	0.0000	0.0000	0.0000	0.0000	0.0000	0.0000	0.0000	0.0004	0.0000	0.0000
0.0000	0.0000	0.0000	0.0000	0.0000	0.0000	0.0000	0.0000	1.0000	0.0000	0.0000	0.0000
0.0000	0.0000	0.0004	0.0000	0.0000	0.0000	0.9355	0.0022	0.0000	0.0000	0.0000	0.0619
0.0000	0.0000	0.0001	0.0000	0.0000	0.0000	0.9954	0.0005	0.0000	0.0000	0.0000	0.0041
0.0000	0.0199	0.2359	0.0000	0.0000	0.7437	0.0002	0.0002	0.0000	0.0000	0.0000	0.0000
0.0000	0.0000	0.0000	0.0000	0.0000	0.0000	0.0201	0.0000	0.0000	0.0001	0.0000	0.9798
0.0000	0.0000	0.0000	0.0000	0.0000	0.0000	0.0000	0.0000	1.0000	0.0000	0.0000	0.0000
0.0000	0.0000	0.0000	0.0000	0.0000	0.0000	0.0000	0.0000	1.0000	0.0000	0.0000	0.0000
0.0000	0.0000	0.0000	0.0000	0.0000	0.0000	0.0001	0.0000	0.0000	0.9998	0.0000	0.0001
0.0000	0.0000	0.0000	0.0000	1.0000	0.0000	0.0000	0.0000	0.0000	0.0000	0.0000	0.0000
0.0000	0.0000	0.0000	0.0000	0.0000	0.0000	0.1366	0.0000	0.0000	0.8630	0.0000	0.0003
0.0000	0.0000	0.0000	0.0000	0.0000	0.0000	0.0000	0.0000	1.0000	0.0000	0.0000	0.0000
0.0000	0.0000	0.0000	0.0000	0.0000	0.0000	0.0000	0.0000	1.0000	0.0000	0.0000	0.0000
0.0000	0.0000	0.0000	0.0000	0.0000	0.0000	0.0000	0.0000	0.9900	0.0100	0.0000	0.0000
0.0009	0.0000	0.0000	0.0000	0.0000	0.0000	0.0000	0.0000	0.9958	0.0033	0.0000	0.0000
0.0000	0.0000	0.0000	0.0001	0.0005	0.0000	0.0000	0.0000	0.0000	0.0000	0.9994	0.0000
0.0002	0.0000	0.1389	0.0000	0.0000	0.0746	0.7325	0.0061	0.0000	0.0000	0.0000	0.0477
0.0000	0.9853	0.0046	0.0000	0.0000	0.0014	0.0001	0.0086	0.0000	0.0000	0.0000	0.0000
0.0000	0.0000	0.0000	0.0000	0.0000	0.0000	0.1256	0.0000	0.0000	0.0000	0.0000	0.8744
0.0000	0.0000	0.0000	0.0000	0.0000	0.0000	0.7922	0.0007	0.0000	0.0000	0.0000	0.2071
0.3779	0.0000	0.4675	0.0000	0.0000	0.0820	0.0276	0.0020	0.0094	0.0008	0.0000	0.0328
0.0010	0.0000	0.0000	0.0000	0.0000	0.0002	0.5637	0.0007	0.0000	0.0015	0.0000	0.4329
0.0000	0.0000	0.0000	0.0000	0.0000	0.0000	0.8829	0.1166	0.0000	0.0000	0.0000	0.0004
0.0160	0.0000	0.9182	0.0000	0.0000	0.0166	0.0344	0.0013	0.0000	0.0000	0.0000	0.0135
0.0000	0.0000	0.0001	0.0000	0.0000	0.0000	0.0103	0.9451	0.0000	0.0028	0.0000	0.0418
0.0000	0.0000	0.0000	0.0000	0.0000	0.0000	0.0047	0.0000	0.0000	0.0000	0.0000	0.9953
0.0000	0.0000	0.0000	0.0060	0.0000	0.0000	0.0000	0.0000	0.0000	0.0023	0.9917	0.0000
0.5828	0.1320	0.2671	0.0000	0.0000	0.0000	0.0091	0.0031	0.0000	0.0000	0.0000	0.0060
0.0000	0.0000	0.0000	0.0000	0.0000	0.0000	0.7207	0.0001	0.0000	0.0000	0.0000	0.2792
0.0004	0.0000	0.0033	0.0000	0.0000	0.0011	0.0079	0.0001	0.0000	0.0000	0.0000	0.9872
0.0000	0.0000	0.0000	0.0000	0.0000	0.0000	0.9894	0.0000	0.0000	0.0003	0.0000	0.0103
0.0000	0.0000	0.0000	0.0000	0.0000	0.0000	0.0000	0.0000	0.0000	0.0000	1.0000	0.0000
0.0000	0.0014	0.0104	0.0000	0.0000	0.9878	0.0001	0.0002	0.0000	0.0000	0.0000	0.0000
0.0000	0.0000	0.9927	0.0000	0.0000	0.0071	0.0000	0.0000	0.0002	0.0000	0.0000	0.0000
0.0000	0.0000	0.9966	0.0000	0.0000	0.0031	0.0000	0.0000	0.0003	0.0000	0.0000	0.0000
0.0000	0.0000	0.0036	0.0000	0.0000	0.0000	0.0001	0.0000	0.0000	0.0000	0.0000	0.9963
0.0000	0.0000	0.0000	0.0000	0.0000	0.0000	0.0000	0.0000	0.0000	0.0000	0.0000	1.0000
0.0000	0.0000	0.9983	0.0000	0.0000	0.0000	0.0000	0.0000	0.0000	0.0000	0.0000	0.0017
0.0000	0.0000	0.0000	0.0000	0.0000	0.0000	0.0000	0.0000	0.0000	0.0000	0.0000	1.0000
0.0000	0.0000	0.0000	0.0000	0.0000	0.0000	0.0000	0.0000	0.0000	0.0000	0.0000	1.0000
0.0000	0.0000	0.0000	0.0000	0.0000	0.0000	0.0000	0.0000	0.0000	0.0000	0.0000	1.0000
0.0000	0.0000	0.9977	0.0000	0.0000	0.0000	0.0000	0.0000	0.0000	0.0000	0.0000	0.0023
0.0000	0.0000	0.1637	0.0000	0.0000	0.0000	0.0000	0.0000	0.0000	0.0000	0.0000	0.8363
0.0000	0.0000	0.0019	0.0000	0.0000	0.0000	0.0000	0.0000	0.0000	0.0000	0.0000	0.9981
0.0000	0.0000	0.9997	0.0000	0.0000	0.0000	0.0000	0.0000	0.0000	0.0000	0.0000	0.0003
0.0000	0.0000	0.9934	0.0000	0.0000	0.0000	0.0000	0.0000	0.0026	0.0000	0.0000	0.0039
0.0000	0.0000	0.0000	0.0000	0.0000	0.0000	0.0000	0.0000	0.0000	0.0000	0.0000	1.0000
0.0000	0.0000	0.0002	0.0000	0.0000	0.0000	0.0000	0.0000	0.0002	0.0000	0.0000	0.9995
0.0000	0.0000	0.9991	0.0000	0.0000	0.0008	0.0000	0.0000	0.0001	0.0000	0.0000	0.0000
0.0000	0.0000	0.9958	0.0000	0.0000	0.0039	0.0000	0.0000	0.0003	0.0000	0.0000	0.0000
0.0000	0.0000	0.9991	0.0000	0.0000	0.0009	0.0000	0.0000	0.0001	0.0000	0.0000	0.0000
0.0000	0.0000	0.9911	0.0000	0.0000	0.0000	0.0000	0.0000	0.0014	0.0000	0.0000	0.0076
0.0000	0.0000	0.9973	0.0000	0.0000	0.0000	0.0000	0.0000	0.0000	0.0000	0.0000	0.0027
0.0000	0.0000	0.0000	0.0000	0.0000	0.0000	0.0000	0.0000	0.0000	0.0000	0.0000	1.0000
0.0000	0.0000	0.9999	0.0000	0.0000	0.0000	0.0000	0.0000	0.0001	0.0000	0.0000	0.0000
0.0000	0.0000	0.0007	0.0000	0.0000	0.0000	0.9993	0.0000	0.0000	0.0000	0.0000	0.0000
0.0000	0.0000	0.0000	0.0000	0.0000	0.0000	0.0000	0.0000	1.0000	0.0000	0.0000	0.0000
0.0000	0.0000	0.0001	0.0000	0.0000	0.0000	0.9999	0.0000	0.0000	0.0000	0.0000	0.0000
0.0000	0.0000	0.0000	0.0000	0.0000	0.0000	0.2460	0.0000	0.7540	0.0000	0.0000	0.0000
0.0000	0.0000	0.0000	0.0000	0.0000	0.0000	0.0000	0.0000	1.0000	0.0000	0.0000	0.0000
0.0000	0.0000	0.0051	0.0000	0.0000	0.0000	0.9949	0.0000	0.0000	0.0000	0.0000	0.0000
0.0000	0.0000	0.0000	0.0000	0.0000	0.0000	0.0000	0.0000	1.0000	0.0000	0.0000	0.0000
0.0000	0.0000	0.0000	0.0000	0.0000	0.0000	0.0000	0.0000	1.0000	0.0000	0.0000	0.0000
0.0000	0.0000	0.0000	0.0000	0.0000	0.0000	1.0000	0.0000	0.0000	0.0000	0.0000	0.0000
0.0000	0.0000	0.0000	0.0000	0.0000	0.0000	0.0000	0.0000	1.0000	0.0000	0.0000	0.0000
0.0000	0.0000	0.0000	0.0000	0.0000	0.0000	1.0000	0.0000	0.0000	0.0000	0.0000	0.0000
0.0000	0.0000	0.0000	0.0000	0.0000	0.0000	0.0000	0.0000	1.0000	0.0000	0.0000	0.0000
0.0000	0.0000	0.0000	0.0000	0.0000	0.0000	1.0000	0.0000	0.0000	0.0000	0.0000	0.0000
0.0000	0.0000	0.9035	0.0000	0.0000	0.0001	0.0962	0.0000	0.0000	0.0000	0.0001	0.0000
0.0000	0.0000	0.0000	0.0000	0.0000	0.0000	0.0000	0.0000	1.0000	0.0000	0.0000	0.0000
0.0000	0.0000	0.0000	0.0000	0.0000	0.0000	1.0000	0.0000	0.0000	0.0000	0.0000	0.0000
0.0000	0.0000	0.9821	0.0000	0.0000	0.0128	0.0051	0.0000	0.0000	0.0000	0.0000	0.0000
0.0000	0.0000	0.9972	0.0000	0.0000	0.0023	0.0004	0.0000	0.0000	0.0000	0.0000	0.0000
0.0000	0.0000	0.0049	0.0000	0.0000	0.0000	0.9951	0.0000	0.0000	0.0000	0.0000	0.0000
0.0000	0.0000	0.0000	0.0000	0.0000	0.0000	0.0000	0.0000	1.0000	0.0000	0.0000	0.0000
0.0000	0.0000	0.0000	0.0000	0.0000	0.0000	0.0000	0.0000	1.0000	0.0000	0.0000	0.0000
0.0000	0.0000	0.0000	0.0000	0.0000	0.0000	0.0000	0.0000	1.0000	0.0000	0.0000	0.0000
0.0000	0.0000	0.0394	0.0000	0.0000	0.0000	0.9606	0.0000	0.0000	0.0000	0.0000	0.0000
0.0000	0.0000	0.9987	0.0000	0.0000	0.0007	0.0006	0.0000	0.0000	0.0000	0.0000	0.0000
0.0000	0.0000	0.0001	0.0000	0.0000	0.0000	0.9999	0.0000	0.0000	0.0000	0.0000	0.0000
0.0000	0.0000	0.0000	0.0000	0.0000	0.0000	0.0000	0.0000	1.0000	0.0000	0.0000	0.0000
0.0000	0.0000	0.9778	0.0000	0.0000	0.0000	0.0222	0.0000	0.0000	0.0000	0.0000	0.0000
0.0000	0.0000	0.0000	0.0000	0.0000	0.0000	0.0000	0.0000	1.0000	0.0000	0.0000	0.0000
0.0000	0.0000	0.0003	0.0000	0.0000	0.9432	0.0565	0.0000	0.0000	0.0000	0.0000	0.0000
0.0000	0.0000	0.0010	0.0000	0.0000	0.0000	0.9990	0.0000	0.0000	0.0000	0.0000	0.0000
