0.0000	0.0039	0.0002	0.0000	0.0000	0.0015	0.1465	0.8375	0.0000	0.0003	0.0000	0.0101
0.0000	0.0000	0.0000	0.0000	0.0000	0.0000	0.9200	0.0194	0.0000	0.0001	0.0025	0.0579
0.0448	0.0000	0.0000	0.0000	0.0000	0.0000	0.0001	0.0000	0.0000	0.9540	0.0000	0.0011
0.0000	1.0000	0.0000	0.0000	0.0000	0.0000	0.0000	0.0000	0.0000	0.0000	0.0000	0.0000
0.0000	0.0000	0.0001	0.0000	0.0000	0.0000	0.9999	0.0000	0.0000	0.0000	0.0000	0.0000
0.0000	0.0000	0.0001	0.0000	0.0000	0.0001	0.1361	0.0264	0.0000	0.0133	0.0060	0.8180
0.9999	0.0000	0.0000	0.0000	0.0000	0.0000	0.0000	0.0000	0.0000	0.0000	0.0000	0.0000
1.0000	0.0000	0.0000	0.0000	0.0000	0.0000	0.0000	0.0000	0.0000	0.0000	0.0000	0.0000
0.0000	0.0000	0.0002	0.0000	0.0000	0.0000	0.5577	0.0193	0.0000	0.0749	0.0014	0.3464
0.0000	0.0000	0.0007	0.0000	0.0000	0.0002	0.8044	0.0493	0.0000	0.0109	0.0003	0.1342
0.0004	0.0000	0.0000	0.0000	0.0000	0.0000	0.0000	0.0000	0.0000	0.9996	0.0000	0.0000
0.0000	0.0000	0.0000	0.0000	0.0000	0.0000	0.0000	0.0000	0.0000	0.0000	0.9982	0.0018
0.0000	0.0471	0.3802	0.0000	0.0000	0.5669	0.0021	0.0034	0.0000	0.0000	0.0000	0.0003
0.0000	0.0000	0.0005	0.0000	0.0000	0.0000	0.9602	0.0230	0.0000	0.0003	0.0000	0.0161
0.0000	0.0000	0.0000	0.0000	0.0000	0.0000	0.0000	0.0000	1.0000	0.0000	0.0000	0.0000
0.0003	0.0000	0.0001	0.0000	0.0000	0.0203	0.6368	0.1865	0.0000	0.0325	0.0000	0.1234
0.0000	0.0000	0.0000	0.0000	0.9997	0.0000	0.0000	0.0000	0.0000	0.0003	0.0000	0.0000
0.0000	0.7469	0.2526	0.0000	0.0000	0.0004	0.0001	0.0000	0.0000	0.0000	0.0000	0.0001
0.0000	0.0013	0.6969	0.0000	0.0000	0.2947	0.0050	0.0007	0.0000	0.0000	0.0000	0.0012
0.0001	0.0017	0.0324	0.0000	0.0000	0.0816	0.7615	0.1193	0.0000	0.0000	0.0000	0.0033
0.0954	0.0000	0.0000	0.0000	0.0000	0.0000	0.0000	0.0000	0.9046	0.0000	0.0000	0.0000
0.0000	0.0000	0.0000	0.0000	0.0000	0.0000	0.0001	0.0000	0.0000	0.0397	0.0000	0.9602
0.0022	0.0000	0.0000	0.0000	0.0000	0.0001	0.0000	0.0000	0.9901	0.0076	0.0000	0.0000
0.0001	0.0000	0.0012	0.0000	0.0000	0.0003	0.4961	0.2795	0.0000	0.0080	0.0041	0.2107
0.0000	0.0000	0.0000	0.0000	0.0000	0.0000	0.0000	0.0000	0.0000	0.8377	0.0002	0.1621
0.0000	0.0000	0.0320	0.0000	0.0000	0.0002	0.0616	0.0897	0.0000	0.0158	0.0002	0.8006
0.0000	0.0000	0.6773	0.0000	0.0000	0.0071	0.0693	0.2109	0.0000	0.0001	0.0000	0.0352
0.0001	0.8153	0.0120	0.0000	0.0000	0.0002	0.1666	0.0010	0.0000	0.0000	0.0000	0.0048
0.0007	0.0000	0.9893	0.0000	0.0000	0.0100	0.0000	0.0000	0.0000	0.0000	0.0000	0.0000
0.0000	0.0000	0.0000	0.0000	0.0000	0.0000	0.0001	0.9961	0.0000	0.0000	0.0000	0.0038
0.9992	0.0000	0.0000	0.0000	0.0000	0.0000	0.0000	0.0000	0.0007	0.0000	0.0000	0.0000
0.0001	0.0000	0.0005	0.0000	0.0000	0.0023	0.1310	0.0003	0.0000	0.0244	0.0215	0.8198
0.0000	0.0913	0.3513	0.0000	0.0000	0.5547	0.0007	0.0019	0.0000	0.0000	0.0000	0.0001
0.0000	0.0000	0.0000	0.0123	0.0562	0.0000	0.0187	0.0000	0.1067	0.8060	0.0000	0.0000
0.0000	0.0019	0.0012	0.0000	0.0000	0.0035	0.6559	0.2412	0.0000	0.0005	0.0000	0.0958
0.0000	0.0001	0.0001	0.0000	0.0000	0.0000	0.5045	0.4931	0.0000	0.0000	0.0001	0.0020
0.0000	0.0000	0.0000	0.0000	0.0000	0.0000	0.0000	0.0000	0.0000	0.0052	0.9948	0.0000
0.0000	0.0000	0.0000	0.0000	0.0000	1.0000	0.0000	0.0000	0.0000	0.0000	0.0000	0.0000
0.9998	0.0000	0.0000	0.0000	0.0000	0.0000	0.0000	0.0000	0.0000	0.0002	0.0000	0.0000
0.0004	0.0000	0.0006	0.0064	0.0000	0.1460	0.0111	0.6416	0.0000	0.0064	0.0003	0.1872
0.0000	0.0000	0.0000	0.0000	0.0000	0.0000	0.0000	0.0000	1.0000	0.0000	0.0000	0.0000
0.0000	0.0000	0.0000	0.0000	0.0000	0.0000	0.0000	0.0000	0.0000	0.0000	1.0000	0.0000
0.0004	0.0000	0.9543	0.0000	0.0000	0.0000	0.0000	0.0000	0.0000	0.0063	0.0013	0.0377
0.0000	0.0000	0.8932	0.0000	0.0000	0.0000	0.0000	0.0000	0.0000	0.0000	0.0000	0.1068
0.0004	0.0000	0.2221	0.0000	0.0000	0.0001	0.0137	0.4721	0.0000	0.0474	0.0050	0.2392
0.0050	0.0000	0.0000	0.0000	0.0000	0.0000	0.0835	0.0530	0.0000	0.1857	0.0015	0.6714
0.0135	0.0000	0.0002	0.0000	0.0000	0.0011	0.0169	0.1451	0.0000	0.6777	0.0007	0.1448
0.0000	0.0762	0.4212	0.0000	0.0000	0.4587	0.0069	0.0333	0.0000	0.0000	0.0000	0.0036
0.0001	0.0000	0.0210	0.0000	0.0000	0.9719	0.0003	0.0014	0.0000	0.0005	0.0000	0.0050
0.0000	0.0000	0.0905	0.0000	0.0000	0.0013	0.1044	0.3772	0.0000	0.0041	0.0004	0.4220
0.9998	0.0000	0.0000	0.0000	0.0000	0.0000	0.0000	0.0000	0.0000	0.0002	0.0000	0.0000
0.0000	0.0000	0.0001	0.0000	0.0000	0.0002	0.0000	0.9805	0.0000	0.0106	0.0002	0.0084
0.1345	0.0000	0.0000	0.0000	0.0000	0.0000	0.0000	0.0000	0.8655	0.0000	0.0000	0.0000
0.0000	0.0000	0.0000	0.0000	0.0000	0.0000	0.0000	0.0000	0.0000	0.9992	0.0001	0.0007
0.0000	0.0969	0.4197	0.0000	0.0000	0.4793	0.0008	0.0030	0.0000	0.0000	0.0000	0.0002
0.0000	0.0000	0.0005	0.0000	0.0000	0.9994	0.0001	0.0000	0.0000	0.0000	0.0000	0.0000
0.0000	0.0000	0.0006	0.0000	0.0000	0.0000	0.7671	0.2306	0.0000	0.0007	0.0000	0.0011
0.0000	0.0000	0.0000	0.0000	0.0000	0.0000	0.0000	0.0000	1.0000	0.0000	0.0000	0.0000
0.0013	0.0000	0.0000	0.0000	0.0000	0.0000	0.5202	0.0728	0.0001	0.0167	0.0000	0.3889
0.0004	0.0000	0.0000	0.0000	0.0000	0.0000	0.0711	0.0004	0.0000	0.8880	0.0000	0.0401
0.0005	0.0000	0.0000	0.0000	0.0000	0.0000	0.0000	0.0000	0.9682	0.0313	0.0000	0.0000
0.0104	0.0000	0.0000	0.0000	0.0000	0.0019	0.0000	0.0000	0.9263	0.0615	0.0000	0.0000
0.0000	0.0000	0.0000	0.9953	0.0047	0.0000	0.0000	0.0000	0.0000	0.0000	0.0000	0.0000
0.0000	0.0001	0.4380	0.0000	0.0000	0.4048	0.0702	0.0167	0.0000	0.0003	0.0000	0.0699
0.0000	0.0000	0.0000	0.0000	0.0000	0.0000	0.0001	0.0000	0.0000	0.0494	0.0001	0.9504
0.0000	0.0000	0.0000	0.0000	0.0000	0.9992	0.0000	0.0000	0.0000	0.0007	0.0000	0.0000
0.0000	0.0000	0.0021	0.0000	0.0000	0.0000	0.1717	0.0081	0.0000	0.0070	0.0000	0.8109
0.0000	0.0001	0.0001	0.0000	0.0000	0.0000	0.5773	0.4133	0.0000	0.0000	0.0000	0.0091
0.0001	0.0000	0.0004	0.0000	0.0000	0.0000	0.0070	0.0000	0.0003	0.0004	0.0000	0.9917
0.1550	0.0235	0.6833	0.0000	0.0000	0.0021	0.0168	0.0001	0.0000	0.0010	0.0000	0.1183
0.0000	0.0022	0.0025	0.0000	0.0000	0.0023	0.3487	0.6021	0.0000	0.0000	0.0000	0.0422
0.0000	0.0000	0.0000	0.0000	0.0080	0.0000	0.0000	0.0000	0.0000	0.9920	0.0000	0.0000
0.0000	0.0000	0.0000	0.0000	0.0000	0.0000	0.0000	0.0000	0.0000	0.0582	0.9405	0.0013
0.0000	0.0000	0.0000	0.0000	0.0000	0.0000	0.0000	0.0000	0.0000	0.0000	0.9999	0.0000
0.0000	0.0415	0.9179	0.0000	0.0000	0.0000	0.0002	0.0186	0.0000	0.0000	0.0000	0.0218
0.0000	0.0000	0.0000	0.0000	0.0000	0.0000	0.0000	0.9992	0.0000	0.0000	0.0000	0.0008
0.0000	0.0000	0.0000	0.0000	0.0000	0.0000	0.0000	0.3740	0.0000	0.0000	0.0000	0.6260
0.0000	0.0000	0.0000	0.0055	0.0000	0.0002	0.0000	0.0000	0.0003	0.8960	0.0979	0.0002
0.0000	0.0000	0.0000	0.0000	0.0000	0.0000	0.0000	0.0000	1.0000	0.0000	0.0000	0.0000
0.0007	0.0000	0.0000	0.0000	0.0000	0.0000	0.9301	0.0160	0.0000	0.0099	0.0000	0.0432
0.0000	0.0004	0.0018	0.0000	0.0000	0.0000	0.9770	0.0094	0.0000	0.0000	0.0000	0.0114
0.0000	0.0000	0.0000	0.0000	0.0000	0.0000	0.0000	0.0000	0.0000	0.0000	0.0000	1.0000
0.0045	0.0000	0.9921	0.0000	0.0000	0.0034	0.0000	0.0000	0.0000	0.0000	0.0000	0.0000
0.0000	0.0000	0.0002	0.0000	0.0000	0.0000	0.0000	0.0000	0.0000	0.0000	0.0000	0.9998
0.0000	0.0000	0.0035	0.0000	0.0000	0.0000	0.0000	0.0000	0.0005	0.0580	0.0000	0.9381
0.0000	0.0000	0.6300	0.0000	0.0000	0.0000	0.0000	0.0000	0.0000	0.0024	0.0000	0.3676
0.0000	0.0000	0.2626	0.0000	0.0000	0.0000	0.0000	0.0000	0.0000	0.0004	0.0000	0.7370
0.0000	0.0000	0.0000	0.0000	0.0000	0.0000	0.0000	0.0000	0.0000	0.0000	0.0000	1.0000
0.0000	0.0000	0.9954	0.0000	0.0000	0.0042	0.0000	0.0000	0.0000	0.0000	0.0000	0.0003
0.0000	0.0000	0.0000	0.0000	0.0000	0.0000	0.0000	0.0000	0.0000	0.0000	0.0000	1.0000
0.0000	0.0000	0.0008	0.0000	0.0000	0.0000	0.0000	0.0000	0.0003	0.0000	0.0000	0.9988
0.0055	0.0000	0.9928	0.0000	0.0000	0.0017	0.0000	0.0000	0.0000	0.0000	0.0000	0.0000
0.0001	0.0000	0.0000	0.0000	0.0000	0.0000	0.0114	0.0000	0.0000	0.0006	0.0000	0.9879
0.0000	0.0000	0.0000	0.0000	0.0000	0.0000	0.0000	0.0000	0.0000	0.0000	0.0000	1.0000
0.0004	0.0000	0.5123	0.0000	0.0000	0.0000	0.0003	0.0003	0.0000	0.0006	0.0000	0.4861
0.0000	0.0000	0.0000	0.0000	0.0000	0.0000	0.0000	0.0000	0.0000	0.0000	0.0000	1.0000
0.0000	0.0000	0.0000	0.0000	0.0000	0.0000	0.0000	0.0000	0.0000	0.0000	0.0000	1.0000
0.0000	0.0000	0.0000	0.0000	0.0000	0.0000	0.0000	0.0000	0.0000	0.0000	0.0000	1.0000
0.0000	0.0000	0.9952	0.0000	0.0000	0.0025	0.0000	0.0000	0.0000	0.0000	0.0000	0.0023
0.0000	0.0000	0.0000	0.0000	0.0000	0.0000	0.0000	0.0000	0.0000	0.0000	0.0000	1.0000
0.0001	0.0000	0.9996	0.0000	0.0000	0.0001	0.0000	0.0000	0.0000	0.0000	0.0000	0.0003
0.0000	0.0000	0.0000	0.0000	0.0000	0.0000	0.0000	0.0000	1.0000	0.0000	0.0000	0.0000
0.0000	0.0000	0.4887	0.0000	0.0000	0.0000	0.5113	0.0000	0.0000	0.0000	0.0000	0.0000
0.0000	0.0000	0.0007	0.0000	0.0000	0.0000	0.9993	0.0000	0.0000	0.0000	0.0000	0.0000
0.0000	0.0000	0.0000	0.0000	0.0000	0.0000	0.0000	0.0000	1.0000	0.0000	0.0000	0.0000
0.0000	0.0000	0.0000	0.0000	0.0000	0.0000	0.0000	0.0000	1.0000	0.0000	0.0000	0.0000
0.0000	0.0000	0.7461	0.0000	0.0000	0.0000	0.2539	0.0000	0.0000	0.0000	0.0000	0.0000
0.0000	0.0000	0.0001	0.0000	0.0000	0.0000	0.9999	0.0000	0.0000	0.0000	0.0000	0.0000
0.0000	0.0000	0.0010	0.0000	0.0000	0.0000	0.9989	0.0000	0.0000	0.0000	0.0000	0.0000
0.0000	0.0000	0.0000	0.0000	0.0000	0.0000	0.0000	0.0000	1.0000	0.0000	0.0000	0.0000
0.0000	0.0000	0.8437	0.0000	0.0000	0.0000	0.1563	0.0000	0.0000	0.0000	0.0000	0.0000
0.0000	0.0000	0.0066	0.0000	0.0000	0.0000	0.9934	0.0000	0.0000	0.0000	0.0000	0.0000
0.0000	0.0000	0.0000	0.0000	0.0000	0.0000	0.0373	0.0000	0.9627	0.0000	0.0000	0.0000
0.0000	0.0000	0.0000	0.0000	0.0000	0.0000	0.0227	0.0000	0.9773	0.0000	0.0000	0.0000
0.0000	0.0000	0.1979	0.0000	0.0000	0.0000	0.8021	0.0000	0.0000	0.0000	0.0000	0.0000
0.0000	0.0000	0.0000	0.0000	0.0000	0.0000	1.0000	0.0000	0.0000	0.0000	0.0000	0.0000
0.0000	0.0000	0.0000	0.0000	0.0000	0.0000	0.0000	0.0000	1.0000	0.0000	0.0000	0.0000
0.0000	0.0000	0.0000	0.0000	0.0000	0.0000	0.0003	0.0000	0.9997	0.0000	0.0000	0.0000
0.0000	0.0000	0.0004	0.0000	0.0000	0.0000	0.9996	0.0000	0.0000	0.0000	0.0000	0.0000
0.0000	0.0000	0.0000	0.0000	0.0000	0.0000	0.0000	0.0000	1.0000	0.0000	0.0000	0.0000
0.0000	0.0000	0.0000	0.0000	0.0000	0.0000	0.0000	0.0000	1.0000	0.0000	0.0000	0.0000
0.0000	0.0000	0.0009	0.0000	0.0000	0.0000	0.9991	0.0000	0.0000	0.0000	0.0000	0.0000
0.0000	0.0000	0.0001	0.0000	0.0000	0.0000	0.9998	0.0000	0.0001	0.0000	0.0000	0.0000
0.0000	0.0000	0.0000	0.0000	0.0000	0.0000	0.0000	0.0000	1.0000	0.0000	0.0000	0.0000
0.0000	0.0000	0.0000	0.0000	0.0000	0.0000	1.0000	0.0000	0.0000	0.0000	0.0000	0.0000
0.0000	0.0000	0.0000	0.0000	0.0000	0.0000	0.0000	0.0000	1.0000	0.0000	0.0000	0.0000
0.0000	0.0000	0.2034	0.0000	0.0000	0.0000	0.7966	0.0000	0.0000	0.0000	0.0000	0.0000
0.0000	0.0000	0.6642	0.0000	0.0000	0.0000	0.3358	0.0000	0.0000	0.0000	0.0000	0.0000
0.0000	0.0000	0.0001	0.0000	0.0000	0.0000	0.9999	0.0000	0.0000	0.0000	0.0000	0.0000
0.0000	0.0000	0.0010	0.0000	0.0000	0.0000	0.9990	0.0000	0.0000	0.0000	0.0000	0.0000
0.0000	0.0000	0.0000	0.0000	0.0000	0.0000	0.0000	0.0000	1.0000	0.0000	0.0000	0.0000
0.0000	0.0000	0.0002	0.0000	0.0000	0.0000	0.9998	0.0000	0.0000	0.0000	0.0000	0.0000
0.0000	0.0000	0.0000	0.0000	0.0000	0.0000	1.0000	0.0000	0.0000	0.0000	0.0000	0.0000
