0.0000	0.0049	0.0000	0.0000	0.0000	0.0003	0.1011	0.8625	0.0000	0.0001	0.0000	0.0312
0.0000	0.0000	0.0000	0.0000	0.0000	0.0000	0.9738	0.0014	0.0000	0.0000	0.0239	0.0008
0.0020	0.0000	0.0000	0.0000	0.0000	0.0000	0.0000	0.0000	0.0000	0.9979	0.0000	0.0001
0.0000	1.0000	0.0000	0.0000	0.0000	0.0000	0.0000	0.0000	0.0000	0.0000	0.0000	0.0000
0.0000	0.0000	0.0003	0.0000	0.0000	0.0000	0.9997	0.0000	0.0000	0.0000	0.0000	0.0000
0.0000	0.0000	0.0000	0.0000	0.0000	0.0000	0.2049	0.0014	0.0000	0.0008	0.0410	0.7519
0.9991	0.0000	0.0000	0.0000	0.0000	0.0000	0.0000	0.0000	0.0000	0.0008	0.0000	0.0000
0.9998	0.0000	0.0000	0.0000	0.0000	0.0000	0.0000	0.0000	0.0000	0.0002	0.0000	0.0000
0.0000	0.0000	0.0001	0.0000	0.0000	0.0000	0.5136	0.0094	0.0000	0.0016	0.0033	0.4721
0.0000	0.0000	0.0000	0.0000	0.0000	0.0000	0.5806	0.0358	0.0000	0.0003	0.0010	0.3823
0.0000	0.0000	0.0000	0.0000	0.0000	0.0000	0.0000	0.0000	0.0000	1.0000	0.0000	0.0000
0.0000	0.0000	0.0000	0.0000	0.0000	0.0000	0.0000	0.0000	0.0000	0.0000	0.7484	0.2516
0.0000	0.0516	0.5113	0.0000	0.0000	0.4276	0.0011	0.0077	0.0000	0.0000	0.0000	0.0007
0.0000	0.0000	0.0005	0.0000	0.0000	0.0000	0.8277	0.0254	0.0000	0.0000	0.0000	0.1464
0.0000	0.0000	0.0000	0.0000	0.0000	0.0000	0.0000	0.0000	1.0000	0.0000	0.0000	0.0000
0.0006	0.0000	0.0000	0.0000	0.0000	0.0025	0.5858	0.2562	0.0000	0.0108	0.0000	0.1441
0.0000	0.0000	0.0000	0.0000	0.9979	0.0000	0.0000	0.0000	0.0000	0.0021	0.0000	0.0000
0.0000	0.9977	0.0023	0.0000	0.0000	0.0000	0.0000	0.0000	0.0000	0.0000	0.0000	0.0000
0.0000	0.0008	0.1634	0.0000	0.0000	0.8202	0.0102	0.0030	0.0000	0.0000	0.0000	0.0023
0.0000	0.0000	0.1614	0.0000	0.0000	0.0438	0.7088	0.0734	0.0000	0.0000	0.0000	0.0126
0.1540	0.0000	0.0000	0.0000	0.0000	0.0000	0.0000	0.0000	0.8460	0.0000	0.0000	0.0000
0.0000	0.0000	0.0000	0.0000	0.0000	0.0000	0.0002	0.0000	0.0000	0.1845	0.0000	0.8153
0.0013	0.0000	0.0000	0.0000	0.0000	0.0000	0.0000	0.0000	0.9871	0.0116	0.0000	0.0000
0.0000	0.0000	0.0022	0.0000	0.0000	0.0001	0.4104	0.2172	0.0000	0.0025	0.0044	0.3632
0.0000	0.0000	0.0000	0.0000	0.0000	0.0000	0.0000	0.0000	0.0000	0.9772	0.0002	0.0225
0.0000	0.0000	0.0080	0.0000	0.0000	0.0000	0.0174	0.0292	0.0000	0.0146	0.0001	0.9308
0.0000	0.0000	0.6189	0.0000	0.0000	0.0004	0.0357	0.1810	0.0000	0.0005	0.0002	0.1633
0.0000	0.0650	0.0114	0.0000	0.0000	0.0023	0.7015	0.0055	0.0000	0.0000	0.0000	0.2142
0.0001	0.0000	0.0007	0.0000	0.0000	0.9993	0.0000	0.0000	0.0000	0.0000	0.0000	0.0000
0.0001	0.0000	0.0000	0.0000	0.0000	0.0000	0.0000	0.9942	0.0000	0.0000	0.0000	0.0056
0.9995	0.0000	0.0000	0.0000	0.0000	0.0000	0.0000	0.0000	0.0005	0.0000	0.0000	0.0000
0.0000	0.0000	0.0001	0.0000	0.0000	0.0000	0.0232	0.0000	0.0000	0.0009	0.0031	0.9726
0.0000	0.2445	0.4717	0.0000	0.0000	0.2758	0.0011	0.0067	0.0000	0.0000	0.0000	0.0003
0.0000	0.0000	0.0000	0.9790	0.0066	0.0000	0.0132	0.0000	0.0000	0.0002	0.0010	0.0000
0.0000	0.0002	0.0004	0.0000	0.0000	0.0008	0.6807	0.2475	0.0000	0.0000	0.0000	0.0704
0.0000	0.0000	0.0000	0.0000	0.0000	0.0000	0.4061	0.5874	0.0000	0.0000	0.0003	0.0062
0.0000	0.0000	0.0000	0.0000	0.0000	0.0000	0.0000	0.0000	0.0000	0.0014	0.9985	0.0000
0.0000	0.0000	0.0000	0.0000	0.0000	1.0000	0.0000	0.0000	0.0000	0.0000	0.0000	0.0000
1.0000	0.0000	0.0000	0.0000	0.0000	0.0000	0.0000	0.0000	0.0000	0.0000	0.0000	0.0000
0.0000	0.0000	0.0002	0.0008	0.0000	0.0206	0.0055	0.4036	0.0000	0.0014	0.0002	0.5678
0.0000	0.0000	0.0000	0.0000	0.0000	0.0000	0.0000	0.0000	1.0000	0.0000	0.0000	0.0000
0.0000	0.0000	0.0000	0.0000	0.0000	0.0000	0.0000	0.0000	0.0000	0.0000	1.0000	0.0000
0.0000	0.0000	1.0000	0.0000	0.0000	0.0000	0.0000	0.0000	0.0000	0.0000	0.0000	0.0000
0.0000	0.0000	0.9999	0.0000	0.0000	0.0000	0.0000	0.0000	0.0000	0.0000	0.0000	0.0001
0.0000	0.0000	0.2802	0.0000	0.0000	0.0000	0.0567	0.1401	0.0000	0.0052	0.0053	0.5124
0.0002	0.0000	0.0000	0.0000	0.0000	0.0000	0.0092	0.0086	0.0000	0.0236	0.0071	0.9512
0.0006	0.0000	0.0002	0.0000	0.0000	0.0005	0.0047	0.0248	0.0000	0.8519	0.0005	0.1168
0.0000	0.0249	0.5214	0.0000	0.0000	0.2893	0.0143	0.1309	0.0000	0.0000	0.0000	0.0191
0.0000	0.0000	0.8154	0.0000	0.0000	0.1546	0.0012	0.0064	0.0000	0.0007	0.0000	0.0216
0.0000	0.0000	0.0442	0.0000	0.0000	0.0000	0.0606	0.0425	0.0000	0.0039	0.0001	0.8487
0.9996	0.0000	0.0000	0.0000	0.0000	0.0000	0.0000	0.0000	0.0000	0.0004	0.0000	0.0000
0.0000	0.0000	0.0035	0.0000	0.0000	0.0000	0.1145	0.8325	0.0000	0.0101	0.0029	0.0364
0.0297	0.0000	0.0000	0.0000	0.0000	0.0000	0.0000	0.0000	0.9703	0.0000	0.0000	0.0000
0.0000	0.0000	0.0000	0.0000	0.0000	0.0000	0.0000	0.0000	0.0000	0.9982	0.0006	0.0011
0.0000	0.1184	0.6087	0.0000	0.0000	0.2617	0.0008	0.0101	0.0000	0.0000	0.0000	0.0003
0.0000	0.0000	0.0005	0.0000	0.0000	0.9993	0.0001	0.0000	0.0000	0.0000	0.0000	0.0001
0.0000	0.0000	0.0003	0.0000	0.0000	0.0000	0.6565	0.3413	0.0000	0.0003	0.0012	0.0006
0.0000	0.0000	0.0000	0.0000	0.0000	0.0000	0.0000	0.0000	1.0000	0.0000	0.0000	0.0000
0.0071	0.0000	0.0000	0.0000	0.0000	0.0000	0.4977	0.0191	0.0000	0.0296	0.0000	0.4464
0.0013	0.0000	0.0000	0.0000	0.0000	0.0000	0.8545	0.0106	0.0000	0.0507	0.0000	0.0828
0.0013	0.0000	0.0000	0.0000	0.0000	0.0000	0.0000	0.0000	0.8890	0.1097	0.0000	0.0000
0.0023	0.0000	0.0000	0.0000	0.0000	0.0003	0.0000	0.0000	0.9242	0.0732	0.0000	0.0000
0.0000	0.0000	0.0000	0.9987	0.0001	0.0000	0.0000	0.0000	0.0000	0.0000	0.0011	0.0000
0.0000	0.0000	0.3835	0.0000	0.0000	0.0654	0.2375	0.0526	0.0000	0.0003	0.0001	0.2606
0.0000	0.0000	0.0000	0.0000	0.0000	0.0000	0.0011	0.0000	0.0000	0.0520	0.0015	0.9454
0.0000	0.0000	0.0000	0.0000	0.0000	0.9968	0.0000	0.0002	0.0000	0.0029	0.0000	0.0000
0.0000	0.0000	0.0000	0.0000	0.0000	0.0000	0.0340	0.0028	0.0000	0.0038	0.0000	0.9593
0.0000	0.0000	0.0007	0.0000	0.0000	0.0000	0.7104	0.2314	0.0000	0.0000	0.0000	0.0575
0.0000	0.0000	0.0001	0.0000	0.0000	0.0000	0.0006	0.0000	0.0000	0.0001	0.0000	0.9992
0.3871	0.0002	0.2668	0.0000	0.0000	0.0048	0.0183	0.0002	0.0000	0.0014	0.0000	0.3213
0.0000	0.0001	0.0005	0.0000	0.0000	0.0005	0.2133	0.0855	0.0000	0.0000	0.0000	0.7000
0.0000	0.0000	0.0000	0.0001	0.3789	0.0000	0.0000	0.0000	0.0000	0.6159	0.0050	0.0000
0.0000	0.0000	0.0000	0.0000	0.0000	0.0000	0.0000	0.0000	0.0000	0.2033	0.7843	0.0124
0.0000	0.0000	0.0000	0.0000	0.0000	0.0000	0.0000	0.0000	0.0000	0.0010	0.9990	0.0000
0.0000	0.0894	0.7045	0.0000	0.0000	0.0000	0.0000	0.1383	0.0000	0.0000	0.0000	0.0678
0.0000	0.0000	0.0000	0.0000	0.0000	0.0000	0.0000	0.9998	0.0000	0.0000	0.0000	0.0002
0.0000	0.0000	0.0000	0.0000	0.0000	0.0000	0.0000	0.6928	0.0000	0.0000	0.0000	0.3072
0.0000	0.0000	0.0000	0.0001	0.0000	0.0000	0.0000	0.0000	0.0000	0.9992	0.0007	0.0000
0.0000	0.0000	0.0000	0.0000	0.0000	0.0000	0.0000	0.0000	1.0000	0.0000	0.0000	0.0000
0.4560	0.0000	0.0000	0.0000	0.0000	0.0000	0.0433	0.2908	0.0000	0.1584	0.0000	0.0514
0.0000	0.0000	0.0016	0.0000	0.0000	0.0000	0.9044	0.0186	0.0000	0.0000	0.0000	0.0754
0.0000	0.0000	0.0000	0.0000	0.0000	0.0000	0.0000	0.0000	0.0000	0.0000	0.0000	1.0000
0.0000	0.0000	0.9978	0.0000	0.0000	0.0022	0.0000	0.0000	0.0000	0.0000	0.0000	0.0000
0.0000	0.0000	0.0000	0.0000	0.0000	0.0000	0.0000	0.0000	0.0000	0.0000	0.0000	1.0000
0.0000	0.0000	0.0000	0.0000	0.0000	0.0000	0.0000	0.0000	0.0000	0.0131	0.0000	0.9869
0.0000	0.0000	0.8683	0.0000	0.0000	0.0000	0.0000	0.0000	0.0000	0.0002	0.0000	0.1315
0.0000	0.0000	0.1222	0.0000	0.0000	0.0000	0.0000	0.0000	0.0000	0.0000	0.0000	0.8778
0.0000	0.0000	0.0000	0.0000	0.0000	0.0000	0.0000	0.0000	0.0000	0.0000	0.0000	1.0000
0.0000	0.0000	0.9911	0.0000	0.0000	0.0003	0.0000	0.0000	0.0000	0.0000	0.0000	0.0086
0.0000	0.0000	0.0000	0.0000	0.0000	0.0000	0.0000	0.0000	0.0000	0.0000	0.0000	1.0000
0.0000	0.0000	0.0002	0.0000	0.0000	0.0000	0.0000	0.0000	0.0002	0.0000	0.0000	0.9996
0.0000	0.0000	0.9982	0.0000	0.0000	0.0017	0.0000	0.0000	0.0000	0.0000	0.0000	0.0001
0.0001	0.0003	0.0000	0.0000	0.0000	0.0000	0.0002	0.0000	0.0000	0.0001	0.0000	0.9993
0.0000	0.0000	0.0000	0.0000	0.0000	0.0000	0.0000	0.0000	0.0000	0.0000	0.0000	1.0000
0.0000	0.0000	0.0647	0.0000	0.0000	0.0000	0.0001	0.0000	0.0000	0.0000	0.0000	0.9352
0.0000	0.0000	0.0000	0.0000	0.0000	0.0000	0.0000	0.0000	0.0000	0.0000	0.0000	1.0000
0.0000	0.0000	0.0000	0.0000	0.0000	0.0000	0.0000	0.0000	0.0000	0.0000	0.0000	1.0000
0.0000	0.0000	0.0000	0.0000	0.0000	0.0000	0.0000	0.0000	0.0000	0.0000	0.0000	1.0000
0.0001	0.0000	0.9634	0.0000	0.0000	0.0015	0.0000	0.0000	0.0000	0.0000	0.0000	0.0350
0.0000	0.0000	0.0000	0.0000	0.0000	0.0000	0.0000	0.0000	0.0000	0.0000	0.0000	1.0000
0.0000	0.0000	0.9965	0.0000	0.0000	0.0000	0.0000	0.0000	0.0000	0.0000	0.0000	0.0035
0.0000	0.0000	0.0000	0.0000	0.0000	0.0000	0.0000	0.0000	1.0000	0.0000	0.0000	0.0000
0.0000	0.0000	0.8366	0.0000	0.0000	0.0000	0.1634	0.0000	0.0000	0.0000	0.0000	0.0000
0.0000	0.0000	0.0002	0.0000	0.0000	0.0000	0.9998	0.0000	0.0000	0.0000	0.0000	0.0000
0.0000	0.0000	0.0000	0.0000	0.0000	0.0000	0.0000	0.0000	1.0000	0.0000	0.0000	0.0000
0.0000	0.0000	0.0000	0.0000	0.0000	0.0000	0.0000	0.0000	1.0000	0.0000	0.0000	0.0000
0.0000	0.0000	0.9643	0.0000	0.0000	0.0000	0.0357	0.0000	0.0000	0.0000	0.0000	0.0000
0.0000	0.0000	0.0000	0.0000	0.0000	0.0000	1.0000	0.0000	0.0000	0.0000	0.0000	0.0000
0.0000	0.0000	0.0012	0.0000	0.0000	0.0000	0.9988	0.0000	0.0000	0.0000	0.0000	0.0000
0.0000	0.0000	0.0000	0.0000	0.0000	0.0000	0.0000	0.0000	1.0000	0.0000	0.0000	0.0000
0.0000	0.0000	0.9805	0.0000	0.0000	0.0000	0.0195	0.0000	0.0000	0.0000	0.0000	0.0000
0.0000	0.0000	0.0091	0.0000	0.0000	0.0000	0.9909	0.0000	0.0000	0.0000	0.0000	0.0000
0.0000	0.0000	0.0000	0.0000	0.0000	0.0000	0.0196	0.0000	0.9804	0.0000	0.0000	0.0000
0.0000	0.0000	0.0000	0.0000	0.0000	0.0000	0.6134	0.0000	0.3866	0.0000	0.0000	0.0000
0.0000	0.0000	0.5866	0.0000	0.0000	0.0000	0.4134	0.0000	0.0000	0.0000	0.0000	0.0000
0.0000	0.0000	0.0000	0.0000	0.0000	0.0000	1.0000	0.0000	0.0000	0.0000	0.0000	0.0000
0.0000	0.0000	0.0000	0.0000	0.0000	0.0000	0.0000	0.0000	1.0000	0.0000	0.0000	0.0000
0.0000	0.0000	0.0000	0.0000	0.0000	0.0000	0.0001	0.0000	0.9999	0.0000	0.0000	0.0000
0.0000	0.0000	0.9851	0.0000	0.0000	0.0000	0.0149	0.0000	0.0000	0.0000	0.0000	0.0000
0.0000	0.0000	0.0000	0.0000	0.0000	0.0000	0.0000	0.0000	1.0000	0.0000	0.0000	0.0000
0.0000	0.0000	0.0000	0.0000	0.0000	0.0000	0.0000	0.0000	1.0000	0.0000	0.0000	0.0000
0.0000	0.0000	0.0020	0.0000	0.0000	0.0000	0.9980	0.0000	0.0000	0.0000	0.0000	0.0000
0.0000	0.0000	0.0046	0.0000	0.0000	0.0000	0.9953	0.0000	0.0000	0.0000	0.0000	0.0000
0.0000	0.0000	0.0000	0.0000	0.0000	0.0000	0.0000	0.0000	1.0000	0.0000	0.0000	0.0000
0.0000	0.0000	0.0000	0.0000	0.0000	0.0000	1.0000	0.0000	0.0000	0.0000	0.0000	0.0000
0.0000	0.0000	0.0000	0.0000	0.0000	0.0000	0.0000	0.0000	1.0000	0.0000	0.0000	0.0000
0.0000	0.0000	0.5865	0.0000	0.0000	0.0000	0.4135	0.0000	0.0000	0.0000	0.0000	0.0000
0.0000	0.0000	0.9207	0.0000	0.0000	0.0000	0.0793	0.0000	0.0000	0.0000	0.0000	0.0000
0.0000	0.0000	0.0000	0.0000	0.0000	0.0000	1.0000	0.0000	0.0000	0.0000	0.0000	0.0000
0.0000	0.0000	0.0001	0.0000	0.0000	0.0000	0.9999	0.0000	0.0000	0.0000	0.0000	0.0000
0.0000	0.0000	0.0000	0.0000	0.0000	0.0000	0.0000	0.0000	1.0000	0.0000	0.0000	0.0000
0.0000	0.0000	0.0002	0.0000	0.0000	0.0000	0.9998	0.0000	0.0000	0.0000	0.0000	0.0000
0.0000	0.0000	0.0000	0.0000	0.0000	0.0000	1.0000	0.0000	0.0000	0.0000	0.0000	0.0000
