0.0002	0.0017	0.0002	0.0000	0.0000	0.0010	0.1209	0.8206	0.0000	0.0005	0.0000	0.0548
0.0000	0.0000	0.0000	0.0000	0.0000	0.0000	0.4919	0.3259	0.0000	0.0008	0.0000	0.1813
0.0230	0.0000	0.0000	0.0000	0.0000	0.0000	0.0000	0.0000	0.0000	0.9675	0.0005	0.0090
0.0000	0.5944	0.0053	0.3822	0.0106	0.0000	0.0072	0.0002	0.0000	0.0000	0.0000	0.0002
0.0000	0.0000	0.0001	0.0001	0.0000	0.0000	0.9989	0.0000	0.0008	0.0000	0.0000	0.0000
0.0000	0.0000	0.0000	0.0000	0.0000	0.0001	0.1598	0.3180	0.0000	0.0330	0.0008	0.4883
0.9969	0.0014	0.0000	0.0000	0.0000	0.0001	0.0000	0.0007	0.0000	0.0008	0.0000	0.0000
0.9962	0.0000	0.0000	0.0000	0.0000	0.0001	0.0000	0.0000	0.0023	0.0014	0.0000	0.0000
0.0014	0.0000	0.0000	0.0000	0.0000	0.0000	0.0548	0.0806	0.0000	0.3195	0.0280	0.5156
0.0014	0.0000	0.0006	0.0000	0.0000	0.0004	0.1588	0.3649	0.0000	0.0326	0.0183	0.4230
0.0703	0.0000	0.0000	0.0000	0.0000	0.0000	0.0000	0.0001	0.0000	0.9295	0.0000	0.0001
0.0020	0.0000	0.0000	0.0000	0.0000	0.0000	0.0000	0.0000	0.0034	0.0039	0.6945	0.2962
0.0086	0.3510	0.2766	0.0000	0.0000	0.3437	0.0040	0.0136	0.0000	0.0001	0.0002	0.0023
0.0000	0.0000	0.0123	0.0000	0.0000	0.0002	0.2166	0.6389	0.0000	0.0103	0.0010	0.1206
0.0000	0.0000	0.0000	0.0000	0.0000	0.0000	0.0000	0.0000	0.9944	0.0056	0.0000	0.0000
0.0008	0.0000	0.0000	0.0000	0.0000	0.0025	0.4966	0.0610	0.0000	0.1055	0.0000	0.3336
0.0000	0.0000	0.0000	0.0000	1.0000	0.0000	0.0000	0.0000	0.0000	0.0000	0.0000	0.0000
0.0000	0.5016	0.4932	0.0000	0.0000	0.0046	0.0003	0.0001	0.0000	0.0000	0.0000	0.0002
0.2029	0.0193	0.4030	0.0000	0.0000	0.2314	0.0736	0.0305	0.0000	0.0067	0.0003	0.0324
0.0008	0.0015	0.1018	0.0000	0.0000	0.1168	0.3185	0.4432	0.0000	0.0000	0.0000	0.0174
0.1615	0.0000	0.0000	0.0000	0.0000	0.0000	0.0000	0.0000	0.8287	0.0002	0.0096	0.0001
0.0000	0.0000	0.0000	0.0000	0.0000	0.0000	0.0009	0.0001	0.0000	0.2761	0.0005	0.7224
0.0301	0.0000	0.0000	0.0000	0.0000	0.0073	0.0000	0.0000	0.9360	0.0266	0.0000	0.0000
0.0021	0.0000	0.0004	0.0000	0.0000	0.0007	0.2596	0.5127	0.0000	0.0059	0.0148	0.2038
0.0000	0.0000	0.0000	0.0000	0.0000	0.0000	0.0000	0.0001	0.0000	0.8098	0.0096	0.1803
0.0001	0.0000	0.0053	0.0000	0.0000	0.0009	0.0823	0.1985	0.0000	0.1161	0.0036	0.5931
0.0007	0.0000	0.0763	0.0000	0.0000	0.0334	0.1338	0.6830	0.0000	0.0029	0.0011	0.0688
0.0003	0.1723	0.0097	0.0006	0.0000	0.0034	0.4181	0.3079	0.0000	0.0017	0.0000	0.0860
0.0008	0.0165	0.9005	0.0001	0.0000	0.0757	0.0006	0.0010	0.0000	0.0023	0.0000	0.0025
0.0000	0.0000	0.0000	0.0010	0.0000	0.0000	0.0129	0.5175	0.0000	0.0011	0.0000	0.4676
0.9808	0.0000	0.0000	0.0000	0.0000	0.0000	0.0000	0.0000	0.0191	0.0000	0.0001	0.0000
0.1058	0.0000	0.0000	0.0000	0.0000	0.0385	0.0806	0.0170	0.0000	0.0540	0.1067	0.5974
0.0009	0.2971	0.4925	0.0000	0.0000	0.1981	0.0031	0.0076	0.0000	0.0000	0.0002	0.0006
0.0000	0.0000	0.0000	0.0000	0.0000	0.0000	0.0200	0.0000	0.9785	0.0010	0.0000	0.0005
0.0012	0.0005	0.0010	0.0000	0.0000	0.0040	0.3541	0.4723	0.0000	0.0034	0.0000	0.1635
0.0000	0.0000	0.0000	0.0000	0.0000	0.0001	0.3009	0.6937	0.0000	0.0000	0.0005	0.0046
0.0000	0.0000	0.0000	0.0000	0.0000	0.0000	0.0003	0.0000	0.0000	0.9219	0.0709	0.0068
0.0044	0.0000	0.0007	0.0000	0.0000	0.9874	0.0019	0.0040	0.0000	0.0004	0.0000	0.0011
0.8994	0.0000	0.0000	0.1003	0.0000	0.0000	0.0000	0.0000	0.0000	0.0002	0.0000	0.0000
0.0001	0.0000	0.0002	0.0045	0.0000	0.0247	0.0381	0.6663	0.0000	0.0493	0.0013	0.2155
0.0000	0.0000	0.0000	0.0025	0.0000	0.0000	0.0000	0.0000	0.9974	0.0001	0.0000	0.0000
0.0000	0.0000	0.0000	0.0000	0.0000	0.0000	0.0000	0.0000	0.0000	0.0000	1.0000	0.0000
0.0065	0.0000	0.3980	0.0000	0.0000	0.0176	0.0000	0.0012	0.0027	0.4672	0.0005	0.1063
0.0000	0.0000	0.4362	0.0000	0.0000	0.0001	0.0012	0.0028	0.0011	0.0103	0.0000	0.5483
0.0091	0.0000	0.0255	0.0000	0.0000	0.0023	0.0370	0.7902	0.0000	0.0589	0.0134	0.0635
0.0081	0.0000	0.0000	0.0000	0.0000	0.0001	0.1554	0.4603	0.0000	0.1101	0.0002	0.2659
0.0025	0.0000	0.0000	0.0000	0.0000	0.0037	0.0302	0.4726	0.0000	0.3653	0.0017	0.1239
0.0293	0.1661	0.3623	0.0000	0.0000	0.1603	0.0234	0.2383	0.0000	0.0007	0.0002	0.0194
0.0255	0.0004	0.1250	0.0000	0.0000	0.8074	0.0046	0.0177	0.0000	0.0039	0.0000	0.0155
0.0009	0.0000	0.0066	0.0000	0.0000	0.0099	0.0862	0.7205	0.0000	0.0143	0.0001	0.1616
0.9989	0.0000	0.0000	0.0000	0.0000	0.0000	0.0000	0.0000	0.0004	0.0007	0.0000	0.0000
0.0000	0.0000	0.0000	0.0000	0.0000	0.0002	0.0131	0.8215	0.0000	0.0446	0.0059	0.1146
0.2158	0.0000	0.0000	0.0000	0.0000	0.0000	0.0000	0.0000	0.7816	0.0000	0.0025	0.0000
0.0002	0.0000	0.0000	0.0000	0.0000	0.0000	0.0000	0.0000	0.0000	0.9824	0.0037	0.0136
0.0021	0.3907	0.3905	0.0000	0.0000	0.2028	0.0028	0.0102	0.0000	0.0000	0.0002	0.0007
0.0003	0.0000	0.0099	0.0000	0.0000	0.9862	0.0016	0.0004	0.0000	0.0001	0.0008	0.0008
0.0000	0.0000	0.0040	0.0000	0.0000	0.0000	0.6837	0.3077	0.0000	0.0001	0.0000	0.0046
0.0000	0.0000	0.0000	0.0000	0.0000	0.0011	0.0000	0.0000	0.9896	0.0092	0.0000	0.0000
0.0298	0.0001	0.0000	0.0000	0.0000	0.0000	0.3612	0.0195	0.0035	0.0301	0.0000	0.5558
0.0006	0.0000	0.0000	0.0000	0.0000	0.0000	0.3941	0.0035	0.0000	0.3663	0.0000	0.2355
0.0092	0.0000	0.0000	0.0000	0.0000	0.0006	0.0000	0.0000	0.8248	0.1654	0.0000	0.0000
0.0584	0.0000	0.0000	0.0000	0.0000	0.0182	0.0000	0.0000	0.7321	0.1913	0.0000	0.0000
0.0000	0.0000	0.0000	1.0000	0.0000	0.0000	0.0000	0.0000	0.0000	0.0000	0.0000	0.0000
0.0023	0.0000	0.2366	0.0000	0.0000	0.4373	0.0935	0.1076	0.0000	0.0040	0.0016	0.1171
0.0000	0.0000	0.0000	0.0000	0.0000	0.0000	0.0043	0.0004	0.0001	0.0193	0.0001	0.9759
0.0083	0.0000	0.0000	0.0006	0.0000	0.9598	0.0014	0.0038	0.0000	0.0205	0.0008	0.0048
0.0017	0.0000	0.0004	0.0000	0.0000	0.0027	0.0824	0.0762	0.0000	0.0485	0.0016	0.7865
0.0000	0.0128	0.0011	0.0000	0.0000	0.0002	0.3547	0.4506	0.0000	0.0000	0.0000	0.1806
0.0000	0.0000	0.0001	0.0002	0.0000	0.0000	0.0180	0.0003	0.0018	0.0031	0.0000	0.9765
0.0571	0.3624	0.3710	0.0000	0.0000	0.0418	0.0846	0.0201	0.0000	0.0017	0.0000	0.0613
0.0000	0.0002	0.0009	0.0001	0.0000	0.0008	0.2043	0.7041	0.0000	0.0001	0.0000	0.0896
0.0000	0.0000	0.0000	0.0000	0.1050	0.0000	0.0091	0.0000	0.5043	0.3803	0.0009	0.0004
0.0000	0.0000	0.0000	0.0000	0.0000	0.0000	0.0000	0.0000	0.0003	0.9424	0.0285	0.0288
0.0000	0.0000	0.0000	0.0000	0.0000	0.0000	0.0015	0.0213	0.0005	0.7265	0.2473	0.0030
0.0000	0.1769	0.5280	0.0000	0.0000	0.0079	0.0223	0.2089	0.0000	0.0000	0.0000	0.0560
0.0000	0.0000	0.0000	0.0000	0.0000	0.0000	0.0001	0.9996	0.0000	0.0000	0.0000	0.0003
0.0000	0.0000	0.0000	0.0000	0.0000	0.0000	0.0002	0.0230	0.0000	0.0000	0.0000	0.9767
0.0000	0.0000	0.0000	0.7828	0.0000	0.0000	0.0000	0.0000	0.0036	0.2125	0.0004	0.0008
0.0000	0.0000	0.0000	0.0000	0.0000	0.0000	0.0000	0.0000	0.9999	0.0001	0.0000	0.0000
0.0000	0.0000	0.0000	0.0000	0.0000	0.0000	0.0179	0.0000	0.0000	0.1841	0.0000	0.7981
0.0000	0.0005	0.0031	0.0000	0.0000	0.0001	0.8229	0.0916	0.0000	0.0000	0.0000	0.0817
0.0000	0.0000	0.0000	0.0000	0.0000	0.0000	0.0000	0.0000	0.0000	0.0000	0.0000	1.0000
0.0062	0.0004	0.9510	0.0001	0.0000	0.0404	0.0000	0.0000	0.0010	0.0003	0.0000	0.0005
0.0000	0.0000	0.0006	0.0000	0.0000	0.0000	0.0000	0.0000	0.0000	0.0000	0.0000	0.9994
0.0000	0.0000	0.0025	0.0000	0.0000	0.0000	0.0000	0.0000	0.0000	0.0213	0.0000	0.9763
0.0000	0.0000	0.9865	0.0000	0.0000	0.0000	0.0000	0.0000	0.0000	0.0000	0.0000	0.0135
0.0000	0.0000	0.9039	0.0000	0.0000	0.0000	0.0000	0.0000	0.0000	0.0000	0.0000	0.0961
0.0000	0.0000	0.0000	0.0000	0.0000	0.0000	0.0000	0.0000	0.0000	0.0000	0.0000	1.0000
0.0032	0.0000	0.9726	0.0000	0.0000	0.0000	0.0000	0.0000	0.0000	0.0000	0.0000	0.0241
0.0000	0.0000	0.0015	0.0000	0.0000	0.0000	0.0000	0.0000	0.0000	0.0000	0.0000	0.9985
0.0000	0.0000	0.0165	0.0000	0.0000	0.0000	0.0000	0.0000	0.0025	0.0000	0.0000	0.9810
0.0037	0.0004	0.9869	0.0000	0.0000	0.0066	0.0000	0.0000	0.0011	0.0003	0.0000	0.0011
0.0000	0.0000	0.0000	0.0000	0.0000	0.0000	0.0000	0.0000	0.0000	0.0000	0.0000	0.9999
0.0000	0.0000	0.0000	0.0000	0.0000	0.0000	0.0000	0.0000	0.0000	0.0000	0.0000	1.0000
0.0000	0.0000	0.0981	0.0000	0.0000	0.0000	0.0023	0.0092	0.0000	0.0002	0.0000	0.8901
0.0000	0.0000	0.0000	0.0000	0.0000	0.0000	0.0000	0.0000	0.0000	0.0000	0.0000	1.0000
0.0000	0.0000	0.0000	0.0000	0.0000	0.0000	0.0000	0.0000	0.0000	0.0000	0.0000	1.0000
0.0000	0.0000	0.0001	0.0000	0.0000	0.0000	0.0000	0.0000	0.0000	0.0000	0.0000	0.9999
0.0019	0.0000	0.9214	0.0000	0.0000	0.0000	0.0000	0.0000	0.0002	0.0000	0.0000	0.0764
0.0000	0.0000	0.0009	0.0000	0.0000	0.0000	0.0000	0.0000	0.0000	0.0000	0.0000	0.9991
0.0000	0.0000	0.9932	0.0000	0.0000	0.0000	0.0000	0.0000	0.0000	0.0000	0.0000	0.0066
0.0000	0.0000	0.0000	0.0000	0.0000	0.0000	0.0000	0.0000	1.0000	0.0000	0.0000	0.0000
0.0000	0.0000	0.8646	0.0003	0.0000	0.0000	0.1339	0.0000	0.0012	0.0000	0.0000	0.0000
0.0000	0.0000	0.0000	0.0000	0.0000	0.0000	0.9958	0.0000	0.0042	0.0000	0.0000	0.0000
0.0000	0.0000	0.0000	0.0000	0.0000	0.0000	0.0000	0.0000	1.0000	0.0000	0.0000	0.0000
0.0000	0.0000	0.0000	0.0000	0.0000	0.0000	0.0000	0.0000	1.0000	0.0000	0.0000	0.0000
0.0000	0.0000	0.9891	0.0007	0.0000	0.0000	0.0100	0.0000	0.0002	0.0000	0.0000	0.0000
0.0000	0.0000	0.0001	0.0000	0.0000	0.0000	0.9998	0.0000	0.0000	0.0000	0.0000	0.0000
0.0000	0.0000	0.0065	0.0000	0.0000	0.0000	0.9916	0.0000	0.0019	0.0000	0.0000	0.0000
0.0000	0.0000	0.0000	0.0000	0.0000	0.0000	0.0000	0.0000	1.0000	0.0000	0.0000	0.0000
0.0000	0.0000	0.7707	0.0000	0.0000	0.0000	0.2268	0.0000	0.0025	0.0000	0.0000	0.0000
0.0000	0.0000	0.0089	0.0000	0.0000	0.0000	0.9911	0.0000	0.0000	0.0000	0.0000	0.0000
0.0000	0.0000	0.0000	0.0000	0.0000	0.0000	0.0467	0.0000	0.9533	0.0000	0.0000	0.0000
0.0000	0.0000	0.0000	0.0000	0.0000	0.0000	0.1349	0.0000	0.8651	0.0000	0.0000	0.0000
0.0000	0.0000	0.1847	0.0051	0.0000	0.0000	0.7499	0.0000	0.0603	0.0000	0.0000	0.0000
0.0000	0.0000	0.0000	0.0000	0.0000	0.0000	0.9998	0.0000	0.0002	0.0000	0.0000	0.0000
0.0000	0.0000	0.0000	0.0000	0.0000	0.0000	0.0000	0.0000	1.0000	0.0000	0.0000	0.0000
0.0000	0.0000	0.0000	0.0000	0.0000	0.0000	0.0222	0.0000	0.9778	0.0000	0.0000	0.0000
0.0000	0.0000	0.0107	0.0000	0.0000	0.0000	0.9893	0.0000	0.0000	0.0000	0.0000	0.0000
0.0000	0.0000	0.0000	0.0000	0.0000	0.0000	0.0000	0.0000	1.0000	0.0000	0.0000	0.0000
0.0000	0.0000	0.0000	0.0000	0.0000	0.0000	0.0000	0.0000	1.0000	0.0000	0.0000	0.0000
0.0000	0.0000	0.1765	0.0000	0.0000	0.0000	0.8229	0.0000	0.0006	0.0000	0.0000	0.0000
0.0000	0.0000	0.0260	0.0000	0.0000	0.0000	0.9736	0.0000	0.0002	0.0000	0.0000	0.0001
0.0000	0.0000	0.0000	0.0000	0.0000	0.0000	0.0000	0.0000	1.0000	0.0000	0.0000	0.0000
0.0000	0.0000	0.0000	0.0000	0.0000	0.0000	1.0000	0.0000	0.0000	0.0000	0.0000	0.0000
0.0000	0.0000	0.0000	0.0000	0.0000	0.0000	0.0000	0.0000	1.0000	0.0000	0.0000	0.0000
0.0000	0.0000	0.3617	0.0000	0.0000	0.0000	0.6381	0.0000	0.0002	0.0000	0.0000	0.0000
0.0000	0.0000	0.8764	0.0006	0.0000	0.0000	0.1162	0.0000	0.0068	0.0000	0.0000	0.0000
0.0000	0.0000	0.0000	0.0000	0.0000	0.0000	1.0000	0.0000	0.0000	0.0000	0.0000	0.0000
0.0000	0.0000	0.0001	0.0000	0.0000	0.0000	0.9999	0.0000	0.0000	0.0000	0.0000	0.0000
0.0000	0.0000	0.0000	0.0000	0.0000	0.0000	0.0005	0.0000	0.9995	0.0000	0.0000	0.0000
0.0000	0.0000	0.0018	0.0003	0.0000	0.0000	0.9775	0.0000	0.0204	0.0000	0.0000	0.0000
0.0000	0.0000	0.0000	0.0000	0.0000	0.0000	0.9947	0.0000	0.0053	0.0000	0.0000	0.0000
