0.0000	0.0000	0.0000	0.0000	0.0000	0.0000	0.6640	0.3310	0.0000	0.0000	0.0000	0.0050
0.0000	0.0000	0.0000	0.0000	0.0000	0.0000	0.9807	0.0011	0.0000	0.0000	0.0009	0.0174
0.0006	0.0000	0.0000	0.0000	0.0000	0.0000	0.0000	0.0000	0.0000	0.9993	0.0000	0.0000
0.0000	1.0000	0.0000	0.0000	0.0000	0.0000	0.0000	0.0000	0.0000	0.0000	0.0000	0.0000
0.0000	0.0000	0.0004	0.0000	0.0000	0.0000	0.9996	0.0000	0.0000	0.0000	0.0000	0.0000
0.0000	0.0000	0.0000	0.0000	0.0000	0.0000	0.4372	0.0546	0.0000	0.0045	0.0057	0.4979
1.0000	0.0000	0.0000	0.0000	0.0000	0.0000	0.0000	0.0000	0.0000	0.0000	0.0000	0.0000
1.0000	0.0000	0.0000	0.0000	0.0000	0.0000	0.0000	0.0000	0.0000	0.0000	0.0000	0.0000
0.0000	0.0000	0.0000	0.0000	0.0000	0.0000	0.5325	0.0038	0.0000	0.0291	0.0025	0.4321
0.0000	0.0000	0.0000	0.0000	0.0000	0.0000	0.9801	0.0032	0.0000	0.0003	0.0001	0.0163
0.0000	0.0000	0.0000	0.0000	0.0000	0.0000	0.0000	0.0000	0.0000	1.0000	0.0000	0.0000
0.0000	0.0000	0.0000	0.0000	0.0000	0.0000	0.0000	0.0000	0.0000	0.0000	0.9098	0.0901
0.0000	0.0279	0.9521	0.0000	0.0000	0.0171	0.0014	0.0015	0.0000	0.0000	0.0000	0.0000
0.0000	0.0000	0.0000	0.0000	0.0000	0.0000	0.9772	0.0042	0.0000	0.0000	0.0000	0.0186
0.0000	0.0000	0.0000	0.0000	0.0000	0.0000	0.0000	0.0000	1.0000	0.0000	0.0000	0.0000
0.0001	0.0000	0.0000	0.0000	0.0000	0.0004	0.8855	0.0602	0.0000	0.0014	0.0000	0.0525
0.0000	0.0000	0.0000	0.0000	0.9998	0.0000	0.0000	0.0000	0.0000	0.0002	0.0000	0.0000
0.0000	0.6521	0.3478	0.0000	0.0000	0.0000	0.0000	0.0000	0.0000	0.0000	0.0000	0.0000
0.0004	0.0005	0.9262	0.0000	0.0000	0.0459	0.0248	0.0019	0.0000	0.0000	0.0000	0.0003
0.0005	0.0000	0.0193	0.0000	0.0000	0.0125	0.8594	0.1058	0.0000	0.0000	0.0000	0.0025
0.0624	0.0000	0.0000	0.0000	0.0000	0.0000	0.0000	0.0000	0.9372	0.0000	0.0003	0.0000
0.0000	0.0000	0.0000	0.0000	0.0000	0.0000	0.0001	0.0000	0.0000	0.1934	0.0000	0.8065
0.0001	0.0000	0.0000	0.0000	0.0000	0.0000	0.0000	0.0000	0.9997	0.0002	0.0000	0.0000
0.0000	0.0000	0.0001	0.0000	0.0000	0.0000	0.4690	0.3717	0.0000	0.0109	0.0193	0.1289
0.0000	0.0000	0.0000	0.0000	0.0000	0.0000	0.0000	0.0000	0.0000	0.9934	0.0000	0.0065
0.0000	0.0000	0.0003	0.0000	0.0000	0.0000	0.0398	0.2747	0.0000	0.0794	0.0002	0.6055
0.0000	0.0000	0.0210	0.0000	0.0000	0.0001	0.0506	0.9150	0.0000	0.0001	0.0001	0.0132
0.0000	0.0093	0.0064	0.0000	0.0000	0.0000	0.9768	0.0034	0.0000	0.0000	0.0000	0.0040
0.0000	0.0001	0.9902	0.0000	0.0000	0.0097	0.0000	0.0000	0.0000	0.0000	0.0000	0.0000
0.0000	0.0000	0.0000	0.0000	0.0000	0.0000	0.0006	0.9841	0.0000	0.0000	0.0000	0.0153
0.9999	0.0000	0.0000	0.0000	0.0000	0.0000	0.0000	0.0000	0.0000	0.0000	0.0000	0.0000
0.0001	0.0000	0.0000	0.0000	0.0000	0.0000	0.0616	0.0000	0.0000	0.0067	0.3681	0.5635
0.0000	0.0303	0.9453	0.0000	0.0000	0.0210	0.0013	0.0021	0.0000	0.0000	0.0000	0.0000
0.0000	0.0000	0.0000	0.0612	0.0071	0.0000	0.0000	0.0000	0.0000	0.9317	0.0000	0.0000
0.0000	0.0000	0.0001	0.0000	0.0000	0.0000	0.9586	0.0155	0.0000	0.0001	0.0001	0.0256
0.0000	0.0000	0.0000	0.0000	0.0000	0.0000	0.9541	0.0449	0.0000	0.0000	0.0006	0.0003
0.0000	0.0000	0.0000	0.0000	0.0000	0.0000	0.0000	0.0000	0.0000	0.0002	0.9998	0.0000
0.0000	0.0000	0.0000	0.0000	0.0000	0.9984	0.0012	0.0001	0.0000	0.0003	0.0000	0.0001
1.0000	0.0000	0.0000	0.0000	0.0000	0.0000	0.0000	0.0000	0.0000	0.0000	0.0000	0.0000
0.0000	0.0000	0.0001	0.0097	0.0000	0.0028	0.0728	0.7093	0.0000	0.0002	0.0000	0.2050
0.0000	0.0000	0.0000	0.0000	0.0000	0.0000	0.0000	0.0000	1.0000	0.0000	0.0000	0.0000
0.0000	0.0000	0.0000	0.0000	0.0000	0.0000	0.0000	0.0000	0.0000	0.0000	1.0000	0.0000
0.0000	0.0000	0.9960	0.0000	0.0000	0.0000	0.0000	0.0000	0.0000	0.0003	0.0001	0.0037
0.0000	0.0000	0.8015	0.0000	0.0000	0.0000	0.0002	0.0003	0.0000	0.0000	0.0000	0.1980
0.0002	0.0000	0.0096	0.0000	0.0000	0.0000	0.0444	0.8195	0.0000	0.0072	0.0032	0.1158
0.0178	0.0000	0.0000	0.0000	0.0000	0.0000	0.2871	0.0791	0.0000	0.2212	0.0005	0.3943
0.0017	0.0000	0.0000	0.0000	0.0000	0.0000	0.0166	0.1185	0.0000	0.8418	0.0005	0.0209
0.0001	0.0065	0.9022	0.0000	0.0000	0.0068	0.0265	0.0535	0.0000	0.0001	0.0000	0.0044
0.0075	0.0000	0.3493	0.0000	0.0000	0.1798	0.0235	0.2729	0.0000	0.0220	0.0002	0.1448
0.0000	0.0000	0.0058	0.0000	0.0000	0.0000	0.4643	0.2793	0.0000	0.0049	0.0001	0.2454
0.9999	0.0000	0.0000	0.0000	0.0000	0.0000	0.0000	0.0000	0.0001	0.0000	0.0000	0.0000
0.0000	0.0000	0.0000	0.0000	0.0000	0.0000	0.0000	0.9245	0.0000	0.0717	0.0037	0.0001
0.1715	0.0000	0.0000	0.0000	0.0000	0.0000	0.0000	0.0000	0.8279	0.0000	0.0006	0.0000
0.0000	0.0000	0.0000	0.0000	0.0000	0.0000	0.0000	0.0000	0.0000	0.9992	0.0005	0.0004
0.0000	0.0456	0.9407	0.0000	0.0000	0.0089	0.0016	0.0033	0.0000	0.0000	0.0000	0.0000
0.0000	0.0000	0.0019	0.0001	0.0000	0.9938	0.0039	0.0000	0.0000	0.0000	0.0001	0.0001
0.0000	0.0000	0.0000	0.0000	0.0000	0.0000	0.9433	0.0484	0.0000	0.0016	0.0059	0.0009
0.0000	0.0000	0.0000	0.0000	0.0000	0.0000	0.0000	0.0000	1.0000	0.0000	0.0000	0.0000
0.0029	0.0000	0.0000	0.0000	0.0000	0.0000	0.8487	0.0153	0.0000	0.0023	0.0000	0.1308
0.0000	0.0000	0.0000	0.0000	0.0000	0.0000	0.0575	0.0000	0.0000	0.9300	0.0000	0.0125
0.0000	0.0000	0.0000	0.0000	0.0000	0.0000	0.0000	0.0000	0.9981	0.0019	0.0000	0.0000
0.0006	0.0000	0.0000	0.0000	0.0000	0.0000	0.0000	0.0000	0.9977	0.0017	0.0000	0.0000
0.0000	0.0000	0.0000	1.0000	0.0000	0.0000	0.0000	0.0000	0.0000	0.0000	0.0000	0.0000
0.0000	0.0000	0.5417	0.0000	0.0000	0.0073	0.3425	0.0782	0.0000	0.0011	0.0002	0.0289
0.0000	0.0000	0.0000	0.0000	0.0000	0.0000	0.0010	0.0000	0.0000	0.1609	0.0000	0.8381
0.0001	0.0000	0.0000	0.0000	0.0000	0.9826	0.0001	0.0014	0.0000	0.0158	0.0000	0.0000
0.0000	0.0000	0.0003	0.0000	0.0000	0.0000	0.5258	0.0144	0.0000	0.0149	0.0000	0.4446
0.0000	0.0000	0.0000	0.0000	0.0000	0.0000	0.9450	0.0507	0.0000	0.0000	0.0000	0.0043
0.0000	0.0000	0.0000	0.0000	0.0000	0.0000	0.1576	0.0000	0.0009	0.0003	0.0000	0.8412
0.0364	0.0649	0.7455	0.0000	0.0000	0.0006	0.0921	0.0003	0.0000	0.0003	0.0000	0.0598
0.0000	0.0000	0.0000	0.0000	0.0000	0.0001	0.8170	0.1382	0.0000	0.0000	0.0000	0.0448
0.0000	0.0000	0.0000	0.0000	0.1372	0.0000	0.0000	0.0000	0.0000	0.8628	0.0000	0.0000
0.0000	0.0000	0.0000	0.0000	0.0000	0.0000	0.0000	0.0000	0.0000	0.0002	0.9982	0.0016
0.0000	0.0000	0.0000	0.0000	0.0000	0.0000	0.0000	0.0001	0.0000	0.0001	0.9998	0.0000
0.0000	0.0025	0.3758	0.0000	0.0000	0.0000	0.0262	0.5453	0.0000	0.0000	0.0000	0.0502
0.0000	0.0000	0.0000	0.0000	0.0000	0.0000	0.0000	1.0000	0.0000	0.0000	0.0000	0.0000
0.0000	0.0000	0.0000	0.0000	0.0000	0.0000	0.0000	0.1274	0.0000	0.0000	0.0000	0.8726
0.0000	0.0000	0.0000	0.0149	0.0000	0.0000	0.0000	0.0000	0.0000	0.9839	0.0012	0.0000
0.0000	0.0000	0.0000	0.0000	0.0000	0.0000	0.0000	0.0000	1.0000	0.0000	0.0000	0.0000
0.0148	0.0000	0.0000	0.0000	0.0000	0.0000	0.0042	0.0003	0.0000	0.9790	0.0000	0.0017
0.0000	0.0000	0.0001	0.0000	0.0000	0.0000	0.9845	0.0074	0.0000	0.0000	0.0000	0.0081
0.0000	0.0000	0.0000	0.0000	0.0000	0.0000	0.0000	0.0000	0.0000	0.0000	0.0000	1.0000
0.0004	0.0001	0.9656	0.0000	0.0000	0.0228	0.0000	0.0000	0.0111	0.0000	0.0000	0.0000
0.0000	0.0000	0.0000	0.0000	0.0000	0.0000	0.0000	0.0000	0.0000	0.0000	0.0000	1.0000
0.0000	0.0000	0.0000	0.0000	0.0000	0.0000	0.0000	0.0000	0.0000	0.0216	0.0000	0.9783
0.0000	0.0000	0.9433	0.0000	0.0000	0.0000	0.0000	0.0000	0.0000	0.0001	0.0000	0.0566
0.0000	0.0000	0.1170	0.0000	0.0000	0.0000	0.0000	0.0000	0.0000	0.0008	0.0000	0.8822
0.0000	0.0000	0.0000	0.0000	0.0000	0.0000	0.0000	0.0000	0.0000	0.0000	0.0000	1.0000
0.0000	0.0000	0.9966	0.0000	0.0000	0.0002	0.0000	0.0000	0.0000	0.0000	0.0000	0.0032
0.0000	0.0000	0.0000	0.0000	0.0000	0.0000	0.0000	0.0000	0.0000	0.0000	0.0000	1.0000
0.0000	0.0000	0.0000	0.0000	0.0000	0.0000	0.0000	0.0000	0.0003	0.0000	0.0000	0.9997
0.0002	0.0002	0.9845	0.0000	0.0000	0.0059	0.0000	0.0000	0.0092	0.0000	0.0000	0.0001
0.0000	0.0000	0.0000	0.0000	0.0000	0.0000	0.0002	0.0000	0.0000	0.0002	0.0000	0.9996
0.0000	0.0000	0.0000	0.0000	0.0000	0.0000	0.0002	0.0000	0.0000	0.0000	0.0000	0.9998
0.0000	0.0000	0.0005	0.0000	0.0000	0.0000	0.0141	0.3491	0.0000	0.0176	0.0000	0.6187
0.0000	0.0000	0.0000	0.0000	0.0000	0.0000	0.0000	0.0000	0.0000	0.0000	0.0000	1.0000
0.0000	0.0000	0.0000	0.0000	0.0000	0.0000	0.0000	0.0000	0.0000	0.0000	0.0000	1.0000
0.0000	0.0000	0.0000	0.0000	0.0000	0.0000	0.0000	0.0000	0.0000	0.0000	0.0000	1.0000
0.0000	0.0000	0.9945	0.0000	0.0000	0.0000	0.0000	0.0000	0.0000	0.0000	0.0000	0.0054
0.0000	0.0000	0.0000	0.0000	0.0000	0.0000	0.0000	0.0000	0.0000	0.0000	0.0000	1.0000
0.0000	0.0000	0.9818	0.0000	0.0000	0.0003	0.0000	0.0000	0.0107	0.0000	0.0000	0.0071
0.0000	0.0000	0.0000	0.0000	0.0000	0.0000	0.0000	0.0000	1.0000	0.0000	0.0000	0.0000
0.0000	0.0000	0.9759	0.0000	0.0000	0.0000	0.0241	0.0000	0.0000	0.0000	0.0000	0.0000
0.0000	0.0000	0.0000	0.0000	0.0000	0.0000	1.0000	0.0000	0.0000	0.0000	0.0000	0.0000
0.0000	0.0000	0.0000	0.0000	0.0000	0.0000	0.0000	0.0000	1.0000	0.0000	0.0000	0.0000
0.0000	0.0000	0.0000	0.0000	0.0000	0.0000	0.0000	0.0000	1.0000	0.0000	0.0000	0.0000
0.0000	0.0000	0.9978	0.0000	0.0000	0.0000	0.0022	0.0000	0.0000	0.0000	0.0000	0.0000
0.0000	0.0000	0.0004	0.0000	0.0000	0.0000	0.9996	0.0000	0.0000	0.0000	0.0000	0.0000
0.0000	0.0000	0.0002	0.0000	0.0000	0.0000	0.9998	0.0000	0.0000	0.0000	0.0000	0.0000
0.0000	0.0000	0.0000	0.0000	0.0000	0.0000	0.0000	0.0000	1.0000	0.0000	0.0000	0.0000
0.0000	0.0000	0.9804	0.0000	0.0000	0.0000	0.0195	0.0000	0.0001	0.0000	0.0000	0.0000
0.0000	0.0000	0.0137	0.0000	0.0000	0.0000	0.9863	0.0000	0.0000	0.0000	0.0000	0.0000
0.0000	0.0000	0.0000	0.0000	0.0000	0.0000	0.0790	0.0000	0.9210	0.0000	0.0000	0.0000
0.0000	0.0000	0.0000	0.0000	0.0000	0.0000	0.5127	0.0000	0.4873	0.0000	0.0000	0.0000
0.0000	0.0000	0.7187	0.0001	0.0000	0.0000	0.2798	0.0000	0.0015	0.0000	0.0000	0.0000
0.0000	0.0000	0.0000	0.0000	0.0000	0.0000	1.0000	0.0000	0.0000	0.0000	0.0000	0.0000
0.0000	0.0000	0.0000	0.0000	0.0000	0.0000	0.0000	0.0000	1.0000	0.0000	0.0000	0.0000
0.0000	0.0000	0.0000	0.0000	0.0000	0.0000	0.0000	0.0000	1.0000	0.0000	0.0000	0.0000
0.0000	0.0000	0.9093	0.0000	0.0000	0.0000	0.0907	0.0000	0.0000	0.0000	0.0000	0.0000
0.0000	0.0000	0.0000	0.0000	0.0000	0.0000	0.0000	0.0000	1.0000	0.0000	0.0000	0.0000
0.0000	0.0000	0.0000	0.0000	0.0000	0.0000	0.0000	0.0000	1.0000	0.0000	0.0000	0.0000
0.0000	0.0000	0.0002	0.0000	0.0000	0.0000	0.9998	0.0000	0.0000	0.0000	0.0000	0.0000
0.0000	0.0000	0.0001	0.0000	0.0000	0.0000	0.9998	0.0000	0.0000	0.0000	0.0000	0.0001
0.0000	0.0000	0.0000	0.0000	0.0000	0.0000	0.0000	0.0000	1.0000	0.0000	0.0000	0.0000
0.0000	0.0000	0.0000	0.0000	0.0000	0.0000	1.0000	0.0000	0.0000	0.0000	0.0000	0.0000
0.0000	0.0000	0.0000	0.0000	0.0000	0.0000	0.0000	0.0000	1.0000	0.0000	0.0000	0.0000
0.0000	0.0000	0.6732	0.0000	0.0000	0.0000	0.3268	0.0000	0.0000	0.0000	0.0000	0.0000
0.0000	0.0000	0.9824	0.0000	0.0000	0.0000	0.0176	0.0000	0.0000	0.0000	0.0000	0.0000
0.0000	0.0000	0.0000	0.0000	0.0000	0.0000	1.0000	0.0000	0.0000	0.0000	0.0000	0.0000
0.0000	0.0000	0.0001	0.0000	0.0000	0.0000	0.9999	0.0000	0.0000	0.0000	0.0000	0.0000
0.0000	0.0000	0.0000	0.0000	0.0000	0.0000	0.0000	0.0000	1.0000	0.0000	0.0000	0.0000
0.0000	0.0000	0.0111	0.0003	0.0000	0.0000	0.9881	0.0000	0.0005	0.0000	0.0000	0.0000
0.0000	0.0000	0.0000	0.0000	0.0000	0.0000	0.9998	0.0000	0.0002	0.0000	0.0000	0.0000
