0.0000	0.0000	0.0000	0.0000	0.0000	0.0001	0.5751	0.4221	0.0000	0.0000	0.0000	0.0028
0.0000	0.0000	0.0000	0.0000	0.0000	0.0000	0.9884	0.0035	0.0000	0.0000	0.0005	0.0077
0.0000	0.0000	0.0000	0.0000	0.0000	0.0000	0.0000	0.0000	0.0000	1.0000	0.0000	0.0000
0.0000	1.0000	0.0000	0.0000	0.0000	0.0000	0.0000	0.0000	0.0000	0.0000	0.0000	0.0000
0.0000	0.0000	0.0000	0.0000	0.0000	0.0000	1.0000	0.0000	0.0000	0.0000	0.0000	0.0000
0.0000	0.0000	0.0000	0.0000	0.0000	0.0000	0.2856	0.0069	0.0000	0.0481	0.0029	0.6565
1.0000	0.0000	0.0000	0.0000	0.0000	0.0000	0.0000	0.0000	0.0000	0.0000	0.0000	0.0000
1.0000	0.0000	0.0000	0.0000	0.0000	0.0000	0.0000	0.0000	0.0000	0.0000	0.0000	0.0000
0.0000	0.0000	0.0000	0.0000	0.0000	0.0000	0.4368	0.0016	0.0000	0.1239	0.0001	0.4377
0.0000	0.0000	0.0000	0.0000	0.0000	0.0000	0.9685	0.0049	0.0000	0.0012	0.0000	0.0254
0.0000	0.0000	0.0000	0.0000	0.0000	0.0000	0.0000	0.0000	0.0000	1.0000	0.0000	0.0000
0.0000	0.0000	0.0000	0.0000	0.0000	0.0000	0.0000	0.0000	0.0000	0.0000	0.8235	0.1765
0.0000	0.0990	0.2418	0.0000	0.0000	0.6579	0.0010	0.0003	0.0000	0.0000	0.0000	0.0000
0.0000	0.0000	0.0000	0.0000	0.0000	0.0000	0.9897	0.0023	0.0000	0.0000	0.0000	0.0080
0.0000	0.0000	0.0000	0.0000	0.0000	0.0000	0.0000	0.0000	1.0000	0.0000	0.0000	0.0000
0.0002	0.0000	0.0000	0.0000	0.0000	0.0002	0.9089	0.0107	0.0000	0.0222	0.0000	0.0578
0.0000	0.0000	0.0000	0.0000	0.9990	0.0000	0.0000	0.0000	0.0000	0.0010	0.0000	0.0000
0.0000	0.9786	0.0214	0.0000	0.0000	0.0000	0.0000	0.0000	0.0000	0.0000	0.0000	0.0000
0.0001	0.0016	0.6926	0.0000	0.0000	0.2938	0.0112	0.0002	0.0000	0.0000	0.0000	0.0003
0.0000	0.0000	0.0001	0.0000	0.0000	0.5846	0.4064	0.0088	0.0000	0.0000	0.0000	0.0001
0.2182	0.0000	0.0000	0.0000	0.0000	0.0000	0.0000	0.0000	0.7818	0.0000	0.0000	0.0000
0.0000	0.0000	0.0000	0.0000	0.0000	0.0000	0.0000	0.0000	0.0000	0.0526	0.0000	0.9473
0.0000	0.0000	0.0000	0.0000	0.0000	0.0001	0.0000	0.0000	0.9993	0.0006	0.0000	0.0000
0.0000	0.0000	0.0000	0.0000	0.0000	0.0000	0.3290	0.4642	0.0000	0.0459	0.0004	0.1605
0.0000	0.0000	0.0000	0.0000	0.0000	0.0000	0.0000	0.0000	0.0000	0.9960	0.0000	0.0040
0.0000	0.0000	0.0002	0.0000	0.0000	0.0000	0.0099	0.2477	0.0000	0.2272	0.0000	0.5149
0.0000	0.0000	0.0203	0.0000	0.0000	0.0009	0.0252	0.9399	0.0000	0.0006	0.0000	0.0132
0.0000	0.7141	0.0014	0.0000	0.0000	0.0000	0.2773	0.0014	0.0000	0.0000	0.0000	0.0058
0.0000	0.0002	0.9885	0.0000	0.0000	0.0113	0.0000	0.0000	0.0000	0.0000	0.0000	0.0000
0.0000	0.0000	0.0000	0.0000	0.0000	0.0000	0.0000	1.0000	0.0000	0.0000	0.0000	0.0000
1.0000	0.0000	0.0000	0.0000	0.0000	0.0000	0.0000	0.0000	0.0000	0.0000	0.0000	0.0000
0.0000	0.0000	0.0000	0.0000	0.0000	0.0000	0.0232	0.0000	0.0000	0.0448	0.0039	0.9282
0.0000	0.3014	0.2803	0.0000	0.0000	0.4162	0.0012	0.0008	0.0000	0.0000	0.0000	0.0000
0.0000	0.0000	0.0000	0.1507	0.3961	0.0000	0.0000	0.0000	0.0000	0.4532	0.0000	0.0000
0.0000	0.0000	0.0000	0.0000	0.0000	0.0000	0.9778	0.0035	0.0000	0.0000	0.0000	0.0187
0.0000	0.0000	0.0000	0.0000	0.0000	0.0000	0.9087	0.0911	0.0000	0.0000	0.0000	0.0003
0.0000	0.0000	0.0000	0.0000	0.0000	0.0000	0.0000	0.0000	0.0000	0.0012	0.9988	0.0000
0.0000	0.0000	0.0000	0.0000	0.0000	1.0000	0.0000	0.0000	0.0000	0.0000	0.0000	0.0000
0.9995	0.0000	0.0000	0.0000	0.0000	0.0005	0.0000	0.0000	0.0000	0.0000	0.0000	0.0000
0.0000	0.0000	0.0000	0.0004	0.0000	0.0072	0.0010	0.9750	0.0000	0.0002	0.0005	0.0156
0.0000	0.0000	0.0000	0.0000	0.0000	0.0000	0.0000	0.0000	1.0000	0.0000	0.0000	0.0000
0.0000	0.0000	0.0000	0.0000	0.0000	0.0000	0.0000	0.0000	0.0000	0.0000	1.0000	0.0000
0.0000	0.0000	0.9999	0.0000	0.0000	0.0000	0.0000	0.0000	0.0000	0.0001	0.0000	0.0000
0.0000	0.0000	0.9999	0.0000	0.0000	0.0000	0.0000	0.0000	0.0000	0.0000	0.0000	0.0001
0.0022	0.0000	0.3778	0.0000	0.0000	0.0000	0.3063	0.1111	0.0000	0.1063	0.0013	0.0950
0.0009	0.0000	0.0000	0.0000	0.0000	0.0000	0.0387	0.0010	0.0000	0.8777	0.0001	0.0816
0.0003	0.0000	0.0000	0.0000	0.0000	0.0000	0.0014	0.0022	0.0000	0.9956	0.0000	0.0006
0.0000	0.0973	0.6806	0.0000	0.0000	0.1725	0.0307	0.0161	0.0000	0.0003	0.0000	0.0026
0.0000	0.0000	0.0909	0.0000	0.0000	0.8996	0.0006	0.0002	0.0000	0.0076	0.0000	0.0011
0.0000	0.0000	0.0114	0.0000	0.0000	0.0000	0.4278	0.2567	0.0000	0.0270	0.0000	0.2770
1.0000	0.0000	0.0000	0.0000	0.0000	0.0000	0.0000	0.0000	0.0000	0.0000	0.0000	0.0000
0.0000	0.0000	0.0000	0.0000	0.0000	0.0000	0.0000	0.8174	0.0000	0.1809	0.0001	0.0016
0.1517	0.0000	0.0000	0.0000	0.0000	0.0000	0.0000	0.0000	0.8483	0.0000	0.0000	0.0000
0.0000	0.0000	0.0000	0.0000	0.0000	0.0000	0.0000	0.0000	0.0000	1.0000	0.0000	0.0000
0.0000	0.2921	0.3779	0.0000	0.0000	0.3281	0.0010	0.0009	0.0000	0.0000	0.0000	0.0000
0.0000	0.0000	0.0000	0.0000	0.0000	0.9999	0.0001	0.0000	0.0000	0.0000	0.0000	0.0000
0.0000	0.0000	0.0000	0.0000	0.0000	0.0000	0.9645	0.0252	0.0000	0.0101	0.0000	0.0001
0.0000	0.0000	0.0000	0.0000	0.0000	0.0000	0.0000	0.0000	1.0000	0.0000	0.0000	0.0000
0.0042	0.0000	0.0000	0.0000	0.0000	0.0000	0.8246	0.0050	0.0000	0.0072	0.0000	0.1589
0.0000	0.0000	0.0000	0.0000	0.0000	0.0000	0.0005	0.0000	0.0000	0.9994	0.0000	0.0001
0.0000	0.0000	0.0000	0.0000	0.0000	0.0000	0.0000	0.0000	0.9768	0.0232	0.0000	0.0000
0.0001	0.0000	0.0000	0.0000	0.0000	0.0000	0.0000	0.0000	0.9781	0.0218	0.0000	0.0000
0.0000	0.0000	0.0000	1.0000	0.0000	0.0000	0.0000	0.0000	0.0000	0.0000	0.0000	0.0000
0.0000	0.0000	0.3281	0.0000	0.0000	0.1648	0.3208	0.1097	0.0000	0.0044	0.0000	0.0723
0.0000	0.0000	0.0000	0.0000	0.0000	0.0000	0.0000	0.0000	0.0000	0.1901	0.0000	0.8099
0.0000	0.0000	0.0000	0.0000	0.0000	0.9951	0.0000	0.0000	0.0000	0.0049	0.0000	0.0000
0.0000	0.0000	0.0000	0.0000	0.0000	0.0000	0.3733	0.0148	0.0000	0.0305	0.0000	0.5814
0.0000	0.0026	0.0000	0.0000	0.0000	0.0000	0.5977	0.3015	0.0000	0.0000	0.0000	0.0981
0.0000	0.0000	0.0000	0.0000	0.0000	0.0000	0.0061	0.0000	0.0000	0.0000	0.0000	0.9939
0.1480	0.1179	0.7159	0.0000	0.0000	0.0001	0.0015	0.0000	0.0000	0.0000	0.0000	0.0165
0.0000	0.0000	0.0000	0.0000	0.0000	0.0000	0.2332	0.6012	0.0000	0.0000	0.0000	0.1657
0.0000	0.0000	0.0000	0.0000	0.0873	0.0000	0.0000	0.0000	0.0000	0.9127	0.0000	0.0000
0.0000	0.0000	0.0000	0.0000	0.0000	0.0000	0.0000	0.0000	0.0000	0.0006	0.9994	0.0000
0.0000	0.0000	0.0000	0.0000	0.0000	0.0000	0.0000	0.0004	0.0000	0.0000	0.9996	0.0000
0.0000	0.0043	0.9871	0.0000	0.0000	0.0000	0.0012	0.0030	0.0000	0.0000	0.0000	0.0045
0.0000	0.0000	0.0000	0.0000	0.0000	0.0000	0.0000	1.0000	0.0000	0.0000	0.0000	0.0000
0.0000	0.0000	0.0000	0.0000	0.0000	0.0000	0.0000	0.0000	0.0000	0.0000	0.0000	1.0000
0.0000	0.0000	0.0000	0.0032	0.0000	0.0003	0.0000	0.0000	0.0000	0.9690	0.0276	0.0000
0.0000	0.0000	0.0000	0.0000	0.0000	0.0000	0.0000	0.0000	1.0000	0.0000	0.0000	0.0000
0.0025	0.0000	0.0000	0.0000	0.0000	0.0000	0.0295	0.0000	0.0000	0.9678	0.0000	0.0002
0.0000	0.0000	0.0000	0.0000	0.0000	0.0000	0.9930	0.0017	0.0000	0.0000	0.0000	0.0052
0.0000	0.0000	0.0000	0.0000	0.0000	0.0000	0.0000	0.0000	0.0000	0.0000	0.0000	1.0000
0.0001	0.0000	0.9698	0.0000	0.0000	0.0300	0.0000	0.0000	0.0000	0.0000	0.0000	0.0000
0.0000	0.0000	0.0001	0.0000	0.0000	0.0000	0.0000	0.0000	0.0000	0.0000	0.0000	0.9999
0.0000	0.0006	0.0014	0.0000	0.0000	0.0000	0.0000	0.0000	0.0000	0.0012	0.0000	0.9969
0.0000	0.0000	0.9999	0.0000	0.0000	0.0000	0.0000	0.0000	0.0000	0.0000	0.0000	0.0001
0.0000	0.0000	0.9887	0.0000	0.0000	0.0000	0.0000	0.0000	0.0000	0.0000	0.0000	0.0113
0.0000	0.0000	0.0000	0.0000	0.0000	0.0000	0.0000	0.0000	0.0000	0.0000	0.0000	1.0000
0.0000	0.0000	0.9982	0.0000	0.0000	0.0001	0.0000	0.0000	0.0000	0.0000	0.0000	0.0017
0.0000	0.0000	0.0000	0.0000	0.0000	0.0000	0.0000	0.0000	0.0000	0.0000	0.0000	1.0000
0.0000	0.0000	0.0001	0.0000	0.0000	0.0000	0.0000	0.0000	0.0000	0.0000	0.0000	0.9999
0.0000	0.0000	0.9965	0.0000	0.0000	0.0034	0.0000	0.0000	0.0000	0.0000	0.0000	0.0000
0.0000	0.0000	0.0000	0.0000	0.0000	0.0000	0.2022	0.0000	0.0000	0.0001	0.0000	0.7978
0.0000	0.0000	0.0000	0.0000	0.0000	0.0000	0.0000	0.0000	0.0000	0.0000	0.0000	1.0000
0.0000	0.0000	0.0000	0.0000	0.0000	0.0015	0.0001	0.9373	0.0000	0.0000	0.0000	0.0610
0.0000	0.0000	0.0000	0.0000	0.0000	0.0000	0.0000	0.0000	0.0000	0.0000	0.0000	1.0000
0.0000	0.0000	0.0000	0.0000	0.0000	0.0000	0.0000	0.0000	0.0000	0.0000	0.0000	1.0000
0.0000	0.0000	0.0000	0.0000	0.0000	0.0000	0.0000	0.0000	0.0000	0.0000	0.0000	1.0000
0.0000	0.0000	0.9909	0.0000	0.0000	0.0000	0.0000	0.0000	0.0000	0.0000	0.0000	0.0091
0.0000	0.0000	0.0000	0.0000	0.0000	0.0000	0.0000	0.0000	0.0000	0.0000	0.0000	1.0000
0.0000	0.0000	0.9999	0.0000	0.0000	0.0000	0.0000	0.0000	0.0000	0.0000	0.0000	0.0001
0.0000	0.0000	0.0000	0.0000	0.0000	0.0000	0.0000	0.0000	1.0000	0.0000	0.0000	0.0000
0.0000	0.0000	0.9614	0.0000	0.0000	0.0000	0.0386	0.0000	0.0000	0.0000	0.0000	0.0000
0.0000	0.0000	0.0000	0.0000	0.0000	0.0000	1.0000	0.0000	0.0000	0.0000	0.0000	0.0000
0.0000	0.0000	0.0000	0.0000	0.0000	0.0000	0.0000	0.0000	1.0000	0.0000	0.0000	0.0000
0.0000	0.0000	0.0000	0.0000	0.0000	0.0000	0.0000	0.0000	1.0000	0.0000	0.0000	0.0000
0.0000	0.0000	0.9965	0.0000	0.0000	0.0000	0.0035	0.0000	0.0000	0.0000	0.0000	0.0000
0.0000	0.0000	0.0000	0.0000	0.0000	0.0000	1.0000	0.0000	0.0000	0.0000	0.0000	0.0000
0.0000	0.0000	0.0000	0.0000	0.0000	0.0000	1.0000	0.0000	0.0000	0.0000	0.0000	0.0000
0.0000	0.0000	0.0000	0.0000	0.0000	0.0000	0.0000	0.0000	1.0000	0.0000	0.0000	0.0000
0.0000	0.0000	0.9975	0.0000	0.0000	0.0000	0.0025	0.0000	0.0000	0.0000	0.0000	0.0000
0.0000	0.0000	0.0017	0.0000	0.0000	0.0000	0.9983	0.0000	0.0000	0.0000	0.0000	0.0000
0.0000	0.0000	0.0000	0.0000	0.0000	0.0000	0.9340	0.0000	0.0660	0.0000	0.0000	0.0000
0.0000	0.0000	0.0000	0.0000	0.0000	0.0000	0.9381	0.0000	0.0619	0.0000	0.0000	0.0000
0.0000	0.0000	0.6076	0.0000	0.0000	0.0000	0.3924	0.0000	0.0000	0.0000	0.0000	0.0000
0.0000	0.0000	0.0000	0.0000	0.0000	0.0000	1.0000	0.0000	0.0000	0.0000	0.0000	0.0000
0.0000	0.0000	0.0000	0.0000	0.0000	0.0000	0.0000	0.0000	1.0000	0.0000	0.0000	0.0000
0.0000	0.0000	0.0000	0.0000	0.0000	0.0000	0.0003	0.0000	0.9997	0.0000	0.0000	0.0000
0.0000	0.0000	0.0003	0.0000	0.0000	0.0000	0.9997	0.0000	0.0000	0.0000	0.0000	0.0000
0.0000	0.0000	0.0000	0.0000	0.0000	0.0000	0.0000	0.0000	1.0000	0.0000	0.0000	0.0000
0.0000	0.0000	0.0000	0.0000	0.0000	0.0000	0.0000	0.0000	1.0000	0.0000	0.0000	0.0000
0.0000	0.0000	0.0003	0.0000	0.0000	0.0000	0.9997	0.0000	0.0000	0.0000	0.0000	0.0000
0.0000	0.0000	0.0002	0.0000	0.0000	0.0000	0.9997	0.0000	0.0000	0.0000	0.0000	0.0000
0.0000	0.0000	0.0000	0.0000	0.0000	0.0000	0.0000	0.0000	1.0000	0.0000	0.0000	0.0000
0.0000	0.0000	0.0000	0.0000	0.0000	0.0000	1.0000	0.0000	0.0000	0.0000	0.0000	0.0000
0.0000	0.0000	0.0000	0.0000	0.0000	0.0000	0.0000	0.0000	1.0000	0.0000	0.0000	0.0000
0.0000	0.0000	0.8642	0.0000	0.0000	0.0000	0.1358	0.0000	0.0000	0.0000	0.0000	0.0000
0.0000	0.0000	0.9896	0.0000	0.0000	0.0000	0.0104	0.0000	0.0000	0.0000	0.0000	0.0000
0.0000	0.0000	0.0000	0.0000	0.0000	0.0000	1.0000	0.0000	0.0000	0.0000	0.0000	0.0000
0.0000	0.0000	0.0002	0.0000	0.0000	0.0000	0.9998	0.0000	0.0000	0.0000	0.0000	0.0000
0.0000	0.0000	0.0000	0.0000	0.0000	0.0000	0.0000	0.0000	1.0000	0.0000	0.0000	0.0000
0.0000	0.0000	0.0022	0.0000	0.0000	0.0000	0.9978	0.0000	0.0000	0.0000	0.0000	0.0000
0.0000	0.0000	0.0000	0.0000	0.0000	0.0000	1.0000	0.0000	0.0000	0.0000	0.0000	0.0000
