0.0000	0.0011	0.0001	0.0000	0.0000	0.0031	0.4824	0.4923	0.0000	0.0000	0.0000	0.0211
0.0000	0.0000	0.0000	0.0000	0.0000	0.0000	0.9585	0.0217	0.0000	0.0000	0.0061	0.0137
0.0085	0.0000	0.0000	0.0000	0.0000	0.0000	0.0000	0.0000	0.0000	0.9857	0.0000	0.0057
0.0000	1.0000	0.0000	0.0000	0.0000	0.0000	0.0000	0.0000	0.0000	0.0000	0.0000	0.0000
0.0000	0.0000	0.0090	0.0000	0.0000	0.0000	0.9910	0.0000	0.0000	0.0000	0.0000	0.0000
0.0000	0.0000	0.0005	0.0000	0.0000	0.0002	0.3516	0.0321	0.0000	0.0200	0.0040	0.5916
1.0000	0.0000	0.0000	0.0000	0.0000	0.0000	0.0000	0.0000	0.0000	0.0000	0.0000	0.0000
1.0000	0.0000	0.0000	0.0000	0.0000	0.0000	0.0000	0.0000	0.0000	0.0000	0.0000	0.0000
0.0000	0.0000	0.0007	0.0000	0.0000	0.0000	0.5014	0.0159	0.0000	0.0010	0.0000	0.4810
0.0000	0.0000	0.0003	0.0000	0.0000	0.0000	0.8549	0.0362	0.0000	0.0002	0.0000	0.1084
0.0000	0.0000	0.0000	0.0000	0.0000	0.0000	0.0000	0.0000	0.0000	1.0000	0.0000	0.0000
0.0001	0.0000	0.0000	0.0000	0.0000	0.0000	0.0000	0.0000	0.0000	0.0000	0.9629	0.0370
0.0000	0.1329	0.6442	0.0000	0.0000	0.2209	0.0006	0.0011	0.0000	0.0000	0.0000	0.0003
0.0000	0.0000	0.0002	0.0000	0.0000	0.0000	0.9578	0.0160	0.0000	0.0000	0.0000	0.0259
0.0000	0.0000	0.0000	0.0000	0.0000	0.0000	0.0000	0.0000	1.0000	0.0000	0.0000	0.0000
0.0019	0.0000	0.0001	0.0000	0.0000	0.0437	0.6469	0.1869	0.0000	0.0043	0.0000	0.1162
0.0000	0.0000	0.0000	0.0000	1.0000	0.0000	0.0000	0.0000	0.0000	0.0000	0.0000	0.0000
0.0000	0.9921	0.0073	0.0000	0.0000	0.0005	0.0000	0.0001	0.0000	0.0000	0.0000	0.0001
0.0000	0.0166	0.5435	0.0000	0.0000	0.4251	0.0097	0.0007	0.0000	0.0000	0.0000	0.0043
0.0002	0.0071	0.2091	0.0000	0.0000	0.5273	0.1861	0.0373	0.0000	0.0000	0.0000	0.0330
0.6640	0.0000	0.0000	0.0000	0.0000	0.0000	0.0000	0.0000	0.3358	0.0000	0.0002	0.0000
0.0000	0.0000	0.0000	0.0000	0.0000	0.0000	0.0043	0.0000	0.0000	0.0269	0.0000	0.9687
0.0156	0.0000	0.0000	0.0000	0.0000	0.0022	0.0000	0.0000	0.9804	0.0018	0.0000	0.0000
0.0000	0.0001	0.0088	0.0000	0.0000	0.0001	0.4136	0.4385	0.0000	0.0010	0.0000	0.1379
0.0000	0.0000	0.0000	0.0000	0.0000	0.0000	0.0003	0.0000	0.0000	0.9296	0.0000	0.0701
0.0000	0.0000	0.0313	0.0000	0.0000	0.0000	0.0724	0.2905	0.0000	0.0048	0.0000	0.6009
0.0000	0.0002	0.4547	0.0000	0.0000	0.0049	0.0466	0.4329	0.0000	0.0001	0.0000	0.0607
0.0001	0.2077	0.1785	0.0000	0.0000	0.0004	0.5915	0.0007	0.0000	0.0000	0.0000	0.0211
0.0017	0.0000	0.8447	0.0000	0.0000	0.1533	0.0000	0.0000	0.0000	0.0000	0.0000	0.0002
0.0000	0.0000	0.0000	0.0002	0.0000	0.0000	0.0003	0.9939	0.0000	0.0000	0.0000	0.0056
0.9997	0.0000	0.0000	0.0000	0.0000	0.0000	0.0000	0.0000	0.0003	0.0000	0.0000	0.0000
0.0000	0.0000	0.0069	0.0000	0.0000	0.0000	0.0375	0.0002	0.0000	0.0018	0.0004	0.9531
0.0000	0.2952	0.3811	0.0000	0.0000	0.3202	0.0009	0.0023	0.0000	0.0000	0.0000	0.0003
0.0000	0.0000	0.0000	0.0226	0.9176	0.0000	0.0000	0.0000	0.0000	0.0598	0.0001	0.0000
0.0000	0.0017	0.0047	0.0000	0.0000	0.0013	0.7138	0.0717	0.0000	0.0000	0.0000	0.2069
0.0000	0.0001	0.0001	0.0000	0.0000	0.0000	0.8562	0.1380	0.0000	0.0000	0.0000	0.0056
0.0000	0.0000	0.0000	0.0000	0.0000	0.0000	0.0001	0.0000	0.0000	0.1969	0.8030	0.0000
0.0000	0.0000	0.0000	0.0000	0.0000	1.0000	0.0000	0.0000	0.0000	0.0000	0.0000	0.0000
0.9998	0.0000	0.0000	0.0000	0.0000	0.0000	0.0000	0.0000	0.0000	0.0002	0.0000	0.0000
0.0007	0.0000	0.0016	0.0104	0.0000	0.0315	0.0524	0.3761	0.0000	0.0003	0.0004	0.5267
0.0000	0.0000	0.0000	0.0000	0.0000	0.0000	0.0000	0.0000	1.0000	0.0000	0.0000	0.0000
0.0000	0.0000	0.0000	0.0000	0.0000	0.0000	0.0000	0.0000	0.0000	0.0000	1.0000	0.0000
0.0000	0.0000	0.9983	0.0000	0.0000	0.0000	0.0000	0.0000	0.0000	0.0016	0.0000	0.0001
0.0000	0.0000	0.9987	0.0000	0.0000	0.0000	0.0000	0.0000	0.0000	0.0000	0.0000	0.0013
0.0020	0.0000	0.3034	0.0000	0.0000	0.0001	0.0205	0.1350	0.0000	0.0229	0.0001	0.5159
0.0124	0.0000	0.0000	0.0000	0.0000	0.0000	0.0452	0.0154	0.0000	0.1779	0.0002	0.7488
0.0078	0.0000	0.0008	0.0000	0.0000	0.0009	0.0052	0.0533	0.0000	0.8570	0.0001	0.0749
0.0000	0.1396	0.7288	0.0000	0.0000	0.1116	0.0042	0.0088	0.0000	0.0000	0.0000	0.0068
0.0005	0.0000	0.4986	0.0000	0.0000	0.4230	0.0050	0.0110	0.0000	0.0037	0.0000	0.0582
0.0001	0.0000	0.2105	0.0000	0.0000	0.0002	0.1191	0.0944	0.0000	0.0107	0.0000	0.5649
1.0000	0.0000	0.0000	0.0000	0.0000	0.0000	0.0000	0.0000	0.0000	0.0000	0.0000	0.0000
0.0000	0.0000	0.0001	0.0000	0.0000	0.0015	0.0042	0.9764	0.0000	0.0094	0.0003	0.0081
0.1599	0.0000	0.0000	0.0000	0.0000	0.0000	0.0000	0.0000	0.8401	0.0000	0.0000	0.0000
0.0000	0.0000	0.0000	0.0000	0.0000	0.0000	0.0000	0.0000	0.0000	0.9998	0.0000	0.0001
0.0000	0.1954	0.5458	0.0000	0.0000	0.2555	0.0007	0.0023	0.0000	0.0000	0.0000	0.0003
0.0000	0.0000	0.0017	0.0000	0.0000	0.9980	0.0002	0.0000	0.0000	0.0000	0.0000	0.0001
0.0000	0.0000	0.0009	0.0000	0.0000	0.0000	0.9265	0.0601	0.0000	0.0032	0.0006	0.0088
0.0000	0.0000	0.0000	0.0000	0.0000	0.0000	0.0000	0.0000	1.0000	0.0000	0.0000	0.0000
0.0922	0.0000	0.0000	0.0000	0.0000	0.0001	0.3580	0.0615	0.0000	0.1050	0.0000	0.3832
0.0003	0.0000	0.0000	0.0001	0.0004	0.0000	0.7993	0.0024	0.0000	0.1939	0.0000	0.0035
0.0116	0.0000	0.0000	0.0000	0.0000	0.0000	0.0000	0.0000	0.9723	0.0161	0.0000	0.0000
0.0107	0.0000	0.0000	0.0000	0.0000	0.0001	0.0000	0.0000	0.9857	0.0035	0.0000	0.0000
0.0000	0.0000	0.0000	0.9997	0.0003	0.0000	0.0000	0.0000	0.0000	0.0000	0.0000	0.0000
0.0000	0.0009	0.7820	0.0000	0.0000	0.0605	0.0882	0.0312	0.0000	0.0000	0.0000	0.0373
0.0000	0.0000	0.0000	0.0000	0.0000	0.0000	0.0031	0.0000	0.0000	0.2160	0.0000	0.7808
0.0000	0.0000	0.0000	0.0000	0.0000	0.9995	0.0000	0.0003	0.0000	0.0002	0.0000	0.0000
0.0000	0.0000	0.0089	0.0000	0.0000	0.0000	0.2310	0.0218	0.0000	0.0007	0.0000	0.7376
0.0000	0.0002	0.0006	0.0000	0.0000	0.0000	0.8451	0.1367	0.0000	0.0000	0.0000	0.0174
0.0001	0.0000	0.0017	0.0002	0.0000	0.0000	0.0391	0.0000	0.0168	0.0032	0.0000	0.9389
0.2207	0.0322	0.4874	0.0000	0.0000	0.0010	0.0304	0.0000	0.0000	0.0001	0.0000	0.2282
0.0000	0.0014	0.0078	0.0001	0.0000	0.0028	0.4134	0.4022	0.0000	0.0000	0.0000	0.1724
0.0000	0.0000	0.0000	0.0000	0.9055	0.0000	0.0000	0.0000	0.0000	0.0944	0.0000	0.0000
0.0000	0.0000	0.0000	0.0000	0.0000	0.0000	0.0002	0.0000	0.0000	0.1020	0.8935	0.0043
0.0000	0.0000	0.0000	0.0000	0.0000	0.0000	0.0000	0.0030	0.0000	0.3437	0.6533	0.0000
0.0000	0.0693	0.5773	0.0000	0.0000	0.0000	0.0035	0.2430	0.0000	0.0000	0.0000	0.1069
0.0000	0.0000	0.0000	0.0000	0.0000	0.0000	0.0000	0.9999	0.0000	0.0000	0.0000	0.0001
0.0000	0.0000	0.0000	0.0000	0.0000	0.0000	0.0000	0.0293	0.0000	0.0000	0.0000	0.9706
0.0000	0.0000	0.0000	0.0208	0.0000	0.0000	0.0000	0.0000	0.0001	0.9774	0.0016	0.0000
0.0000	0.0000	0.0000	0.0000	0.0000	0.0000	0.0000	0.0000	1.0000	0.0000	0.0000	0.0000
0.1635	0.0000	0.0000	0.0000	0.0000	0.0000	0.2704	0.0935	0.0000	0.4696	0.0000	0.0030
0.0000	0.0002	0.0007	0.0000	0.0000	0.0000	0.9713	0.0104	0.0000	0.0000	0.0000	0.0174
0.0000	0.0000	0.0000	0.0000	0.0000	0.0000	0.0000	0.0000	0.0000	0.0000	0.0000	1.0000
0.0115	0.0000	0.9564	0.0000	0.0000	0.0319	0.0000	0.0000	0.0000	0.0000	0.0000	0.0002
0.0000	0.0000	0.0016	0.0000	0.0000	0.0000	0.0005	0.0000	0.0000	0.0000	0.0000	0.9979
0.0000	0.0000	0.7441	0.0000	0.0000	0.0000	0.0004	0.0000	0.0000	0.0035	0.0000	0.2519
0.0000	0.0000	0.9999	0.0000	0.0000	0.0000	0.0000	0.0000	0.0000	0.0000	0.0000	0.0001
0.0000	0.0000	0.9897	0.0000	0.0000	0.0000	0.0000	0.0000	0.0000	0.0000	0.0000	0.0103
0.0000	0.0000	0.0001	0.0000	0.0000	0.0000	0.0000	0.0000	0.0000	0.0000	0.0000	0.9999
0.0001	0.0001	0.9660	0.0000	0.0000	0.0177	0.0000	0.0000	0.0000	0.0000	0.0000	0.0160
0.0000	0.0000	0.0000	0.0000	0.0000	0.0000	0.0000	0.0000	0.0000	0.0000	0.0000	1.0000
0.0000	0.0000	0.0001	0.0000	0.0000	0.0002	0.0000	0.0000	0.0023	0.0000	0.0000	0.9974
0.0167	0.0000	0.9532	0.0000	0.0000	0.0295	0.0000	0.0000	0.0001	0.0000	0.0000	0.0004
0.0004	0.0000	0.0000	0.0000	0.0026	0.0000	0.0021	0.0000	0.0000	0.0063	0.0000	0.9886
0.0000	0.0000	0.0000	0.0000	0.0000	0.0000	0.0001	0.0000	0.0000	0.0000	0.0000	0.9998
0.0002	0.0000	0.2283	0.0000	0.0000	0.0016	0.0162	0.0001	0.0000	0.0446	0.0000	0.7090
0.0000	0.0000	0.0000	0.0000	0.0000	0.0000	0.0000	0.0000	0.0000	0.0000	0.0000	1.0000
0.0000	0.0000	0.0000	0.0000	0.0000	0.0000	0.0000	0.0000	0.0000	0.0000	0.0000	1.0000
0.0000	0.0000	0.0000	0.0000	0.0000	0.0000	0.0000	0.0000	0.0000	0.0000	0.0000	1.0000
0.0003	0.0000	0.9711	0.0000	0.0000	0.0084	0.0000	0.0000	0.0000	0.0000	0.0000	0.0202
0.0000	0.0000	0.0000	0.0000	0.0000	0.0001	0.0000	0.0000	0.0000	0.0000	0.0000	0.9999
0.0005	0.0000	0.9939	0.0000	0.0000	0.0018	0.0000	0.0000	0.0000	0.0000	0.0000	0.0039
0.0000	0.0000	0.0000	0.0000	0.0000	0.0000	0.0000	0.0000	1.0000	0.0000	0.0000	0.0000
0.0000	0.0000	0.9320	0.0000	0.0000	0.0000	0.0680	0.0000	0.0000	0.0000	0.0000	0.0000
0.0000	0.0000	0.0011	0.0000	0.0000	0.0000	0.9989	0.0000	0.0000	0.0000	0.0000	0.0000
0.0000	0.0000	0.0000	0.0000	0.0000	0.0000	0.0000	0.0000	1.0000	0.0000	0.0000	0.0000
0.0000	0.0000	0.0000	0.0000	0.0000	0.0000	0.0000	0.0000	1.0000	0.0000	0.0000	0.0000
0.0000	0.0000	0.9743	0.0000	0.0000	0.0000	0.0257	0.0000	0.0000	0.0000	0.0000	0.0000
0.0000	0.0000	0.0025	0.0000	0.0000	0.0000	0.9975	0.0000	0.0000	0.0000	0.0000	0.0000
0.0000	0.0000	0.0038	0.0000	0.0000	0.0000	0.9962	0.0000	0.0000	0.0000	0.0000	0.0000
0.0000	0.0000	0.0000	0.0000	0.0000	0.0000	0.0000	0.0000	1.0000	0.0000	0.0000	0.0000
0.0000	0.0000	0.9784	0.0000	0.0000	0.0000	0.0216	0.0000	0.0000	0.0000	0.0000	0.0000
0.0000	0.0000	0.0409	0.0000	0.0000	0.0000	0.9591	0.0000	0.0000	0.0000	0.0000	0.0000
0.0000	0.0000	0.0000	0.0000	0.0000	0.0000	0.3291	0.0000	0.6709	0.0000	0.0000	0.0000
0.0000	0.0000	0.0000	0.0000	0.0000	0.0000	0.7207	0.0000	0.2793	0.0000	0.0000	0.0000
0.0000	0.0000	0.7506	0.0000	0.0000	0.0000	0.2494	0.0000	0.0000	0.0000	0.0000	0.0000
0.0000	0.0000	0.0001	0.0000	0.0000	0.0000	0.9999	0.0000	0.0000	0.0000	0.0000	0.0000
0.0000	0.0000	0.0000	0.0000	0.0000	0.0000	0.0000	0.0000	1.0000	0.0000	0.0000	0.0000
0.0000	0.0000	0.0000	0.0000	0.0000	0.0000	0.0001	0.0000	0.9999	0.0000	0.0000	0.0000
0.0000	0.0000	0.9912	0.0000	0.0000	0.0000	0.0088	0.0000	0.0000	0.0000	0.0000	0.0000
0.0000	0.0000	0.0000	0.0000	0.0000	0.0000	0.0000	0.0000	1.0000	0.0000	0.0000	0.0000
0.0000	0.0000	0.0000	0.0000	0.0000	0.0000	0.0000	0.0000	1.0000	0.0000	0.0000	0.0000
0.0000	0.0000	0.0137	0.0000	0.0000	0.0000	0.9863	0.0000	0.0000	0.0000	0.0000	0.0000
0.0000	0.0000	0.0223	0.0000	0.0000	0.0000	0.9751	0.0000	0.0001	0.0000	0.0000	0.0025
0.0000	0.0000	0.0000	0.0000	0.0000	0.0000	0.0000	0.0000	1.0000	0.0000	0.0000	0.0000
0.0000	0.0000	0.0000	0.0000	0.0000	0.0000	1.0000	0.0000	0.0000	0.0000	0.0000	0.0000
0.0000	0.0000	0.0000	0.0000	0.0000	0.0000	0.0000	0.0000	1.0000	0.0000	0.0000	0.0000
0.0000	0.0000	0.7140	0.0000	0.0000	0.0000	0.2860	0.0000	0.0000	0.0000	0.0000	0.0000
0.0000	0.0000	0.9571	0.0000	0.0000	0.0000	0.0429	0.0000	0.0000	0.0000	0.0000	0.0000
0.0000	0.0000	0.0025	0.0000	0.0000	0.0000	0.9975	0.0000	0.0000	0.0000	0.0000	0.0000
0.0000	0.0000	0.0007	0.0000	0.0000	0.0000	0.9993	0.0000	0.0000	0.0000	0.0000	0.0000
0.0000	0.0000	0.0000	0.0000	0.0000	0.0000	0.0000	0.0000	1.0000	0.0000	0.0000	0.0000
0.0000	0.0000	0.0209	0.0000	0.0000	0.0000	0.9791	0.0000	0.0000	0.0000	0.0000	0.0000
0.0000	0.0000	0.0001	0.0000	0.0000	0.0000	0.9999	0.0000	0.0000	0.0000	0.0000	0.0000
