0.0000	0.0014	0.0000	0.0000	0.0000	0.0005	0.4636	0.5344	0.0000	0.0000	0.0000	0.0001
0.0000	0.0000	0.0000	0.0000	0.0000	0.0000	0.9678	0.0282	0.0000	0.0000	0.0038	0.0002
0.0003	0.0000	0.0000	0.0000	0.0000	0.0000	0.0116	0.0000	0.0000	0.9880	0.0001	0.0001
0.0000	1.0000	0.0000	0.0000	0.0000	0.0000	0.0000	0.0000	0.0000	0.0000	0.0000	0.0000
0.0000	0.0000	0.0343	0.0000	0.0000	0.0000	0.9657	0.0000	0.0000	0.0000	0.0000	0.0000
0.0000	0.0000	0.0000	0.0000	0.0000	0.0000	0.1387	0.0163	0.0000	0.0062	0.0523	0.7866
1.0000	0.0000	0.0000	0.0000	0.0000	0.0000	0.0000	0.0000	0.0000	0.0000	0.0000	0.0000
1.0000	0.0000	0.0000	0.0000	0.0000	0.0000	0.0000	0.0000	0.0000	0.0000	0.0000	0.0000
0.0000	0.0000	0.0000	0.0000	0.0000	0.0000	0.8131	0.0068	0.0000	0.0000	0.0001	0.1799
0.0000	0.0000	0.0000	0.0000	0.0000	0.0000	0.9581	0.0046	0.0000	0.0000	0.0000	0.0373
0.0000	0.0000	0.0000	0.0000	0.0000	0.0000	0.0000	0.0000	0.0000	1.0000	0.0000	0.0000
0.0000	0.0000	0.0000	0.0000	0.0000	0.0000	0.9621	0.0000	0.0000	0.0000	0.0379	0.0000
0.0000	0.0236	0.9416	0.0000	0.0000	0.0348	0.0000	0.0000	0.0000	0.0000	0.0000	0.0000
0.0000	0.0000	0.0000	0.0000	0.0000	0.0000	0.9645	0.0225	0.0000	0.0000	0.0000	0.0130
0.0000	0.0000	0.0000	0.0000	0.0000	0.0000	0.0000	0.0000	1.0000	0.0000	0.0000	0.0000
0.0003	0.0000	0.0000	0.0000	0.0000	0.0606	0.2105	0.7273	0.0000	0.0010	0.0000	0.0002
0.0000	0.0000	0.0000	0.0000	0.9491	0.0000	0.0000	0.0000	0.0000	0.0509	0.0000	0.0000
0.0000	0.9229	0.0766	0.0000	0.0000	0.0004	0.0000	0.0000	0.0000	0.0000	0.0000	0.0000
0.0000	0.0001	0.4202	0.0000	0.0000	0.5795	0.0002	0.0000	0.0000	0.0000	0.0000	0.0000
0.0000	0.0189	0.0546	0.0000	0.0000	0.2000	0.5703	0.1560	0.0000	0.0000	0.0000	0.0002
0.9844	0.0000	0.0000	0.0000	0.0000	0.0000	0.0000	0.0000	0.0021	0.0129	0.0005	0.0000
0.0000	0.0000	0.0000	0.0000	0.0000	0.0000	0.0005	0.0000	0.0000	0.2301	0.0000	0.7694
0.0000	0.0000	0.0000	0.0000	0.0000	0.0000	0.0000	0.0000	1.0000	0.0000	0.0000	0.0000
0.0000	0.0000	0.0001	0.0000	0.0000	0.0000	0.0421	0.9555	0.0000	0.0000	0.0000	0.0023
0.0000	0.0000	0.0000	0.0000	0.0000	0.0000	0.0000	0.0000	0.0000	0.9991	0.0000	0.0009
0.0000	0.0000	0.0105	0.0000	0.0000	0.0000	0.0129	0.3050	0.0000	0.0000	0.0000	0.6716
0.0000	0.0001	0.6544	0.0000	0.0000	0.0004	0.0064	0.3034	0.0000	0.0000	0.0000	0.0352
0.0000	0.9186	0.0323	0.0000	0.0000	0.0022	0.0451	0.0000	0.0000	0.0000	0.0000	0.0018
0.0000	0.0000	0.9489	0.0000	0.0000	0.0511	0.0000	0.0000	0.0000	0.0000	0.0000	0.0000
0.0000	0.0000	0.0000	0.0000	0.0000	0.0000	0.0000	0.9999	0.0000	0.0001	0.0000	0.0000
1.0000	0.0000	0.0000	0.0000	0.0000	0.0000	0.0000	0.0000	0.0000	0.0000	0.0000	0.0000
0.0000	0.0000	0.0059	0.0000	0.0000	0.0000	0.0005	0.0000	0.0000	0.0000	0.0004	0.9932
0.0000	0.1332	0.7409	0.0000	0.0000	0.1259	0.0000	0.0000	0.0000	0.0000	0.0000	0.0000
0.0000	0.0000	0.0000	0.0000	0.0000	0.0000	0.0000	0.0000	0.0000	1.0000	0.0000	0.0000
0.0000	0.0038	0.0023	0.0000	0.0000	0.0001	0.3788	0.4824	0.0000	0.0000	0.0000	0.1325
0.0000	0.0001	0.0000	0.0000	0.0000	0.0000	0.4031	0.5962	0.0000	0.0000	0.0000	0.0006
0.0000	0.0000	0.0000	0.0000	0.0000	0.0000	0.0000	0.0000	0.0000	0.8328	0.1672	0.0000
0.0000	0.0000	0.0000	0.0000	0.0000	1.0000	0.0000	0.0000	0.0000	0.0000	0.0000	0.0000
0.9970	0.0000	0.0000	0.0000	0.0000	0.0005	0.0000	0.0000	0.0000	0.0000	0.0000	0.0025
0.0000	0.0000	0.0000	0.0200	0.0000	0.8099	0.0002	0.0768	0.0000	0.0000	0.0001	0.0930
0.0000	0.0000	0.0000	0.0000	0.0000	0.0000	0.0000	0.0000	1.0000	0.0000	0.0000	0.0000
0.0000	0.0000	0.0000	0.0000	0.0000	0.0000	0.0000	0.0000	0.0000	0.0000	1.0000	0.0000
0.0000	0.0000	0.9965	0.0000	0.0000	0.0000	0.0000	0.0000	0.0035	0.0000	0.0000	0.0000
0.0000	0.0000	0.9994	0.0000	0.0000	0.0000	0.0000	0.0000	0.0006	0.0000	0.0000	0.0000
0.0000	0.0000	0.8505	0.0000	0.0000	0.0000	0.0000	0.0000	0.0000	0.0000	0.0000	0.1494
0.0171	0.0000	0.0000	0.0000	0.0000	0.0000	0.0006	0.0103	0.0000	0.3846	0.0022	0.5852
0.0001	0.0000	0.0001	0.0000	0.0000	0.0000	0.0000	0.0063	0.0000	0.9589	0.0008	0.0338
0.0000	0.0270	0.9577	0.0000	0.0000	0.0151	0.0000	0.0002	0.0000	0.0000	0.0000	0.0000
0.0000	0.0000	0.9998	0.0000	0.0000	0.0000	0.0000	0.0000	0.0000	0.0000	0.0000	0.0002
0.0000	0.0000	0.2166	0.0000	0.0000	0.0000	0.0023	0.0014	0.0000	0.0001	0.0002	0.7794
1.0000	0.0000	0.0000	0.0000	0.0000	0.0000	0.0000	0.0000	0.0000	0.0000	0.0000	0.0000
0.0000	0.0000	0.0000	0.0000	0.0000	0.0000	0.0000	0.9964	0.0000	0.0000	0.0008	0.0028
0.0083	0.0000	0.0000	0.0000	0.0000	0.0000	0.0000	0.0000	0.9914	0.0000	0.0000	0.0002
0.0000	0.0000	0.0000	0.0000	0.0000	0.0000	0.0000	0.0000	0.0000	1.0000	0.0000	0.0000
0.0000	0.0106	0.9587	0.0000	0.0000	0.0308	0.0000	0.0000	0.0000	0.0000	0.0000	0.0000
0.0000	0.0000	0.0014	0.0000	0.0000	0.9986	0.0000	0.0000	0.0000	0.0000	0.0000	0.0000
0.0000	0.0000	0.0000	0.0000	0.0000	0.0000	0.8926	0.1037	0.0000	0.0024	0.0008	0.0005
0.0000	0.0000	0.0000	0.0000	0.0000	0.0000	0.0000	0.0000	1.0000	0.0000	0.0000	0.0000
0.9570	0.0000	0.0000	0.0000	0.0000	0.0001	0.0044	0.0229	0.0000	0.0156	0.0000	0.0000
0.0000	0.0000	0.0000	0.0000	0.0000	0.0000	0.0251	0.0000	0.0000	0.9749	0.0000	0.0000
0.0000	0.0000	0.0000	0.0000	0.0000	0.0000	0.0000	0.0000	1.0000	0.0000	0.0000	0.0000
0.0000	0.0000	0.0000	0.0000	0.0000	0.0000	0.0000	0.0000	1.0000	0.0000	0.0000	0.0000
0.0000	0.0000	0.0000	0.0611	0.0000	0.0000	0.0000	0.0000	0.0000	0.9389	0.0000	0.0000
0.0000	0.0003	0.9797	0.0000	0.0000	0.0109	0.0052	0.0030	0.0000	0.0000	0.0000	0.0008
0.0000	0.0000	0.0000	0.0000	0.0000	0.0000	0.0000	0.0000	0.0000	0.6201	0.0003	0.3797
0.0000	0.0000	0.0000	0.0000	0.0000	1.0000	0.0000	0.0000	0.0000	0.0000	0.0000	0.0000
0.0000	0.0000	0.0008	0.0000	0.0000	0.0000	0.8231	0.0036	0.0000	0.0000	0.0000	0.1725
0.0000	0.0000	0.0000	0.0000	0.0000	0.0000	0.0092	0.9900	0.0000	0.0000	0.0000	0.0008
0.0311	0.0000	0.2326	0.0000	0.0000	0.0000	0.0273	0.0000	0.0158	0.0020	0.0000	0.6912
0.0226	0.0000	0.9199	0.0000	0.0000	0.0426	0.0037	0.0000	0.0000	0.0000	0.0000	0.0113
0.0000	0.0034	0.0000	0.0002	0.0000	0.0003	0.0148	0.9760	0.0000	0.0007	0.0001	0.0046
0.0000	0.0000	0.0000	0.0000	0.0000	0.0000	0.0000	0.0000	0.0000	1.0000	0.0000	0.0000
0.0000	0.0000	0.0000	0.0000	0.0000	0.0000	0.0000	0.0000	0.0000	0.0612	0.9387	0.0000
0.0000	0.0000	0.0000	0.0000	0.0000	0.0000	0.0000	0.0000	0.0000	0.7023	0.2976	0.0000
0.0000	0.0064	0.5212	0.0000	0.0000	0.0000	0.0011	0.4607	0.0000	0.0000	0.0000	0.0107
0.0000	0.0000	0.0000	0.0000	0.0000	0.0000	0.0000	1.0000	0.0000	0.0000	0.0000	0.0000
0.0000	0.0000	0.0000	0.0000	0.0000	0.0000	0.0000	0.6387	0.0000	0.0000	0.0000	0.3613
0.0000	0.0000	0.0000	0.9984	0.0000	0.0003	0.0000	0.0000	0.0000	0.0002	0.0000	0.0011
0.0000	0.0000	0.0000	0.0000	0.0000	0.0000	0.0000	0.0000	1.0000	0.0000	0.0000	0.0000
0.9995	0.0000	0.0000	0.0000	0.0000	0.0000	0.0000	0.0005	0.0000	0.0000	0.0000	0.0000
0.0000	0.0016	0.0030	0.0000	0.0000	0.0000	0.6806	0.3027	0.0000	0.0000	0.0000	0.0121
0.0000	0.0000	0.0000	0.0000	0.0000	0.0000	0.0000	0.0000	0.0000	0.0000	0.0000	1.0000
0.0002	0.0000	0.9919	0.0000	0.0000	0.0078	0.0000	0.0000	0.0000	0.0000	0.0000	0.0000
0.0000	0.0000	0.0004	0.0000	0.0000	0.0000	0.0006	0.0000	0.0000	0.0000	0.0000	0.9990
0.0000	0.0000	0.9998	0.0000	0.0000	0.0000	0.0002	0.0000	0.0000	0.0001	0.0000	0.0000
0.0000	0.0000	0.2129	0.0000	0.0000	0.0000	0.0009	0.0000	0.0000	0.0001	0.0000	0.7861
0.0000	0.0000	0.1942	0.0000	0.0000	0.0000	0.0000	0.0000	0.0000	0.0000	0.0000	0.8058
0.0000	0.0000	0.0001	0.0000	0.0000	0.0000	0.0000	0.0000	0.0000	0.0000	0.0000	0.9999
0.0000	0.0000	0.9995	0.0000	0.0000	0.0005	0.0000	0.0000	0.0000	0.0000	0.0000	0.0000
0.0000	0.0000	0.0000	0.0000	0.0000	0.0000	0.0000	0.0000	0.0000	0.0000	0.0000	1.0000
0.0000	0.0000	0.0006	0.0000	0.0000	0.0001	0.0000	0.0000	0.0000	0.0000	0.0000	0.9993
0.0002	0.0000	0.9973	0.0000	0.0000	0.0026	0.0000	0.0000	0.0000	0.0000	0.0000	0.0000
0.0000	0.0000	0.0000	0.0000	0.0000	0.0000	0.9976	0.0000	0.0000	0.0000	0.0000	0.0024
0.0000	0.0000	0.0000	0.0000	0.0000	0.0000	0.0001	0.0000	0.0000	0.0000	0.0000	0.9999
0.0000	0.0000	0.0005	0.0000	0.0000	0.0012	0.0456	0.0000	0.0000	0.2243	0.0000	0.7284
0.0000	0.0000	0.0000	0.0000	0.0000	0.0000	0.0000	0.0000	0.0000	0.0000	0.0000	1.0000
0.0000	0.0000	0.0000	0.0000	0.0000	0.0000	0.0000	0.0000	0.0000	0.0000	0.0000	1.0000
0.0000	0.0000	0.0000	0.0000	0.0000	0.0000	0.0000	0.0000	0.0000	0.0000	0.0000	1.0000
0.0000	0.0000	0.9989	0.0000	0.0000	0.0011	0.0000	0.0000	0.0000	0.0000	0.0000	0.0000
0.0000	0.0000	0.0000	0.0000	0.0000	0.0000	0.0000	0.0000	0.0000	0.0000	0.0000	1.0000
0.0000	0.0000	0.9998	0.0000	0.0000	0.0002	0.0000	0.0000	0.0000	0.0000	0.0000	0.0000
0.0000	0.0000	0.0000	0.0000	0.0000	0.0000	0.0000	0.0000	1.0000	0.0000	0.0000	0.0000
0.0000	0.0000	0.9892	0.0000	0.0000	0.0000	0.0108	0.0000	0.0000	0.0000	0.0000	0.0000
0.0000	0.0000	0.0004	0.0000	0.0000	0.0000	0.9996	0.0000	0.0000	0.0000	0.0000	0.0000
0.0019	0.0000	0.5583	0.0000	0.0000	0.4390	0.0003	0.0000	0.0005	0.0000	0.0000	0.0000
0.0000	0.0000	0.0000	0.0000	0.0000	0.0000	0.0000	0.0000	1.0000	0.0000	0.0000	0.0000
0.0000	0.0000	0.9987	0.0000	0.0000	0.0000	0.0013	0.0000	0.0000	0.0000	0.0000	0.0000
0.0000	0.0000	0.0004	0.0000	0.0000	0.0000	0.9996	0.0000	0.0000	0.0000	0.0000	0.0000
0.0000	0.0000	0.0342	0.0000	0.0000	0.0000	0.9658	0.0000	0.0000	0.0000	0.0000	0.0000
0.0000	0.0000	0.0000	0.0000	0.0000	0.0000	0.0000	0.0000	1.0000	0.0000	0.0000	0.0000
0.0000	0.0000	0.9999	0.0000	0.0000	0.0000	0.0001	0.0000	0.0000	0.0000	0.0000	0.0000
0.0000	0.0000	0.0238	0.0000	0.0000	0.0000	0.9762	0.0000	0.0000	0.0000	0.0000	0.0000
0.0000	0.0000	0.0000	0.0000	0.0000	0.0000	0.9385	0.0000	0.0611	0.0000	0.0000	0.0004
0.0000	0.0000	0.0000	0.0000	0.0000	0.0000	0.9763	0.0000	0.0169	0.0003	0.0000	0.0065
0.0000	0.0000	0.9936	0.0000	0.0000	0.0000	0.0064	0.0000	0.0000	0.0000	0.0000	0.0000
0.0000	0.0000	0.0000	0.0000	0.0000	0.0000	1.0000	0.0000	0.0000	0.0000	0.0000	0.0000
0.0000	0.0000	0.0000	0.0000	0.0000	0.0000	0.0000	0.0000	1.0000	0.0000	0.0000	0.0000
0.0000	0.0000	0.0000	0.0000	0.0000	0.0000	0.0006	0.0000	0.9994	0.0000	0.0000	0.0000
0.0000	0.0000	0.1389	0.0000	0.0000	0.0000	0.8611	0.0000	0.0000	0.0000	0.0000	0.0000
0.0000	0.0000	0.0000	0.0000	0.0000	0.0000	0.0000	0.0000	1.0000	0.0000	0.0000	0.0000
0.0000	0.0000	0.0000	0.0000	0.0000	0.0000	0.0000	0.0000	1.0000	0.0000	0.0000	0.0000
0.0000	0.0000	0.0108	0.0000	0.0000	0.0000	0.9892	0.0000	0.0000	0.0000	0.0000	0.0000
0.0000	0.0018	0.1953	0.0000	0.0000	0.0000	0.1356	0.0000	0.0000	0.0000	0.0000	0.6673
0.0000	0.0000	0.0000	0.0000	0.0000	0.0000	0.0000	0.0000	1.0000	0.0000	0.0000	0.0000
0.0000	0.0000	0.0000	0.0000	0.0000	0.0000	1.0000	0.0000	0.0000	0.0000	0.0000	0.0000
0.0000	0.0000	0.0000	0.0000	0.0000	0.0000	0.0000	0.0000	1.0000	0.0000	0.0000	0.0000
0.0000	0.0000	0.9904	0.0000	0.0000	0.0000	0.0096	0.0000	0.0000	0.0000	0.0000	0.0000
0.0000	0.0000	0.9990	0.0000	0.0000	0.0000	0.0010	0.0000	0.0000	0.0000	0.0000	0.0000
0.0000	0.0000	0.2816	0.0000	0.0000	0.0000	0.7184	0.0000	0.0000	0.0000	0.0000	0.0000
0.0000	0.0000	0.0068	0.0000	0.0000	0.0000	0.9932	0.0000	0.0000	0.0000	0.0000	0.0000
0.0000	0.0000	0.0000	0.0000	0.0000	0.0000	0.0000	0.0000	1.0000	0.0000	0.0000	0.0000
0.0000	0.0000	0.0942	0.0000	0.0000	0.0000	0.9058	0.0000	0.0000	0.0000	0.0000	0.0000
0.0000	0.0000	0.0001	0.0000	0.0000	0.0000	0.9999	0.0000	0.0000	0.0000	0.0000	0.0000
