0.0116	0.0000	0.0000	0.0000	0.0000	0.0000	0.0096	0.0000	0.0000	0.0009	0.0000	0.9780
0.0000	0.0000	0.0000	0.0000	0.0000	0.0000	0.1968	0.8017	0.0000	0.0000	0.0000	0.0015
0.0002	0.0000	0.0000	0.0000	0.0000	0.0000	0.0000	0.0000	0.0000	0.9996	0.0000	0.0002
0.5873	0.0000	0.0000	0.0000	0.0000	0.0000	0.0000	0.0000	0.0000	0.0135	0.3993	0.0000
0.0000	0.0000	0.0000	0.0000	0.0000	0.0000	0.0000	1.0000	0.0000	0.0000	0.0000	0.0000
0.0000	0.0000	0.0000	0.0000	0.0000	0.0000	0.0000	0.0000	1.0000	0.0000	0.0000	0.0000
0.0000	0.0000	0.0000	0.0000	0.0000	0.0000	0.0000	0.0000	0.0000	1.0000	0.0000	0.0000
0.0230	0.0278	0.2221	0.0000	0.0000	0.3643	0.2773	0.0083	0.0000	0.0000	0.0000	0.0772
0.2073	0.0000	0.0000	0.0000	0.0000	0.0000	0.0000	0.0000	0.7927	0.0000	0.0000	0.0000
0.0000	0.0000	0.0000	0.0000	0.0000	0.0000	0.1168	0.0000	0.0000	0.0001	0.0040	0.8792
0.0000	0.0000	0.0000	0.0000	0.0000	0.0001	0.0000	0.0000	0.6996	0.3003	0.0000	0.0000
0.0000	0.0000	0.0000	0.0000	0.0000	0.0000	0.0000	0.0000	0.7099	0.2901	0.0000	0.0000
0.0000	0.0000	0.0000	0.0000	0.0000	0.0000	0.9524	0.0046	0.0000	0.0005	0.0000	0.0425
0.0001	0.0012	0.0029	0.0000	0.0000	0.0003	0.2005	0.0920	0.0000	0.0004	0.0000	0.7026
0.0000	0.0000	0.0000	0.0000	0.0000	0.0000	0.0000	0.0000	0.0000	0.9960	0.0000	0.0040
0.0000	0.0000	0.0000	0.0000	0.0000	0.0000	0.0000	0.0000	0.0000	0.8830	0.0001	0.1169
0.0000	0.0000	0.0000	0.0000	0.0000	0.0000	0.0000	0.0000	0.0000	0.9991	0.0000	0.0009
0.0001	0.0000	0.0000	0.0000	0.0000	0.9992	0.0000	0.0000	0.0000	0.0007	0.0000	0.0000
0.8513	0.0003	0.0162	0.0000	0.0000	0.0998	0.0320	0.0000	0.0000	0.0000	0.0000	0.0004
0.0000	0.0000	0.0000	0.0000	0.0000	0.0000	0.0000	0.0000	0.9998	0.0002	0.0000	0.0000
0.0000	0.0000	0.0000	0.2792	0.0000	0.0000	0.0000	0.0000	0.0726	0.6461	0.0000	0.0020
0.0001	0.0000	0.9969	0.0000	0.0000	0.0026	0.0000	0.0000	0.0000	0.0000	0.0000	0.0003
0.0000	0.0000	0.0000	0.0425	0.0000	0.0000	0.7753	0.1787	0.0000	0.0030	0.0000	0.0006
0.9657	0.0000	0.0000	0.0000	0.0000	0.0000	0.0000	0.0000	0.0342	0.0002	0.0000	0.0000
0.0000	0.0000	0.0000	1.0000	0.0000	0.0000	0.0000	0.0000	0.0000	0.0000	0.0000	0.0000
0.0000	0.0000	0.0000	1.0000	0.0000	0.0000	0.0000	0.0000	0.0000	0.0000	0.0000	0.0000
0.0000	0.6689	0.2787	0.0000	0.0000	0.0397	0.0086	0.0025	0.0000	0.0000	0.0000	0.0016
0.0370	0.2600	0.1024	0.0000	0.0000	0.0071	0.2233	0.0036	0.0000	0.0002	0.0000	0.3663
0.0000	0.0000	0.0000	0.0000	0.0000	0.0000	0.0000	1.0000	0.0000	0.0000	0.0000	0.0000
0.9999	0.0000	0.0000	0.0001	0.0000	0.0000	0.0000	0.0000	0.0000	0.0000	0.0000	0.0000
0.0000	0.0000	0.0001	0.0002	0.0000	0.0068	0.0022	0.5669	0.0000	0.0003	0.0000	0.4234
0.0000	0.0000	0.0000	0.0955	0.0000	0.0000	0.0000	0.0000	0.0000	0.8970	0.0000	0.0075
0.0000	0.0000	0.0000	0.0010	0.0000	0.0000	0.0000	0.0000	0.0000	0.9967	0.0000	0.0024
0.0000	0.0000	0.0000	0.0000	0.0000	0.0000	0.0000	0.0000	0.0000	0.9541	0.0000	0.0459
0.0000	0.1055	0.5489	0.0000	0.0000	0.0023	0.2817	0.0613	0.0000	0.0000	0.0000	0.0003
0.0000	0.4494	0.2954	0.0000	0.0000	0.1185	0.0868	0.0163	0.0000	0.0000	0.0000	0.0336
0.0000	0.0007	0.3153	0.0000	0.0000	0.0002	0.4371	0.2243	0.0000	0.0000	0.0000	0.0225
0.0011	0.0000	0.0000	0.0000	0.0000	0.0000	0.0329	0.0045	0.0000	0.0926	0.0000	0.8689
0.0346	0.1505	0.0003	0.0000	0.0000	0.2104	0.4538	0.0780	0.0000	0.0016	0.0000	0.0710
0.0008	0.0001	0.0005	0.0000	0.0000	0.0007	0.2186	0.0004	0.0000	0.0052	0.0000	0.7736
0.9593	0.0000	0.0000	0.0000	0.0000	0.0000	0.0000	0.0000	0.0000	0.0407	0.0000	0.0000
0.9841	0.0000	0.0000	0.0000	0.0000	0.0000	0.0000	0.0000	0.0081	0.0078	0.0000	0.0000
0.0001	0.0001	0.0000	0.0000	0.0000	0.0000	0.2495	0.0313	0.0000	0.0013	0.0000	0.7177
0.0000	0.0000	0.0000	0.0000	0.0000	0.0000	0.0001	0.9216	0.0000	0.0369	0.0000	0.0415
0.0000	0.0000	0.0001	0.0000	0.0000	0.0000	0.6236	0.3737	0.0000	0.0005	0.0000	0.0021
0.9889	0.0000	0.0000	0.0000	0.0000	0.0000	0.0000	0.0000	0.0000	0.0009	0.0101	0.0000
0.0000	0.0000	0.0000	0.0000	0.0000	0.0000	0.9997	0.0003	0.0000	0.0000	0.0000	0.0000
0.0000	0.0000	0.0000	0.0000	0.0000	0.0000	0.0000	0.0000	1.0000	0.0000	0.0000	0.0000
0.0009	0.4961	0.2471	0.0000	0.0000	0.0031	0.2316	0.0030	0.0000	0.0046	0.0012	0.0125
0.0035	0.0004	0.0000	0.0000	0.0000	0.0001	0.9709	0.0080	0.0000	0.0056	0.0000	0.0116
0.0244	0.0002	0.0000	0.0000	0.0000	0.0000	0.9022	0.0009	0.0000	0.0283	0.0000	0.0439
0.0000	0.0000	0.0000	0.0000	0.0000	0.0000	0.0000	0.0000	0.0000	1.0000	0.0000	0.0000
0.0000	0.9717	0.0282	0.0000	0.0000	0.0000	0.0001	0.0000	0.0000	0.0000	0.0000	0.0000
0.0003	0.0497	0.0302	0.0000	0.0000	0.8207	0.0670	0.0038	0.0000	0.0001	0.0000	0.0281
0.0006	0.0263	0.1530	0.0000	0.0000	0.7863	0.0253	0.0017	0.0000	0.0000	0.0000	0.0068
0.0000	0.0000	0.0000	0.0000	0.0000	0.0000	0.0000	0.0000	0.0000	0.0003	0.0237	0.9760
0.0000	0.0000	0.0000	0.0000	0.0000	0.0000	0.0006	0.0000	0.0000	0.0753	0.0254	0.8986
0.0000	0.0000	0.0000	0.0000	0.0000	0.0000	0.0000	0.0000	0.1403	0.8597	0.0000	0.0000
0.0001	0.0000	0.0000	0.0000	0.0000	0.0000	0.0000	0.0000	0.6595	0.3404	0.0000	0.0000
0.0000	0.0004	0.0482	0.0000	0.0000	0.0042	0.6462	0.0007	0.0000	0.0001	0.0000	0.3002
0.0000	0.9800	0.0033	0.0000	0.0000	0.0126	0.0032	0.0008	0.0000	0.0000	0.0000	0.0000
0.0000	0.0000	0.0000	0.0000	0.0000	0.0000	0.2147	0.0000	0.0000	0.0012	0.0000	0.7841
0.0000	0.0000	0.0000	0.0000	0.0000	0.0005	0.1282	0.0010	0.0000	0.0098	0.0000	0.8604
0.0000	0.0000	0.0000	0.0000	0.0000	0.0000	0.0000	0.0002	0.9947	0.0051	0.0000	0.0000
0.0000	0.1331	0.0132	0.0000	0.0000	0.0108	0.8137	0.0008	0.0000	0.0000	0.0000	0.0285
0.0000	0.0000	0.0000	0.9999	0.0000	0.0000	0.0000	0.0000	0.0000	0.0001	0.0000	0.0000
0.8529	0.0000	0.0000	0.0000	0.0000	0.0000	0.0000	0.0000	0.1471	0.0000	0.0000	0.0000
0.0817	0.0000	0.0000	0.0000	0.0000	0.0000	0.0000	0.0000	0.9183	0.0000	0.0000	0.0000
0.0000	0.9742	0.0009	0.0000	0.0000	0.0157	0.0016	0.0001	0.0000	0.0000	0.0000	0.0075
0.0000	0.0000	0.0000	0.0000	0.0000	0.0000	0.0000	0.0021	0.0000	0.0000	0.0000	0.9979
0.0000	0.0003	0.0000	0.0000	0.0000	0.0000	0.0000	0.0212	0.0000	0.0000	0.0000	0.9785
0.0000	0.0000	0.0000	0.0000	0.0000	0.0000	0.0000	0.0000	0.0000	1.0000	0.0000	0.0000
0.0000	0.0000	0.0000	0.0000	0.0000	0.0000	0.0000	0.0000	0.0000	1.0000	0.0000	0.0000
0.0080	0.0000	0.0000	0.0000	0.0000	0.9919	0.0000	0.0000	0.0000	0.0001	0.0000	0.0000
0.0000	0.0000	0.0000	0.0000	0.0000	0.0000	0.0000	0.5334	0.0000	0.0000	0.0000	0.4666
0.0000	0.0000	0.0000	0.0000	0.0000	0.0000	0.0000	0.0000	0.0000	0.0000	0.0000	1.0000
0.0000	0.0000	0.0000	0.9998	0.0000	0.0000	0.0000	0.0000	0.0000	0.0000	0.0002	0.0000
0.0001	0.0000	0.0000	0.0000	0.0000	0.0000	0.0660	0.8564	0.0000	0.0000	0.0000	0.0774
0.0000	0.0000	0.0000	0.0000	0.0000	0.0000	0.0000	0.0000	0.0000	0.0173	0.0001	0.9826
0.0000	0.0147	0.5635	0.0000	0.0000	0.0089	0.2890	0.1229	0.0000	0.0000	0.0000	0.0010
0.0000	0.0439	0.0263	0.0000	0.0000	0.9171	0.0007	0.0004	0.0000	0.0000	0.0000	0.0116
0.0000	0.0000	0.0000	0.0000	0.0000	0.0000	0.8124	0.1872	0.0000	0.0000	0.0000	0.0003
0.0000	0.0000	0.0000	0.0000	0.0000	0.0000	0.9165	0.0387	0.0000	0.0000	0.0000	0.0448
0.0000	0.0000	0.0009	0.0000	0.0000	0.0000	0.0000	0.0000	0.0000	0.0000	0.0000	0.9991
0.0000	0.0000	0.0000	0.0000	0.0000	0.0000	0.0000	0.0000	0.0000	0.0000	0.0000	1.0000
0.0008	0.0000	0.9942	0.0001	0.0000	0.0045	0.0000	0.0000	0.0004	0.0000	0.0000	0.0001
0.0009	0.0000	0.9935	0.0001	0.0000	0.0052	0.0000	0.0000	0.0003	0.0000	0.0000	0.0001
0.0011	0.0000	0.9972	0.0001	0.0000	0.0013	0.0000	0.0000	0.0003	0.0000	0.0000	0.0001
0.0000	0.0000	0.0014	0.0000	0.0000	0.0000	0.0000	0.0000	0.0000	0.0000	0.0000	0.9986
0.0000	0.0000	0.9955	0.0000	0.0000	0.0000	0.0000	0.0000	0.0000	0.0000	0.0000	0.0045
0.0000	0.0000	0.9634	0.0000	0.0000	0.0000	0.0000	0.0000	0.0000	0.0000	0.0000	0.0365
0.0000	0.0000	0.0000	0.0000	0.0000	0.0000	0.0000	0.0000	0.0000	0.0000	0.0000	1.0000
0.0000	0.0000	0.0000	0.0000	0.0000	0.0000	0.0000	0.0000	0.0000	0.0000	0.0000	1.0000
0.0001	0.0000	0.9560	0.0000	0.0000	0.0000	0.0000	0.0000	0.0003	0.0000	0.0000	0.0437
0.0003	0.0000	0.8706	0.0000	0.0000	0.0000	0.0000	0.0000	0.0000	0.0000	0.0000	0.1291
0.0000	0.0000	0.0002	0.0000	0.0000	0.0000	0.0000	0.0000	0.0000	0.0000	0.0000	0.9998
0.0000	0.0000	0.0000	0.0000	0.0000	0.0000	0.0000	0.0000	0.0000	0.0000	0.0000	1.0000
0.0002	0.0000	0.9993	0.0000	0.0000	0.0001	0.0000	0.0000	0.0002	0.0000	0.0000	0.0002
0.0000	0.0000	0.0010	0.0000	0.0000	0.0000	0.0000	0.0000	0.0000	0.0000	0.0000	0.9990
0.0000	0.0000	0.0000	0.0000	0.0000	0.0000	0.0000	0.0000	0.0000	0.0000	0.0000	1.0000
0.0000	0.0000	0.0000	0.0000	0.0000	0.0000	0.0000	0.0000	0.0000	0.0000	0.0000	1.0000
0.0000	0.0000	0.0000	0.0000	0.0000	0.0000	0.0000	0.0000	0.0000	0.0000	0.0000	1.0000
0.0001	0.0000	0.9772	0.0000	0.0000	0.0000	0.0000	0.0000	0.0002	0.0000	0.0000	0.0226
0.0024	0.0000	0.9882	0.0000	0.0000	0.0000	0.0000	0.0000	0.0003	0.0000	0.0000	0.0092
0.0000	0.0000	0.0000	0.0000	0.0000	0.0000	0.0000	0.0000	1.0000	0.0000	0.0000	0.0000
0.0000	0.0000	0.0000	0.0000	0.0000	0.0000	1.0000	0.0000	0.0000	0.0000	0.0000	0.0000
0.0000	0.0000	0.0000	0.0000	0.0000	0.0000	0.9999	0.0000	0.0000	0.0000	0.0000	0.0000
0.0000	0.0000	0.0000	0.0000	0.0000	0.0000	0.0000	0.0000	1.0000	0.0000	0.0000	0.0000
0.0000	0.0000	0.0000	0.0000	0.0000	0.0000	0.0000	0.0000	1.0000	0.0000	0.0000	0.0000
0.0000	0.0000	0.0000	0.0000	0.0000	0.0000	0.0000	0.0000	1.0000	0.0000	0.0000	0.0000
0.0000	0.0000	0.9895	0.0000	0.0000	0.0007	0.0098	0.0000	0.0000	0.0000	0.0000	0.0000
0.0000	0.0000	0.0000	0.0000	0.0000	0.0000	0.0000	0.0000	1.0000	0.0000	0.0000	0.0000
0.0000	0.0000	0.2128	0.0000	0.0000	0.0000	0.7872	0.0000	0.0000	0.0000	0.0000	0.0000
0.0000	0.0000	0.9473	0.0000	0.0000	0.0061	0.0466	0.0000	0.0000	0.0000	0.0000	0.0000
0.0000	0.0000	0.0000	0.0000	0.0000	0.0142	0.0415	0.0000	0.9443	0.0000	0.0000	0.0000
0.0000	0.0000	0.0000	0.0000	0.0000	0.0000	0.0000	0.0000	1.0000	0.0000	0.0000	0.0000
0.0000	0.0000	0.0000	0.0000	0.0000	0.0000	1.0000	0.0000	0.0000	0.0000	0.0000	0.0000
0.0000	0.0000	0.0000	0.0000	0.0000	0.0000	0.0000	0.0000	1.0000	0.0000	0.0000	0.0000
0.0000	0.0000	0.0000	0.0000	0.0000	0.0000	0.0000	0.0000	1.0000	0.0000	0.0000	0.0000
0.0000	0.0000	0.0000	0.0000	0.0000	0.0000	1.0000	0.0000	0.0000	0.0000	0.0000	0.0000
0.0000	0.0000	0.0000	0.0000	0.0000	0.0000	0.0000	0.0000	1.0000	0.0000	0.0000	0.0000
0.0000	0.0000	0.9997	0.0000	0.0000	0.0001	0.0002	0.0000	0.0000	0.0000	0.0000	0.0000
0.0000	0.0000	0.7335	0.0000	0.0000	0.0001	0.2664	0.0000	0.0000	0.0000	0.0000	0.0000
0.0000	0.0000	0.0016	0.0000	0.0000	0.0000	0.9984	0.0000	0.0000	0.0000	0.0000	0.0000
0.0000	0.0000	0.0000	0.0000	0.0000	0.0000	0.0000	0.0000	1.0000	0.0000	0.0000	0.0000
0.0000	0.0000	0.1311	0.0000	0.0000	0.0000	0.8689	0.0000	0.0000	0.0000	0.0000	0.0000
0.0000	0.0000	0.9954	0.0000	0.0000	0.0003	0.0043	0.0000	0.0000	0.0000	0.0000	0.0000
0.0000	0.0000	0.0000	0.0000	0.0000	0.0000	1.0000	0.0000	0.0000	0.0000	0.0000	0.0000
0.0000	0.0000	0.0001	0.0000	0.0000	0.0000	0.9998	0.0000	0.0001	0.0000	0.0000	0.0000
0.0000	0.0000	0.0000	0.0000	0.0000	0.0000	0.0000	0.0000	1.0000	0.0000	0.0000	0.0000
0.0000	0.0000	0.0001	0.0000	0.0000	0.0000	0.9999	0.0000	0.0000	0.0000	0.0000	0.0000
0.0000	0.0000	0.0000	0.0000	0.0000	0.0000	0.0000	0.0000	1.0000	0.0000	0.0000	0.0000
0.0000	0.0000	0.0000	0.0000	0.0000	0.0000	0.0000	0.0000	1.0000	0.0000	0.0000	0.0000
