0.0018	0.0000	0.0000	0.0000	0.0000	0.0000	0.0032	0.0000	0.0000	0.0009	0.0001	0.9940
0.0000	0.0000	0.0000	0.0000	0.0000	0.0000	0.0881	0.9118	0.0000	0.0000	0.0000	0.0000
0.0000	0.0000	0.0000	0.0000	0.0000	0.0000	0.0000	0.0000	0.0000	1.0000	0.0000	0.0000
0.2134	0.0000	0.0000	0.0000	0.0000	0.0000	0.0000	0.0000	0.0000	0.0024	0.7842	0.0000
0.0000	0.0000	0.0000	0.0000	0.0000	0.0000	0.0000	1.0000	0.0000	0.0000	0.0000	0.0000
0.0000	0.0000	0.0000	0.0000	0.0000	0.0000	0.0000	0.0000	1.0000	0.0000	0.0000	0.0000
0.0000	0.0000	0.0000	0.0000	0.0000	0.0000	0.0000	0.0000	0.0000	1.0000	0.0000	0.0000
0.0000	0.0005	0.9658	0.0000	0.0000	0.0318	0.0007	0.0006	0.0000	0.0000	0.0000	0.0007
0.9082	0.0000	0.0000	0.0000	0.0000	0.0000	0.0000	0.0000	0.0918	0.0000	0.0000	0.0000
0.0000	0.0000	0.0000	0.0000	0.0000	0.0000	0.0017	0.0000	0.0000	0.0004	0.0800	0.9179
0.0000	0.0000	0.0000	0.0000	0.0000	0.0000	0.0000	0.0000	0.9633	0.0366	0.0000	0.0000
0.0000	0.0000	0.0000	0.0000	0.0000	0.0000	0.0000	0.0000	0.9349	0.0651	0.0000	0.0000
0.0000	0.0000	0.0007	0.0000	0.0000	0.0000	0.8394	0.1581	0.0000	0.0002	0.0000	0.0015
0.0000	0.0000	0.0732	0.0000	0.0000	0.0002	0.0444	0.3004	0.0000	0.0000	0.0000	0.5817
0.0000	0.0000	0.0000	0.0000	0.0000	0.0000	0.0000	0.0000	0.0000	0.9955	0.0000	0.0044
0.0000	0.0000	0.0000	0.0000	0.0000	0.0000	0.0000	0.0000	0.0000	0.7692	0.0002	0.2306
0.0000	0.0000	0.0000	0.0000	0.0000	0.0000	0.0000	0.0000	0.0000	1.0000	0.0000	0.0000
0.0000	0.0000	0.0000	0.0000	0.0000	1.0000	0.0000	0.0000	0.0000	0.0000	0.0000	0.0000
0.7953	0.0017	0.0308	0.0000	0.0000	0.1369	0.0092	0.0002	0.0000	0.0240	0.0000	0.0019
0.0000	0.0000	0.0000	0.0000	0.0000	0.0000	0.0000	0.0000	1.0000	0.0000	0.0000	0.0000
0.0000	0.0000	0.0000	0.0046	0.0000	0.0000	0.0000	0.0000	0.0000	0.9954	0.0000	0.0000
0.0000	0.0000	0.9339	0.0000	0.0000	0.0659	0.0000	0.0000	0.0000	0.0000	0.0000	0.0001
0.0000	0.0000	0.0000	0.0009	0.0000	0.0000	0.0410	0.9554	0.0000	0.0022	0.0000	0.0006
0.8857	0.0000	0.0000	0.0000	0.0000	0.0000	0.0000	0.0000	0.1141	0.0002	0.0000	0.0000
0.0000	0.0000	0.0000	1.0000	0.0000	0.0000	0.0000	0.0000	0.0000	0.0000	0.0000	0.0000
0.0000	0.0000	0.0000	1.0000	0.0000	0.0000	0.0000	0.0000	0.0000	0.0000	0.0000	0.0000
0.0000	0.1575	0.8386	0.0000	0.0000	0.0021	0.0000	0.0018	0.0000	0.0000	0.0000	0.0000
0.0000	0.0370	0.8860	0.0000	0.0000	0.0404	0.0121	0.0076	0.0000	0.0000	0.0000	0.0168
0.0000	0.0000	0.0000	0.0000	0.0000	0.0000	0.0000	1.0000	0.0000	0.0000	0.0000	0.0000
0.9959	0.0000	0.0000	0.0021	0.0000	0.0000	0.0000	0.0000	0.0000	0.0000	0.0003	0.0017
0.0000	0.0000	0.0000	0.0000	0.0000	0.0012	0.0000	0.9860	0.0000	0.0000	0.0000	0.0127
0.0000	0.0000	0.0000	0.0630	0.0000	0.0000	0.0000	0.0000	0.0000	0.7788	0.0028	0.1554
0.0000	0.0000	0.0000	0.0002	0.0000	0.0000	0.0000	0.0000	0.0000	0.9998	0.0000	0.0001
0.0000	0.0000	0.0000	0.0000	0.0000	0.0000	0.0000	0.0000	0.0000	0.8165	0.0000	0.1835
0.0000	0.0115	0.9677	0.0000	0.0000	0.0001	0.0014	0.0193	0.0000	0.0000	0.0000	0.0000
0.0000	0.0089	0.9665	0.0000	0.0000	0.0156	0.0004	0.0084	0.0000	0.0000	0.0000	0.0003
0.0000	0.0001	0.2766	0.0000	0.0000	0.0001	0.0070	0.7153	0.0000	0.0000	0.0000	0.0009
0.0001	0.0000	0.0000	0.0000	0.0000	0.0000	0.0105	0.0259	0.0000	0.8404	0.0002	0.1229
0.0000	0.0101	0.0003	0.0000	0.0000	0.1954	0.0155	0.7748	0.0000	0.0000	0.0000	0.0039
0.0001	0.0000	0.0041	0.0000	0.0000	0.0001	0.0573	0.0163	0.0000	0.0050	0.0000	0.9171
0.9625	0.0000	0.0000	0.0000	0.0000	0.0002	0.0000	0.0000	0.0000	0.0373	0.0000	0.0000
0.9990	0.0000	0.0000	0.0000	0.0000	0.0000	0.0000	0.0000	0.0001	0.0009	0.0000	0.0000
0.0000	0.0000	0.0002	0.0000	0.0000	0.0000	0.3368	0.4471	0.0000	0.0029	0.0000	0.2129
0.0000	0.0000	0.0007	0.0000	0.0000	0.0048	0.0000	0.0197	0.0000	0.9642	0.0011	0.0095
0.0000	0.0000	0.0005	0.0000	0.0000	0.0000	0.0098	0.9897	0.0000	0.0000	0.0000	0.0000
0.9846	0.0000	0.0000	0.0000	0.0000	0.0000	0.0000	0.0000	0.0000	0.0009	0.0145	0.0000
0.0000	0.0000	0.0009	0.0000	0.0000	0.0000	0.9435	0.0556	0.0000	0.0000	0.0000	0.0000
0.0000	0.0000	0.0000	0.0000	0.0000	0.0000	0.0000	0.0000	1.0000	0.0000	0.0000	0.0000
0.0000	0.8122	0.1844	0.0000	0.0000	0.0001	0.0001	0.0001	0.0000	0.0017	0.0014	0.0000
0.0011	0.0120	0.0000	0.0000	0.0000	0.0000	0.9028	0.0737	0.0000	0.0091	0.0000	0.0014
0.0169	0.0038	0.0000	0.0000	0.0000	0.0000	0.9130	0.0031	0.0000	0.0606	0.0000	0.0027
0.0000	0.0000	0.0000	0.0000	0.0000	0.0000	0.0000	0.0000	0.0000	1.0000	0.0000	0.0000
0.0000	0.9362	0.0638	0.0000	0.0000	0.0000	0.0000	0.0000	0.0000	0.0000	0.0000	0.0000
0.0000	0.0099	0.2884	0.0000	0.0000	0.6938	0.0024	0.0042	0.0000	0.0000	0.0000	0.0013
0.0000	0.0010	0.9754	0.0000	0.0000	0.0231	0.0001	0.0004	0.0000	0.0000	0.0000	0.0000
0.0000	0.0000	0.0000	0.0000	0.0000	0.0000	0.0000	0.0000	0.0000	0.0028	0.0422	0.9551
0.0000	0.0000	0.0000	0.0000	0.0000	0.0000	0.0000	0.0000	0.0000	0.4111	0.0415	0.5474
0.0000	0.0000	0.0000	0.0000	0.0000	0.0000	0.0000	0.0000	0.2436	0.7564	0.0000	0.0000
0.0000	0.0000	0.0000	0.0000	0.0000	0.0000	0.0000	0.0000	0.9095	0.0905	0.0000	0.0000
0.0000	0.0000	0.9621	0.0000	0.0000	0.0002	0.0172	0.0003	0.0000	0.0000	0.0000	0.0202
0.0000	0.7811	0.1658	0.0000	0.0000	0.0285	0.0011	0.0235	0.0000	0.0000	0.0000	0.0000
0.0000	0.0000	0.0000	0.0000	0.0000	0.0000	0.0689	0.0000	0.0000	0.0003	0.0000	0.9307
0.0000	0.0000	0.0000	0.0000	0.0000	0.0023	0.0523	0.0035	0.0000	0.2434	0.0000	0.6985
0.0000	0.0000	0.0000	0.0000	0.0000	0.0000	0.0000	0.0000	0.9982	0.0018	0.0000	0.0000
0.0000	0.2606	0.6203	0.0000	0.0000	0.0024	0.1066	0.0001	0.0000	0.0000	0.0000	0.0099
0.0000	0.0000	0.0000	1.0000	0.0000	0.0000	0.0000	0.0000	0.0000	0.0000	0.0000	0.0000
0.9342	0.0000	0.0000	0.0000	0.0000	0.0000	0.0000	0.0000	0.0658	0.0000	0.0000	0.0000
0.0381	0.0000	0.0000	0.0000	0.0000	0.0000	0.0000	0.0000	0.9619	0.0000	0.0000	0.0000
0.0000	0.9724	0.0163	0.0000	0.0000	0.0092	0.0003	0.0001	0.0000	0.0000	0.0000	0.0016
0.0000	0.0000	0.0000	0.0000	0.0000	0.0000	0.0000	0.0107	0.0000	0.0000	0.0000	0.9893
0.0000	0.0000	0.0000	0.0000	0.0000	0.0048	0.0003	0.0352	0.0000	0.0000	0.0000	0.9597
0.0000	0.0000	0.0000	0.0000	0.0000	0.0000	0.0000	0.0000	0.0000	0.7097	0.2903	0.0000
0.0000	0.0000	0.0000	0.0000	0.0000	0.0000	0.0000	0.0000	0.0000	1.0000	0.0000	0.0000
0.0005	0.0000	0.0000	0.0000	0.0000	0.9995	0.0000	0.0000	0.0000	0.0000	0.0000	0.0000
0.0000	0.0000	0.0000	0.0000	0.0000	0.0000	0.0000	0.9993	0.0001	0.0000	0.0000	0.0006
0.0000	0.0000	0.0000	0.0000	0.0000	0.0002	0.0000	0.0000	0.0000	0.0000	0.0001	0.9997
0.0000	0.0000	0.0000	0.9454	0.0000	0.0000	0.0000	0.0000	0.0000	0.0000	0.0546	0.0000
0.0000	0.0000	0.0000	0.0000	0.0000	0.0000	0.0001	0.9977	0.0000	0.0000	0.0000	0.0022
0.0000	0.0000	0.0000	0.0000	0.0000	0.0000	0.0000	0.0000	0.0000	0.3574	0.0003	0.6423
0.0000	0.0002	0.9003	0.0000	0.0000	0.0011	0.0018	0.0965	0.0000	0.0000	0.0000	0.0000
0.0000	0.0042	0.0717	0.0000	0.0000	0.9237	0.0000	0.0001	0.0000	0.0000	0.0000	0.0003
0.0000	0.0000	0.0002	0.0000	0.0000	0.0000	0.0446	0.9552	0.0000	0.0000	0.0000	0.0000
0.0001	0.0000	0.0000	0.0000	0.0000	0.0000	0.3676	0.6139	0.0000	0.0000	0.0000	0.0184
0.0000	0.0000	0.0003	0.0000	0.0000	0.0000	0.0000	0.0000	0.0000	0.0000	0.0000	0.9997
0.0000	0.0000	0.0000	0.0000	0.0000	0.0000	0.0000	0.0000	0.0000	0.0000	0.0000	1.0000
0.0006	0.0000	0.8584	0.0000	0.0000	0.1407	0.0000	0.0000	0.0000	0.0000	0.0000	0.0003
0.0008	0.0000	0.8321	0.0000	0.0000	0.1668	0.0000	0.0000	0.0000	0.0000	0.0000	0.0004
0.0008	0.0000	0.9297	0.0000	0.0000	0.0692	0.0000	0.0000	0.0000	0.0000	0.0000	0.0003
0.0000	0.0000	0.0223	0.0000	0.0000	0.0000	0.0000	0.0000	0.0000	0.0000	0.0000	0.9777
0.0000	0.0000	0.9959	0.0000	0.0000	0.0000	0.0000	0.0000	0.0000	0.0000	0.0000	0.0040
0.0000	0.0000	0.9762	0.0000	0.0000	0.0000	0.0000	0.0000	0.0000	0.0000	0.0000	0.0238
0.0000	0.0000	0.0000	0.0000	0.0000	0.0000	0.0000	0.0000	0.0000	0.0000	0.0000	1.0000
0.0000	0.0000	0.0000	0.0000	0.0000	0.0000	0.0000	0.0000	0.0000	0.0000	0.0000	1.0000
0.0000	0.0000	0.9590	0.0000	0.0000	0.0000	0.0000	0.0000	0.0000	0.0000	0.0000	0.0409
0.0001	0.0000	0.9548	0.0000	0.0000	0.0000	0.0000	0.0000	0.0000	0.0000	0.0000	0.0451
0.0000	0.0000	0.0000	0.0000	0.0000	0.0000	0.0000	0.0000	0.0000	0.0000	0.0000	1.0000
0.0000	0.0000	0.0000	0.0000	0.0000	0.0000	0.0000	0.0000	0.0000	0.0000	0.0000	1.0000
0.0001	0.0000	0.9948	0.0000	0.0000	0.0039	0.0000	0.0000	0.0000	0.0000	0.0000	0.0012
0.0000	0.0000	0.0000	0.0000	0.0000	0.0000	0.0000	0.0000	0.0000	0.0000	0.0000	1.0000
0.0000	0.0000	0.0000	0.0000	0.0000	0.0000	0.0000	0.0000	0.0000	0.0000	0.0000	1.0000
0.0000	0.0000	0.0000	0.0000	0.0000	0.0000	0.0000	0.0000	0.0000	0.0000	0.0000	1.0000
0.0000	0.0000	0.0000	0.0000	0.0000	0.0000	0.0000	0.0000	0.0000	0.0000	0.0000	1.0000
0.0001	0.0000	0.9403	0.0000	0.0000	0.0006	0.0000	0.0000	0.0000	0.0000	0.0000	0.0589
0.0032	0.0000	0.9797	0.0000	0.0000	0.0000	0.0000	0.0000	0.0000	0.0000	0.0000	0.0171
0.0000	0.0000	0.0000	0.0000	0.0000	0.0000	0.0000	0.0000	1.0000	0.0000	0.0000	0.0000
0.0000	0.0000	0.0000	0.0000	0.0000	0.0000	0.9999	0.0000	0.0000	0.0000	0.0000	0.0000
0.0000	0.0000	0.0001	0.0000	0.0000	0.0001	0.9998	0.0000	0.0000	0.0000	0.0000	0.0000
0.0000	0.0000	0.0000	0.0000	0.0000	0.0000	0.0000	0.0000	1.0000	0.0000	0.0000	0.0000
0.0000	0.0000	0.0000	0.0000	0.0000	0.0000	0.0000	0.0000	1.0000	0.0000	0.0000	0.0000
0.0000	0.0000	0.0000	0.0000	0.0000	0.0000	0.0000	0.0000	1.0000	0.0000	0.0000	0.0000
0.0000	0.0000	0.9835	0.0000	0.0000	0.0004	0.0161	0.0000	0.0000	0.0000	0.0000	0.0000
0.0000	0.0000	0.0000	0.0000	0.0000	0.0000	0.0000	0.0000	1.0000	0.0000	0.0000	0.0000
0.0000	0.0000	0.5771	0.0000	0.0000	0.0000	0.4229	0.0000	0.0000	0.0000	0.0000	0.0000
0.0000	0.0000	0.9585	0.0000	0.0000	0.0046	0.0369	0.0000	0.0000	0.0000	0.0000	0.0000
0.0000	0.0000	0.0000	0.0000	0.0000	0.0000	0.0000	0.0000	1.0000	0.0000	0.0000	0.0000
0.0000	0.0000	0.0000	0.0000	0.0000	0.0000	0.0000	0.0000	1.0000	0.0000	0.0000	0.0000
0.0000	0.0000	0.0000	0.0000	0.0000	0.0000	1.0000	0.0000	0.0000	0.0000	0.0000	0.0000
0.0000	0.0000	0.0000	0.0000	0.0000	0.0000	0.0000	0.0000	1.0000	0.0000	0.0000	0.0000
0.0000	0.0000	0.0000	0.0000	0.0000	0.0000	0.0000	0.0000	1.0000	0.0000	0.0000	0.0000
0.0000	0.0000	0.0000	0.0000	0.0000	0.0000	1.0000	0.0000	0.0000	0.0000	0.0000	0.0000
0.0000	0.0000	0.0000	0.0000	0.0000	0.0000	0.0000	0.0000	1.0000	0.0000	0.0000	0.0000
0.0000	0.0000	0.9983	0.0000	0.0000	0.0002	0.0015	0.0000	0.0000	0.0000	0.0000	0.0000
0.0000	0.0000	0.2181	0.0000	0.0000	0.0000	0.7818	0.0000	0.0000	0.0000	0.0000	0.0000
0.0000	0.0000	0.0008	0.0000	0.0000	0.0000	0.9992	0.0000	0.0000	0.0000	0.0000	0.0000
0.0000	0.0000	0.0000	0.0000	0.0000	0.0000	0.0000	0.0000	1.0000	0.0000	0.0000	0.0000
0.0000	0.0000	0.0275	0.0000	0.0000	0.0000	0.9725	0.0000	0.0000	0.0000	0.0000	0.0000
0.0000	0.0000	0.9830	0.0000	0.0000	0.0005	0.0166	0.0000	0.0000	0.0000	0.0000	0.0000
0.0000	0.0000	0.0001	0.0000	0.0000	0.0000	0.9999	0.0000	0.0000	0.0000	0.0000	0.0000
0.0000	0.0000	0.0001	0.0000	0.0000	0.0000	0.9999	0.0000	0.0000	0.0000	0.0000	0.0000
0.0000	0.0000	0.0000	0.0000	0.0000	0.0000	0.0000	0.0000	1.0000	0.0000	0.0000	0.0000
0.0000	0.0000	0.0376	0.0000	0.0000	0.0000	0.9624	0.0000	0.0000	0.0000	0.0000	0.0000
0.0000	0.0000	0.0000	0.0000	0.0000	0.0000	0.0000	0.0000	1.0000	0.0000	0.0000	0.0000
0.0000	0.0000	0.0000	0.0000	0.0000	0.0000	0.0000	0.0000	1.0000	0.0000	0.0000	0.0000
