0.0132	0.0000	0.0000	0.0000	0.0000	0.0000	0.0003	0.0000	0.0000	0.0007	0.0000	0.9857
0.0000	0.0000	0.0000	0.0000	0.0000	0.0001	0.1567	0.8427	0.0000	0.0000	0.0000	0.0005
0.0001	0.0000	0.0000	0.0000	0.0000	0.0000	0.0000	0.0000	0.0000	0.9998	0.0000	0.0001
0.0153	0.0000	0.0000	0.0000	0.0000	0.0000	0.0000	0.0000	0.0000	0.0021	0.9826	0.0000
0.0000	0.0000	0.0000	0.0000	0.0000	0.0000	0.0000	0.9998	0.0000	0.0000	0.0000	0.0002
0.0000	0.0000	0.0000	0.0000	0.0000	0.0000	0.0000	0.0000	0.9998	0.0002	0.0000	0.0000
0.0000	0.0000	0.0000	0.0000	0.0000	0.0000	0.0000	0.0000	0.0000	1.0000	0.0000	0.0000
0.0006	0.0091	0.8178	0.0000	0.0000	0.1440	0.0168	0.0072	0.0000	0.0000	0.0000	0.0044
0.5523	0.0000	0.0000	0.0000	0.0000	0.0000	0.0000	0.0000	0.4477	0.0000	0.0000	0.0000
0.0000	0.0000	0.0000	0.0000	0.0000	0.0000	0.0020	0.0000	0.0000	0.0004	0.0011	0.9965
0.0000	0.0000	0.0000	0.0000	0.0000	0.9878	0.0000	0.0000	0.0008	0.0114	0.0000	0.0000
0.0000	0.0000	0.0000	0.0000	0.0000	0.3712	0.0000	0.0000	0.0117	0.6171	0.0000	0.0000
0.0001	0.0001	0.0003	0.0000	0.0000	0.0000	0.9356	0.0453	0.0000	0.0005	0.0000	0.0180
0.0001	0.0047	0.0533	0.0000	0.0000	0.0135	0.1370	0.3581	0.0000	0.0003	0.0000	0.4331
0.0000	0.0000	0.0000	0.0000	0.0000	0.0000	0.0000	0.0000	0.0000	0.9984	0.0001	0.0015
0.0000	0.0000	0.0000	0.0000	0.0000	0.0000	0.0000	0.0000	0.0000	0.9775	0.0004	0.0220
0.0000	0.0000	0.0000	0.0000	0.0000	0.0000	0.0000	0.0000	0.0000	0.9997	0.0000	0.0003
0.0000	0.0000	0.0000	0.0000	0.0000	1.0000	0.0000	0.0000	0.0000	0.0000	0.0000	0.0000
0.5841	0.0024	0.0392	0.0000	0.0000	0.3606	0.0068	0.0006	0.0000	0.0005	0.0000	0.0059
0.0000	0.0000	0.0000	0.0000	0.0000	0.0000	0.0000	0.0000	0.9586	0.0413	0.0000	0.0000
0.0000	0.0000	0.0000	0.1475	0.0000	0.0000	0.0000	0.0000	0.0002	0.8520	0.0000	0.0003
0.0001	0.0000	0.7708	0.0002	0.0000	0.2287	0.0000	0.0000	0.0000	0.0000	0.0000	0.0001
0.0000	0.0001	0.0000	0.0354	0.0000	0.0000	0.8667	0.0494	0.0000	0.0434	0.0000	0.0050
0.9836	0.0000	0.0000	0.0000	0.0000	0.0000	0.0000	0.0000	0.0160	0.0004	0.0000	0.0000
0.0000	0.0000	0.0000	1.0000	0.0000	0.0000	0.0000	0.0000	0.0000	0.0000	0.0000	0.0000
0.0000	0.0000	0.0000	0.9999	0.0000	0.0000	0.0000	0.0000	0.0000	0.0000	0.0001	0.0000
0.0000	0.6350	0.3314	0.0000	0.0000	0.0313	0.0003	0.0019	0.0000	0.0000	0.0000	0.0001
0.0165	0.1722	0.2851	0.0000	0.0000	0.3239	0.0323	0.0119	0.0000	0.0001	0.0000	0.1582
0.0000	0.0000	0.0000	0.0000	0.0000	0.0000	0.0000	1.0000	0.0000	0.0000	0.0000	0.0000
1.0000	0.0000	0.0000	0.0000	0.0000	0.0000	0.0000	0.0000	0.0000	0.0000	0.0000	0.0000
0.0003	0.0000	0.0003	0.0026	0.0000	0.1977	0.0001	0.1507	0.0000	0.0003	0.0000	0.6479
0.0000	0.0000	0.0000	0.0251	0.0000	0.0000	0.0000	0.0000	0.0000	0.9737	0.0000	0.0012
0.0000	0.0000	0.0000	0.0000	0.0000	0.0000	0.0000	0.0000	0.0000	0.9994	0.0000	0.0005
0.0000	0.0000	0.0000	0.0000	0.0000	0.0000	0.0000	0.0000	0.0000	0.9910	0.0000	0.0090
0.0000	0.4066	0.4238	0.0002	0.0000	0.0186	0.0618	0.0887	0.0000	0.0000	0.0000	0.0002
0.0000	0.2486	0.6512	0.0000	0.0000	0.0792	0.0053	0.0129	0.0000	0.0000	0.0000	0.0028
0.0001	0.0014	0.4707	0.0001	0.0000	0.0014	0.0505	0.4390	0.0000	0.0000	0.0000	0.0367
0.0020	0.0000	0.0000	0.0000	0.0000	0.0000	0.0123	0.0052	0.0000	0.0914	0.0000	0.8891
0.0068	0.2727	0.0024	0.0000	0.0000	0.5500	0.0317	0.1005	0.0000	0.0016	0.0000	0.0343
0.0018	0.0009	0.0081	0.0000	0.0000	0.0005	0.0150	0.0008	0.0000	0.0054	0.0000	0.9676
0.8967	0.0000	0.0000	0.0000	0.0000	0.0044	0.0000	0.0000	0.0000	0.0989	0.0000	0.0000
0.9976	0.0000	0.0000	0.0000	0.0000	0.0000	0.0000	0.0000	0.0008	0.0016	0.0000	0.0000
0.0000	0.0002	0.0001	0.0000	0.0000	0.0000	0.0615	0.0706	0.0000	0.0051	0.0000	0.8625
0.0000	0.0000	0.0003	0.0000	0.0000	0.0001	0.0001	0.9867	0.0000	0.0058	0.0000	0.0070
0.0000	0.0000	0.0000	0.0000	0.0000	0.0000	0.1466	0.8529	0.0000	0.0001	0.0000	0.0003
0.9939	0.0000	0.0000	0.0000	0.0000	0.0000	0.0000	0.0000	0.0000	0.0002	0.0058	0.0001
0.0000	0.0000	0.0001	0.0000	0.0000	0.0000	0.9704	0.0295	0.0000	0.0000	0.0000	0.0000
0.0000	0.0000	0.0000	0.0000	0.0000	0.0000	0.0000	0.0000	1.0000	0.0000	0.0000	0.0000
0.0000	0.6307	0.3593	0.0000	0.0000	0.0012	0.0063	0.0006	0.0000	0.0001	0.0007	0.0012
0.0018	0.0004	0.0000	0.0000	0.0000	0.0003	0.9425	0.0075	0.0000	0.0011	0.0000	0.0463
0.0407	0.0015	0.0000	0.0000	0.0000	0.0000	0.8610	0.0026	0.0000	0.0279	0.0000	0.0663
0.0000	0.0000	0.0000	0.0000	0.0000	0.0000	0.0000	0.0000	0.0000	1.0000	0.0000	0.0000
0.0000	0.9237	0.0763	0.0000	0.0000	0.0000	0.0000	0.0000	0.0000	0.0000	0.0000	0.0000
0.0000	0.0608	0.2064	0.0000	0.0000	0.7064	0.0163	0.0045	0.0000	0.0000	0.0000	0.0056
0.0000	0.0216	0.7359	0.0000	0.0000	0.2382	0.0017	0.0018	0.0000	0.0000	0.0000	0.0008
0.0000	0.0000	0.0000	0.0000	0.0000	0.0000	0.0000	0.0000	0.0000	0.0015	0.0019	0.9966
0.0000	0.0000	0.0000	0.0000	0.0000	0.0000	0.0001	0.0000	0.0000	0.1431	0.0027	0.8541
0.0000	0.0000	0.0000	0.0000	0.0000	0.0125	0.0000	0.0000	0.0045	0.9829	0.0000	0.0000
0.0004	0.0000	0.0000	0.0000	0.0000	0.1151	0.0000	0.0000	0.0222	0.8623	0.0000	0.0000
0.0000	0.0003	0.8743	0.0000	0.0000	0.0209	0.0568	0.0006	0.0000	0.0000	0.0000	0.0471
0.0000	0.9847	0.0081	0.0000	0.0000	0.0064	0.0003	0.0005	0.0000	0.0000	0.0000	0.0000
0.0001	0.0000	0.0004	0.0000	0.0000	0.0000	0.1427	0.0001	0.0000	0.0035	0.0000	0.8532
0.0000	0.0000	0.0000	0.0000	0.0000	0.0026	0.1073	0.0190	0.0000	0.1090	0.0000	0.7621
0.0000	0.0000	0.0000	0.0000	0.0000	0.0000	0.0000	0.0000	1.0000	0.0000	0.0000	0.0000
0.0000	0.6657	0.2272	0.0000	0.0000	0.0251	0.0744	0.0031	0.0000	0.0000	0.0000	0.0045
0.0000	0.0000	0.0000	1.0000	0.0000	0.0000	0.0000	0.0000	0.0000	0.0000	0.0000	0.0000
0.8418	0.0000	0.0000	0.0000	0.0000	0.0000	0.0000	0.0000	0.1582	0.0000	0.0000	0.0000
0.2692	0.0000	0.0000	0.0000	0.0000	0.0000	0.0000	0.0000	0.7308	0.0000	0.0000	0.0000
0.0000	0.9916	0.0022	0.0000	0.0000	0.0057	0.0001	0.0000	0.0000	0.0000	0.0000	0.0003
0.0000	0.0002	0.0000	0.0000	0.0000	0.0000	0.0001	0.0028	0.0000	0.0000	0.0000	0.9969
0.0000	0.0758	0.0000	0.0000	0.0000	0.0011	0.0001	0.0735	0.0000	0.0000	0.0000	0.8496
0.0000	0.0000	0.0000	0.0000	0.0000	0.0000	0.0000	0.0000	0.0000	0.9996	0.0002	0.0001
0.0000	0.0000	0.0000	0.0000	0.0000	0.0000	0.0000	0.0000	0.0000	1.0000	0.0000	0.0000
0.0000	0.0000	0.0000	0.0000	0.0000	1.0000	0.0000	0.0000	0.0000	0.0000	0.0000	0.0000
0.0000	0.0000	0.0000	0.0000	0.0000	0.0000	0.0002	0.6257	0.0018	0.0000	0.0000	0.3722
0.0000	0.0000	0.0000	0.0000	0.0000	0.0000	0.0000	0.0000	0.0000	0.0000	0.0000	1.0000
0.0000	0.0000	0.0000	0.4443	0.0000	0.0126	0.0000	0.0000	0.0000	0.0618	0.3547	0.1265
0.0005	0.0000	0.0001	0.0000	0.0000	0.0000	0.0046	0.9278	0.0000	0.0001	0.0000	0.0669
0.0000	0.0000	0.0000	0.0000	0.0000	0.0000	0.0000	0.0000	0.0000	0.1397	0.0000	0.8603
0.0000	0.0266	0.6083	0.0000	0.0000	0.0318	0.0245	0.3073	0.0000	0.0000	0.0000	0.0015
0.0000	0.0790	0.0589	0.0000	0.0000	0.8612	0.0000	0.0003	0.0000	0.0000	0.0000	0.0007
0.0000	0.0000	0.0002	0.0000	0.0000	0.0000	0.5784	0.4213	0.0000	0.0000	0.0000	0.0001
0.0001	0.0000	0.0000	0.0000	0.0000	0.0000	0.4621	0.2883	0.0000	0.0000	0.0000	0.2496
0.0000	0.0000	0.0010	0.0000	0.0000	0.0000	0.0000	0.0000	0.0000	0.0000	0.0000	0.9990
0.0000	0.0000	0.0000	0.0000	0.0000	0.0000	0.0000	0.0000	0.0000	0.0000	0.0000	1.0000
0.0006	0.0000	0.8655	0.0003	0.0000	0.1335	0.0000	0.0000	0.0000	0.0000	0.0000	0.0000
0.0008	0.0000	0.8238	0.0003	0.0000	0.1752	0.0000	0.0000	0.0000	0.0000	0.0000	0.0000
0.0007	0.0000	0.9657	0.0001	0.0000	0.0334	0.0000	0.0000	0.0000	0.0000	0.0000	0.0000
0.0000	0.0000	0.0322	0.0000	0.0000	0.0000	0.0000	0.0000	0.0000	0.0000	0.0000	0.9677
0.0000	0.0000	0.9947	0.0000	0.0000	0.0000	0.0000	0.0000	0.0000	0.0000	0.0000	0.0052
0.0000	0.0000	0.9388	0.0000	0.0000	0.0000	0.0000	0.0000	0.0000	0.0000	0.0000	0.0612
0.0000	0.0000	0.0000	0.0000	0.0000	0.0000	0.0000	0.0000	0.0000	0.0000	0.0000	1.0000
0.0000	0.0000	0.0000	0.0000	0.0000	0.0000	0.0000	0.0000	0.0000	0.0000	0.0000	1.0000
0.0000	0.0000	0.9706	0.0000	0.0000	0.0000	0.0000	0.0000	0.0000	0.0000	0.0000	0.0294
0.0005	0.0000	0.9508	0.0000	0.0000	0.0000	0.0000	0.0000	0.0000	0.0000	0.0000	0.0487
0.0000	0.0000	0.0000	0.0000	0.0000	0.0000	0.0000	0.0000	0.0000	0.0000	0.0000	1.0000
0.0000	0.0000	0.0000	0.0000	0.0000	0.0000	0.0000	0.0000	0.0000	0.0000	0.0000	1.0000
0.0000	0.0000	0.9981	0.0000	0.0000	0.0018	0.0000	0.0000	0.0000	0.0000	0.0000	0.0001
0.0000	0.0000	0.0053	0.0000	0.0000	0.0000	0.0000	0.0000	0.0000	0.0000	0.0000	0.9947
0.0000	0.0000	0.0000	0.0000	0.0000	0.0000	0.0000	0.0000	0.0000	0.0000	0.0000	1.0000
0.0000	0.0000	0.0000	0.0000	0.0000	0.0000	0.0000	0.0000	0.0000	0.0000	0.0000	1.0000
0.0000	0.0000	0.0000	0.0000	0.0000	0.0000	0.0000	0.0000	0.0000	0.0000	0.0000	1.0000
0.0000	0.0000	0.9908	0.0000	0.0000	0.0000	0.0000	0.0000	0.0000	0.0000	0.0000	0.0091
0.0007	0.0000	0.9956	0.0000	0.0000	0.0000	0.0000	0.0000	0.0000	0.0000	0.0000	0.0036
0.0000	0.0000	0.0000	0.0000	0.0000	0.0000	0.0000	0.0000	1.0000	0.0000	0.0000	0.0000
0.0000	0.0000	0.0000	0.0000	0.0000	0.0000	1.0000	0.0000	0.0000	0.0000	0.0000	0.0000
0.0000	0.0000	0.0006	0.0000	0.0000	0.0002	0.9992	0.0000	0.0000	0.0000	0.0000	0.0000
0.0000	0.0000	0.0000	0.0000	0.0000	0.0000	0.0000	0.0000	1.0000	0.0000	0.0000	0.0000
0.0000	0.0000	0.0000	0.0000	0.0000	0.0000	0.0000	0.0000	1.0000	0.0000	0.0000	0.0000
0.0000	0.0000	0.0000	0.0000	0.0000	0.0000	0.0000	0.0000	1.0000	0.0000	0.0000	0.0000
0.0000	0.0000	0.8338	0.0000	0.0000	0.0107	0.1555	0.0000	0.0000	0.0000	0.0000	0.0000
0.0000	0.0000	0.0000	0.0000	0.0000	0.0000	0.0000	0.0000	1.0000	0.0000	0.0000	0.0000
0.0000	0.0000	0.0652	0.0000	0.0000	0.0000	0.9348	0.0000	0.0000	0.0000	0.0000	0.0000
0.0000	0.0000	0.9112	0.0000	0.0000	0.0282	0.0605	0.0000	0.0000	0.0000	0.0000	0.0000
0.0000	0.0000	0.0000	0.0000	0.0000	0.0133	0.0055	0.0000	0.9813	0.0000	0.0000	0.0000
0.0000	0.0000	0.0000	0.0000	0.0000	0.0000	0.0000	0.0000	1.0000	0.0000	0.0000	0.0000
0.0000	0.0000	0.0000	0.0000	0.0000	0.0000	1.0000	0.0000	0.0000	0.0000	0.0000	0.0000
0.0000	0.0000	0.0000	0.0000	0.0000	0.0000	0.0000	0.0000	1.0000	0.0000	0.0000	0.0000
0.0000	0.0000	0.0000	0.0000	0.0000	0.0000	0.0000	0.0000	1.0000	0.0000	0.0000	0.0000
0.0000	0.0000	0.0000	0.0000	0.0000	0.0000	1.0000	0.0000	0.0000	0.0000	0.0000	0.0000
0.0000	0.0000	0.0000	0.0000	0.0000	0.0000	0.0000	0.0000	1.0000	0.0000	0.0000	0.0000
0.0000	0.0000	0.9929	0.0000	0.0000	0.0036	0.0036	0.0000	0.0000	0.0000	0.0000	0.0000
0.0000	0.0000	0.2968	0.0000	0.0000	0.0008	0.7023	0.0000	0.0000	0.0000	0.0000	0.0000
0.0000	0.0000	0.0032	0.0000	0.0000	0.0000	0.9968	0.0000	0.0000	0.0000	0.0000	0.0000
0.0000	0.0000	0.0000	0.0000	0.0000	0.0000	0.0000	0.0000	1.0000	0.0000	0.0000	0.0000
0.0000	0.0000	0.0805	0.0000	0.0000	0.0000	0.9195	0.0000	0.0000	0.0000	0.0000	0.0000
0.0000	0.0000	0.9305	0.0000	0.0000	0.0144	0.0552	0.0000	0.0000	0.0000	0.0000	0.0000
0.0000	0.0000	0.0000	0.0000	0.0000	0.0000	1.0000	0.0000	0.0000	0.0000	0.0000	0.0000
0.0000	0.0000	0.0001	0.0000	0.0000	0.0000	0.9999	0.0000	0.0000	0.0000	0.0000	0.0000
0.0000	0.0000	0.0000	0.0000	0.0000	0.0000	0.0000	0.0000	1.0000	0.0000	0.0000	0.0000
0.0000	0.0000	0.0002	0.0000	0.0000	0.0000	0.9998	0.0000	0.0000	0.0000	0.0000	0.0000
0.0000	0.0000	0.0000	0.0000	0.0000	0.0000	0.0000	0.0000	1.0000	0.0000	0.0000	0.0000
0.0000	0.0000	0.0000	0.0000	0.0000	0.0000	0.0000	0.0000	1.0000	0.0000	0.0000	0.0000
