0.2628	0.0000	0.0000	0.0000	0.0000	0.0000	0.0006	0.0000	0.0000	0.0000	0.0000	0.7365
0.0000	0.0000	0.0000	0.0000	0.0000	0.0000	0.5801	0.4198	0.0000	0.0000	0.0000	0.0000
0.0006	0.0000	0.0000	0.0000	0.0000	0.0000	0.0000	0.0000	0.0000	0.9994	0.0000	0.0000
0.0626	0.0000	0.0000	0.0000	0.0000	0.0000	0.0000	0.0000	0.0000	0.0002	0.9372	0.0000
0.0000	0.0000	0.0000	0.0000	0.0000	0.0000	0.0000	1.0000	0.0000	0.0000	0.0000	0.0000
0.0000	0.0000	0.0000	0.0000	0.0000	0.0000	0.0000	0.0000	1.0000	0.0000	0.0000	0.0000
0.0000	0.0000	0.0000	0.0000	0.0000	0.0000	0.0000	0.0000	0.0000	1.0000	0.0000	0.0000
0.0009	0.0092	0.9005	0.0000	0.0000	0.0087	0.0778	0.0027	0.0000	0.0000	0.0000	0.0002
0.5027	0.0000	0.0000	0.0000	0.0000	0.0000	0.0000	0.0000	0.4973	0.0000	0.0000	0.0000
0.0000	0.0000	0.0000	0.0000	0.0000	0.0000	0.0192	0.0000	0.0000	0.0000	0.0014	0.9793
0.0000	0.0000	0.0000	0.0000	0.0000	0.0813	0.0000	0.0000	0.6418	0.2768	0.0000	0.0000
0.0000	0.0000	0.0000	0.0000	0.0000	0.0000	0.0000	0.0000	0.7732	0.2268	0.0000	0.0000
0.0001	0.0000	0.0020	0.0000	0.0000	0.0000	0.9629	0.0340	0.0000	0.0000	0.0000	0.0011
0.0000	0.0006	0.5665	0.0000	0.0000	0.0001	0.1414	0.2787	0.0000	0.0000	0.0000	0.0128
0.0000	0.0000	0.0000	0.0000	0.0000	0.0000	0.0000	0.0000	0.0000	0.9990	0.0000	0.0010
0.0000	0.0000	0.0000	0.0000	0.0000	0.0000	0.0000	0.0000	0.0000	0.6677	0.0032	0.3291
0.0000	0.0000	0.0000	0.0000	0.0000	0.0000	0.0000	0.0000	0.0000	1.0000	0.0000	0.0000
0.0000	0.0000	0.0000	0.0000	0.0000	1.0000	0.0000	0.0000	0.0000	0.0000	0.0000	0.0000
0.9330	0.0001	0.0016	0.0000	0.0000	0.0641	0.0010	0.0000	0.0000	0.0000	0.0000	0.0001
0.0000	0.0000	0.0000	0.0000	0.0000	0.0000	0.0000	0.0000	1.0000	0.0000	0.0000	0.0000
0.0000	0.0000	0.0000	0.0005	0.0000	0.0000	0.0000	0.0000	0.0037	0.9958	0.0000	0.0000
0.0000	0.0000	0.9936	0.0000	0.0000	0.0064	0.0000	0.0000	0.0000	0.0000	0.0000	0.0000
0.0000	0.0000	0.0061	0.7336	0.0000	0.0000	0.2261	0.0341	0.0000	0.0000	0.0000	0.0001
0.9994	0.0000	0.0000	0.0000	0.0000	0.0000	0.0000	0.0000	0.0006	0.0000	0.0000	0.0000
0.0000	0.0000	0.0000	1.0000	0.0000	0.0000	0.0000	0.0000	0.0000	0.0000	0.0000	0.0000
0.0000	0.0000	0.0000	1.0000	0.0000	0.0000	0.0000	0.0000	0.0000	0.0000	0.0000	0.0000
0.0000	0.4785	0.5121	0.0000	0.0000	0.0054	0.0005	0.0035	0.0000	0.0000	0.0000	0.0000
0.0022	0.0831	0.9071	0.0000	0.0000	0.0001	0.0068	0.0005	0.0000	0.0000	0.0000	0.0002
0.0000	0.0000	0.0000	0.0000	0.0000	0.0000	0.0000	1.0000	0.0000	0.0000	0.0000	0.0000
0.9994	0.0000	0.0000	0.0001	0.0000	0.0000	0.0000	0.0000	0.0000	0.0000	0.0000	0.0005
0.0000	0.0000	0.0000	0.0000	0.0000	0.0045	0.0001	0.9520	0.0000	0.0000	0.0000	0.0433
0.0000	0.0000	0.0000	1.0000	0.0000	0.0000	0.0000	0.0000	0.0000	0.0000	0.0000	0.0000
0.0000	0.0000	0.0000	0.8421	0.0000	0.0000	0.0000	0.0000	0.0000	0.1215	0.0000	0.0364
0.0000	0.0000	0.0000	0.0000	0.0000	0.0000	0.0000	0.0000	0.0000	0.0233	0.0000	0.9766
0.0000	0.0004	0.9703	0.0000	0.0000	0.0000	0.0268	0.0025	0.0000	0.0000	0.0000	0.0000
0.0000	0.0027	0.9927	0.0000	0.0000	0.0022	0.0017	0.0008	0.0000	0.0000	0.0000	0.0000
0.0000	0.0000	0.9846	0.0000	0.0000	0.0000	0.0107	0.0046	0.0000	0.0000	0.0000	0.0001
0.0053	0.0000	0.0000	0.0000	0.0000	0.0000	0.2159	0.0018	0.0000	0.0025	0.0000	0.7745
0.0132	0.0041	0.0590	0.0000	0.0000	0.0028	0.4643	0.4536	0.0000	0.0003	0.0000	0.0027
0.0708	0.0009	0.0209	0.0000	0.0000	0.0000	0.2425	0.0001	0.0000	0.0064	0.0000	0.6585
0.9351	0.0000	0.0000	0.0000	0.0000	0.0000	0.0000	0.0000	0.0000	0.0649	0.0000	0.0000
0.9999	0.0000	0.0000	0.0000	0.0000	0.0000	0.0000	0.0000	0.0000	0.0001	0.0000	0.0000
0.0000	0.0000	0.0000	0.0000	0.0000	0.0000	0.6322	0.1413	0.0000	0.0001	0.0000	0.2264
0.0000	0.0000	0.0000	0.0000	0.0000	0.0000	0.0000	0.9999	0.0000	0.0001	0.0000	0.0000
0.0000	0.0000	0.0001	0.0000	0.0000	0.0000	0.1208	0.8791	0.0000	0.0000	0.0000	0.0000
0.9998	0.0000	0.0000	0.0000	0.0000	0.0000	0.0000	0.0000	0.0000	0.0000	0.0002	0.0000
0.0000	0.0000	0.0000	0.0000	0.0000	0.0000	0.9957	0.0042	0.0000	0.0000	0.0000	0.0000
0.0000	0.0000	0.0000	0.0000	0.0000	0.0000	0.0000	0.0000	1.0000	0.0000	0.0000	0.0000
0.0000	0.7977	0.1795	0.0000	0.0000	0.0004	0.0214	0.0004	0.0000	0.0004	0.0001	0.0000
0.0010	0.0000	0.0000	0.0000	0.0000	0.0002	0.9825	0.0140	0.0000	0.0008	0.0000	0.0016
0.3548	0.0000	0.0000	0.0000	0.0000	0.0000	0.2624	0.0017	0.0000	0.3514	0.0000	0.0297
0.0000	0.0000	0.0000	0.0000	0.0000	0.0000	0.0000	0.0000	0.0000	1.0000	0.0000	0.0000
0.0000	0.8198	0.1802	0.0000	0.0000	0.0000	0.0000	0.0000	0.0000	0.0000	0.0000	0.0000
0.0000	0.0050	0.0902	0.0000	0.0000	0.8698	0.0254	0.0094	0.0000	0.0000	0.0000	0.0001
0.0000	0.0108	0.8974	0.0000	0.0000	0.0888	0.0021	0.0009	0.0000	0.0000	0.0000	0.0000
0.0000	0.0000	0.0000	0.0000	0.0000	0.0000	0.0000	0.0000	0.0000	0.0000	0.0086	0.9914
0.0000	0.0000	0.0000	0.0000	0.0000	0.0000	0.0002	0.0000	0.0000	0.0000	0.0045	0.9953
0.0000	0.0000	0.0000	0.0000	0.0000	0.0000	0.0000	0.0000	0.0604	0.9396	0.0000	0.0000
0.0000	0.0000	0.0000	0.0000	0.0000	0.0000	0.0000	0.0000	0.7947	0.2053	0.0000	0.0000
0.0000	0.0000	0.9906	0.0000	0.0000	0.0000	0.0094	0.0000	0.0000	0.0000	0.0000	0.0000
0.0000	0.0540	0.9393	0.0000	0.0000	0.0013	0.0023	0.0030	0.0000	0.0000	0.0000	0.0000
0.0000	0.0000	0.0000	0.0000	0.0000	0.0000	0.9164	0.0000	0.0000	0.0000	0.0000	0.0836
0.0000	0.0000	0.0000	0.0000	0.0000	0.0001	0.0239	0.0002	0.0000	0.0128	0.0000	0.9630
0.0000	0.0000	0.0000	0.0000	0.0000	0.0000	0.0000	0.0000	1.0000	0.0000	0.0000	0.0000
0.0000	0.1118	0.6963	0.0000	0.0000	0.0125	0.1793	0.0000	0.0000	0.0000	0.0000	0.0001
0.0000	0.0000	0.0000	1.0000	0.0000	0.0000	0.0000	0.0000	0.0000	0.0000	0.0000	0.0000
0.8180	0.0000	0.0000	0.0000	0.0000	0.0000	0.0000	0.0000	0.1820	0.0000	0.0000	0.0000
0.0037	0.0000	0.0000	0.0000	0.0000	0.0000	0.0000	0.0000	0.9963	0.0000	0.0000	0.0000
0.0000	0.9931	0.0058	0.0000	0.0000	0.0010	0.0001	0.0000	0.0000	0.0000	0.0000	0.0000
0.0000	0.0000	0.0000	0.0000	0.0000	0.0000	0.0002	0.0001	0.0000	0.0000	0.0000	0.9997
0.0000	0.0015	0.0000	0.0000	0.0000	0.0000	0.0000	0.7731	0.0000	0.0000	0.0000	0.2254
0.0000	0.0000	0.0000	0.0000	0.0000	0.0000	0.0000	0.0000	0.0000	1.0000	0.0000	0.0000
0.0000	0.0000	0.0000	0.0000	0.0000	0.0000	0.0000	0.0000	0.0000	1.0000	0.0000	0.0000
0.0008	0.0000	0.0000	0.0000	0.0000	0.9992	0.0000	0.0000	0.0000	0.0000	0.0000	0.0000
0.0000	0.0000	0.0000	0.0000	0.0000	0.0000	0.0000	0.5964	0.1819	0.0000	0.0000	0.2216
0.0000	0.0000	0.0000	0.0000	0.0000	0.0000	0.0000	0.0000	0.0000	0.0000	0.0000	1.0000
0.0000	0.0000	0.0000	1.0000	0.0000	0.0000	0.0000	0.0000	0.0000	0.0000	0.0000	0.0000
0.0000	0.0000	0.0001	0.0000	0.0000	0.0000	0.0059	0.9921	0.0000	0.0000	0.0000	0.0020
0.0000	0.0000	0.0000	0.0000	0.0000	0.0000	0.0000	0.0000	0.0000	0.0000	0.0000	1.0000
0.0000	0.0000	0.9910	0.0000	0.0000	0.0000	0.0026	0.0064	0.0000	0.0000	0.0000	0.0000
0.0000	0.0066	0.0067	0.0000	0.0000	0.9866	0.0000	0.0001	0.0000	0.0000	0.0000	0.0000
0.0000	0.0000	0.0002	0.0000	0.0000	0.0000	0.9818	0.0180	0.0000	0.0000	0.0000	0.0000
0.0000	0.0000	0.0000	0.0000	0.0000	0.0000	0.9005	0.0711	0.0000	0.0000	0.0000	0.0284
0.0000	0.0000	0.0000	0.0000	0.0000	0.0000	0.0000	0.0000	0.0000	0.0000	0.0000	1.0000
0.0000	0.0000	0.0000	0.0000	0.0000	0.0000	0.0000	0.0000	0.0000	0.0000	0.0000	1.0000
0.0008	0.0000	0.9958	0.0000	0.0000	0.0028	0.0000	0.0000	0.0005	0.0000	0.0000	0.0000
0.0011	0.0000	0.9949	0.0000	0.0000	0.0036	0.0000	0.0000	0.0004	0.0000	0.0000	0.0000
0.0016	0.0000	0.9975	0.0000	0.0000	0.0004	0.0000	0.0000	0.0005	0.0000	0.0000	0.0000
0.0000	0.0000	0.0000	0.0000	0.0000	0.0000	0.0000	0.0000	0.0031	0.0000	0.0000	0.9968
0.0000	0.0000	0.9971	0.0000	0.0000	0.0000	0.0000	0.0000	0.0000	0.0000	0.0000	0.0029
0.0000	0.0000	0.9758	0.0000	0.0000	0.0000	0.0000	0.0000	0.0000	0.0000	0.0000	0.0242
0.0000	0.0000	0.0000	0.0000	0.0000	0.0000	0.0000	0.0000	0.0000	0.0000	0.0000	1.0000
0.0000	0.0000	0.0000	0.0000	0.0000	0.0000	0.0000	0.0000	0.0000	0.0000	0.0000	1.0000
0.0016	0.0000	0.9204	0.0000	0.0000	0.0000	0.0000	0.0000	0.0067	0.0000	0.0000	0.0714
0.0042	0.0000	0.8766	0.0000	0.0000	0.0000	0.0000	0.0000	0.0000	0.0000	0.0000	0.1192
0.0000	0.0000	0.0000	0.0000	0.0000	0.0000	0.0000	0.0000	0.0000	0.0000	0.0000	1.0000
0.0000	0.0000	0.0000	0.0000	0.0000	0.0000	0.0000	0.0000	0.0000	0.0000	0.0000	1.0000
0.0001	0.0000	0.9995	0.0000	0.0000	0.0000	0.0000	0.0000	0.0004	0.0000	0.0000	0.0000
0.0001	0.0000	0.0000	0.0000	0.0000	0.0000	0.0000	0.0000	0.0000	0.0000	0.0000	0.9999
0.0000	0.0000	0.0000	0.0000	0.0000	0.0000	0.0000	0.0000	0.0000	0.0000	0.0000	1.0000
0.0000	0.0000	0.0000	0.0000	0.0000	0.0000	0.0000	0.0000	0.0000	0.0000	0.0000	1.0000
0.0000	0.0000	0.0000	0.0000	0.0000	0.0000	0.0000	0.0000	0.0000	0.0000	0.0000	1.0000
0.0001	0.0000	0.9922	0.0000	0.0000	0.0000	0.0000	0.0000	0.0004	0.0000	0.0000	0.0072
0.1049	0.0000	0.8668	0.0000	0.0000	0.0000	0.0000	0.0000	0.0024	0.0000	0.0000	0.0259
0.0000	0.0000	0.0000	0.0000	0.0000	0.0000	0.0000	0.0000	1.0000	0.0000	0.0000	0.0000
0.0000	0.0000	0.0000	0.0000	0.0000	0.0000	1.0000	0.0000	0.0000	0.0000	0.0000	0.0000
0.0000	0.0000	0.0002	0.0000	0.0000	0.0001	0.9998	0.0000	0.0000	0.0000	0.0000	0.0000
0.0000	0.0000	0.0000	0.0000	0.0000	0.0000	0.0000	0.0000	1.0000	0.0000	0.0000	0.0000
0.0000	0.0000	0.0000	0.0000	0.0000	0.0000	0.0000	0.0000	1.0000	0.0000	0.0000	0.0000
0.0000	0.0000	0.0000	0.0000	0.0000	0.0000	0.0000	0.0000	1.0000	0.0000	0.0000	0.0000
0.0000	0.0000	0.9997	0.0000	0.0000	0.0000	0.0003	0.0000	0.0000	0.0000	0.0000	0.0000
0.0000	0.0000	0.0000	0.0000	0.0000	0.0000	0.0000	0.0000	1.0000	0.0000	0.0000	0.0000
0.0000	0.0000	0.4735	0.0000	0.0000	0.0000	0.5265	0.0000	0.0000	0.0000	0.0000	0.0000
0.0000	0.0000	0.9969	0.0000	0.0000	0.0000	0.0031	0.0000	0.0000	0.0000	0.0000	0.0000
0.0000	0.0000	0.0000	0.0000	0.0000	0.0000	0.0574	0.0000	0.9426	0.0000	0.0000	0.0000
0.0000	0.0000	0.0000	0.0000	0.0000	0.0000	0.0000	0.0000	1.0000	0.0000	0.0000	0.0000
0.0000	0.0000	0.0000	0.0000	0.0000	0.0000	1.0000	0.0000	0.0000	0.0000	0.0000	0.0000
0.0000	0.0000	0.0000	0.0000	0.0000	0.0000	0.0000	0.0000	1.0000	0.0000	0.0000	0.0000
0.0000	0.0000	0.0000	0.0000	0.0000	0.0000	0.0000	0.0000	1.0000	0.0000	0.0000	0.0000
0.0000	0.0000	0.0000	0.0000	0.0000	0.0000	1.0000	0.0000	0.0000	0.0000	0.0000	0.0000
0.0000	0.0000	0.0000	0.0000	0.0000	0.0000	0.0000	0.0000	1.0000	0.0000	0.0000	0.0000
0.0000	0.0000	0.9994	0.0000	0.0000	0.0000	0.0006	0.0000	0.0000	0.0000	0.0000	0.0000
0.0000	0.0000	0.2815	0.0000	0.0000	0.0000	0.7185	0.0000	0.0000	0.0000	0.0000	0.0000
0.0000	0.0000	0.0011	0.0000	0.0000	0.0000	0.9989	0.0000	0.0000	0.0000	0.0000	0.0000
0.0000	0.0000	0.0000	0.0000	0.0000	0.0000	0.0000	0.0000	1.0000	0.0000	0.0000	0.0000
0.0000	0.0000	0.0105	0.0000	0.0000	0.0000	0.9895	0.0000	0.0000	0.0000	0.0000	0.0000
0.0000	0.0000	0.9985	0.0000	0.0000	0.0000	0.0015	0.0000	0.0000	0.0000	0.0000	0.0000
0.0000	0.0000	0.0000	0.0000	0.0000	0.0000	1.0000	0.0000	0.0000	0.0000	0.0000	0.0000
0.0000	0.0000	0.0000	0.0000	0.0000	0.0000	1.0000	0.0000	0.0000	0.0000	0.0000	0.0000
0.0000	0.0000	0.0000	0.0000	0.0000	0.0000	0.0000	0.0000	1.0000	0.0000	0.0000	0.0000
0.0000	0.0000	0.0017	0.0000	0.0000	0.0000	0.9983	0.0000	0.0000	0.0000	0.0000	0.0000
0.0000	0.0000	0.0000	0.0000	0.0000	0.0000	0.0000	0.0000	1.0000	0.0000	0.0000	0.0000
0.0000	0.0000	0.0000	0.0000	0.0000	0.0000	0.0000	0.0000	1.0000	0.0000	0.0000	0.0000
