0.0204	0.0000	0.0000	0.0000	0.0000	0.0000	0.0287	0.0000	0.0000	0.0000	0.0000	0.9509
0.0000	0.0000	0.0000	0.0000	0.0000	0.0000	0.0019	0.9981	0.0000	0.0000	0.0000	0.0000
0.0000	0.0000	0.0000	0.0000	0.0000	0.0000	0.0000	0.0000	0.0000	1.0000	0.0000	0.0000
0.0000	0.0000	0.0000	0.0000	0.0000	0.0000	0.0000	0.0000	0.0000	0.0000	1.0000	0.0000
0.0000	0.0000	0.0000	0.0000	0.0000	0.0000	0.0000	1.0000	0.0000	0.0000	0.0000	0.0000
0.0000	0.0000	0.0000	0.0000	0.0000	0.0000	0.0000	0.0000	1.0000	0.0000	0.0000	0.0000
0.0000	0.0000	0.0000	0.0000	0.0000	0.0000	0.0000	0.0000	0.0000	1.0000	0.0000	0.0000
0.0823	0.0003	0.4039	0.0000	0.0000	0.2400	0.2718	0.0008	0.0000	0.0000	0.0000	0.0009
0.9855	0.0000	0.0000	0.0000	0.0000	0.0000	0.0000	0.0000	0.0145	0.0000	0.0000	0.0000
0.0000	0.0000	0.0000	0.0000	0.0000	0.0000	0.0012	0.0000	0.0000	0.0000	0.0046	0.9941
0.0000	0.0000	0.0000	0.0000	0.0000	0.0032	0.0000	0.0000	0.9068	0.0901	0.0000	0.0000
0.0000	0.0000	0.0000	0.0000	0.0000	0.0000	0.0000	0.0000	0.1649	0.8351	0.0000	0.0000
0.0000	0.0000	0.0000	0.0000	0.0000	0.0000	0.5294	0.4705	0.0000	0.0000	0.0000	0.0001
0.0000	0.0000	0.0010	0.0000	0.0000	0.0000	0.6792	0.1890	0.0000	0.0002	0.0000	0.1305
0.0000	0.0000	0.0000	0.0000	0.0000	0.0000	0.0000	0.0000	0.0000	0.3055	0.0016	0.6929
0.0000	0.0000	0.0000	0.0000	0.0000	0.0000	0.0000	0.0000	0.0000	0.2112	0.0018	0.7871
0.0000	0.0000	0.0000	0.0000	0.0000	0.0000	0.0000	0.0000	0.0000	0.9863	0.0000	0.0137
0.0000	0.0000	0.0000	0.0000	0.0000	1.0000	0.0000	0.0000	0.0000	0.0000	0.0000	0.0000
0.3706	0.0043	0.0005	0.0001	0.0000	0.1688	0.4517	0.0008	0.0000	0.0000	0.0000	0.0032
0.0000	0.0000	0.0000	0.0000	0.0000	0.0000	0.0000	0.0000	1.0000	0.0000	0.0000	0.0000
0.0000	0.0000	0.0000	0.0030	0.0000	0.0000	0.0000	0.0000	0.8193	0.1773	0.0000	0.0005
0.0000	0.0000	0.9994	0.0000	0.0000	0.0006	0.0000	0.0000	0.0000	0.0000	0.0000	0.0000
0.0000	0.0000	0.0000	0.0027	0.0000	0.0000	0.0012	0.9961	0.0000	0.0000	0.0000	0.0000
0.9998	0.0000	0.0000	0.0000	0.0000	0.0000	0.0000	0.0000	0.0002	0.0000	0.0000	0.0000
0.0000	0.0000	0.0000	1.0000	0.0000	0.0000	0.0000	0.0000	0.0000	0.0000	0.0000	0.0000
0.0000	0.0000	0.0000	0.9994	0.0000	0.0000	0.0000	0.0000	0.0000	0.0000	0.0006	0.0000
0.0000	0.5500	0.4318	0.0000	0.0000	0.0181	0.0001	0.0000	0.0000	0.0000	0.0000	0.0000
0.5252	0.0080	0.0027	0.0000	0.0000	0.0601	0.3299	0.0601	0.0000	0.0000	0.0000	0.0141
0.0000	0.0000	0.0000	0.0000	0.0000	0.0000	0.0000	1.0000	0.0000	0.0000	0.0000	0.0000
0.9206	0.0000	0.0000	0.0794	0.0000	0.0000	0.0000	0.0000	0.0000	0.0000	0.0000	0.0000
0.0000	0.0000	0.0000	0.0009	0.0000	0.0012	0.0000	0.9666	0.0000	0.0000	0.0000	0.0312
0.0000	0.0000	0.0000	0.9965	0.0000	0.0000	0.0000	0.0000	0.0000	0.0035	0.0000	0.0000
0.0000	0.0000	0.0000	0.0025	0.0000	0.0000	0.0000	0.0000	0.0000	0.9331	0.0000	0.0644
0.0000	0.0000	0.0000	0.0000	0.0000	0.0000	0.0000	0.0000	0.0000	0.9841	0.0000	0.0159
0.0000	0.0110	0.9649	0.0000	0.0000	0.0012	0.0220	0.0010	0.0000	0.0000	0.0000	0.0000
0.0000	0.0137	0.9669	0.0000	0.0000	0.0159	0.0031	0.0004	0.0000	0.0000	0.0000	0.0000
0.0000	0.0000	0.9464	0.0000	0.0000	0.0000	0.0074	0.0459	0.0000	0.0000	0.0000	0.0002
0.0001	0.0000	0.0000	0.0000	0.0000	0.0000	0.9941	0.0002	0.0000	0.0008	0.0000	0.0048
0.0316	0.0034	0.0002	0.0000	0.0000	0.0002	0.7398	0.2234	0.0000	0.0006	0.0000	0.0009
0.0078	0.0000	0.0000	0.0000	0.0000	0.0006	0.4401	0.0007	0.0000	0.0013	0.0000	0.5495
0.9698	0.0000	0.0000	0.0000	0.0000	0.0000	0.0000	0.0000	0.0000	0.0302	0.0000	0.0000
0.9994	0.0000	0.0000	0.0000	0.0000	0.0000	0.0000	0.0000	0.0000	0.0006	0.0000	0.0000
0.0000	0.0000	0.0000	0.0000	0.0000	0.0000	0.4140	0.3530	0.0000	0.0023	0.0000	0.2307
0.0000	0.0000	0.0000	0.0000	0.0000	0.0000	0.0000	0.9973	0.0000	0.0027	0.0000	0.0000
0.0000	0.0000	0.0000	0.0000	0.0000	0.0000	0.0050	0.9950	0.0000	0.0000	0.0000	0.0000
0.9977	0.0000	0.0000	0.0000	0.0000	0.0000	0.0000	0.0000	0.0000	0.0000	0.0023	0.0001
0.0000	0.0000	0.0000	0.0000	0.0000	0.0000	0.5917	0.4083	0.0000	0.0000	0.0000	0.0000
0.0000	0.0000	0.0000	0.0000	0.0000	0.0000	0.0000	0.0000	1.0000	0.0000	0.0000	0.0000
0.0000	0.4250	0.5622	0.0000	0.0000	0.0000	0.0002	0.0001	0.0000	0.0000	0.0118	0.0007
0.0013	0.0000	0.0000	0.0000	0.0000	0.0000	0.9851	0.0004	0.0000	0.0000	0.0000	0.0132
0.0553	0.0003	0.0000	0.0000	0.0000	0.0000	0.6319	0.0000	0.0000	0.0076	0.0000	0.3049
0.0000	0.0000	0.0000	0.0000	0.0000	0.0000	0.0000	0.0000	0.0000	1.0000	0.0000	0.0000
0.0000	0.0170	0.9830	0.0000	0.0000	0.0000	0.0000	0.0000	0.0000	0.0000	0.0000	0.0000
0.0000	0.0005	0.0266	0.0000	0.0000	0.9415	0.0314	0.0000	0.0000	0.0000	0.0000	0.0000
0.0002	0.0010	0.4489	0.0000	0.0000	0.5462	0.0037	0.0000	0.0000	0.0000	0.0000	0.0000
0.0000	0.0000	0.0000	0.0000	0.0000	0.0000	0.0000	0.0000	0.0000	0.0000	0.0560	0.9440
0.0000	0.0000	0.0000	0.0000	0.0000	0.0000	0.0005	0.0000	0.0000	0.0247	0.1307	0.8441
0.0000	0.0000	0.0000	0.0000	0.0000	0.0000	0.0000	0.0000	0.0138	0.9862	0.0000	0.0000
0.0000	0.0000	0.0000	0.0000	0.0000	0.0000	0.0000	0.0000	0.0191	0.9809	0.0000	0.0000
0.0000	0.0000	0.9826	0.0000	0.0000	0.0001	0.0114	0.0000	0.0000	0.0000	0.0000	0.0059
0.0000	0.6600	0.3389	0.0000	0.0000	0.0002	0.0009	0.0000	0.0000	0.0000	0.0000	0.0000
0.0000	0.0000	0.0000	0.0000	0.0000	0.0000	0.1328	0.0000	0.0000	0.0001	0.0000	0.8671
0.0000	0.0000	0.0000	0.0000	0.0000	0.0000	0.4461	0.1780	0.0000	0.0292	0.0000	0.3467
0.0000	0.0000	0.0000	0.0000	0.0000	0.0000	0.0000	0.0000	1.0000	0.0000	0.0000	0.0000
0.0000	0.4739	0.0183	0.0000	0.0000	0.0048	0.5029	0.0001	0.0000	0.0000	0.0000	0.0000
0.0000	0.0000	0.0000	0.9575	0.0000	0.0000	0.0002	0.0004	0.0000	0.0403	0.0000	0.0016
0.9981	0.0000	0.0000	0.0000	0.0000	0.0000	0.0000	0.0000	0.0019	0.0000	0.0000	0.0000
0.9590	0.0000	0.0000	0.0000	0.0000	0.0000	0.0000	0.0000	0.0410	0.0000	0.0000	0.0000
0.0000	0.3828	0.0001	0.0000	0.0000	0.6143	0.0024	0.0000	0.0000	0.0000	0.0000	0.0004
0.0000	0.0000	0.0000	0.0000	0.0000	0.0000	0.0180	0.0000	0.0000	0.0000	0.0000	0.9820
0.0020	0.1101	0.0000	0.0000	0.0000	0.0341	0.0112	0.1445	0.0000	0.0000	0.0000	0.6982
0.0000	0.0000	0.0000	0.0000	0.0000	0.0000	0.0000	0.0000	0.0000	1.0000	0.0000	0.0000
0.0000	0.0000	0.0000	0.0000	0.0000	0.0000	0.0000	0.0000	0.0000	1.0000	0.0000	0.0000
0.0000	0.0000	0.0000	0.0000	0.0000	1.0000	0.0000	0.0000	0.0000	0.0000	0.0000	0.0000
0.0000	0.0000	0.0000	0.0000	0.0000	0.0000	0.0167	0.0000	0.9055	0.0000	0.0000	0.0778
0.0000	0.0000	0.0000	0.0000	0.0000	0.0000	0.0000	0.0000	0.0000	0.0000	0.0000	1.0000
0.0000	0.0000	0.0000	1.0000	0.0000	0.0000	0.0000	0.0000	0.0000	0.0000	0.0000	0.0000
0.0000	0.0000	0.0000	0.0000	0.0000	0.0000	0.0002	0.9944	0.0000	0.0000	0.0000	0.0054
0.0000	0.0000	0.0000	0.0000	0.0000	0.0000	0.0000	0.0000	0.0000	0.0051	0.0000	0.9949
0.0000	0.0000	0.9932	0.0000	0.0000	0.0020	0.0008	0.0041	0.0000	0.0000	0.0000	0.0000
0.0000	0.0001	0.0010	0.0000	0.0000	0.9989	0.0000	0.0000	0.0000	0.0000	0.0000	0.0000
0.0000	0.0000	0.0001	0.0000	0.0000	0.0000	0.5049	0.4949	0.0000	0.0000	0.0000	0.0000
0.0000	0.0000	0.0000	0.0000	0.0000	0.0000	0.8289	0.0100	0.0000	0.0000	0.0000	0.1611
0.0000	0.0000	0.0000	0.0000	0.0000	0.0000	0.0000	0.0000	0.0000	0.0000	0.0000	1.0000
0.0000	0.0000	0.0000	0.0000	0.0000	0.0000	0.0000	0.0000	0.0000	0.0000	0.0000	1.0000
0.0000	0.0000	0.9998	0.0000	0.0000	0.0002	0.0000	0.0000	0.0000	0.0000	0.0000	0.0000
0.0000	0.0000	0.9996	0.0000	0.0000	0.0003	0.0000	0.0000	0.0000	0.0000	0.0000	0.0000
0.0000	0.0000	1.0000	0.0000	0.0000	0.0000	0.0000	0.0000	0.0000	0.0000	0.0000	0.0000
0.0000	0.0000	0.0000	0.0000	0.0000	0.0000	0.0000	0.0000	0.0000	0.0000	0.0000	1.0000
0.0000	0.0000	0.9999	0.0000	0.0000	0.0000	0.0000	0.0000	0.0000	0.0000	0.0000	0.0001
0.0000	0.0000	0.9905	0.0000	0.0000	0.0000	0.0000	0.0000	0.0000	0.0000	0.0000	0.0095
0.0000	0.0000	0.0000	0.0000	0.0000	0.0000	0.0000	0.0000	0.0000	0.0000	0.0000	1.0000
0.0000	0.0000	0.0000	0.0000	0.0000	0.0000	0.0000	0.0000	0.0000	0.0000	0.0000	1.0000
0.0000	0.0000	0.9961	0.0000	0.0000	0.0000	0.0000	0.0000	0.0000	0.0000	0.0000	0.0039
0.0000	0.0000	0.9974	0.0000	0.0000	0.0000	0.0000	0.0000	0.0000	0.0000	0.0000	0.0026
0.0000	0.0000	0.0000	0.0000	0.0000	0.0000	0.0000	0.0000	0.0000	0.0000	0.0000	1.0000
0.0000	0.0000	0.0000	0.0000	0.0000	0.0000	0.0000	0.0000	0.0000	0.0000	0.0000	1.0000
0.0000	0.0000	1.0000	0.0000	0.0000	0.0000	0.0000	0.0000	0.0000	0.0000	0.0000	0.0000
0.0000	0.0000	0.0010	0.0000	0.0000	0.0000	0.0000	0.0000	0.0000	0.0000	0.0000	0.9990
0.0000	0.0000	0.0000	0.0000	0.0000	0.0000	0.0000	0.0000	0.0000	0.0000	0.0000	1.0000
0.0000	0.0000	0.0000	0.0000	0.0000	0.0000	0.0000	0.0000	0.0000	0.0000	0.0000	1.0000
0.0000	0.0000	0.0000	0.0000	0.0000	0.0000	0.0000	0.0000	0.0000	0.0000	0.0000	1.0000
0.0000	0.0000	0.9998	0.0000	0.0000	0.0000	0.0000	0.0000	0.0000	0.0000	0.0000	0.0002
0.0000	0.0000	1.0000	0.0000	0.0000	0.0000	0.0000	0.0000	0.0000	0.0000	0.0000	0.0000
0.0000	0.0000	0.0000	0.0000	0.0000	0.0000	0.0000	0.0000	1.0000	0.0000	0.0000	0.0000
0.0000	0.0000	0.0000	0.0000	0.0000	0.0000	1.0000	0.0000	0.0000	0.0000	0.0000	0.0000
0.0000	0.0000	0.0003	0.0000	0.0000	0.0000	0.9991	0.0000	0.0006	0.0000	0.0000	0.0000
0.0000	0.0000	0.0000	0.0000	0.0000	0.0000	0.0000	0.0000	1.0000	0.0000	0.0000	0.0000
0.0000	0.0000	0.0000	0.0000	0.0000	0.0000	0.0000	0.0000	1.0000	0.0000	0.0000	0.0000
0.0000	0.0000	0.0000	0.0000	0.0000	0.0000	0.0000	0.0000	1.0000	0.0000	0.0000	0.0000
0.0000	0.0000	0.9851	0.0000	0.0000	0.0000	0.0149	0.0000	0.0000	0.0000	0.0000	0.0000
0.0000	0.0000	0.0000	0.0000	0.0000	0.0000	0.0000	0.0000	1.0000	0.0000	0.0000	0.0000
0.0000	0.0000	0.0010	0.0000	0.0000	0.0000	0.9990	0.0000	0.0000	0.0000	0.0000	0.0000
0.0000	0.0000	0.9972	0.0000	0.0000	0.0003	0.0025	0.0000	0.0000	0.0000	0.0000	0.0000
0.0000	0.0000	0.0000	0.0000	0.0000	0.0000	0.9908	0.0000	0.0092	0.0000	0.0000	0.0000
0.0000	0.0000	0.0000	0.0000	0.0000	0.0000	0.0000	0.0000	1.0000	0.0000	0.0000	0.0000
0.0000	0.0000	0.0000	0.0000	0.0000	0.0000	1.0000	0.0000	0.0000	0.0000	0.0000	0.0000
0.0000	0.0000	0.0000	0.0000	0.0000	0.0000	0.0000	0.0000	1.0000	0.0000	0.0000	0.0000
0.0000	0.0000	0.0000	0.0000	0.0000	0.0000	0.0000	0.0000	1.0000	0.0000	0.0000	0.0000
0.0000	0.0000	0.0000	0.0000	0.0000	0.0000	1.0000	0.0000	0.0000	0.0000	0.0000	0.0000
0.0000	0.0000	0.0000	0.0000	0.0000	0.0000	0.0000	0.0000	1.0000	0.0000	0.0000	0.0000
0.0000	0.0000	0.9981	0.0000	0.0000	0.0002	0.0017	0.0000	0.0000	0.0000	0.0000	0.0000
0.0000	0.0000	0.5926	0.0000	0.0000	0.0000	0.4074	0.0000	0.0000	0.0000	0.0000	0.0000
0.0000	0.0000	0.0001	0.0000	0.0000	0.0000	0.9999	0.0000	0.0000	0.0000	0.0000	0.0000
0.0000	0.0000	0.0000	0.0000	0.0000	0.0000	0.0000	0.0000	1.0000	0.0000	0.0000	0.0000
0.0000	0.0000	0.0569	0.0000	0.0000	0.0000	0.9431	0.0000	0.0000	0.0000	0.0000	0.0000
0.0000	0.0000	0.9985	0.0000	0.0000	0.0000	0.0015	0.0000	0.0000	0.0000	0.0000	0.0000
0.0000	0.0000	0.0000	0.0000	0.0000	0.0000	1.0000	0.0000	0.0000	0.0000	0.0000	0.0000
0.0000	0.0000	0.0000	0.0000	0.0000	0.0000	0.9999	0.0000	0.0001	0.0000	0.0000	0.0000
0.0000	0.0000	0.0000	0.0000	0.0000	0.0000	0.0000	0.0000	1.0000	0.0000	0.0000	0.0000
0.0000	0.0000	0.0000	0.0000	0.0000	0.0000	1.0000	0.0000	0.0000	0.0000	0.0000	0.0000
0.0000	0.0000	0.0000	0.0000	0.0000	0.0000	0.0000	0.0000	1.0000	0.0000	0.0000	0.0000
0.0000	0.0000	0.0000	0.0000	0.0000	0.0000	0.0000	0.0000	1.0000	0.0000	0.0000	0.0000
