0.0620	0.0000	0.0000	0.0000	0.0000	0.0004	0.0038	0.0000	0.0000	0.0035	0.0000	0.9303
0.0000	0.0000	0.0000	0.0000	0.0000	0.0006	0.7168	0.2825	0.0000	0.0000	0.0000	0.0000
0.0002	0.0000	0.0000	0.0000	0.0000	0.0000	0.0000	0.0000	0.0000	0.9997	0.0000	0.0001
0.0001	0.0000	0.0000	0.0000	0.0000	0.0000	0.0000	0.0000	0.0000	0.0000	0.9999	0.0000
0.0000	0.0000	0.0000	0.0000	0.0000	0.0000	0.0000	1.0000	0.0000	0.0000	0.0000	0.0000
0.0000	0.0000	0.0000	0.0000	0.0000	0.0000	0.0000	0.0000	1.0000	0.0000	0.0000	0.0000
0.0000	0.0000	0.0000	0.0000	0.0000	0.0000	0.0000	0.0000	0.0000	1.0000	0.0000	0.0000
0.0000	0.0046	0.8874	0.0000	0.0000	0.1055	0.0024	0.0001	0.0000	0.0000	0.0000	0.0000
0.8566	0.0000	0.0000	0.0000	0.0000	0.0000	0.0000	0.0000	0.1428	0.0000	0.0007	0.0000
0.0000	0.0000	0.0000	0.0000	0.0000	0.0000	0.5649	0.0000	0.0000	0.0000	0.0000	0.4351
0.0000	0.0000	0.0000	0.0000	0.0000	0.0001	0.0000	0.0000	0.9999	0.0000	0.0000	0.0000
0.0000	0.0000	0.0000	0.0000	0.0000	0.0000	0.0000	0.0000	1.0000	0.0000	0.0000	0.0000
0.0000	0.0000	0.0023	0.0000	0.0000	0.0000	0.9974	0.0002	0.0000	0.0000	0.0000	0.0001
0.0000	0.0036	0.8337	0.0000	0.0000	0.0341	0.1240	0.0029	0.0000	0.0000	0.0000	0.0017
0.0000	0.0000	0.0000	0.0000	0.0000	0.0000	0.0000	0.0000	0.0000	0.9977	0.0000	0.0023
0.0000	0.0000	0.0000	0.0000	0.0000	0.0000	0.0000	0.0000	0.0000	0.5366	0.0000	0.4633
0.0000	0.0000	0.0000	0.0000	0.0000	0.0000	0.0000	0.0000	0.0000	0.9999	0.0000	0.0001
0.0000	0.0000	0.0000	0.0000	0.0000	1.0000	0.0000	0.0000	0.0000	0.0000	0.0000	0.0000
0.5941	0.0004	0.0082	0.0000	0.0000	0.3960	0.0012	0.0001	0.0000	0.0000	0.0000	0.0000
0.0000	0.0000	0.0000	0.0000	0.0000	0.0000	0.0000	0.0000	1.0000	0.0000	0.0000	0.0000
0.0000	0.0000	0.0000	0.2623	0.0000	0.0000	0.0000	0.0000	0.0004	0.7373	0.0000	0.0000
0.0001	0.0000	0.1549	0.0000	0.0000	0.8449	0.0000	0.0000	0.0000	0.0002	0.0000	0.0000
0.0000	0.0000	0.0000	0.1929	0.0000	0.0000	0.4346	0.3719	0.0000	0.0002	0.0000	0.0003
0.9991	0.0000	0.0000	0.0000	0.0000	0.0000	0.0000	0.0000	0.0009	0.0000	0.0000	0.0000
0.0000	0.0000	0.0000	1.0000	0.0000	0.0000	0.0000	0.0000	0.0000	0.0000	0.0000	0.0000
0.0000	0.0000	0.0000	1.0000	0.0000	0.0000	0.0000	0.0000	0.0000	0.0000	0.0000	0.0000
0.0000	0.6384	0.3445	0.0000	0.0000	0.0171	0.0000	0.0000	0.0000	0.0000	0.0000	0.0000
0.0001	0.0453	0.9108	0.0000	0.0000	0.0304	0.0129	0.0000	0.0000	0.0000	0.0000	0.0005
0.0000	0.0000	0.0000	0.0000	0.0000	0.0000	0.0000	1.0000	0.0000	0.0000	0.0000	0.0000
0.1411	0.0000	0.0000	0.0000	0.0000	0.0000	0.0000	0.0000	0.0000	0.0000	0.0000	0.8589
0.0000	0.0000	0.0000	0.0005	0.0000	0.0373	0.0000	0.6159	0.0000	0.0000	0.0000	0.3462
0.0000	0.0000	0.0000	0.9987	0.0000	0.0000	0.0000	0.0000	0.0000	0.0011	0.0000	0.0002
0.0000	0.0000	0.0000	0.7903	0.0000	0.0000	0.0000	0.0000	0.0000	0.2038	0.0000	0.0059
0.0000	0.0000	0.0000	0.0000	0.0000	0.0000	0.0000	0.0000	0.0000	0.1845	0.0000	0.8155
0.0000	0.1003	0.8808	0.0000	0.0000	0.0002	0.0183	0.0004	0.0000	0.0000	0.0000	0.0000
0.0000	0.1015	0.8750	0.0000	0.0000	0.0225	0.0009	0.0000	0.0000	0.0000	0.0000	0.0000
0.0000	0.0003	0.9300	0.0000	0.0000	0.0000	0.0426	0.0233	0.0000	0.0000	0.0000	0.0038
0.0005	0.0000	0.0000	0.0000	0.0000	0.0000	0.1140	0.0002	0.0000	0.1895	0.0000	0.6958
0.0001	0.0963	0.0048	0.0000	0.0000	0.8691	0.0243	0.0050	0.0000	0.0002	0.0000	0.0002
0.0007	0.0015	0.1965	0.0000	0.0000	0.0223	0.1140	0.0004	0.0000	0.0123	0.0000	0.6523
1.0000	0.0000	0.0000	0.0000	0.0000	0.0000	0.0000	0.0000	0.0000	0.0000	0.0000	0.0000
1.0000	0.0000	0.0000	0.0000	0.0000	0.0000	0.0000	0.0000	0.0000	0.0000	0.0000	0.0000
0.0000	0.0001	0.0024	0.0000	0.0000	0.0000	0.9552	0.0077	0.0000	0.0014	0.0000	0.0332
0.0000	0.0000	0.0038	0.0000	0.0000	0.0004	0.0055	0.9592	0.0000	0.0306	0.0000	0.0004
0.0000	0.0000	0.0007	0.0000	0.0000	0.0000	0.8205	0.1787	0.0000	0.0001	0.0000	0.0000
0.9995	0.0000	0.0000	0.0000	0.0000	0.0000	0.0000	0.0000	0.0000	0.0002	0.0003	0.0000
0.0000	0.0000	0.0000	0.0000	0.0000	0.0000	0.9994	0.0006	0.0000	0.0000	0.0000	0.0000
0.0000	0.0000	0.0000	0.0000	0.0000	0.0000	0.0000	0.0000	1.0000	0.0000	0.0000	0.0000
0.0000	0.9590	0.0393	0.0000	0.0000	0.0011	0.0002	0.0001	0.0000	0.0002	0.0001	0.0000
0.0069	0.0046	0.0000	0.0000	0.0000	0.0006	0.9692	0.0148	0.0000	0.0019	0.0000	0.0020
0.1500	0.0006	0.0000	0.0000	0.0000	0.0000	0.3372	0.0019	0.0000	0.4983	0.0000	0.0120
0.0000	0.0000	0.0000	0.0000	0.0000	0.0000	0.0000	0.0000	0.0000	1.0000	0.0000	0.0000
0.0000	0.9989	0.0011	0.0000	0.0000	0.0000	0.0000	0.0000	0.0000	0.0000	0.0000	0.0000
0.0000	0.0166	0.0526	0.0000	0.0000	0.9301	0.0006	0.0001	0.0000	0.0000	0.0000	0.0000
0.0000	0.0051	0.3616	0.0000	0.0000	0.6329	0.0003	0.0000	0.0000	0.0000	0.0000	0.0000
0.0000	0.0000	0.0000	0.0000	0.0000	0.0000	0.0000	0.0000	0.0000	0.0000	0.0000	0.9999
0.0000	0.0000	0.0000	0.0000	0.0000	0.0000	0.0013	0.0000	0.0000	0.0043	0.0000	0.9944
0.0000	0.0000	0.0000	0.0000	0.0000	0.0000	0.0000	0.0000	0.9989	0.0011	0.0000	0.0000
0.0001	0.0000	0.0000	0.0000	0.0000	0.0000	0.0000	0.0000	0.9998	0.0001	0.0000	0.0000
0.0000	0.0001	0.9213	0.0000	0.0000	0.0304	0.0479	0.0000	0.0000	0.0000	0.0000	0.0004
0.0000	0.8650	0.0988	0.0000	0.0000	0.0357	0.0004	0.0000	0.0000	0.0000	0.0000	0.0000
0.0000	0.0000	0.0001	0.0000	0.0000	0.0000	0.8662	0.0000	0.0000	0.0003	0.0000	0.1335
0.0000	0.0000	0.0000	0.0000	0.0000	0.0007	0.0571	0.0002	0.0000	0.0159	0.0000	0.9261
0.0000	0.0000	0.0000	0.0000	0.0000	0.0000	0.0000	0.0000	1.0000	0.0000	0.0000	0.0000
0.0000	0.3392	0.5285	0.0000	0.0000	0.0738	0.0583	0.0000	0.0000	0.0000	0.0000	0.0002
0.0000	0.0000	0.0000	1.0000	0.0000	0.0000	0.0000	0.0000	0.0000	0.0000	0.0000	0.0000
0.5156	0.0000	0.0000	0.0000	0.0000	0.0000	0.0000	0.0000	0.4839	0.0000	0.0005	0.0000
0.0358	0.0000	0.0000	0.0000	0.0000	0.0000	0.0000	0.0000	0.9642	0.0000	0.0000	0.0000
0.0000	0.9384	0.0073	0.0000	0.0000	0.0542	0.0000	0.0000	0.0000	0.0000	0.0000	0.0000
0.0000	0.0000	0.0000	0.0000	0.0000	0.0000	0.0006	0.0002	0.0000	0.0000	0.0000	0.9991
0.0000	0.1923	0.0003	0.0000	0.0000	0.0555	0.0004	0.6365	0.0000	0.0000	0.0000	0.1151
0.0000	0.0000	0.0000	0.0001	0.0000	0.0000	0.0000	0.0000	0.0000	0.9995	0.0003	0.0000
0.0000	0.0000	0.0000	0.0000	0.0000	0.0000	0.0000	0.0000	0.0000	1.0000	0.0000	0.0000
0.0001	0.0000	0.0000	0.0000	0.0000	0.9999	0.0000	0.0000	0.0000	0.0000	0.0000	0.0000
0.0000	0.0000	0.0000	0.0000	0.0000	0.0000	0.0008	0.3575	0.0000	0.0000	0.0000	0.6417
0.0000	0.0000	0.0000	0.0000	0.0000	0.0007	0.0012	0.0000	0.0000	0.0000	0.0000	0.9980
0.0000	0.0000	0.0000	0.9998	0.0000	0.0000	0.0000	0.0000	0.0000	0.0000	0.0000	0.0002
0.0001	0.0000	0.0000	0.0000	0.0000	0.0000	0.0967	0.6559	0.0000	0.0000	0.0000	0.2472
0.0000	0.0000	0.0000	0.0000	0.0000	0.0000	0.0000	0.0000	0.0000	0.0029	0.0000	0.9971
0.0000	0.0012	0.9939	0.0000	0.0000	0.0018	0.0021	0.0010	0.0000	0.0000	0.0000	0.0000
0.0000	0.0237	0.0970	0.0000	0.0000	0.8793	0.0000	0.0000	0.0000	0.0000	0.0000	0.0000
0.0000	0.0000	0.0000	0.0000	0.0000	0.0000	0.9909	0.0090	0.0000	0.0000	0.0000	0.0000
0.0000	0.0000	0.0000	0.0000	0.0000	0.0000	0.8920	0.0846	0.0000	0.0000	0.0000	0.0234
0.0000	0.0000	0.0689	0.0000	0.0000	0.0000	0.0000	0.0000	0.0000	0.0000	0.0000	0.9310
0.0000	0.0000	0.0000	0.0000	0.0000	0.0099	0.0000	0.0000	0.0000	0.0000	0.0000	0.9901
0.0001	0.0000	0.9680	0.0000	0.0000	0.0317	0.0000	0.0000	0.0001	0.0001	0.0000	0.0000
0.0001	0.0000	0.9659	0.0000	0.0000	0.0339	0.0000	0.0000	0.0001	0.0001	0.0000	0.0000
0.0001	0.0000	0.9859	0.0000	0.0000	0.0139	0.0000	0.0000	0.0001	0.0001	0.0000	0.0000
0.0000	0.0000	0.8304	0.0000	0.0000	0.0000	0.0000	0.0000	0.0054	0.0000	0.0000	0.1642
0.0000	0.0000	0.9998	0.0000	0.0000	0.0002	0.0000	0.0000	0.0000	0.0000	0.0000	0.0000
0.0000	0.0000	0.9985	0.0000	0.0000	0.0000	0.0000	0.0000	0.0000	0.0000	0.0000	0.0015
0.0000	0.0000	0.0000	0.0000	0.0000	0.0000	0.0001	0.0000	0.0000	0.0000	0.0000	0.9999
0.0000	0.0000	0.0000	0.0000	0.0000	0.0000	0.0000	0.0000	0.0000	0.0000	0.0000	1.0000
0.0000	0.0000	0.9999	0.0000	0.0000	0.0000	0.0000	0.0000	0.0000	0.0000	0.0000	0.0001
0.0001	0.0000	0.9992	0.0000	0.0000	0.0000	0.0000	0.0000	0.0000	0.0000	0.0000	0.0007
0.0000	0.0000	0.0000	0.0000	0.0000	0.0004	0.0000	0.0000	0.0000	0.0000	0.0000	0.9995
0.0000	0.0000	0.0000	0.0000	0.0000	0.0000	0.0000	0.0000	0.0000	0.0000	0.0000	1.0000
0.0000	0.0000	0.9995	0.0000	0.0000	0.0005	0.0000	0.0000	0.0000	0.0000	0.0000	0.0000
0.0009	0.0000	0.0000	0.0000	0.0000	0.0000	0.0000	0.0000	0.0000	0.0000	0.0000	0.9991
0.0000	0.0000	0.0000	0.0000	0.0000	0.0000	0.0000	0.0000	0.0000	0.0000	0.0000	1.0000
0.0000	0.0000	0.0000	0.0000	0.0000	0.0000	0.0000	0.0000	0.0000	0.0000	0.0000	1.0000
0.0000	0.0000	0.0000	0.0000	0.0000	0.0000	0.0000	0.0000	0.0000	0.0000	0.0000	1.0000
0.0000	0.0000	0.9997	0.0000	0.0000	0.0001	0.0000	0.0000	0.0000	0.0000	0.0000	0.0001
0.0035	0.0000	0.9959	0.0000	0.0000	0.0000	0.0000	0.0000	0.0000	0.0005	0.0000	0.0000
0.0000	0.0000	0.0000	0.0000	0.0000	0.0000	0.0000	0.0000	1.0000	0.0000	0.0000	0.0000
0.0000	0.0000	0.0000	0.0000	0.0000	0.0000	1.0000	0.0000	0.0000	0.0000	0.0000	0.0000
0.0000	0.0000	0.0000	0.0000	0.0000	0.0000	1.0000	0.0000	0.0000	0.0000	0.0000	0.0000
0.0000	0.0000	0.0000	0.0000	0.0000	0.0000	0.0000	0.0000	1.0000	0.0000	0.0000	0.0000
0.0000	0.0000	0.0000	0.0000	0.0000	0.0000	0.0000	0.0000	1.0000	0.0000	0.0000	0.0000
0.0000	0.0000	0.0000	0.0000	0.0000	0.0000	0.0000	0.0000	1.0000	0.0000	0.0000	0.0000
0.0000	0.0000	0.9986	0.0000	0.0000	0.0008	0.0006	0.0000	0.0000	0.0000	0.0000	0.0000
0.0000	0.0000	0.0000	0.0000	0.0000	0.0000	0.0000	0.0000	1.0000	0.0000	0.0000	0.0000
0.0000	0.0000	0.3461	0.0000	0.0000	0.0000	0.6539	0.0000	0.0000	0.0000	0.0000	0.0000
0.0000	0.0000	0.9662	0.0000	0.0000	0.0044	0.0295	0.0000	0.0000	0.0000	0.0000	0.0000
0.0000	0.0000	0.0000	0.0000	0.0000	0.0000	0.0000	0.0000	1.0000	0.0000	0.0000	0.0000
0.0000	0.0000	0.0000	0.0000	0.0000	0.0000	0.0000	0.0000	1.0000	0.0000	0.0000	0.0000
0.0000	0.0000	0.0000	0.0000	0.0000	0.0000	1.0000	0.0000	0.0000	0.0000	0.0000	0.0000
0.0000	0.0000	0.0000	0.0000	0.0000	0.0000	0.0000	0.0000	1.0000	0.0000	0.0000	0.0000
0.0000	0.0000	0.0000	0.0000	0.0000	0.0000	0.0000	0.0000	1.0000	0.0000	0.0000	0.0000
0.0000	0.0000	0.0000	0.0000	0.0000	0.0000	1.0000	0.0000	0.0000	0.0000	0.0000	0.0000
0.0000	0.0000	0.0000	0.0000	0.0000	0.0000	0.0000	0.0000	1.0000	0.0000	0.0000	0.0000
0.0000	0.0000	0.9991	0.0000	0.0000	0.0004	0.0005	0.0000	0.0000	0.0000	0.0000	0.0000
0.0000	0.0000	0.4937	0.0000	0.0000	0.0010	0.5052	0.0000	0.0000	0.0000	0.0000	0.0000
0.0000	0.0000	0.0348	0.0000	0.0000	0.0000	0.9652	0.0000	0.0000	0.0000	0.0000	0.0000
0.0000	0.0000	0.0000	0.0000	0.0000	0.0000	0.0000	0.0000	1.0000	0.0000	0.0000	0.0000
0.0000	0.0000	0.0142	0.0000	0.0000	0.0000	0.9858	0.0000	0.0000	0.0000	0.0000	0.0000
0.0000	0.0000	0.9951	0.0000	0.0000	0.0026	0.0023	0.0000	0.0000	0.0000	0.0000	0.0000
0.0000	0.0000	0.0002	0.0000	0.0000	0.0028	0.9971	0.0000	0.0000	0.0000	0.0000	0.0000
0.0000	0.0000	0.0004	0.0000	0.0000	0.0076	0.9920	0.0000	0.0000	0.0000	0.0000	0.0000
0.0000	0.0000	0.0000	0.0000	0.0000	0.0000	0.0000	0.0000	1.0000	0.0000	0.0000	0.0000
0.0000	0.0000	0.0008	0.0000	0.0000	0.0000	0.9992	0.0000	0.0000	0.0000	0.0000	0.0000
0.0000	0.0000	0.0000	0.0000	0.0000	0.0000	0.0000	0.0000	1.0000	0.0000	0.0000	0.0000
0.0000	0.0000	0.0000	0.0000	0.0000	0.0000	0.0000	0.0000	1.0000	0.0000	0.0000	0.0000
