0.0872	0.0003	0.0007	0.0000	0.0000	0.0004	0.0478	0.0000	0.0000	0.0113	0.0000	0.8522
0.0000	0.0000	0.0005	0.0000	0.0000	0.0008	0.5616	0.4368	0.0000	0.0000	0.0000	0.0003
0.0131	0.0000	0.0000	0.0000	0.0000	0.0000	0.0000	0.0000	0.0000	0.9835	0.0000	0.0034
0.2194	0.0000	0.0000	0.0000	0.0000	0.0000	0.0000	0.0000	0.0000	0.0001	0.7802	0.0003
0.0000	0.0000	0.0000	0.0000	0.0000	0.0000	0.0000	1.0000	0.0000	0.0000	0.0000	0.0000
0.0000	0.0000	0.0000	0.0000	0.0000	0.0000	0.0000	0.0000	1.0000	0.0000	0.0000	0.0000
0.0000	0.0000	0.0000	0.0000	0.0000	0.0000	0.0000	0.0000	0.0000	1.0000	0.0000	0.0000
0.0009	0.0330	0.8350	0.0000	0.0000	0.1027	0.0176	0.0044	0.0000	0.0000	0.0000	0.0065
0.0802	0.0000	0.0000	0.0000	0.0000	0.0000	0.0000	0.0000	0.9198	0.0000	0.0000	0.0000
0.0000	0.0000	0.0000	0.0000	0.0000	0.0000	0.0813	0.0000	0.0000	0.0000	0.0007	0.9179
0.0001	0.0000	0.0000	0.0000	0.0000	0.0109	0.0000	0.0000	0.9747	0.0142	0.0000	0.0000
0.0000	0.0000	0.0000	0.0000	0.0000	0.0001	0.0000	0.0000	0.9699	0.0299	0.0000	0.0000
0.0003	0.0001	0.0082	0.0000	0.0000	0.0000	0.9738	0.0055	0.0000	0.0015	0.0000	0.0104
0.0001	0.0031	0.3860	0.0000	0.0000	0.0048	0.2802	0.0649	0.0000	0.0004	0.0000	0.2605
0.0000	0.0000	0.0000	0.0000	0.0000	0.0000	0.0000	0.0000	0.0000	0.9199	0.0001	0.0800
0.0000	0.0000	0.0000	0.0000	0.0000	0.0000	0.0000	0.0000	0.0000	0.4171	0.0001	0.5828
0.0000	0.0000	0.0000	0.0000	0.0000	0.0000	0.0000	0.0000	0.0000	0.9999	0.0000	0.0001
0.0000	0.0000	0.0000	0.0000	0.0000	0.9999	0.0000	0.0000	0.0000	0.0001	0.0000	0.0000
0.7502	0.0052	0.1168	0.0000	0.0000	0.1159	0.0042	0.0001	0.0000	0.0064	0.0000	0.0012
0.0000	0.0000	0.0000	0.0000	0.0000	0.0000	0.0000	0.0000	1.0000	0.0000	0.0000	0.0000
0.0000	0.0000	0.0000	0.0272	0.0000	0.0000	0.0000	0.0000	0.0002	0.9724	0.0000	0.0001
0.0003	0.0000	0.9643	0.0000	0.0000	0.0354	0.0000	0.0000	0.0000	0.0000	0.0000	0.0000
0.0000	0.0000	0.0000	0.0001	0.0000	0.0000	0.7080	0.2810	0.0000	0.0028	0.0000	0.0080
0.5928	0.0000	0.0000	0.0000	0.0000	0.0000	0.0000	0.0000	0.4067	0.0005	0.0000	0.0000
0.0000	0.0000	0.0000	1.0000	0.0000	0.0000	0.0000	0.0000	0.0000	0.0000	0.0000	0.0000
0.0000	0.0000	0.0000	1.0000	0.0000	0.0000	0.0000	0.0000	0.0000	0.0000	0.0000	0.0000
0.0000	0.6473	0.3262	0.0000	0.0000	0.0191	0.0035	0.0034	0.0000	0.0000	0.0000	0.0006
0.0038	0.2090	0.6844	0.0000	0.0000	0.0418	0.0418	0.0011	0.0000	0.0001	0.0000	0.0181
0.0000	0.0000	0.0000	0.0000	0.0000	0.0000	0.0000	1.0000	0.0000	0.0000	0.0000	0.0000
0.9989	0.0000	0.0000	0.0000	0.0000	0.0000	0.0000	0.0000	0.0000	0.0000	0.0000	0.0011
0.0058	0.0000	0.0073	0.0013	0.0000	0.0528	0.0011	0.6020	0.0000	0.0001	0.0000	0.3296
0.0000	0.0000	0.0000	0.3890	0.0000	0.0001	0.0000	0.0000	0.0000	0.2315	0.0000	0.3794
0.0000	0.0000	0.0000	0.0010	0.0000	0.0000	0.0000	0.0000	0.0000	0.9817	0.0000	0.0173
0.0000	0.0000	0.0000	0.0000	0.0000	0.0000	0.0000	0.0000	0.0000	0.4423	0.0000	0.5577
0.0000	0.1675	0.5518	0.0001	0.0000	0.0024	0.1916	0.0862	0.0000	0.0000	0.0000	0.0002
0.0000	0.3203	0.5785	0.0000	0.0000	0.0423	0.0378	0.0169	0.0000	0.0000	0.0000	0.0042
0.0022	0.0006	0.3031	0.0001	0.0000	0.0010	0.2859	0.4000	0.0000	0.0000	0.0000	0.0072
0.0211	0.0000	0.0000	0.0000	0.0000	0.0000	0.0377	0.0015	0.0000	0.5386	0.0000	0.4011
0.0047	0.1140	0.0108	0.0000	0.0000	0.7890	0.0598	0.0135	0.0000	0.0006	0.0000	0.0076
0.0288	0.0107	0.0326	0.0000	0.0000	0.0035	0.1415	0.0014	0.0000	0.0154	0.0000	0.7661
0.9972	0.0000	0.0000	0.0000	0.0000	0.0004	0.0000	0.0000	0.0000	0.0024	0.0000	0.0000
0.9944	0.0000	0.0000	0.0000	0.0000	0.0000	0.0000	0.0000	0.0055	0.0000	0.0000	0.0000
0.0001	0.0006	0.0007	0.0000	0.0000	0.0001	0.5694	0.0664	0.0000	0.0077	0.0000	0.3550
0.0000	0.0000	0.0137	0.0000	0.0000	0.0039	0.0044	0.1330	0.0000	0.7541	0.0000	0.0910
0.0000	0.0000	0.0048	0.0000	0.0000	0.0000	0.5822	0.4120	0.0000	0.0004	0.0000	0.0006
0.9997	0.0000	0.0000	0.0000	0.0000	0.0000	0.0000	0.0000	0.0000	0.0001	0.0002	0.0000
0.0000	0.0000	0.0001	0.0000	0.0000	0.0000	0.9919	0.0080	0.0000	0.0000	0.0000	0.0000
0.0000	0.0000	0.0000	0.0000	0.0000	0.0000	0.0000	0.0000	1.0000	0.0000	0.0000	0.0000
0.0000	0.3605	0.6198	0.0000	0.0000	0.0013	0.0081	0.0007	0.0000	0.0088	0.0004	0.0004
0.0068	0.0010	0.0000	0.0000	0.0000	0.0005	0.9525	0.0081	0.0000	0.0198	0.0000	0.0113
0.0173	0.0002	0.0000	0.0000	0.0000	0.0000	0.9341	0.0015	0.0000	0.0391	0.0000	0.0077
0.0000	0.0000	0.0000	0.0000	0.0000	0.0000	0.0000	0.0000	0.0000	1.0000	0.0000	0.0000
0.0000	0.7908	0.2092	0.0000	0.0000	0.0000	0.0000	0.0000	0.0000	0.0000	0.0000	0.0000
0.0001	0.0741	0.4510	0.0000	0.0000	0.3784	0.0771	0.0126	0.0000	0.0000	0.0000	0.0066
0.0001	0.0446	0.7506	0.0000	0.0000	0.1798	0.0163	0.0061	0.0000	0.0000	0.0000	0.0024
0.0000	0.0000	0.0000	0.0000	0.0000	0.0000	0.0002	0.0000	0.0000	0.0002	0.0011	0.9985
0.0000	0.0000	0.0000	0.0000	0.0000	0.0000	0.0023	0.0000	0.0000	0.0052	0.0004	0.9921
0.0001	0.0000	0.0000	0.0000	0.0000	0.0003	0.0000	0.0000	0.8635	0.1361	0.0000	0.0000
0.0006	0.0000	0.0000	0.0000	0.0000	0.0000	0.0000	0.0000	0.9686	0.0308	0.0000	0.0000
0.0000	0.0003	0.7861	0.0000	0.0000	0.0007	0.1654	0.0005	0.0000	0.0000	0.0000	0.0470
0.0000	0.9155	0.0255	0.0000	0.0000	0.0497	0.0054	0.0039	0.0000	0.0000	0.0000	0.0000
0.0000	0.0000	0.0000	0.0000	0.0000	0.0000	0.4535	0.0000	0.0000	0.0003	0.0000	0.5462
0.0004	0.0000	0.0002	0.0000	0.0000	0.0292	0.1366	0.0033	0.0000	0.0550	0.0000	0.7754
0.0000	0.0000	0.0000	0.0000	0.0000	0.0000	0.0000	0.0000	0.9961	0.0039	0.0000	0.0000
0.0000	0.7052	0.2245	0.0000	0.0000	0.0066	0.0606	0.0006	0.0000	0.0000	0.0000	0.0024
0.0000	0.0000	0.0000	0.9987	0.0000	0.0000	0.0000	0.0001	0.0000	0.0011	0.0000	0.0000
0.0356	0.0000	0.0000	0.0000	0.0000	0.0000	0.0000	0.0000	0.9644	0.0000	0.0000	0.0000
0.0006	0.0000	0.0000	0.0000	0.0000	0.0000	0.0000	0.0000	0.9994	0.0000	0.0000	0.0000
0.0000	0.9747	0.0111	0.0000	0.0000	0.0109	0.0008	0.0000	0.0000	0.0000	0.0000	0.0026
0.0000	0.0000	0.0000	0.0000	0.0000	0.0000	0.0000	0.0002	0.0000	0.0001	0.0000	0.9997
0.0001	0.0005	0.0000	0.0000	0.0000	0.0069	0.0003	0.0012	0.0000	0.0000	0.0000	0.9911
0.0000	0.0000	0.0000	0.0000	0.0000	0.0000	0.0000	0.0000	0.0000	0.9997	0.0002	0.0001
0.0000	0.0000	0.0000	0.0000	0.0000	0.0000	0.0000	0.0000	0.0000	1.0000	0.0000	0.0000
0.0055	0.0000	0.0000	0.0000	0.0000	0.9944	0.0000	0.0000	0.0000	0.0001	0.0000	0.0000
0.0000	0.0000	0.0000	0.0000	0.0000	0.0000	0.0000	0.0410	0.0002	0.0061	0.0000	0.9526
0.0004	0.0000	0.0000	0.0000	0.0000	0.0001	0.0000	0.0000	0.0000	0.0000	0.0000	0.9996
0.0000	0.0000	0.0000	0.9710	0.0000	0.0000	0.0000	0.0000	0.0000	0.0000	0.0051	0.0238
0.0007	0.0000	0.0008	0.0000	0.0000	0.0000	0.0400	0.9344	0.0000	0.0000	0.0000	0.0241
0.0000	0.0000	0.0000	0.0000	0.0000	0.0000	0.0000	0.0000	0.0000	0.0048	0.0000	0.9952
0.0000	0.0041	0.8024	0.0000	0.0000	0.0101	0.0718	0.1107	0.0000	0.0000	0.0000	0.0008
0.0000	0.1514	0.1246	0.0000	0.0000	0.7197	0.0007	0.0012	0.0000	0.0000	0.0000	0.0023
0.0000	0.0000	0.0004	0.0000	0.0000	0.0000	0.5951	0.4043	0.0000	0.0000	0.0000	0.0001
0.0002	0.0000	0.0000	0.0000	0.0000	0.0000	0.8363	0.1472	0.0000	0.0000	0.0000	0.0163
0.0000	0.0000	0.0078	0.0000	0.0000	0.0000	0.0000	0.0000	0.0000	0.0000	0.0000	0.9922
0.0000	0.0000	0.0000	0.0000	0.0000	0.0000	0.0000	0.0000	0.0000	0.0000	0.0000	1.0000
0.0017	0.0000	0.9528	0.0000	0.0000	0.0455	0.0000	0.0000	0.0000	0.0000	0.0000	0.0000
0.0018	0.0000	0.9515	0.0000	0.0000	0.0466	0.0000	0.0000	0.0000	0.0000	0.0000	0.0000
0.0020	0.0000	0.9626	0.0000	0.0000	0.0353	0.0000	0.0000	0.0000	0.0000	0.0000	0.0000
0.0388	0.0000	0.0555	0.0000	0.0000	0.0000	0.0005	0.0000	0.0002	0.0000	0.0000	0.9050
0.0001	0.0000	0.9980	0.0000	0.0000	0.0002	0.0000	0.0000	0.0000	0.0000	0.0000	0.0018
0.0001	0.0000	0.9846	0.0000	0.0000	0.0001	0.0000	0.0000	0.0000	0.0000	0.0000	0.0152
0.0000	0.0000	0.0000	0.0000	0.0000	0.0000	0.0003	0.0000	0.0000	0.0000	0.0000	0.9997
0.0000	0.0000	0.0000	0.0000	0.0000	0.0000	0.0000	0.0000	0.0000	0.0000	0.0000	1.0000
0.0012	0.0000	0.9952	0.0000	0.0000	0.0000	0.0000	0.0000	0.0001	0.0000	0.0000	0.0035
0.0009	0.0000	0.9953	0.0000	0.0000	0.0000	0.0000	0.0000	0.0000	0.0000	0.0000	0.0038
0.0000	0.0000	0.0000	0.0000	0.0000	0.0000	0.0000	0.0000	0.0000	0.0000	0.0000	1.0000
0.0000	0.0000	0.0000	0.0000	0.0000	0.0000	0.0000	0.0000	0.0000	0.0000	0.0000	1.0000
0.0008	0.0000	0.9883	0.0000	0.0000	0.0109	0.0000	0.0000	0.0000	0.0000	0.0000	0.0000
0.0000	0.0000	0.0003	0.0000	0.0000	0.0000	0.0000	0.0000	0.0000	0.0000	0.0000	0.9997
0.0000	0.0000	0.0000	0.0000	0.0000	0.0000	0.0000	0.0000	0.0000	0.0000	0.0000	1.0000
0.0000	0.0000	0.0000	0.0000	0.0000	0.0000	0.0000	0.0000	0.0000	0.0000	0.0000	1.0000
0.0000	0.0000	0.0000	0.0000	0.0000	0.0000	0.0000	0.0000	0.0000	0.0000	0.0000	1.0000
0.0010	0.0000	0.9947	0.0000	0.0000	0.0030	0.0000	0.0000	0.0000	0.0001	0.0000	0.0011
0.0094	0.0000	0.9897	0.0000	0.0000	0.0000	0.0000	0.0000	0.0000	0.0002	0.0000	0.0008
0.0000	0.0000	0.0000	0.0000	0.0000	0.0000	0.0000	0.0000	1.0000	0.0000	0.0000	0.0000
0.0000	0.0000	0.0000	0.0000	0.0000	0.0000	1.0000	0.0000	0.0000	0.0000	0.0000	0.0000
0.0000	0.0000	0.0006	0.0000	0.0000	0.0002	0.9992	0.0000	0.0000	0.0000	0.0000	0.0000
0.0000	0.0000	0.0000	0.0000	0.0000	0.0000	0.0000	0.0000	1.0000	0.0000	0.0000	0.0000
0.0000	0.0000	0.0000	0.0000	0.0000	0.0000	0.0000	0.0000	1.0000	0.0000	0.0000	0.0000
0.0000	0.0000	0.0000	0.0000	0.0000	0.0000	0.0000	0.0000	1.0000	0.0000	0.0000	0.0000
0.0000	0.0000	0.8892	0.0000	0.0000	0.0032	0.1077	0.0000	0.0000	0.0000	0.0000	0.0000
0.0000	0.0000	0.0000	0.0000	0.0000	0.0000	0.0000	0.0000	1.0000	0.0000	0.0000	0.0000
0.0000	0.0000	0.2785	0.0000	0.0000	0.0000	0.7214	0.0000	0.0000	0.0000	0.0000	0.0000
0.0000	0.0000	0.7903	0.0000	0.0000	0.0249	0.1848	0.0000	0.0000	0.0000	0.0000	0.0000
0.0000	0.0000	0.0000	0.0000	0.0000	0.0000	0.0004	0.0000	0.9996	0.0000	0.0000	0.0000
0.0000	0.0000	0.0000	0.0000	0.0000	0.0000	0.0000	0.0000	1.0000	0.0000	0.0000	0.0000
0.0000	0.0000	0.0000	0.0000	0.0000	0.0000	1.0000	0.0000	0.0000	0.0000	0.0000	0.0000
0.0000	0.0000	0.0000	0.0000	0.0000	0.0000	0.0000	0.0000	1.0000	0.0000	0.0000	0.0000
0.0000	0.0000	0.0000	0.0000	0.0000	0.0000	0.0000	0.0000	1.0000	0.0000	0.0000	0.0000
0.0000	0.0000	0.0000	0.0000	0.0000	0.0000	1.0000	0.0000	0.0000	0.0000	0.0000	0.0000
0.0000	0.0000	0.0000	0.0000	0.0000	0.0000	0.0000	0.0000	1.0000	0.0000	0.0000	0.0000
0.0000	0.0000	0.9728	0.0000	0.0000	0.0026	0.0245	0.0000	0.0000	0.0000	0.0000	0.0000
0.0000	0.0000	0.3612	0.0000	0.0000	0.0005	0.6384	0.0000	0.0000	0.0000	0.0000	0.0000
0.0000	0.0000	0.0026	0.0000	0.0000	0.0000	0.9974	0.0000	0.0000	0.0000	0.0000	0.0000
0.0000	0.0000	0.0000	0.0000	0.0000	0.0000	0.0000	0.0000	1.0000	0.0000	0.0000	0.0000
0.0000	0.0000	0.0054	0.0000	0.0000	0.0000	0.9946	0.0000	0.0000	0.0000	0.0000	0.0000
0.0000	0.0000	0.9067	0.0000	0.0000	0.0019	0.0913	0.0000	0.0000	0.0000	0.0000	0.0000
0.0000	0.0000	0.0008	0.0000	0.0000	0.0000	0.9992	0.0000	0.0000	0.0000	0.0000	0.0000
0.0000	0.0000	0.0017	0.0000	0.0000	0.0000	0.9980	0.0000	0.0003	0.0000	0.0000	0.0000
0.0000	0.0000	0.0000	0.0000	0.0000	0.0000	0.0000	0.0000	1.0000	0.0000	0.0000	0.0000
0.0000	0.0000	0.0002	0.0000	0.0000	0.0000	0.9998	0.0000	0.0000	0.0000	0.0000	0.0000
0.0000	0.0000	0.0000	0.0000	0.0000	0.0000	0.0000	0.0000	1.0000	0.0000	0.0000	0.0000
0.0000	0.0000	0.0000	0.0000	0.0000	0.0000	0.0000	0.0000	1.0000	0.0000	0.0000	0.0000
