0.0362	0.0000	0.0001	0.0000	0.0000	0.0024	0.0325	0.0000	0.0000	0.0006	0.0001	0.9280
0.0000	0.0000	0.0001	0.0000	0.0000	0.0018	0.4244	0.5721	0.0000	0.0000	0.0000	0.0016
0.0024	0.0000	0.0000	0.0000	0.0000	0.0000	0.0000	0.0000	0.0000	0.9952	0.0000	0.0023
0.5168	0.0000	0.0000	0.0000	0.0000	0.0000	0.0000	0.0000	0.0000	0.0013	0.4818	0.0000
0.0000	0.0000	0.0000	0.0000	0.0000	0.0000	0.0000	0.9999	0.0000	0.0000	0.0000	0.0001
0.0000	0.0000	0.0000	0.0000	0.0000	0.0000	0.0000	0.0000	0.9999	0.0000	0.0000	0.0000
0.0000	0.0000	0.0000	0.0000	0.0000	0.0000	0.0000	0.0000	0.0000	1.0000	0.0000	0.0000
0.0023	0.0192	0.6920	0.0000	0.0000	0.1808	0.0936	0.0065	0.0000	0.0001	0.0000	0.0055
0.7283	0.0000	0.0000	0.0000	0.0000	0.0000	0.0000	0.0000	0.2717	0.0000	0.0000	0.0000
0.0000	0.0000	0.0000	0.0000	0.0000	0.0000	0.0268	0.0000	0.0000	0.0002	0.0007	0.9724
0.0008	0.0000	0.0000	0.0000	0.0000	0.3699	0.0000	0.0000	0.5794	0.0499	0.0000	0.0000
0.0002	0.0000	0.0000	0.0000	0.0000	0.0016	0.0000	0.0000	0.8756	0.1226	0.0000	0.0000
0.0001	0.0000	0.0002	0.0000	0.0000	0.0000	0.9905	0.0014	0.0000	0.0021	0.0000	0.0057
0.0001	0.0046	0.0853	0.0000	0.0000	0.0080	0.5870	0.0330	0.0000	0.0069	0.0000	0.2751
0.0000	0.0000	0.0000	0.0000	0.0000	0.0000	0.0000	0.0000	0.0000	0.7643	0.0001	0.2355
0.0000	0.0000	0.0000	0.0000	0.0000	0.0000	0.0000	0.0000	0.0000	0.6211	0.0004	0.3785
0.0000	0.0000	0.0000	0.0000	0.0000	0.0000	0.0000	0.0000	0.0000	0.9989	0.0000	0.0011
0.0000	0.0000	0.0000	0.0000	0.0000	0.9998	0.0000	0.0000	0.0000	0.0002	0.0000	0.0000
0.7726	0.0045	0.0308	0.0000	0.0000	0.1505	0.0347	0.0006	0.0000	0.0013	0.0000	0.0050
0.0000	0.0000	0.0000	0.0000	0.0000	0.0000	0.0000	0.0000	0.9988	0.0012	0.0000	0.0000
0.0000	0.0000	0.0000	0.3885	0.0000	0.0021	0.0000	0.0000	0.0074	0.5993	0.0000	0.0027
0.0001	0.0000	0.9767	0.0000	0.0000	0.0232	0.0000	0.0000	0.0000	0.0000	0.0000	0.0001
0.0000	0.0000	0.0000	0.0109	0.0000	0.0000	0.7963	0.1841	0.0000	0.0044	0.0000	0.0044
0.9568	0.0000	0.0000	0.0000	0.0000	0.0000	0.0000	0.0000	0.0427	0.0004	0.0000	0.0000
0.0000	0.0000	0.0000	1.0000	0.0000	0.0000	0.0000	0.0000	0.0000	0.0000	0.0000	0.0000
0.0000	0.0000	0.0000	0.9993	0.0000	0.0000	0.0000	0.0000	0.0000	0.0003	0.0004	0.0000
0.0000	0.1563	0.7967	0.0000	0.0000	0.0408	0.0043	0.0018	0.0000	0.0000	0.0000	0.0001
0.0086	0.1124	0.2086	0.0000	0.0000	0.1735	0.4385	0.0034	0.0000	0.0012	0.0000	0.0537
0.0000	0.0000	0.0000	0.0000	0.0000	0.0000	0.0000	1.0000	0.0000	0.0000	0.0000	0.0000
0.9967	0.0000	0.0000	0.0000	0.0000	0.0000	0.0000	0.0000	0.0000	0.0000	0.0000	0.0033
0.0007	0.0000	0.0033	0.0035	0.0000	0.2188	0.0006	0.4061	0.0000	0.0011	0.0002	0.3658
0.0000	0.0000	0.0000	0.2316	0.0000	0.0512	0.0000	0.0000	0.0000	0.3525	0.0000	0.3646
0.0000	0.0000	0.0000	0.0113	0.0000	0.0001	0.0000	0.0000	0.0000	0.8973	0.0000	0.0914
0.0000	0.0000	0.0000	0.0000	0.0000	0.0000	0.0000	0.0000	0.0000	0.4602	0.0000	0.5398
0.0000	0.0505	0.8412	0.0000	0.0000	0.0069	0.0892	0.0121	0.0000	0.0000	0.0000	0.0000
0.0000	0.0504	0.8238	0.0000	0.0000	0.0925	0.0283	0.0041	0.0000	0.0000	0.0000	0.0008
0.0001	0.0006	0.8599	0.0000	0.0000	0.0008	0.0695	0.0674	0.0000	0.0000	0.0000	0.0016
0.0098	0.0000	0.0000	0.0000	0.0000	0.0000	0.1488	0.0072	0.0000	0.0811	0.0001	0.7530
0.0044	0.0478	0.0011	0.0000	0.0000	0.4740	0.4142	0.0337	0.0000	0.0084	0.0000	0.0163
0.0032	0.0006	0.0132	0.0000	0.0000	0.0248	0.4558	0.0011	0.0000	0.0396	0.0000	0.4616
0.9720	0.0000	0.0000	0.0000	0.0000	0.0000	0.0000	0.0000	0.0000	0.0279	0.0000	0.0000
0.9894	0.0000	0.0000	0.0000	0.0000	0.0000	0.0000	0.0000	0.0004	0.0102	0.0000	0.0000
0.0000	0.0003	0.0006	0.0000	0.0000	0.0000	0.6562	0.0259	0.0000	0.0061	0.0000	0.3109
0.0000	0.0000	0.0005	0.0000	0.0000	0.0000	0.0091	0.1609	0.0000	0.3852	0.0000	0.4441
0.0000	0.0000	0.0050	0.0000	0.0000	0.0000	0.7486	0.2436	0.0000	0.0020	0.0000	0.0007
0.9588	0.0000	0.0000	0.0000	0.0000	0.0000	0.0000	0.0000	0.0000	0.0008	0.0367	0.0037
0.0000	0.0000	0.0002	0.0000	0.0000	0.0000	0.9797	0.0196	0.0000	0.0004	0.0000	0.0000
0.0000	0.0000	0.0000	0.0000	0.0000	0.0001	0.0000	0.0000	0.9999	0.0000	0.0000	0.0000
0.0001	0.5506	0.4210	0.0000	0.0000	0.0057	0.0072	0.0006	0.0000	0.0028	0.0073	0.0048
0.0057	0.0014	0.0000	0.0000	0.0000	0.0037	0.8214	0.0216	0.0000	0.0217	0.0000	0.1246
0.0540	0.0008	0.0000	0.0000	0.0000	0.0011	0.6350	0.0029	0.0000	0.0454	0.0000	0.2607
0.0000	0.0000	0.0000	0.0000	0.0000	0.0000	0.0000	0.0000	0.0000	1.0000	0.0000	0.0000
0.0000	0.8686	0.1314	0.0000	0.0000	0.0000	0.0000	0.0000	0.0000	0.0000	0.0000	0.0000
0.0000	0.0186	0.1181	0.0000	0.0000	0.8211	0.0371	0.0023	0.0000	0.0002	0.0000	0.0025
0.0000	0.0184	0.5837	0.0000	0.0000	0.3826	0.0132	0.0015	0.0000	0.0000	0.0000	0.0007
0.0000	0.0000	0.0000	0.0000	0.0000	0.0000	0.0003	0.0000	0.0000	0.0041	0.0057	0.9899
0.0000	0.0000	0.0000	0.0000	0.0000	0.0000	0.0062	0.0000	0.0000	0.1094	0.0041	0.8803
0.0004	0.0000	0.0000	0.0000	0.0000	0.0034	0.0000	0.0000	0.6403	0.3559	0.0000	0.0000
0.0040	0.0000	0.0000	0.0000	0.0000	0.0001	0.0000	0.0000	0.8997	0.0962	0.0000	0.0000
0.0000	0.0001	0.4774	0.0000	0.0000	0.0034	0.4845	0.0004	0.0000	0.0004	0.0000	0.0338
0.0000	0.8500	0.0525	0.0000	0.0000	0.0804	0.0146	0.0025	0.0000	0.0000	0.0000	0.0000
0.0001	0.0000	0.0004	0.0000	0.0000	0.0000	0.6447	0.0000	0.0000	0.0118	0.0000	0.3430
0.0001	0.0000	0.0000	0.0000	0.0000	0.0056	0.2916	0.0024	0.0000	0.0457	0.0000	0.6546
0.0000	0.0000	0.0000	0.0000	0.0000	0.0000	0.0000	0.0000	0.9972	0.0028	0.0000	0.0000
0.0000	0.4102	0.2942	0.0000	0.0000	0.0305	0.2625	0.0002	0.0000	0.0000	0.0000	0.0024
0.0000	0.0000	0.0000	0.8481	0.0000	0.0000	0.0000	0.0000	0.0000	0.1519	0.0000	0.0000
0.9774	0.0000	0.0000	0.0000	0.0000	0.0000	0.0000	0.0000	0.0226	0.0000	0.0000	0.0000
0.3490	0.0000	0.0000	0.0000	0.0000	0.0000	0.0000	0.0000	0.6510	0.0000	0.0000	0.0000
0.0000	0.7787	0.0266	0.0000	0.0000	0.1893	0.0043	0.0001	0.0000	0.0000	0.0000	0.0011
0.0000	0.0001	0.0000	0.0000	0.0000	0.0002	0.0007	0.0003	0.0000	0.0010	0.0000	0.9978
0.0001	0.0137	0.0001	0.0000	0.0000	0.0408	0.0012	0.0074	0.0000	0.0001	0.0000	0.9366
0.0000	0.0000	0.0000	0.0000	0.0000	0.0000	0.0000	0.0000	0.0000	0.9948	0.0038	0.0014
0.0000	0.0000	0.0000	0.0000	0.0000	0.0000	0.0000	0.0000	0.0000	1.0000	0.0000	0.0000
0.0000	0.0000	0.0000	0.0000	0.0000	1.0000	0.0000	0.0000	0.0000	0.0000	0.0000	0.0000
0.0000	0.0000	0.0000	0.0000	0.0000	0.0002	0.0017	0.0029	0.0050	0.0188	0.0000	0.9713
0.0000	0.0000	0.0000	0.0000	0.0000	0.0000	0.0000	0.0000	0.0000	0.0000	0.0000	1.0000
0.0000	0.0000	0.0000	0.9849	0.0000	0.0002	0.0000	0.0000	0.0000	0.0000	0.0004	0.0145
0.0006	0.0000	0.0015	0.0000	0.0000	0.0000	0.1805	0.7088	0.0000	0.0001	0.0000	0.1085
0.0000	0.0000	0.0000	0.0000	0.0000	0.0000	0.0000	0.0000	0.0000	0.0080	0.0001	0.9919
0.0000	0.0022	0.8677	0.0000	0.0000	0.0202	0.0652	0.0445	0.0000	0.0000	0.0000	0.0002
0.0000	0.0498	0.3516	0.0000	0.0000	0.5964	0.0014	0.0002	0.0000	0.0000	0.0000	0.0005
0.0000	0.0000	0.0007	0.0000	0.0000	0.0000	0.7953	0.2038	0.0000	0.0000	0.0000	0.0002
0.0001	0.0000	0.0000	0.0000	0.0000	0.0000	0.8083	0.0859	0.0000	0.0000	0.0000	0.1057
0.0000	0.0000	0.0149	0.0000	0.0000	0.0000	0.0000	0.0000	0.0000	0.0000	0.0000	0.9851
0.0000	0.0000	0.0000	0.0000	0.0000	0.0001	0.0000	0.0000	0.0000	0.0000	0.0000	0.9999
0.0002	0.0000	0.9674	0.0001	0.0000	0.0323	0.0000	0.0000	0.0000	0.0000	0.0000	0.0000
0.0002	0.0000	0.9631	0.0001	0.0000	0.0365	0.0000	0.0000	0.0000	0.0000	0.0000	0.0000
0.0003	0.0000	0.9818	0.0000	0.0000	0.0178	0.0000	0.0000	0.0000	0.0000	0.0000	0.0000
0.0000	0.0000	0.0567	0.0000	0.0000	0.0000	0.0001	0.0000	0.0001	0.0000	0.0000	0.9431
0.0000	0.0000	0.9982	0.0000	0.0000	0.0000	0.0000	0.0000	0.0000	0.0000	0.0000	0.0017
0.0000	0.0000	0.9826	0.0000	0.0000	0.0000	0.0000	0.0000	0.0000	0.0000	0.0000	0.0174
0.0000	0.0000	0.0000	0.0000	0.0000	0.0000	0.0000	0.0000	0.0000	0.0000	0.0000	1.0000
0.0000	0.0000	0.0000	0.0000	0.0000	0.0000	0.0000	0.0000	0.0000	0.0000	0.0000	1.0000
0.0001	0.0000	0.9832	0.0000	0.0000	0.0000	0.0000	0.0000	0.0001	0.0000	0.0000	0.0167
0.0002	0.0000	0.9403	0.0000	0.0000	0.0000	0.0000	0.0000	0.0000	0.0000	0.0000	0.0595
0.0000	0.0000	0.0007	0.0000	0.0000	0.0001	0.0000	0.0000	0.0000	0.0000	0.0000	0.9991
0.0000	0.0000	0.0000	0.0000	0.0000	0.0000	0.0000	0.0000	0.0001	0.0000	0.0000	0.9999
0.0000	0.0000	0.9987	0.0000	0.0000	0.0011	0.0000	0.0000	0.0000	0.0000	0.0000	0.0000
0.0000	0.0000	0.0006	0.0000	0.0000	0.0000	0.0000	0.0000	0.0000	0.0000	0.0000	0.9994
0.0000	0.0000	0.0000	0.0000	0.0000	0.0000	0.0000	0.0000	0.0000	0.0000	0.0000	1.0000
0.0000	0.0000	0.0000	0.0000	0.0000	0.0000	0.0000	0.0000	0.0000	0.0000	0.0000	1.0000
0.0000	0.0000	0.0000	0.0000	0.0000	0.0000	0.0000	0.0000	0.0000	0.0000	0.0000	1.0000
0.0001	0.0000	0.9964	0.0000	0.0000	0.0001	0.0000	0.0000	0.0000	0.0000	0.0000	0.0034
0.0007	0.0000	0.9959	0.0000	0.0000	0.0000	0.0000	0.0000	0.0000	0.0000	0.0000	0.0033
0.0000	0.0000	0.0000	0.0000	0.0000	0.0000	0.0000	0.0000	1.0000	0.0000	0.0000	0.0000
0.0000	0.0000	0.0001	0.0000	0.0000	0.0000	0.9999	0.0000	0.0000	0.0000	0.0000	0.0000
0.0000	0.0000	0.0003	0.0000	0.0000	0.0003	0.9994	0.0000	0.0000	0.0000	0.0000	0.0000
0.0000	0.0000	0.0000	0.0000	0.0000	0.0000	0.0000	0.0000	1.0000	0.0000	0.0000	0.0000
0.0000	0.0000	0.0000	0.0000	0.0000	0.0000	0.0000	0.0000	1.0000	0.0000	0.0000	0.0000
0.0000	0.0000	0.0000	0.0000	0.0000	0.0000	0.0000	0.0000	1.0000	0.0000	0.0000	0.0000
0.0000	0.0000	0.9487	0.0000	0.0000	0.0099	0.0414	0.0000	0.0000	0.0000	0.0000	0.0000
0.0000	0.0000	0.0000	0.0000	0.0000	0.0000	0.0000	0.0000	1.0000	0.0000	0.0000	0.0000
0.0000	0.0000	0.3242	0.0000	0.0000	0.0000	0.6757	0.0000	0.0000	0.0000	0.0000	0.0000
0.0000	0.0000	0.8571	0.0000	0.0000	0.0251	0.1178	0.0000	0.0000	0.0000	0.0000	0.0000
0.0000	0.0000	0.0000	0.0000	0.0000	0.0032	0.2968	0.0000	0.7001	0.0000	0.0000	0.0000
0.0000	0.0000	0.0000	0.0000	0.0000	0.0000	0.0000	0.0000	1.0000	0.0000	0.0000	0.0000
0.0000	0.0000	0.0000	0.0000	0.0000	0.0000	1.0000	0.0000	0.0000	0.0000	0.0000	0.0000
0.0000	0.0000	0.0000	0.0000	0.0000	0.0000	0.0000	0.0000	1.0000	0.0000	0.0000	0.0000
0.0000	0.0000	0.0000	0.0000	0.0000	0.0000	0.0000	0.0000	1.0000	0.0000	0.0000	0.0000
0.0000	0.0000	0.0000	0.0000	0.0000	0.0000	1.0000	0.0000	0.0000	0.0000	0.0000	0.0000
0.0000	0.0000	0.0000	0.0000	0.0000	0.0000	0.0000	0.0000	1.0000	0.0000	0.0000	0.0000
0.0000	0.0000	0.9950	0.0000	0.0000	0.0026	0.0024	0.0000	0.0000	0.0000	0.0000	0.0000
0.0000	0.0000	0.3106	0.0000	0.0000	0.0011	0.6882	0.0000	0.0000	0.0000	0.0000	0.0000
0.0000	0.0000	0.0056	0.0000	0.0000	0.0000	0.9944	0.0000	0.0000	0.0000	0.0000	0.0000
0.0000	0.0000	0.0000	0.0000	0.0000	0.0000	0.0000	0.0000	1.0000	0.0000	0.0000	0.0000
0.0000	0.0000	0.0734	0.0000	0.0000	0.0000	0.9266	0.0000	0.0000	0.0000	0.0000	0.0000
0.0000	0.0000	0.9597	0.0000	0.0000	0.0061	0.0341	0.0000	0.0000	0.0000	0.0000	0.0000
0.0000	0.0000	0.0000	0.0000	0.0000	0.0000	0.9998	0.0000	0.0001	0.0000	0.0000	0.0000
0.0000	0.0000	0.0001	0.0000	0.0000	0.0000	0.9929	0.0000	0.0070	0.0000	0.0000	0.0000
0.0000	0.0000	0.0000	0.0000	0.0000	0.0000	0.0000	0.0000	1.0000	0.0000	0.0000	0.0000
0.0000	0.0000	0.0061	0.0000	0.0000	0.0000	0.9939	0.0000	0.0000	0.0000	0.0000	0.0000
0.0000	0.0000	0.0000	0.0000	0.0000	0.0000	0.0000	0.0000	1.0000	0.0000	0.0000	0.0000
0.0000	0.0000	0.0000	0.0000	0.0000	0.0000	0.0000	0.0000	1.0000	0.0000	0.0000	0.0000
