0.1213	0.0009	0.0001	0.0001	0.0000	0.0026	0.1121	0.0001	0.0000	0.0721	0.0017	0.6889
0.0000	0.0013	0.0001	0.0000	0.0000	0.0539	0.0785	0.8659	0.0000	0.0000	0.0000	0.0004
0.0978	0.0000	0.0000	0.0000	0.0000	0.0000	0.0000	0.0000	0.0000	0.9020	0.0000	0.0001
0.0002	0.0000	0.0000	0.0000	0.0000	0.0000	0.0000	0.0000	0.0000	0.0003	0.9843	0.0152
0.0000	0.0000	0.0000	0.0002	0.0000	0.0000	0.0033	0.9955	0.0000	0.0000	0.0000	0.0010
0.0036	0.0000	0.0000	0.0000	0.0000	0.0000	0.0000	0.0000	0.9906	0.0057	0.0001	0.0000
0.0000	0.0000	0.0000	0.0000	0.0000	0.0000	0.0000	0.0000	0.0003	0.9993	0.0000	0.0003
0.0000	0.0055	0.0105	0.0000	0.0000	0.9540	0.0292	0.0007	0.0000	0.0000	0.0000	0.0000
0.9938	0.0000	0.0000	0.0000	0.0000	0.0000	0.0000	0.0000	0.0061	0.0001	0.0000	0.0000
0.0000	0.0000	0.0000	0.0000	0.0000	0.0000	0.1203	0.0000	0.0000	0.0000	0.0593	0.8204
0.0000	0.0000	0.0000	0.0000	0.0000	0.0000	0.0000	0.0000	0.0151	0.9848	0.0000	0.0000
0.0000	0.0000	0.0000	0.0000	0.0000	0.0000	0.0000	0.0000	0.0523	0.9477	0.0000	0.0000
0.0000	0.0000	0.0005	0.0000	0.0000	0.0000	0.9940	0.0009	0.0000	0.0000	0.0000	0.0045
0.0000	0.0038	0.0549	0.0000	0.0000	0.0116	0.8291	0.0088	0.0000	0.0000	0.0000	0.0917
0.0000	0.0000	0.0000	0.0000	0.0000	0.0000	0.0001	0.0000	0.0000	0.3304	0.0003	0.6693
0.0000	0.0000	0.0000	0.0000	0.0000	0.0000	0.0009	0.0000	0.0000	0.0098	0.0001	0.9892
0.0000	0.0000	0.0000	0.0000	0.0000	0.0000	0.0001	0.0000	0.0000	0.9792	0.0001	0.0206
0.0000	0.0000	0.0000	0.0000	0.0000	1.0000	0.0000	0.0000	0.0000	0.0000	0.0000	0.0000
0.9939	0.0000	0.0000	0.0000	0.0000	0.0056	0.0005	0.0000	0.0000	0.0000	0.0000	0.0000
0.0000	0.0000	0.0000	0.0000	0.0000	0.0000	0.0000	0.0000	0.9998	0.0001	0.0000	0.0000
0.0000	0.0000	0.0000	0.7631	0.0000	0.0002	0.0000	0.0000	0.0001	0.2366	0.0000	0.0000
0.8748	0.0040	0.0000	0.0021	0.0000	0.1185	0.0000	0.0000	0.0000	0.0006	0.0000	0.0000
0.0000	0.0000	0.0001	0.0000	0.0021	0.0000	0.1332	0.8251	0.0005	0.0006	0.0002	0.0381
1.0000	0.0000	0.0000	0.0000	0.0000	0.0000	0.0000	0.0000	0.0000	0.0000	0.0000	0.0000
0.0000	0.0000	0.0000	0.9998	0.0000	0.0000	0.0000	0.0000	0.0001	0.0000	0.0001	0.0000
0.9887	0.0000	0.0000	0.0000	0.0000	0.0000	0.0001	0.0000	0.0000	0.0070	0.0039	0.0003
0.0000	0.1717	0.6833	0.0000	0.0000	0.1408	0.0033	0.0008	0.0000	0.0000	0.0000	0.0000
0.0000	0.1151	0.0383	0.0000	0.0000	0.5961	0.2113	0.0088	0.0000	0.0000	0.0000	0.0304
0.0000	0.0000	0.0000	0.0000	0.0000	0.0000	0.0000	1.0000	0.0000	0.0000	0.0000	0.0000
1.0000	0.0000	0.0000	0.0000	0.0000	0.0000	0.0000	0.0000	0.0000	0.0000	0.0000	0.0000
0.0000	0.0000	0.0090	0.0000	0.0000	0.0051	0.0000	0.0213	0.0000	0.0000	0.0000	0.9646
0.0000	0.0000	0.0000	0.0060	0.0000	0.0000	0.0000	0.0000	0.0000	0.0002	0.0000	0.9938
0.0000	0.0000	0.0000	0.9994	0.0000	0.0000	0.0000	0.0000	0.0000	0.0002	0.0003	0.0001
0.0031	0.0000	0.0000	0.0279	0.0000	0.0000	0.0000	0.0000	0.0000	0.0039	0.7026	0.2626
0.0000	0.0038	0.9470	0.0000	0.0000	0.0098	0.0357	0.0036	0.0000	0.0000	0.0000	0.0000
0.0000	0.0092	0.7625	0.0000	0.0000	0.1968	0.0236	0.0077	0.0000	0.0000	0.0000	0.0003
0.0000	0.0000	0.7454	0.0000	0.0000	0.0010	0.0089	0.2432	0.0000	0.0000	0.0000	0.0014
0.0005	0.0000	0.0006	0.0000	0.0000	0.0000	0.0731	0.0001	0.0000	0.0133	0.0021	0.9102
0.0000	0.0113	0.0000	0.0000	0.0000	0.9823	0.0051	0.0012	0.0000	0.0000	0.0000	0.0000
0.0000	0.0001	0.0014	0.0000	0.0000	0.0032	0.6580	0.0065	0.0000	0.0004	0.0000	0.3304
0.8206	0.0000	0.0000	0.0000	0.0000	0.0065	0.0000	0.0000	0.0000	0.1729	0.0000	0.0000
0.9994	0.0000	0.0000	0.0000	0.0000	0.0000	0.0000	0.0000	0.0000	0.0006	0.0000	0.0000
0.0000	0.0003	0.0065	0.0000	0.0000	0.0004	0.8180	0.0093	0.0000	0.0000	0.0000	0.1655
0.0000	0.0000	0.0024	0.0000	0.0000	0.0000	0.7804	0.0222	0.0000	0.0003	0.0000	0.1946
0.0000	0.0000	0.0210	0.0000	0.0000	0.0000	0.3800	0.5983	0.0000	0.0000	0.0000	0.0007
0.0620	0.0000	0.0000	0.0000	0.0000	0.0000	0.0000	0.0000	0.0000	0.0040	0.0001	0.9340
0.0000	0.0000	0.0000	0.0000	0.0000	0.0000	0.9814	0.0185	0.0000	0.0001	0.0000	0.0000
0.0100	0.0000	0.0000	0.0000	0.0000	0.0000	0.0000	0.0000	0.9687	0.0203	0.0009	0.0000
0.9664	0.0000	0.0253	0.0000	0.0000	0.0010	0.0008	0.0021	0.0000	0.0043	0.0000	0.0001
0.1131	0.0000	0.0000	0.0000	0.0000	0.0090	0.6282	0.2321	0.0000	0.0030	0.0001	0.0145
0.0878	0.0000	0.0000	0.0000	0.0000	0.0033	0.5527	0.0777	0.0006	0.0356	0.0009	0.2414
0.0000	0.0000	0.0000	0.0000	0.0008	0.0000	0.0005	0.0000	0.0058	0.9824	0.0004	0.0101
0.2687	0.3915	0.3371	0.0000	0.0000	0.0009	0.0007	0.0010	0.0000	0.0000	0.0000	0.0000
0.0000	0.0001	0.0989	0.0000	0.0000	0.8851	0.0103	0.0053	0.0000	0.0000	0.0000	0.0003
0.0000	0.0011	0.1480	0.0000	0.0000	0.8455	0.0045	0.0008	0.0000	0.0000	0.0000	0.0000
0.0000	0.0000	0.0000	0.0000	0.0000	0.0000	0.0159	0.0000	0.0000	0.0000	0.6444	0.3398
0.0000	0.0000	0.0000	0.0000	0.0000	0.0000	0.1222	0.0000	0.0000	0.0002	0.1630	0.7146
0.0000	0.0000	0.0000	0.0000	0.0000	0.0000	0.0000	0.0000	0.0017	0.9983	0.0000	0.0000
0.0004	0.0000	0.0000	0.0000	0.0000	0.0000	0.0000	0.0000	0.2371	0.7625	0.0000	0.0000
0.0000	0.0013	0.4069	0.0000	0.0000	0.0127	0.5681	0.0004	0.0000	0.0000	0.0000	0.0107
0.0000	0.8115	0.0181	0.0000	0.0000	0.1634	0.0063	0.0008	0.0000	0.0000	0.0000	0.0000
0.0000	0.0000	0.0002	0.0000	0.0000	0.0000	0.9494	0.0000	0.0000	0.0000	0.0000	0.0503
0.0000	0.0000	0.0001	0.0000	0.0000	0.0115	0.2245	0.0093	0.0000	0.0024	0.0000	0.7522
0.0000	0.0000	0.0000	0.0000	0.0000	0.0000	0.0000	0.0000	0.9985	0.0014	0.0000	0.0000
0.0000	0.0057	0.0117	0.0000	0.0000	0.9071	0.0728	0.0011	0.0000	0.0000	0.0000	0.0015
0.0000	0.0000	0.0000	0.0433	0.0000	0.0000	0.0000	0.0000	0.6721	0.2846	0.0000	0.0000
0.8918	0.0000	0.0000	0.0000	0.0000	0.0000	0.0000	0.0000	0.1082	0.0000	0.0000	0.0000
0.0297	0.0000	0.0000	0.0000	0.0000	0.0000	0.0000	0.0000	0.9703	0.0000	0.0000	0.0000
0.0000	0.0963	0.0659	0.0000	0.0000	0.8260	0.0075	0.0037	0.0000	0.0000	0.0000	0.0005
0.0040	0.0001	0.0000	0.0005	0.0000	0.0000	0.0793	0.0016	0.0000	0.0007	0.0000	0.9137
0.0000	0.0090	0.0030	0.0000	0.0000	0.0346	0.1868	0.1214	0.0000	0.0000	0.0000	0.6453
0.0012	0.0000	0.0000	0.0000	0.0000	0.0000	0.0000	0.0000	0.0001	0.9969	0.0013	0.0005
0.0000	0.0000	0.0000	0.0000	0.0000	0.0000	0.0000	0.0000	0.0000	1.0000	0.0000	0.0000
0.0001	0.0000	0.0000	0.0000	0.0000	0.9993	0.0000	0.0000	0.0000	0.0006	0.0000	0.0000
0.0601	0.0000	0.0000	0.0086	0.0135	0.0000	0.0208	0.0060	0.0000	0.0071	0.3656	0.5183
0.0217	0.0000	0.0000	0.0568	0.0000	0.0000	0.0915	0.0004	0.0000	0.0000	0.0039	0.8257
0.0000	0.0000	0.0000	0.9949	0.0000	0.0000	0.0000	0.0000	0.0000	0.0000	0.0048	0.0002
0.0012	0.0000	0.0005	0.0000	0.0000	0.0012	0.1240	0.0413	0.0000	0.0001	0.0000	0.8317
0.0021	0.0000	0.0000	0.0031	0.0000	0.0000	0.0000	0.0000	0.0000	0.0078	0.2164	0.7706
0.0000	0.0023	0.9317	0.0000	0.0000	0.0233	0.0049	0.0378	0.0000	0.0000	0.0000	0.0000
0.0000	0.0398	0.1122	0.0000	0.0000	0.8423	0.0053	0.0001	0.0000	0.0000	0.0000	0.0002
0.0000	0.0000	0.0051	0.0000	0.0000	0.0001	0.3834	0.6108	0.0000	0.0000	0.0000	0.0005
0.0000	0.0000	0.0000	0.0000	0.0000	0.0000	0.5342	0.4360	0.0000	0.0000	0.0000	0.0297
0.0000	0.0000	0.0152	0.0000	0.0000	0.0000	0.0000	0.0133	0.0000	0.0000	0.0000	0.9715
0.0000	0.0000	0.0000	0.0000	0.0000	0.0000	0.0000	0.0000	0.0000	0.0000	0.0000	1.0000
0.0000	0.0000	0.9999	0.0000	0.0000	0.0000	0.0000	0.0001	0.0000	0.0000	0.0000	0.0000
0.0000	0.0000	0.9998	0.0000	0.0000	0.0000	0.0000	0.0002	0.0000	0.0000	0.0000	0.0000
0.0000	0.0000	0.9998	0.0000	0.0000	0.0000	0.0000	0.0002	0.0000	0.0000	0.0000	0.0000
0.0000	0.0000	0.6863	0.0000	0.0000	0.0000	0.0000	0.1290	0.0000	0.0000	0.0000	0.1847
0.0000	0.0000	0.9983	0.0000	0.0000	0.0000	0.0000	0.0003	0.0000	0.0000	0.0000	0.0014
0.0000	0.0000	0.9817	0.0000	0.0000	0.0000	0.0000	0.0004	0.0000	0.0000	0.0000	0.0179
0.0000	0.0000	0.0000	0.0000	0.0000	0.0000	0.0000	0.0000	0.0000	0.0000	0.0000	1.0000
0.0000	0.0000	0.0000	0.0000	0.0000	0.0000	0.9613	0.0000	0.0000	0.0000	0.0000	0.0387
0.0000	0.0000	0.9937	0.0000	0.0000	0.0000	0.0000	0.0045	0.0000	0.0000	0.0000	0.0018
0.0000	0.0000	0.9951	0.0000	0.0000	0.0000	0.0000	0.0046	0.0000	0.0000	0.0000	0.0003
0.0000	0.0000	0.0001	0.0000	0.0000	0.0000	0.0000	0.0000	0.0000	0.0000	0.0000	0.9999
0.0000	0.0000	0.0000	0.0000	0.0000	0.0000	0.0000	0.0000	0.0000	0.0000	0.0000	1.0000
0.0000	0.0000	0.9997	0.0000	0.0000	0.0000	0.0000	0.0003	0.0000	0.0000	0.0000	0.0000
0.0000	0.0000	0.0181	0.0000	0.0000	0.0000	0.0000	0.0111	0.0000	0.0000	0.0000	0.9708
0.0000	0.0000	0.0000	0.0000	0.0000	0.0000	0.0000	0.0000	0.0000	0.0000	0.0000	1.0000
0.0000	0.0000	0.0000	0.0000	0.0000	0.0000	0.0000	0.0000	0.0000	0.0000	0.0000	1.0000
0.0000	0.0000	0.0000	0.0000	0.0000	0.0000	0.0000	0.0000	0.0000	0.0000	0.0000	1.0000
0.0000	0.0000	0.9786	0.0000	0.0000	0.0000	0.0000	0.0095	0.0000	0.0000	0.0000	0.0119
0.0000	0.0000	0.9996	0.0000	0.0000	0.0000	0.0000	0.0003	0.0000	0.0000	0.0000	0.0001
0.0000	0.0000	0.0000	0.0000	0.0000	0.0000	0.0000	0.0000	0.9929	0.0000	0.0071	0.0000
0.0000	0.0000	0.0024	0.0000	0.0000	0.0004	0.9972	0.0000	0.0000	0.0000	0.0000	0.0000
0.0000	0.0000	0.0001	0.0000	0.0000	0.0054	0.9940	0.0000	0.0004	0.0000	0.0000	0.0001
0.0133	0.0016	0.0000	0.0000	0.0000	0.0369	0.0946	0.0000	0.8535	0.0000	0.0000	0.0000
0.0000	0.0000	0.0000	0.0000	0.0000	0.0000	0.0000	0.0000	1.0000	0.0000	0.0000	0.0000
0.0000	0.0000	0.0000	0.0000	0.0000	0.0000	0.0000	0.0000	1.0000	0.0000	0.0000	0.0000
0.0000	0.0000	0.9315	0.0000	0.0000	0.0416	0.0269	0.0000	0.0000	0.0000	0.0000	0.0000
0.0000	0.0000	0.0000	0.0000	0.0000	0.0000	0.0000	0.0000	1.0000	0.0000	0.0000	0.0000
0.0000	0.0000	0.7751	0.0000	0.0000	0.0000	0.2249	0.0000	0.0000	0.0000	0.0000	0.0000
0.0000	0.0000	0.9014	0.0000	0.0000	0.0078	0.0908	0.0000	0.0000	0.0000	0.0000	0.0000
0.0000	0.0000	0.0000	0.0000	0.0000	0.0000	0.0000	0.9868	0.0000	0.0131	0.0000	0.0000
0.0000	0.0000	0.0000	0.0000	0.0000	0.0000	0.0000	0.0000	1.0000	0.0000	0.0000	0.0000
0.0000	0.0000	0.0000	0.0000	0.0000	0.0000	1.0000	0.0000	0.0000	0.0000	0.0000	0.0000
0.0000	0.0000	0.0000	0.0000	0.0000	0.0000	0.0000	0.0000	1.0000	0.0000	0.0000	0.0000
0.0000	0.0000	0.0000	0.0000	0.0000	0.0000	0.0009	0.0000	0.9991	0.0000	0.0000	0.0000
0.0000	0.0000	0.0008	0.0000	0.0000	0.0001	0.9991	0.0000	0.0000	0.0000	0.0000	0.0000
0.0003	0.0000	0.0000	0.0000	0.0000	0.0001	0.0013	0.0000	0.9983	0.0000	0.0000	0.0000
0.0000	0.0000	0.9973	0.0000	0.0000	0.0000	0.0027	0.0000	0.0000	0.0000	0.0000	0.0000
0.0000	0.0000	0.2974	0.0000	0.0000	0.0040	0.6986	0.0000	0.0000	0.0000	0.0000	0.0000
0.0000	0.0000	0.0557	0.0000	0.0000	0.0001	0.9442	0.0000	0.0000	0.0000	0.0000	0.0000
0.0000	0.0000	0.0000	0.0000	0.0000	0.0000	0.0000	0.0000	1.0000	0.0000	0.0000	0.0000
0.0000	0.0000	0.0250	0.0000	0.0000	0.0000	0.9750	0.0000	0.0000	0.0000	0.0000	0.0000
0.0000	0.0000	0.9662	0.0000	0.0000	0.0102	0.0237	0.0000	0.0000	0.0000	0.0000	0.0000
0.0000	0.0000	0.0165	0.0000	0.0000	0.0168	0.9668	0.0000	0.0000	0.0000	0.0000	0.0000
0.0000	0.0000	0.0110	0.0000	0.0000	0.0017	0.9870	0.0000	0.0003	0.0000	0.0000	0.0000
0.0000	0.0000	0.0000	0.0000	0.0000	0.0000	0.0000	0.0000	1.0000	0.0000	0.0000	0.0000
0.0000	0.0000	0.0016	0.0000	0.0000	0.0000	0.9984	0.0000	0.0000	0.0000	0.0000	0.0000
0.0000	0.0000	0.0000	0.0000	0.0000	0.0000	0.0000	0.0000	1.0000	0.0000	0.0000	0.0000
0.0000	0.0000	0.0000	0.0000	0.0000	0.0000	0.0000	0.0000	1.0000	0.0000	0.0000	0.0000
