0.0173	0.0000	0.0003	0.0000	0.0000	0.0029	0.0446	0.0004	0.0000	0.0191	0.0001	0.9154
0.0000	0.0001	0.0007	0.0000	0.0000	0.0100	0.1760	0.7882	0.0000	0.0001	0.0000	0.0249
0.0007	0.0000	0.0000	0.0000	0.0000	0.0000	0.0000	0.0000	0.0000	0.9925	0.0000	0.0068
0.0427	0.0000	0.0000	0.0000	0.0000	0.0000	0.0000	0.0000	0.0000	0.0021	0.9545	0.0007
0.0000	0.0000	0.0000	0.0000	0.0000	0.0000	0.0001	0.9999	0.0000	0.0000	0.0000	0.0000
0.0000	0.0000	0.0000	0.0000	0.0000	0.0000	0.0000	0.0000	0.9997	0.0002	0.0000	0.0001
0.0000	0.0000	0.0000	0.0000	0.0000	0.0000	0.0000	0.0000	0.0000	1.0000	0.0000	0.0000
0.0071	0.0406	0.6720	0.0000	0.0000	0.1241	0.1327	0.0126	0.0000	0.0005	0.0000	0.0104
0.2539	0.0000	0.0000	0.0000	0.0000	0.0000	0.0000	0.0000	0.7458	0.0001	0.0002	0.0000
0.0000	0.0000	0.0000	0.0000	0.0000	0.0000	0.0531	0.0000	0.0000	0.0060	0.0079	0.9330
0.0015	0.0000	0.0000	0.0000	0.0000	0.5691	0.0000	0.0000	0.1569	0.2725	0.0000	0.0000
0.0003	0.0000	0.0000	0.0000	0.0000	0.0239	0.0000	0.0000	0.1161	0.8597	0.0000	0.0000
0.0001	0.0014	0.0026	0.0000	0.0000	0.0001	0.8181	0.0555	0.0000	0.0189	0.0001	0.1033
0.0001	0.0237	0.1078	0.0000	0.0000	0.0187	0.4780	0.2018	0.0000	0.0089	0.0000	0.1610
0.0000	0.0000	0.0000	0.0000	0.0000	0.0000	0.0000	0.0000	0.0000	0.7705	0.0004	0.2291
0.0000	0.0000	0.0000	0.0000	0.0000	0.0000	0.0001	0.0000	0.0000	0.7360	0.0013	0.2626
0.0000	0.0000	0.0000	0.0005	0.0000	0.0000	0.0001	0.0000	0.0000	0.8037	0.0000	0.1958
0.0000	0.0000	0.0000	0.0000	0.0000	0.9986	0.0000	0.0000	0.0000	0.0013	0.0000	0.0000
0.4832	0.0364	0.2274	0.0000	0.0000	0.1725	0.0662	0.0010	0.0000	0.0085	0.0000	0.0048
0.0000	0.0000	0.0000	0.0000	0.0000	0.0000	0.0000	0.0000	0.9942	0.0055	0.0000	0.0003
0.0000	0.0000	0.0000	0.6577	0.0000	0.0004	0.0000	0.0000	0.0613	0.2720	0.0000	0.0086
0.0009	0.0035	0.9810	0.0000	0.0000	0.0142	0.0000	0.0000	0.0000	0.0000	0.0000	0.0003
0.0000	0.0000	0.0000	0.0325	0.0000	0.0000	0.2483	0.5845	0.0000	0.0144	0.0001	0.1202
0.9185	0.0000	0.0000	0.0000	0.0000	0.0000	0.0000	0.0000	0.0556	0.0259	0.0000	0.0000
0.0000	0.0000	0.0000	1.0000	0.0000	0.0000	0.0000	0.0000	0.0000	0.0000	0.0000	0.0000
0.0000	0.0000	0.0000	0.9947	0.0000	0.0000	0.0001	0.0002	0.0000	0.0043	0.0008	0.0000
0.0000	0.4117	0.4984	0.0000	0.0000	0.0675	0.0099	0.0117	0.0000	0.0000	0.0000	0.0008
0.0041	0.5016	0.2167	0.0000	0.0000	0.0234	0.1775	0.0117	0.0000	0.0063	0.0000	0.0586
0.0000	0.0000	0.0000	0.0000	0.0000	0.0000	0.0000	1.0000	0.0000	0.0000	0.0000	0.0000
0.9927	0.0000	0.0000	0.0002	0.0000	0.0000	0.0000	0.0000	0.0000	0.0000	0.0000	0.0071
0.0004	0.0000	0.0003	0.0040	0.0000	0.0545	0.0224	0.5626	0.0000	0.0044	0.0002	0.3512
0.0000	0.0000	0.0000	0.5964	0.0000	0.0076	0.0000	0.0000	0.0000	0.0259	0.0002	0.3698
0.0000	0.0000	0.0000	0.0758	0.0000	0.0002	0.0000	0.0000	0.0002	0.3068	0.0004	0.6166
0.0000	0.0000	0.0000	0.0000	0.0000	0.0000	0.0000	0.0000	0.0000	0.0377	0.0001	0.9622
0.0000	0.1046	0.8059	0.0001	0.0000	0.0088	0.0391	0.0409	0.0000	0.0000	0.0000	0.0007
0.0000	0.1248	0.7242	0.0000	0.0000	0.1026	0.0229	0.0194	0.0000	0.0000	0.0000	0.0061
0.0005	0.0025	0.6033	0.0004	0.0000	0.0013	0.1154	0.2416	0.0000	0.0000	0.0000	0.0349
0.0050	0.0000	0.0000	0.0000	0.0000	0.0000	0.1954	0.0145	0.0000	0.2268	0.0000	0.5582
0.0052	0.0678	0.0070	0.0000	0.0000	0.4264	0.2796	0.0981	0.0000	0.0524	0.0000	0.0635
0.0010	0.0004	0.0074	0.0000	0.0000	0.0243	0.2374	0.0035	0.0000	0.0711	0.0001	0.6550
0.6528	0.0000	0.0000	0.0000	0.0000	0.0004	0.0000	0.0000	0.0002	0.3466	0.0000	0.0000
0.8874	0.0000	0.0000	0.0000	0.0000	0.0000	0.0000	0.0000	0.0072	0.1055	0.0000	0.0000
0.0000	0.0012	0.0017	0.0000	0.0000	0.0001	0.6170	0.1016	0.0000	0.0070	0.0000	0.2714
0.0000	0.0000	0.0109	0.0000	0.0000	0.0005	0.2211	0.4700	0.0000	0.1860	0.0002	0.1112
0.0000	0.0000	0.0099	0.0000	0.0000	0.0000	0.3825	0.5927	0.0000	0.0027	0.0000	0.0122
0.8721	0.0000	0.0000	0.0000	0.0000	0.0000	0.0000	0.0000	0.0000	0.0246	0.0854	0.0178
0.0000	0.0000	0.0005	0.0000	0.0000	0.0000	0.9783	0.0196	0.0000	0.0009	0.0003	0.0004
0.0000	0.0000	0.0000	0.0000	0.0000	0.0000	0.0000	0.0000	1.0000	0.0000	0.0000	0.0000
0.0001	0.2002	0.4085	0.0000	0.0000	0.0098	0.2530	0.0317	0.0000	0.0065	0.0892	0.0009
0.0163	0.0004	0.0000	0.0000	0.0000	0.0020	0.6871	0.1627	0.0000	0.0486	0.0002	0.0827
0.2640	0.0001	0.0000	0.0000	0.0000	0.0002	0.4272	0.0216	0.0004	0.1164	0.0001	0.1699
0.0000	0.0000	0.0000	0.0000	0.0000	0.0000	0.0000	0.0000	0.0000	1.0000	0.0000	0.0000
0.0000	0.6787	0.3164	0.0000	0.0000	0.0003	0.0034	0.0010	0.0000	0.0000	0.0002	0.0000
0.0003	0.0644	0.2231	0.0000	0.0000	0.6117	0.0669	0.0186	0.0000	0.0018	0.0000	0.0134
0.0003	0.0410	0.6604	0.0000	0.0000	0.2616	0.0293	0.0043	0.0000	0.0002	0.0000	0.0030
0.0000	0.0000	0.0000	0.0000	0.0000	0.0000	0.0012	0.0000	0.0000	0.0508	0.0680	0.8799
0.0000	0.0000	0.0000	0.0000	0.0000	0.0000	0.0055	0.0000	0.0000	0.3320	0.0304	0.6321
0.0003	0.0000	0.0000	0.0000	0.0000	0.0109	0.0000	0.0000	0.0976	0.8912	0.0000	0.0000
0.0051	0.0000	0.0000	0.0000	0.0000	0.0002	0.0000	0.0000	0.1545	0.8403	0.0000	0.0000
0.0000	0.0045	0.2891	0.0000	0.0000	0.0664	0.5247	0.0078	0.0000	0.0023	0.0000	0.1053
0.0000	0.5987	0.1261	0.0000	0.0000	0.2492	0.0102	0.0153	0.0000	0.0000	0.0000	0.0004
0.0000	0.0000	0.0002	0.0000	0.0000	0.0015	0.4853	0.0003	0.0000	0.0406	0.0002	0.4719
0.0002	0.0000	0.0002	0.0000	0.0000	0.0050	0.1904	0.0137	0.0000	0.0610	0.0000	0.7295
0.0000	0.0000	0.0000	0.0000	0.0000	0.0000	0.0000	0.0000	0.9994	0.0005	0.0000	0.0000
0.0000	0.2663	0.4546	0.0002	0.0000	0.0269	0.2077	0.0040	0.0000	0.0014	0.0000	0.0389
0.0000	0.0000	0.0000	0.9914	0.0000	0.0000	0.0001	0.0000	0.0000	0.0085	0.0000	0.0000
0.7918	0.0000	0.0000	0.0000	0.0000	0.0000	0.0000	0.0000	0.2082	0.0000	0.0000	0.0000
0.2405	0.0000	0.0000	0.0000	0.0000	0.0000	0.0000	0.0000	0.7595	0.0000	0.0000	0.0000
0.0001	0.6780	0.0621	0.0000	0.0000	0.2315	0.0121	0.0041	0.0000	0.0000	0.0000	0.0121
0.0000	0.0000	0.0000	0.0000	0.0000	0.0000	0.0025	0.0009	0.0000	0.0001	0.0000	0.9965
0.0003	0.0021	0.0010	0.0000	0.0000	0.0533	0.0034	0.0096	0.0000	0.0002	0.0000	0.9300
0.0000	0.0000	0.0000	0.0000	0.0000	0.0000	0.0000	0.0000	0.0000	0.9968	0.0005	0.0027
0.0000	0.0000	0.0000	0.0001	0.0000	0.0000	0.0000	0.0000	0.0000	0.9998	0.0000	0.0000
0.0011	0.0000	0.0000	0.0000	0.0000	0.9985	0.0000	0.0000	0.0000	0.0003	0.0000	0.0000
0.0000	0.0000	0.0000	0.0000	0.0000	0.0000	0.0022	0.0023	0.0001	0.0000	0.0000	0.9954
0.0001	0.0000	0.0000	0.0000	0.0000	0.0000	0.0001	0.0000	0.0000	0.0000	0.0000	0.9997
0.0000	0.0000	0.0000	0.9838	0.0000	0.0000	0.0000	0.0000	0.0000	0.0000	0.0095	0.0066
0.0004	0.0000	0.0002	0.0000	0.0000	0.0000	0.2172	0.5726	0.0000	0.0007	0.0000	0.2088
0.0000	0.0000	0.0000	0.0000	0.0000	0.0000	0.0000	0.0000	0.0000	0.0106	0.0009	0.9884
0.0000	0.0045	0.8028	0.0000	0.0000	0.0161	0.0626	0.1124	0.0000	0.0000	0.0000	0.0017
0.0000	0.1071	0.2324	0.0000	0.0000	0.6499	0.0037	0.0025	0.0000	0.0001	0.0000	0.0041
0.0000	0.0000	0.0012	0.0000	0.0000	0.0000	0.4630	0.5149	0.0000	0.0000	0.0000	0.0209
0.0003	0.0000	0.0000	0.0000	0.0000	0.0000	0.6844	0.1390	0.0000	0.0003	0.0000	0.1759
0.0000	0.0000	0.0269	0.0000	0.0000	0.0000	0.0000	0.0000	0.0000	0.0000	0.0000	0.9730
0.0000	0.0000	0.0000	0.0000	0.0000	0.0000	0.0000	0.0000	0.0000	0.0000	0.0000	1.0000
0.0060	0.0004	0.9698	0.0000	0.0000	0.0237	0.0000	0.0000	0.0001	0.0000	0.0000	0.0001
0.0063	0.0004	0.9684	0.0000	0.0000	0.0247	0.0000	0.0000	0.0001	0.0000	0.0000	0.0001
0.0077	0.0004	0.9792	0.0000	0.0000	0.0125	0.0000	0.0000	0.0001	0.0000	0.0000	0.0001
0.0000	0.0000	0.4149	0.0000	0.0000	0.0000	0.0001	0.0000	0.0005	0.0000	0.0000	0.5845
0.0003	0.0001	0.9970	0.0000	0.0000	0.0000	0.0000	0.0000	0.0000	0.0000	0.0000	0.0027
0.0001	0.0001	0.9760	0.0000	0.0000	0.0000	0.0000	0.0000	0.0000	0.0000	0.0000	0.0238
0.0000	0.0000	0.0000	0.0000	0.0000	0.0000	0.0000	0.0000	0.0000	0.0000	0.0000	1.0000
0.0000	0.0000	0.0000	0.0000	0.0000	0.0000	0.0000	0.0000	0.0000	0.0000	0.0000	1.0000
0.0009	0.0000	0.9774	0.0000	0.0000	0.0000	0.0000	0.0000	0.0002	0.0000	0.0000	0.0215
0.0014	0.0000	0.8796	0.0000	0.0000	0.0000	0.0000	0.0000	0.0000	0.0000	0.0000	0.1189
0.0000	0.0000	0.0056	0.0000	0.0000	0.0000	0.0000	0.0000	0.0001	0.0000	0.0000	0.9942
0.0000	0.0000	0.0000	0.0000	0.0000	0.0000	0.0000	0.0000	0.0003	0.0000	0.0000	0.9996
0.0018	0.0001	0.9965	0.0000	0.0000	0.0013	0.0000	0.0000	0.0001	0.0000	0.0000	0.0002
0.0011	0.0000	0.0010	0.0000	0.0000	0.0000	0.0000	0.0000	0.0000	0.0000	0.0000	0.9979
0.0000	0.0000	0.0000	0.0000	0.0000	0.0000	0.0000	0.0000	0.0000	0.0000	0.0000	1.0000
0.0000	0.0000	0.0000	0.0000	0.0000	0.0000	0.0000	0.0000	0.0000	0.0000	0.0000	1.0000
0.0000	0.0000	0.0000	0.0000	0.0000	0.0000	0.0000	0.0000	0.0000	0.0000	0.0000	1.0000
0.0011	0.0000	0.9899	0.0000	0.0000	0.0000	0.0000	0.0000	0.0001	0.0000	0.0000	0.0088
0.0176	0.0004	0.9711	0.0000	0.0000	0.0000	0.0000	0.0000	0.0002	0.0001	0.0000	0.0106
0.0000	0.0000	0.0000	0.0000	0.0000	0.0000	0.0000	0.0000	1.0000	0.0000	0.0000	0.0000
0.0000	0.0000	0.0004	0.0000	0.0000	0.0000	0.9994	0.0000	0.0002	0.0000	0.0000	0.0000
0.0000	0.0000	0.0004	0.0000	0.0000	0.0003	0.9991	0.0000	0.0001	0.0000	0.0000	0.0000
0.0000	0.0000	0.0000	0.0000	0.0000	0.0000	0.0000	0.0000	1.0000	0.0000	0.0000	0.0000
0.0000	0.0000	0.0000	0.0000	0.0000	0.0000	0.0000	0.0000	1.0000	0.0000	0.0000	0.0000
0.0000	0.0000	0.0000	0.0000	0.0000	0.0000	0.0000	0.0000	1.0000	0.0000	0.0000	0.0000
0.0000	0.0000	0.8387	0.0000	0.0000	0.0125	0.1487	0.0000	0.0001	0.0000	0.0000	0.0000
0.0000	0.0000	0.0000	0.0000	0.0000	0.0000	0.0000	0.0000	1.0000	0.0000	0.0000	0.0000
0.0000	0.0000	0.4138	0.0002	0.0000	0.0010	0.5849	0.0000	0.0000	0.0000	0.0000	0.0000
0.0000	0.0000	0.7109	0.0002	0.0000	0.1046	0.1842	0.0000	0.0001	0.0000	0.0000	0.0000
0.0000	0.0000	0.0000	0.0000	0.0000	0.0266	0.0025	0.0000	0.9709	0.0000	0.0000	0.0000
0.0000	0.0000	0.0000	0.0000	0.0000	0.0000	0.0000	0.0000	1.0000	0.0000	0.0000	0.0000
0.0000	0.0000	0.0000	0.0000	0.0000	0.0000	1.0000	0.0000	0.0000	0.0000	0.0000	0.0000
0.0000	0.0000	0.0000	0.0000	0.0000	0.0000	0.0000	0.0000	1.0000	0.0000	0.0000	0.0000
0.0000	0.0000	0.0000	0.0000	0.0000	0.0000	0.0000	0.0000	1.0000	0.0000	0.0000	0.0000
0.0000	0.0000	0.0000	0.0000	0.0000	0.0000	1.0000	0.0000	0.0000	0.0000	0.0000	0.0000
0.0000	0.0000	0.0000	0.0000	0.0000	0.0000	0.0000	0.0000	1.0000	0.0000	0.0000	0.0000
0.0000	0.0000	0.9754	0.0000	0.0000	0.0134	0.0112	0.0000	0.0000	0.0000	0.0000	0.0000
0.0000	0.0000	0.4963	0.0000	0.0000	0.0092	0.4943	0.0000	0.0002	0.0000	0.0000	0.0000
0.0000	0.0000	0.0167	0.0000	0.0000	0.0001	0.9832	0.0000	0.0000	0.0000	0.0000	0.0000
0.0000	0.0000	0.0000	0.0000	0.0000	0.0000	0.0000	0.0000	1.0000	0.0000	0.0000	0.0000
0.0000	0.0000	0.0271	0.0000	0.0000	0.0000	0.9729	0.0000	0.0000	0.0000	0.0000	0.0000
0.0000	0.0000	0.8822	0.0001	0.0000	0.0150	0.1027	0.0000	0.0000	0.0000	0.0000	0.0000
0.0000	0.0000	0.0006	0.0011	0.0000	0.0003	0.9962	0.0000	0.0017	0.0000	0.0000	0.0000
0.0000	0.0000	0.0003	0.0000	0.0000	0.0004	0.9936	0.0000	0.0057	0.0000	0.0000	0.0000
0.0000	0.0000	0.0000	0.0000	0.0000	0.0000	0.0000	0.0000	1.0000	0.0000	0.0000	0.0000
0.0000	0.0000	0.0149	0.0000	0.0000	0.0000	0.9851	0.0000	0.0000	0.0000	0.0000	0.0000
0.0000	0.0000	0.0000	0.0000	0.0000	0.0000	0.0000	0.0000	1.0000	0.0000	0.0000	0.0000
0.0000	0.0000	0.0000	0.0000	0.0000	0.0000	0.0000	0.0000	1.0000	0.0000	0.0000	0.0000
