0.0682	0.0001	0.0001	0.0000	0.0000	0.0013	0.0285	0.0000	0.0000	0.0356	0.0005	0.8656
0.0000	0.0010	0.0014	0.0000	0.0000	0.0194	0.5664	0.4055	0.0000	0.0001	0.0000	0.0062
0.0021	0.0000	0.0000	0.0000	0.0000	0.0000	0.0000	0.0000	0.0000	0.9924	0.0000	0.0054
0.0501	0.0000	0.0000	0.0000	0.0000	0.0000	0.0000	0.0000	0.0000	0.0009	0.9487	0.0004
0.0000	0.0000	0.0000	0.0000	0.0000	0.0000	0.0006	0.9992	0.0000	0.0000	0.0000	0.0002
0.0000	0.0000	0.0000	0.0000	0.0000	0.0000	0.0000	0.0000	1.0000	0.0000	0.0000	0.0000
0.0000	0.0000	0.0000	0.0000	0.0000	0.0000	0.0000	0.0000	0.0000	1.0000	0.0000	0.0000
0.0001	0.0298	0.1503	0.0000	0.0000	0.7066	0.0708	0.0173	0.0000	0.0001	0.0000	0.0250
0.6432	0.0000	0.0000	0.0000	0.0000	0.0000	0.0000	0.0000	0.3563	0.0001	0.0003	0.0000
0.0000	0.0000	0.0000	0.0000	0.0000	0.0000	0.2522	0.0000	0.0000	0.0000	0.0466	0.7012
0.0034	0.0000	0.0000	0.0000	0.0000	0.0011	0.0000	0.0000	0.8358	0.1597	0.0000	0.0000
0.0005	0.0000	0.0000	0.0000	0.0000	0.0000	0.0000	0.0000	0.8236	0.1759	0.0000	0.0000
0.0000	0.0000	0.0024	0.0000	0.0000	0.0001	0.9818	0.0015	0.0000	0.0003	0.0000	0.0140
0.0000	0.0022	0.1564	0.0000	0.0000	0.0309	0.4796	0.0302	0.0000	0.0002	0.0000	0.3005
0.0000	0.0000	0.0000	0.0000	0.0000	0.0000	0.0000	0.0000	0.0000	0.8834	0.0006	0.1161
0.0000	0.0000	0.0000	0.0000	0.0000	0.0000	0.0003	0.0000	0.0000	0.2351	0.0038	0.7608
0.0000	0.0000	0.0000	0.0000	0.0000	0.0000	0.0001	0.0000	0.0000	0.9935	0.0001	0.0063
0.0000	0.0000	0.0000	0.0000	0.0000	0.9994	0.0000	0.0000	0.0000	0.0006	0.0000	0.0000
0.7101	0.0009	0.0024	0.0000	0.0000	0.2469	0.0334	0.0024	0.0000	0.0001	0.0000	0.0037
0.0000	0.0000	0.0000	0.0000	0.0000	0.0000	0.0000	0.0000	0.9999	0.0001	0.0000	0.0000
0.0000	0.0000	0.0000	0.9113	0.0000	0.0037	0.0000	0.0000	0.0071	0.0768	0.0000	0.0012
0.0018	0.0001	0.0038	0.0019	0.0000	0.9921	0.0000	0.0000	0.0000	0.0000	0.0000	0.0001
0.0000	0.0001	0.0000	0.0013	0.0000	0.0000	0.8954	0.0892	0.0000	0.0084	0.0000	0.0055
0.9931	0.0000	0.0000	0.0000	0.0000	0.0000	0.0000	0.0000	0.0047	0.0023	0.0000	0.0000
0.0000	0.0000	0.0000	1.0000	0.0000	0.0000	0.0000	0.0000	0.0000	0.0000	0.0000	0.0000
0.0000	0.0000	0.0000	0.7864	0.0058	0.0000	0.0009	0.0000	0.0000	0.1103	0.0966	0.0000
0.0000	0.1204	0.6820	0.0000	0.0000	0.1761	0.0138	0.0064	0.0000	0.0000	0.0000	0.0014
0.0004	0.0268	0.1793	0.0000	0.0000	0.1974	0.4488	0.0044	0.0000	0.0007	0.0000	0.1422
0.0000	0.0000	0.0000	0.0000	0.0000	0.0000	0.0000	1.0000	0.0000	0.0000	0.0000	0.0000
0.9983	0.0000	0.0000	0.0000	0.0000	0.0000	0.0000	0.0000	0.0000	0.0000	0.0000	0.0017
0.0001	0.0000	0.0011	0.0000	0.0000	0.0320	0.0004	0.0515	0.0000	0.0004	0.0000	0.9146
0.0000	0.0000	0.0000	0.0044	0.0000	0.0265	0.0000	0.0000	0.0000	0.0325	0.0000	0.9366
0.0000	0.0000	0.0000	0.1501	0.0000	0.0003	0.0000	0.0000	0.0000	0.6510	0.0006	0.1980
0.0000	0.0000	0.0000	0.0000	0.0000	0.0000	0.0000	0.0000	0.0000	0.1631	0.0003	0.8365
0.0000	0.0110	0.7035	0.0000	0.0000	0.0066	0.2431	0.0350	0.0000	0.0000	0.0000	0.0008
0.0000	0.0200	0.7729	0.0000	0.0000	0.1205	0.0625	0.0150	0.0000	0.0000	0.0000	0.0091
0.0001	0.0004	0.3522	0.0000	0.0000	0.0015	0.2004	0.3604	0.0000	0.0000	0.0000	0.0850
0.0052	0.0000	0.0001	0.0000	0.0000	0.0000	0.0476	0.0001	0.0000	0.0178	0.0038	0.9254
0.0005	0.0187	0.0025	0.0000	0.0000	0.5749	0.3620	0.0197	0.0000	0.0035	0.0000	0.0183
0.0013	0.0003	0.0120	0.0000	0.0000	0.0051	0.2112	0.0030	0.0000	0.0112	0.0000	0.7559
0.9355	0.0000	0.0000	0.0000	0.0000	0.0000	0.0000	0.0000	0.0000	0.0644	0.0000	0.0000
0.9948	0.0000	0.0000	0.0000	0.0000	0.0000	0.0000	0.0000	0.0000	0.0052	0.0000	0.0000
0.0001	0.0004	0.0068	0.0000	0.0000	0.0005	0.6796	0.0148	0.0000	0.0019	0.0000	0.2959
0.0000	0.0000	0.0088	0.0000	0.0000	0.0005	0.8256	0.0206	0.0000	0.0141	0.0001	0.1304
0.0000	0.0000	0.0107	0.0000	0.0000	0.0000	0.7195	0.2665	0.0000	0.0001	0.0000	0.0032
0.7324	0.0000	0.0000	0.0000	0.0000	0.0000	0.0000	0.0000	0.0000	0.0130	0.0438	0.2109
0.0000	0.0000	0.0000	0.0000	0.0000	0.0000	0.9933	0.0067	0.0000	0.0000	0.0000	0.0000
0.0000	0.0000	0.0000	0.0000	0.0000	0.0000	0.0000	0.0000	1.0000	0.0000	0.0000	0.0000
0.0001	0.6140	0.3017	0.0000	0.0000	0.0073	0.0088	0.0068	0.0000	0.0026	0.0196	0.0391
0.0033	0.0021	0.0000	0.0000	0.0000	0.0028	0.6398	0.0979	0.0000	0.0073	0.0001	0.2468
0.0061	0.0001	0.0000	0.0000	0.0000	0.0004	0.3503	0.0230	0.0000	0.0455	0.0000	0.5745
0.0000	0.0000	0.0000	0.0000	0.0000	0.0000	0.0000	0.0000	0.0000	1.0000	0.0000	0.0000
0.0000	0.9801	0.0198	0.0000	0.0000	0.0000	0.0000	0.0000	0.0000	0.0000	0.0000	0.0000
0.0000	0.0166	0.1576	0.0000	0.0000	0.7353	0.0461	0.0158	0.0000	0.0001	0.0000	0.0285
0.0000	0.0276	0.2450	0.0000	0.0000	0.6834	0.0233	0.0114	0.0000	0.0000	0.0000	0.0092
0.0000	0.0000	0.0000	0.0000	0.0000	0.0000	0.0027	0.0000	0.0000	0.0002	0.0486	0.9485
0.0000	0.0000	0.0000	0.0000	0.0000	0.0000	0.0154	0.0000	0.0000	0.0017	0.0194	0.9636
0.0023	0.0000	0.0000	0.0000	0.0000	0.0000	0.0000	0.0000	0.4339	0.5638	0.0000	0.0000
0.0116	0.0000	0.0000	0.0000	0.0000	0.0000	0.0000	0.0000	0.7627	0.2257	0.0000	0.0000
0.0000	0.0002	0.2163	0.0000	0.0000	0.0175	0.6283	0.0052	0.0000	0.0001	0.0000	0.1323
0.0000	0.4210	0.1490	0.0000	0.0000	0.3440	0.0771	0.0087	0.0000	0.0000	0.0000	0.0002
0.0000	0.0000	0.0000	0.0000	0.0000	0.0000	0.7537	0.0001	0.0000	0.0005	0.0000	0.2457
0.0000	0.0000	0.0001	0.0000	0.0000	0.0054	0.1265	0.0038	0.0000	0.0026	0.0000	0.8615
0.0000	0.0000	0.0000	0.0000	0.0000	0.0001	0.0000	0.0000	0.9782	0.0217	0.0000	0.0000
0.0000	0.0873	0.2965	0.0000	0.0000	0.1157	0.4244	0.0122	0.0000	0.0002	0.0000	0.0637
0.0000	0.0000	0.0000	0.7141	0.0000	0.0000	0.0000	0.0000	0.1530	0.1329	0.0000	0.0001
0.6903	0.0000	0.0000	0.0000	0.0000	0.0000	0.0000	0.0000	0.3095	0.0000	0.0002	0.0000
0.1974	0.0000	0.0000	0.0000	0.0000	0.0000	0.0000	0.0000	0.8026	0.0000	0.0000	0.0000
0.0000	0.2913	0.2402	0.0000	0.0000	0.4308	0.0186	0.0027	0.0000	0.0000	0.0000	0.0164
0.0001	0.0001	0.0000	0.0000	0.0000	0.0000	0.0014	0.0007	0.0000	0.0164	0.0000	0.9813
0.0001	0.0448	0.0274	0.0000	0.0000	0.0892	0.0186	0.0636	0.0000	0.0007	0.0000	0.7555
0.0000	0.0000	0.0000	0.0000	0.0000	0.0000	0.0000	0.0000	0.0000	0.9961	0.0004	0.0035
0.0000	0.0000	0.0000	0.0000	0.0000	0.0000	0.0000	0.0000	0.0000	1.0000	0.0000	0.0000
0.0023	0.0000	0.0000	0.0000	0.0000	0.9964	0.0000	0.0000	0.0000	0.0013	0.0000	0.0000
0.0000	0.0000	0.0000	0.0000	0.0000	0.0000	0.0007	0.0123	0.0000	0.0806	0.0000	0.9063
0.0010	0.0001	0.0000	0.0000	0.0000	0.0001	0.0101	0.0001	0.0000	0.0000	0.0034	0.9852
0.0000	0.0000	0.0000	0.7413	0.0000	0.0077	0.0000	0.0000	0.0000	0.0026	0.0026	0.2458
0.0001	0.0000	0.0003	0.0000	0.0000	0.0000	0.2620	0.1619	0.0000	0.0001	0.0000	0.5756
0.0000	0.0000	0.0000	0.0000	0.0000	0.0000	0.0000	0.0000	0.0000	0.0345	0.0021	0.9634
0.0000	0.0080	0.6657	0.0000	0.0000	0.0291	0.1319	0.1626	0.0000	0.0000	0.0000	0.0028
0.0000	0.0227	0.3487	0.0000	0.0000	0.6155	0.0072	0.0014	0.0000	0.0000	0.0000	0.0045
0.0000	0.0000	0.0015	0.0000	0.0000	0.0000	0.8780	0.1179	0.0000	0.0000	0.0000	0.0025
0.0000	0.0000	0.0000	0.0000	0.0000	0.0000	0.7050	0.1820	0.0000	0.0000	0.0000	0.1130
0.0000	0.0000	0.0619	0.0000	0.0000	0.0000	0.0000	0.0004	0.0001	0.0000	0.0000	0.9376
0.0000	0.0000	0.0000	0.0000	0.0000	0.0004	0.0000	0.0000	0.0000	0.0000	0.0000	0.9995
0.0000	0.0000	0.9931	0.0000	0.0000	0.0065	0.0000	0.0000	0.0000	0.0000	0.0000	0.0004
0.0000	0.0000	0.9925	0.0000	0.0000	0.0070	0.0000	0.0000	0.0000	0.0000	0.0000	0.0004
0.0000	0.0000	0.9947	0.0000	0.0000	0.0048	0.0000	0.0000	0.0000	0.0000	0.0000	0.0004
0.0001	0.0000	0.2737	0.0000	0.0000	0.0000	0.0029	0.0010	0.0163	0.0000	0.0000	0.7060
0.0000	0.0000	0.9768	0.0000	0.0000	0.0082	0.0000	0.0000	0.0000	0.0000	0.0000	0.0150
0.0000	0.0000	0.8723	0.0001	0.0000	0.0151	0.0000	0.0000	0.0000	0.0000	0.0000	0.1124
0.0000	0.0000	0.0000	0.0000	0.0000	0.0000	0.0000	0.0000	0.0000	0.0000	0.0000	1.0000
0.0000	0.0000	0.0000	0.0000	0.0000	0.0000	0.0000	0.0000	0.0000	0.0000	0.0000	1.0000
0.0000	0.0000	0.9725	0.0000	0.0000	0.0001	0.0000	0.0000	0.0001	0.0000	0.0000	0.0273
0.0000	0.0000	0.9457	0.0000	0.0000	0.0000	0.0000	0.0000	0.0000	0.0000	0.0000	0.0543
0.0000	0.0000	0.0003	0.0000	0.0000	0.0035	0.0000	0.0000	0.0000	0.0000	0.0000	0.9962
0.0000	0.0000	0.0000	0.0000	0.0000	0.0002	0.0000	0.0000	0.0003	0.0000	0.0000	0.9995
0.0000	0.0000	0.9968	0.0000	0.0000	0.0019	0.0000	0.0000	0.0000	0.0000	0.0000	0.0012
0.0000	0.0000	0.0002	0.0000	0.0000	0.0000	0.0000	0.0000	0.0001	0.0000	0.0000	0.9997
0.0000	0.0000	0.0000	0.0000	0.0000	0.0000	0.0000	0.0000	0.0000	0.0000	0.0000	1.0000
0.0000	0.0000	0.0000	0.0000	0.0000	0.0000	0.0000	0.0000	0.0000	0.0000	0.0000	1.0000
0.0000	0.0000	0.0000	0.0000	0.0000	0.0000	0.0000	0.0000	0.0000	0.0000	0.0000	1.0000
0.0000	0.0000	0.9330	0.0000	0.0000	0.0021	0.0000	0.0000	0.0001	0.0000	0.0000	0.0649
0.0000	0.0000	0.9878	0.0000	0.0000	0.0000	0.0000	0.0000	0.0000	0.0000	0.0000	0.0121
0.0000	0.0000	0.0000	0.0000	0.0000	0.0000	0.0000	0.0000	1.0000	0.0000	0.0000	0.0000
0.0000	0.0000	0.0012	0.0000	0.0000	0.0001	0.9987	0.0000	0.0000	0.0000	0.0000	0.0000
0.0000	0.0000	0.0016	0.0000	0.0000	0.0004	0.9980	0.0000	0.0000	0.0000	0.0000	0.0000
0.0000	0.0000	0.0000	0.0000	0.0000	0.0000	0.0000	0.0000	1.0000	0.0000	0.0000	0.0000
0.0000	0.0000	0.0000	0.0000	0.0000	0.0000	0.0000	0.0000	1.0000	0.0000	0.0000	0.0000
0.0000	0.0000	0.0000	0.0000	0.0000	0.0000	0.0000	0.0000	1.0000	0.0000	0.0000	0.0000
0.0000	0.0000	0.9697	0.0000	0.0000	0.0037	0.0266	0.0000	0.0000	0.0000	0.0000	0.0000
0.0000	0.0000	0.0000	0.0000	0.0000	0.0000	0.0000	0.0000	1.0000	0.0000	0.0000	0.0000
0.0000	0.0000	0.5534	0.0000	0.0000	0.0002	0.4464	0.0000	0.0000	0.0000	0.0000	0.0000
0.0000	0.0000	0.8827	0.0000	0.0000	0.0350	0.0823	0.0000	0.0000	0.0000	0.0000	0.0000
0.0000	0.0000	0.0000	0.0000	0.0000	0.0000	0.0040	0.0000	0.0002	0.9958	0.0000	0.0000
0.0000	0.0000	0.0000	0.0000	0.0000	0.0000	0.0000	0.0000	1.0000	0.0000	0.0000	0.0000
0.0000	0.0000	0.0000	0.0000	0.0000	0.0000	1.0000	0.0000	0.0000	0.0000	0.0000	0.0000
0.0000	0.0000	0.0000	0.0000	0.0000	0.0000	0.0000	0.0000	1.0000	0.0000	0.0000	0.0000
0.0000	0.0000	0.0000	0.0000	0.0000	0.0000	0.0000	0.0000	1.0000	0.0000	0.0000	0.0000
0.0000	0.0000	0.0001	0.0000	0.0000	0.0000	0.9999	0.0000	0.0000	0.0000	0.0000	0.0000
0.0000	0.0000	0.0000	0.0000	0.0000	0.0000	0.0000	0.0000	1.0000	0.0000	0.0000	0.0000
0.0000	0.0000	0.9903	0.0000	0.0000	0.0030	0.0067	0.0000	0.0000	0.0000	0.0000	0.0000
0.0000	0.0000	0.2828	0.0000	0.0000	0.0038	0.7133	0.0000	0.0000	0.0000	0.0000	0.0000
0.0000	0.0000	0.0446	0.0000	0.0000	0.0003	0.9552	0.0000	0.0000	0.0000	0.0000	0.0000
0.0000	0.0000	0.0000	0.0000	0.0000	0.0000	0.0000	0.0000	1.0000	0.0000	0.0000	0.0000
0.0000	0.0000	0.0427	0.0000	0.0000	0.0000	0.9573	0.0000	0.0000	0.0000	0.0000	0.0000
0.0000	0.0000	0.9550	0.0000	0.0000	0.0053	0.0397	0.0000	0.0000	0.0000	0.0000	0.0000
0.0000	0.0000	0.0028	0.0000	0.0000	0.0000	0.9972	0.0000	0.0000	0.0000	0.0000	0.0000
0.0000	0.0000	0.0015	0.0000	0.0000	0.0000	0.9985	0.0000	0.0000	0.0000	0.0000	0.0000
0.0000	0.0000	0.0000	0.0000	0.0000	0.0000	0.0000	0.0000	1.0000	0.0000	0.0000	0.0000
0.0000	0.0000	0.0310	0.0000	0.0000	0.0000	0.9690	0.0000	0.0000	0.0000	0.0000	0.0000
0.0000	0.0000	0.0000	0.0000	0.0000	0.0000	0.0000	0.0000	1.0000	0.0000	0.0000	0.0000
0.0000	0.0000	0.0000	0.0000	0.0000	0.0000	0.0000	0.0000	1.0000	0.0000	0.0000	0.0000
