0.0001	0.0000	0.0000	0.0000	0.0000	0.0000	0.0000	0.0000	0.0000	0.0025	0.0000	0.9974
0.0000	0.0000	0.0000	0.0000	0.0000	0.0001	0.0663	0.9336	0.0000	0.0000	0.0000	0.0000
0.0000	0.0000	0.0000	0.0000	0.0000	0.0000	0.0000	0.0000	0.0000	0.9002	0.0000	0.0997
0.0026	0.0000	0.0000	0.0000	0.0000	0.0000	0.0000	0.0000	0.0000	0.0000	0.9567	0.0407
0.0000	0.0000	0.0000	0.0000	0.0000	0.0000	0.0000	1.0000	0.0000	0.0000	0.0000	0.0000
0.0000	0.0000	0.0000	0.0000	0.0000	0.0000	0.0000	0.0000	1.0000	0.0000	0.0000	0.0000
0.0000	0.0000	0.0000	0.0000	0.0000	0.0000	0.0000	0.0000	0.0000	1.0000	0.0000	0.0000
0.0000	0.0061	0.3384	0.0000	0.0000	0.6552	0.0003	0.0000	0.0000	0.0000	0.0000	0.0000
0.9950	0.0000	0.0000	0.0000	0.0000	0.0000	0.0000	0.0000	0.0050	0.0000	0.0000	0.0000
0.0000	0.0000	0.0000	0.0000	0.0000	0.0000	0.0003	0.0000	0.0000	0.0001	0.0011	0.9984
0.0000	0.0000	0.0000	0.0000	0.0000	0.0000	0.0000	0.0000	0.0049	0.9951	0.0000	0.0000
0.0000	0.0000	0.0000	0.0000	0.0000	0.0000	0.0000	0.0000	0.0079	0.9921	0.0000	0.0000
0.0000	0.0000	0.0005	0.0000	0.0000	0.0000	0.9877	0.0038	0.0000	0.0000	0.0000	0.0080
0.0000	0.0027	0.2958	0.0000	0.0000	0.0007	0.6159	0.0848	0.0000	0.0000	0.0000	0.0002
0.0000	0.0000	0.0000	0.0000	0.0000	0.0000	0.0000	0.0000	0.0000	0.9991	0.0000	0.0009
0.0000	0.0000	0.0000	0.0000	0.0000	0.0000	0.0000	0.0000	0.0000	0.2492	0.0000	0.7508
0.0000	0.0000	0.0000	0.0000	0.0000	0.0000	0.0000	0.0000	0.0000	1.0000	0.0000	0.0000
0.0000	0.0000	0.0000	0.0000	0.0000	1.0000	0.0000	0.0000	0.0000	0.0000	0.0000	0.0000
0.9930	0.0000	0.0029	0.0000	0.0000	0.0041	0.0000	0.0000	0.0000	0.0000	0.0000	0.0000
0.0000	0.0000	0.0000	0.0000	0.0000	0.0000	0.0000	0.0000	0.9998	0.0002	0.0000	0.0000
0.0000	0.0000	0.0000	0.2762	0.0000	0.7226	0.0000	0.0000	0.0000	0.0012	0.0000	0.0000
0.0000	0.0000	0.0001	0.0000	0.0000	0.9999	0.0000	0.0000	0.0000	0.0000	0.0000	0.0000
0.0000	0.0000	0.0000	0.0000	0.0002	0.0000	0.8789	0.0008	0.0081	0.0213	0.0870	0.0038
0.4911	0.0000	0.0000	0.0000	0.0000	0.0000	0.0000	0.0000	0.5085	0.0004	0.0000	0.0000
0.0000	0.0000	0.0000	1.0000	0.0000	0.0000	0.0000	0.0000	0.0000	0.0000	0.0000	0.0000
0.0000	0.0000	0.0000	0.8648	0.0112	0.0000	0.0210	0.0386	0.0000	0.0000	0.0644	0.0000
0.0000	0.7767	0.2104	0.0000	0.0000	0.0129	0.0000	0.0001	0.0000	0.0000	0.0000	0.0000
0.0000	0.3781	0.3963	0.0000	0.0000	0.2082	0.0115	0.0059	0.0000	0.0000	0.0000	0.0000
0.0000	0.0000	0.0000	0.0000	0.0000	0.0000	0.0000	1.0000	0.0000	0.0000	0.0000	0.0000
0.9990	0.0000	0.0000	0.0010	0.0000	0.0000	0.0000	0.0000	0.0000	0.0000	0.0000	0.0000
0.0000	0.0000	0.0000	0.0000	0.0000	0.0000	0.0000	0.9997	0.0000	0.0000	0.0000	0.0002
0.0000	0.0000	0.0000	0.0002	0.0000	0.0000	0.0000	0.0000	0.0000	0.0000	0.0000	0.9998
0.0000	0.0000	0.0000	0.4147	0.0000	0.0000	0.0000	0.0000	0.0001	0.1091	0.0000	0.4761
0.0000	0.0000	0.0000	0.0000	0.0000	0.0000	0.0000	0.0000	0.0000	0.0002	0.0000	0.9998
0.0000	0.0055	0.9906	0.0000	0.0000	0.0000	0.0009	0.0029	0.0000	0.0000	0.0000	0.0000
0.0000	0.3411	0.6277	0.0000	0.0000	0.0284	0.0002	0.0026	0.0000	0.0000	0.0000	0.0000
0.0000	0.0001	0.3583	0.0000	0.0000	0.0000	0.0343	0.6074	0.0000	0.0000	0.0000	0.0000
0.0001	0.0000	0.0000	0.0000	0.0000	0.0000	0.0002	0.0259	0.0000	0.0023	0.0000	0.9714
0.0000	0.0970	0.0000	0.0000	0.0000	0.8959	0.0004	0.0066	0.0000	0.0000	0.0000	0.0000
0.0000	0.0002	0.0001	0.0000	0.0000	0.0000	0.0008	0.0002	0.0000	0.0001	0.0000	0.9986
0.1157	0.0000	0.0000	0.0000	0.0000	0.0000	0.0000	0.0000	0.0000	0.8843	0.0000	0.0000
0.9999	0.0000	0.0000	0.0000	0.0000	0.0000	0.0000	0.0000	0.0000	0.0001	0.0000	0.0000
0.0000	0.0013	0.0151	0.0000	0.0000	0.0000	0.4215	0.0610	0.0000	0.0000	0.0000	0.5011
0.0000	0.0000	0.0001	0.0000	0.0000	0.0000	0.0000	0.9988	0.0000	0.0011	0.0000	0.0000
0.0000	0.0000	0.0001	0.0000	0.0000	0.0000	0.0004	0.9995	0.0000	0.0000	0.0000	0.0000
0.9996	0.0000	0.0000	0.0000	0.0000	0.0000	0.0000	0.0000	0.0000	0.0000	0.0000	0.0004
0.0000	0.0000	0.0001	0.0000	0.0000	0.0000	0.9917	0.0041	0.0000	0.0041	0.0000	0.0000
0.0000	0.0000	0.0000	0.0000	0.0000	0.0000	0.0000	0.0000	1.0000	0.0000	0.0000	0.0000
0.0176	0.0366	0.3712	0.0000	0.0000	0.0104	0.0326	0.0083	0.0000	0.5229	0.0003	0.0000
0.0174	0.0000	0.0000	0.0000	0.0000	0.0003	0.7273	0.2504	0.0000	0.0045	0.0001	0.0000
0.8516	0.0000	0.0000	0.0000	0.0000	0.0000	0.0187	0.0014	0.0000	0.1278	0.0004	0.0000
0.0000	0.0000	0.0000	0.0000	0.0000	0.0000	0.0000	0.0000	0.0000	1.0000	0.0000	0.0000
0.0000	0.8553	0.1445	0.0000	0.0000	0.0002	0.0000	0.0000	0.0000	0.0000	0.0000	0.0000
0.0000	0.0366	0.2205	0.0000	0.0000	0.7398	0.0017	0.0014	0.0000	0.0000	0.0000	0.0000
0.0000	0.0160	0.9153	0.0000	0.0000	0.0682	0.0005	0.0000	0.0000	0.0000	0.0000	0.0000
0.0000	0.0000	0.0000	0.0000	0.0000	0.0000	0.0459	0.0000	0.0000	0.0005	0.1504	0.8032
0.0000	0.0000	0.0000	0.0000	0.0000	0.0000	0.0307	0.0000	0.0000	0.0119	0.0022	0.9552
0.0000	0.0000	0.0000	0.0000	0.0000	0.0000	0.0000	0.0000	0.0008	0.9992	0.0000	0.0000
0.0000	0.0000	0.0000	0.0000	0.0000	0.0000	0.0000	0.0000	0.3788	0.6212	0.0000	0.0000
0.0000	0.0004	0.1494	0.0000	0.0000	0.0063	0.8438	0.0000	0.0000	0.0000	0.0000	0.0000
0.0000	0.8526	0.0611	0.0000	0.0000	0.0843	0.0004	0.0016	0.0000	0.0000	0.0000	0.0000
0.0000	0.0000	0.0000	0.0000	0.0000	0.0000	0.9801	0.0000	0.0000	0.0000	0.0000	0.0199
0.0000	0.0030	0.0001	0.0000	0.0000	0.6789	0.0640	0.0002	0.0000	0.0033	0.0000	0.2503
0.0000	0.0000	0.0000	0.0000	0.0000	0.0000	0.0000	0.0001	0.0000	0.9998	0.0000	0.0000
0.0000	0.0177	0.4236	0.0000	0.0000	0.5577	0.0010	0.0000	0.0000	0.0000	0.0000	0.0000
0.0000	0.0000	0.0000	0.9999	0.0000	0.0000	0.0000	0.0001	0.0000	0.0000	0.0000	0.0000
0.3794	0.0000	0.0000	0.0000	0.0000	0.0000	0.0000	0.0000	0.6206	0.0000	0.0000	0.0000
0.0069	0.0000	0.0009	0.0000	0.0000	0.0000	0.0000	0.0000	0.9923	0.0000	0.0000	0.0000
0.0000	0.9931	0.0052	0.0000	0.0000	0.0016	0.0000	0.0000	0.0000	0.0000	0.0000	0.0000
0.0000	0.0000	0.0000	0.0000	0.0000	0.0000	0.0000	0.0000	0.0000	0.0000	0.0000	1.0000
0.0000	0.1318	0.0045	0.0000	0.0000	0.0000	0.0000	0.0000	0.0000	0.0000	0.0000	0.8636
0.0000	0.0000	0.0000	0.0000	0.0000	0.0000	0.0000	0.0000	0.0000	0.9709	0.0291	0.0000
0.0000	0.0000	0.0000	0.0000	0.0000	0.0000	0.0000	0.0000	0.0000	1.0000	0.0000	0.0000
0.2563	0.0000	0.0000	0.0000	0.0000	0.6072	0.0000	0.0000	0.0000	0.1366	0.0000	0.0000
0.0000	0.0000	0.0000	0.0000	0.0000	0.0000	0.0000	0.0000	0.0014	0.0000	0.1293	0.8692
0.0000	0.0000	0.0000	0.0000	0.0000	0.0000	0.0000	0.0000	0.0000	0.0000	0.5578	0.4422
0.0000	0.0000	0.0000	0.9998	0.0000	0.0000	0.0000	0.0000	0.0000	0.0000	0.0001	0.0001
0.0000	0.0006	0.0000	0.0000	0.0000	0.0000	0.0209	0.9689	0.0000	0.0000	0.0000	0.0096
0.0000	0.0000	0.0000	0.0002	0.0000	0.0000	0.0000	0.0000	0.0000	0.0380	0.0000	0.9618
0.0000	0.0003	0.9375	0.0000	0.0000	0.0000	0.0034	0.0588	0.0000	0.0000	0.0000	0.0000
0.0000	0.0360	0.0081	0.0000	0.0000	0.9559	0.0000	0.0000	0.0000	0.0000	0.0000	0.0000
0.0000	0.0000	0.0005	0.0000	0.0000	0.0000	0.4062	0.5932	0.0000	0.0000	0.0000	0.0000
0.0000	0.0000	0.0000	0.0000	0.0000	0.0000	0.8185	0.1644	0.0000	0.0000	0.0000	0.0171
0.0000	0.0000	0.0000	0.0000	0.0000	0.0000	0.0000	0.0000	0.0000	0.0000	0.0000	1.0000
0.0000	0.0000	0.0000	0.0000	0.0000	0.0000	0.0000	0.0000	0.0000	0.0000	0.0000	1.0000
0.0000	0.0000	0.9901	0.0000	0.0000	0.0098	0.0000	0.0000	0.0000	0.0000	0.0000	0.0000
0.0000	0.0000	0.9899	0.0000	0.0000	0.0101	0.0000	0.0000	0.0000	0.0000	0.0000	0.0000
0.0000	0.0000	0.9966	0.0000	0.0000	0.0034	0.0000	0.0000	0.0000	0.0000	0.0000	0.0000
0.0134	0.0000	0.0215	0.0000	0.0000	0.0000	0.0000	0.0000	0.0000	0.0000	0.0000	0.9651
0.0000	0.0000	0.9999	0.0000	0.0000	0.0001	0.0000	0.0000	0.0000	0.0000	0.0000	0.0000
0.0000	0.0000	1.0000	0.0000	0.0000	0.0000	0.0000	0.0000	0.0000	0.0000	0.0000	0.0000
0.0000	0.0000	0.0000	0.0000	0.0000	0.0000	0.0000	0.0000	0.0000	0.0000	0.0000	1.0000
0.0000	0.0000	0.0000	0.0000	0.0000	0.0000	0.0000	0.0000	0.0000	0.0000	0.0000	1.0000
0.0001	0.0000	0.9997	0.0000	0.0000	0.0002	0.0000	0.0000	0.0000	0.0000	0.0000	0.0000
0.0000	0.0000	1.0000	0.0000	0.0000	0.0000	0.0000	0.0000	0.0000	0.0000	0.0000	0.0000
0.0000	0.0000	0.0004	0.0002	0.0000	0.0000	0.0000	0.0000	0.0000	0.0000	0.0000	0.9995
0.0000	0.0000	0.0000	0.0000	0.0000	0.0000	0.0000	0.0000	0.0000	0.0000	0.0000	1.0000
0.0000	0.0000	0.9993	0.0000	0.0000	0.0007	0.0000	0.0000	0.0000	0.0000	0.0000	0.0000
0.0000	0.0000	0.0000	0.0000	0.0000	0.0000	0.0000	0.0000	0.0000	0.0000	0.0000	1.0000
0.0000	0.0000	0.0000	0.0000	0.0000	0.0000	0.0000	0.0000	0.0000	0.0000	0.0000	1.0000
0.0000	0.0000	0.0000	0.0000	0.0000	0.0000	0.0000	0.0000	0.0000	0.0000	0.0000	1.0000
0.0000	0.0000	0.0000	0.0000	0.0000	0.0000	0.0000	0.0000	0.0000	0.0000	0.0000	1.0000
0.0000	0.0000	0.9999	0.0000	0.0000	0.0001	0.0000	0.0000	0.0000	0.0000	0.0000	0.0000
0.0046	0.0000	0.9941	0.0002	0.0000	0.0011	0.0000	0.0000	0.0000	0.0000	0.0000	0.0000
0.0000	0.0000	0.0000	0.0000	0.0000	0.0000	0.0000	0.0000	1.0000	0.0000	0.0000	0.0000
0.0000	0.0000	0.0000	0.0000	0.0000	0.0003	0.9996	0.0000	0.0000	0.0000	0.0000	0.0000
0.0000	0.0000	0.0000	0.0000	0.0000	0.2245	0.7755	0.0000	0.0000	0.0000	0.0000	0.0000
0.0000	0.0000	0.0000	0.9826	0.0000	0.0000	0.0000	0.0000	0.0174	0.0000	0.0000	0.0000
0.0000	0.0000	0.0000	0.0000	0.0000	0.0000	0.0000	0.0000	1.0000	0.0000	0.0000	0.0000
0.0000	0.0000	0.0000	0.0000	0.0000	0.0000	0.0000	0.0000	1.0000	0.0000	0.0000	0.0000
0.0000	0.0000	0.0760	0.0000	0.0000	0.9239	0.0000	0.0000	0.0000	0.0000	0.0000	0.0000
0.0000	0.0000	0.0000	0.0000	0.0000	0.0000	0.0000	0.0000	1.0000	0.0000	0.0000	0.0000
0.0000	0.0000	0.6255	0.0000	0.0000	0.0000	0.3745	0.0000	0.0000	0.0000	0.0000	0.0000
0.0000	0.0000	0.9929	0.0000	0.0000	0.0057	0.0014	0.0000	0.0000	0.0000	0.0000	0.0000
0.0000	0.0000	0.0000	0.0000	0.0000	0.9999	0.0000	0.0000	0.0001	0.0000	0.0000	0.0000
0.0000	0.0000	0.0000	0.0000	0.0000	0.0000	0.0000	0.0000	1.0000	0.0000	0.0000	0.0000
0.0000	0.0000	0.0000	0.0000	0.0000	0.0000	1.0000	0.0000	0.0000	0.0000	0.0000	0.0000
0.0000	0.0000	0.0000	0.0000	0.0000	0.0000	0.0000	0.0000	1.0000	0.0000	0.0000	0.0000
0.0000	0.0000	0.0000	0.0000	0.0000	0.0000	0.0000	0.0000	1.0000	0.0000	0.0000	0.0000
0.0000	0.0000	0.0000	0.0000	0.0000	0.0000	1.0000	0.0000	0.0000	0.0000	0.0000	0.0000
0.0000	0.0000	0.0000	0.0000	0.0000	0.0000	0.0000	0.0000	1.0000	0.0000	0.0000	0.0000
0.0000	0.0000	1.0000	0.0000	0.0000	0.0000	0.0000	0.0000	0.0000	0.0000	0.0000	0.0000
0.0000	0.0000	0.9371	0.0000	0.0000	0.0000	0.0629	0.0000	0.0000	0.0000	0.0000	0.0000
0.0000	0.0000	0.0001	0.0000	0.0000	0.0000	0.9999	0.0000	0.0000	0.0000	0.0000	0.0000
0.0000	0.0000	0.0000	0.0000	0.0000	0.0000	0.0000	0.0000	1.0000	0.0000	0.0000	0.0000
0.0000	0.0000	0.0079	0.0000	0.0000	0.0000	0.9921	0.0000	0.0000	0.0000	0.0000	0.0000
0.0000	0.0000	0.9993	0.0000	0.0000	0.0006	0.0002	0.0000	0.0000	0.0000	0.0000	0.0000
0.0000	0.0000	0.0000	0.0000	0.0000	0.0000	1.0000	0.0000	0.0000	0.0000	0.0000	0.0000
0.0000	0.0000	0.0008	0.0000	0.0000	0.0032	0.9960	0.0000	0.0000	0.0000	0.0000	0.0000
0.0000	0.0000	0.0000	0.0000	0.0000	0.0000	0.0000	0.0000	1.0000	0.0000	0.0000	0.0000
0.0000	0.0000	0.0000	0.0000	0.0000	0.0000	1.0000	0.0000	0.0000	0.0000	0.0000	0.0000
0.0000	0.0000	0.0000	0.0000	0.0000	0.0000	0.0000	0.0000	1.0000	0.0000	0.0000	0.0000
0.0000	0.0000	0.0000	0.0000	0.0000	0.0000	0.0000	0.0000	1.0000	0.0000	0.0000	0.0000
