0.0002	0.0000	0.0000	0.0000	0.0000	0.0000	0.0019	0.0000	0.0000	0.0000	0.0000	0.9979
0.0000	0.0000	0.0000	0.0000	0.0000	0.0000	0.3151	0.6849	0.0000	0.0000	0.0000	0.0000
0.0000	0.0000	0.0000	0.0000	0.0000	0.0000	0.0000	0.0000	0.0000	0.9999	0.0000	0.0001
0.0015	0.0000	0.0000	0.0000	0.0000	0.0000	0.0000	0.0000	0.0000	0.0000	0.9985	0.0000
0.0000	0.0000	0.0000	0.0000	0.0000	0.0000	0.0000	1.0000	0.0000	0.0000	0.0000	0.0000
0.0000	0.0000	0.0000	0.0000	0.0000	0.0000	0.0000	0.0000	0.9999	0.0001	0.0000	0.0000
0.0000	0.0000	0.0000	0.0000	0.0000	0.0000	0.0000	0.0000	0.0000	1.0000	0.0000	0.0000
0.0014	0.0004	0.7935	0.0000	0.0000	0.0482	0.1100	0.0375	0.0000	0.0000	0.0000	0.0091
0.7113	0.0000	0.0000	0.0000	0.0000	0.0000	0.0000	0.0000	0.2887	0.0000	0.0000	0.0000
0.0000	0.0000	0.0000	0.0000	0.0000	0.0000	0.0071	0.0000	0.0000	0.0002	0.0036	0.9891
0.0008	0.0000	0.0000	0.0000	0.0000	0.1964	0.0000	0.0000	0.4677	0.3351	0.0000	0.0000
0.0001	0.0000	0.0000	0.0000	0.0000	0.0001	0.0000	0.0000	0.3911	0.6087	0.0000	0.0000
0.0000	0.0000	0.0000	0.0000	0.0000	0.0000	0.9962	0.0022	0.0000	0.0000	0.0000	0.0016
0.0000	0.0000	0.0039	0.0000	0.0000	0.0007	0.4297	0.1730	0.0000	0.0010	0.0000	0.3917
0.0000	0.0000	0.0000	0.0000	0.0000	0.0000	0.0000	0.0000	0.0000	0.9613	0.0001	0.0386
0.0000	0.0000	0.0000	0.0000	0.0000	0.0000	0.0000	0.0000	0.0000	0.8523	0.0010	0.1466
0.0000	0.0000	0.0000	0.0017	0.0000	0.0000	0.0000	0.0000	0.0000	0.9981	0.0000	0.0001
0.0000	0.0000	0.0000	0.0000	0.0000	0.9999	0.0000	0.0000	0.0000	0.0001	0.0000	0.0000
0.9589	0.0003	0.0099	0.0005	0.0000	0.0138	0.0096	0.0022	0.0000	0.0019	0.0000	0.0028
0.0000	0.0000	0.0000	0.0000	0.0000	0.0000	0.0000	0.0000	0.9926	0.0074	0.0000	0.0000
0.0000	0.0000	0.0000	0.0974	0.0000	0.0000	0.0000	0.0000	0.0001	0.9019	0.0000	0.0006
0.0000	0.0000	0.9917	0.0001	0.0000	0.0081	0.0000	0.0000	0.0000	0.0000	0.0000	0.0001
0.0000	0.0000	0.0000	0.1133	0.0000	0.0000	0.2256	0.6609	0.0000	0.0000	0.0000	0.0002
0.9996	0.0000	0.0000	0.0000	0.0000	0.0000	0.0000	0.0000	0.0003	0.0000	0.0000	0.0000
0.0000	0.0000	0.0000	1.0000	0.0000	0.0000	0.0000	0.0000	0.0000	0.0000	0.0000	0.0000
0.0000	0.0000	0.0000	1.0000	0.0000	0.0000	0.0000	0.0000	0.0000	0.0000	0.0000	0.0000
0.0000	0.0471	0.9116	0.0000	0.0000	0.0367	0.0022	0.0024	0.0000	0.0000	0.0000	0.0000
0.0031	0.0018	0.4388	0.0000	0.0000	0.0352	0.3653	0.0097	0.0000	0.0002	0.0000	0.1459
0.0000	0.0000	0.0000	0.0000	0.0000	0.0000	0.0000	1.0000	0.0000	0.0000	0.0000	0.0000
1.0000	0.0000	0.0000	0.0000	0.0000	0.0000	0.0000	0.0000	0.0000	0.0000	0.0000	0.0000
0.0000	0.0000	0.0001	0.0916	0.0000	0.0208	0.0000	0.5401	0.0000	0.0000	0.0000	0.3475
0.0000	0.0000	0.0000	0.9993	0.0000	0.0000	0.0000	0.0000	0.0000	0.0006	0.0000	0.0001
0.0000	0.0000	0.0000	0.0077	0.0000	0.0000	0.0000	0.0000	0.0000	0.9698	0.0000	0.0224
0.0000	0.0000	0.0000	0.0000	0.0000	0.0000	0.0000	0.0000	0.0000	0.8040	0.0000	0.1960
0.0000	0.0236	0.7090	0.0004	0.0000	0.0006	0.2304	0.0360	0.0000	0.0000	0.0000	0.0000
0.0000	0.0158	0.8581	0.0000	0.0000	0.0295	0.0739	0.0219	0.0000	0.0000	0.0000	0.0008
0.0000	0.0000	0.6984	0.0001	0.0000	0.0000	0.0548	0.2403	0.0000	0.0000	0.0000	0.0063
0.0001	0.0000	0.0000	0.0000	0.0000	0.0000	0.1390	0.0014	0.0000	0.0044	0.0000	0.8551
0.0013	0.0013	0.0019	0.0000	0.0000	0.0220	0.6284	0.3014	0.0000	0.0022	0.0000	0.0416
0.0002	0.0000	0.0000	0.0000	0.0000	0.0000	0.1537	0.0003	0.0000	0.0050	0.0000	0.8407
0.9653	0.0000	0.0000	0.0000	0.0000	0.0000	0.0000	0.0000	0.0000	0.0347	0.0000	0.0000
0.9995	0.0000	0.0000	0.0000	0.0000	0.0000	0.0000	0.0000	0.0000	0.0005	0.0000	0.0000
0.0000	0.0000	0.0000	0.0000	0.0000	0.0000	0.2777	0.1735	0.0000	0.0025	0.0000	0.5464
0.0000	0.0000	0.0000	0.0000	0.0000	0.0000	0.0000	0.9077	0.0000	0.0877	0.0000	0.0046
0.0000	0.0000	0.0000	0.0000	0.0000	0.0000	0.5568	0.4429	0.0000	0.0002	0.0000	0.0000
0.9304	0.0000	0.0000	0.0000	0.0000	0.0000	0.0000	0.0000	0.0000	0.0004	0.0316	0.0376
0.0000	0.0000	0.0000	0.0000	0.0000	0.0000	0.9762	0.0237	0.0000	0.0000	0.0000	0.0000
0.0000	0.0000	0.0000	0.0000	0.0000	0.0011	0.0000	0.0000	0.9989	0.0000	0.0000	0.0000
0.0000	0.3681	0.6155	0.0000	0.0000	0.0027	0.0022	0.0000	0.0000	0.0002	0.0026	0.0087
0.0016	0.0000	0.0000	0.0000	0.0000	0.0002	0.8673	0.0024	0.0000	0.0022	0.0000	0.1264
0.1028	0.0001	0.0000	0.0000	0.0000	0.0000	0.2396	0.0001	0.0000	0.0565	0.0000	0.6009
0.0000	0.0000	0.0000	0.0000	0.0000	0.0000	0.0000	0.0000	0.0000	1.0000	0.0000	0.0000
0.0000	0.5748	0.4252	0.0000	0.0000	0.0000	0.0000	0.0000	0.0000	0.0000	0.0000	0.0000
0.0000	0.0015	0.0531	0.0000	0.0000	0.8795	0.0607	0.0026	0.0000	0.0000	0.0000	0.0026
0.0000	0.0010	0.7975	0.0000	0.0000	0.1901	0.0092	0.0017	0.0000	0.0000	0.0000	0.0004
0.0000	0.0000	0.0000	0.0000	0.0000	0.0000	0.0000	0.0000	0.0000	0.0011	0.0173	0.9816
0.0000	0.0000	0.0000	0.0000	0.0000	0.0000	0.0001	0.0000	0.0000	0.1001	0.0100	0.8898
0.0000	0.0000	0.0000	0.0000	0.0000	0.0000	0.0000	0.0000	0.1274	0.8725	0.0000	0.0000
0.0071	0.0000	0.0000	0.0000	0.0000	0.0000	0.0000	0.0000	0.0735	0.9193	0.0000	0.0000
0.0000	0.0000	0.6215	0.0000	0.0000	0.0015	0.3407	0.0005	0.0000	0.0000	0.0000	0.0358
0.0000	0.6169	0.3654	0.0000	0.0000	0.0028	0.0081	0.0068	0.0000	0.0000	0.0000	0.0000
0.0000	0.0000	0.0000	0.0000	0.0000	0.0000	0.4465	0.0000	0.0000	0.0058	0.0001	0.5476
0.0000	0.0000	0.0000	0.0000	0.0000	0.0001	0.0779	0.0055	0.0000	0.0339	0.0000	0.8826
0.0000	0.0000	0.0000	0.0000	0.0000	0.0000	0.0000	0.0000	1.0000	0.0000	0.0000	0.0000
0.0000	0.1873	0.0965	0.0000	0.0000	0.0083	0.7020	0.0030	0.0000	0.0000	0.0000	0.0029
0.0000	0.0000	0.0000	0.9999	0.0000	0.0000	0.0000	0.0000	0.0000	0.0001	0.0000	0.0001
0.9858	0.0000	0.0000	0.0000	0.0000	0.0000	0.0000	0.0000	0.0142	0.0000	0.0000	0.0000
0.4996	0.0000	0.0000	0.0000	0.0000	0.0000	0.0000	0.0000	0.5004	0.0000	0.0000	0.0000
0.0000	0.8280	0.0107	0.0000	0.0000	0.1339	0.0210	0.0003	0.0000	0.0000	0.0000	0.0060
0.0000	0.0000	0.0000	0.0000	0.0000	0.0000	0.0001	0.0000	0.0000	0.0000	0.0000	0.9999
0.0002	0.0006	0.0000	0.0000	0.0000	0.0001	0.0004	0.0266	0.0000	0.0000	0.0000	0.9722
0.0000	0.0000	0.0000	0.0000	0.0000	0.0000	0.0000	0.0000	0.0000	0.9995	0.0001	0.0004
0.0000	0.0000	0.0000	0.0000	0.0000	0.0000	0.0000	0.0000	0.0000	1.0000	0.0000	0.0000
0.0001	0.0000	0.0000	0.0000	0.0000	0.9999	0.0000	0.0000	0.0000	0.0000	0.0000	0.0000
0.0000	0.0000	0.0000	0.0000	0.0000	0.0000	0.0001	0.0010	0.1300	0.0000	0.0000	0.8689
0.0000	0.0000	0.0000	0.0000	0.0000	0.0000	0.0000	0.0000	0.0000	0.0000	0.0000	1.0000
0.0000	0.0000	0.0000	0.9964	0.0000	0.0000	0.0000	0.0000	0.0000	0.0000	0.0035	0.0001
0.0000	0.0000	0.0000	0.0000	0.0000	0.0000	0.0060	0.9539	0.0000	0.0000	0.0000	0.0401
0.0000	0.0000	0.0000	0.0002	0.0000	0.0000	0.0000	0.0000	0.0000	0.0310	0.0001	0.9687
0.0000	0.0002	0.7964	0.0000	0.0000	0.0015	0.0315	0.1703	0.0000	0.0000	0.0000	0.0001
0.0000	0.0054	0.0235	0.0000	0.0000	0.9696	0.0005	0.0008	0.0000	0.0000	0.0000	0.0002
0.0000	0.0000	0.0000	0.0000	0.0000	0.0000	0.8903	0.1097	0.0000	0.0000	0.0000	0.0000
0.0000	0.0000	0.0000	0.0000	0.0000	0.0000	0.7368	0.0697	0.0000	0.0000	0.0000	0.1936
0.0000	0.0000	0.0154	0.0000	0.0000	0.0000	0.0000	0.0000	0.0000	0.0000	0.0000	0.9846
0.0000	0.0000	0.0000	0.0000	0.0000	0.0000	0.0000	0.0000	0.0000	0.0000	0.0000	1.0000
0.0059	0.0000	0.9787	0.0020	0.0000	0.0133	0.0000	0.0000	0.0001	0.0000	0.0000	0.0000
0.0073	0.0000	0.9734	0.0018	0.0000	0.0174	0.0000	0.0000	0.0000	0.0000	0.0000	0.0000
0.0052	0.0000	0.9920	0.0010	0.0000	0.0017	0.0000	0.0000	0.0001	0.0000	0.0000	0.0000
0.0000	0.0000	0.0002	0.0000	0.0000	0.0000	0.0000	0.0000	0.0000	0.0000	0.0000	0.9998
0.0000	0.0000	0.9908	0.0000	0.0000	0.0000	0.0000	0.0000	0.0000	0.0000	0.0000	0.0092
0.0000	0.0000	0.8845	0.0000	0.0000	0.0000	0.0000	0.0000	0.0000	0.0000	0.0000	0.1155
0.0000	0.0000	0.0000	0.0000	0.0000	0.0000	0.0000	0.0000	0.0000	0.0000	0.0000	1.0000
0.0000	0.0000	0.0000	0.0000	0.0000	0.0000	0.0000	0.0000	0.0000	0.0000	0.0000	1.0000
0.0000	0.0000	0.9682	0.0000	0.0000	0.0000	0.0000	0.0000	0.0000	0.0000	0.0000	0.0318
0.0000	0.0000	0.9765	0.0000	0.0000	0.0000	0.0000	0.0000	0.0000	0.0000	0.0000	0.0235
0.0000	0.0000	0.0000	0.0000	0.0000	0.0000	0.0000	0.0000	0.0000	0.0000	0.0000	1.0000
0.0000	0.0000	0.0000	0.0000	0.0000	0.0000	0.0000	0.0000	0.0000	0.0000	0.0000	1.0000
0.0002	0.0000	0.9997	0.0000	0.0000	0.0000	0.0000	0.0000	0.0000	0.0000	0.0000	0.0001
0.0000	0.0000	0.0018	0.0000	0.0000	0.0000	0.0000	0.0000	0.0000	0.0000	0.0000	0.9982
0.0000	0.0000	0.0000	0.0000	0.0000	0.0000	0.0000	0.0000	0.0000	0.0000	0.0000	1.0000
0.0000	0.0000	0.0000	0.0000	0.0000	0.0000	0.0000	0.0000	0.0000	0.0000	0.0000	1.0000
0.0000	0.0000	0.0000	0.0000	0.0000	0.0000	0.0000	0.0000	0.0000	0.0000	0.0000	1.0000
0.0000	0.0000	0.9960	0.0000	0.0000	0.0000	0.0000	0.0000	0.0000	0.0000	0.0000	0.0040
0.0001	0.0000	0.9982	0.0000	0.0000	0.0000	0.0000	0.0000	0.0000	0.0000	0.0000	0.0017
0.0000	0.0000	0.0000	0.0000	0.0000	0.0000	0.0000	0.0000	1.0000	0.0000	0.0000	0.0000
0.0000	0.0000	0.0000	0.0000	0.0000	0.0000	1.0000	0.0000	0.0000	0.0000	0.0000	0.0000
0.0000	0.0000	0.0020	0.0000	0.0000	0.0000	0.9980	0.0000	0.0000	0.0000	0.0000	0.0000
0.0000	0.0000	0.0000	0.0005	0.0000	0.0000	0.0000	0.0000	0.9995	0.0000	0.0000	0.0000
0.0000	0.0000	0.0000	0.0000	0.0000	0.0000	0.0000	0.0000	1.0000	0.0000	0.0000	0.0000
0.0000	0.0000	0.0000	0.0000	0.0000	0.0000	0.0000	0.0000	1.0000	0.0000	0.0000	0.0000
0.0000	0.0000	0.9758	0.0000	0.0000	0.0012	0.0230	0.0000	0.0000	0.0000	0.0000	0.0000
0.0000	0.0000	0.0000	0.0000	0.0000	0.0000	0.0000	0.0000	1.0000	0.0000	0.0000	0.0000
0.0000	0.0000	0.0409	0.0000	0.0000	0.0000	0.9591	0.0000	0.0000	0.0000	0.0000	0.0000
0.0000	0.0000	0.9641	0.0000	0.0000	0.0049	0.0310	0.0000	0.0000	0.0000	0.0000	0.0000
0.0000	0.0000	0.0000	0.0000	0.0000	0.0000	0.8237	0.0000	0.1763	0.0000	0.0000	0.0000
0.0000	0.0000	0.0000	0.0000	0.0000	0.0000	0.0000	0.0000	1.0000	0.0000	0.0000	0.0000
0.0000	0.0000	0.0000	0.0000	0.0000	0.0000	1.0000	0.0000	0.0000	0.0000	0.0000	0.0000
0.0000	0.0000	0.0000	0.0000	0.0000	0.0000	0.0000	0.0000	1.0000	0.0000	0.0000	0.0000
0.0000	0.0000	0.0000	0.0000	0.0000	0.0000	0.0000	0.0000	1.0000	0.0000	0.0000	0.0000
0.0000	0.0000	0.0000	0.0000	0.0000	0.0000	1.0000	0.0000	0.0000	0.0000	0.0000	0.0000
0.0000	0.0000	0.0000	0.0000	0.0000	0.0000	0.0000	0.0000	1.0000	0.0000	0.0000	0.0000
0.0000	0.0000	0.9985	0.0000	0.0000	0.0009	0.0006	0.0000	0.0000	0.0000	0.0000	0.0000
0.0000	0.0000	0.3739	0.0000	0.0000	0.0000	0.6261	0.0000	0.0000	0.0000	0.0000	0.0000
0.0000	0.0000	0.0018	0.0000	0.0000	0.0000	0.9982	0.0000	0.0000	0.0000	0.0000	0.0000
0.0000	0.0000	0.0000	0.0000	0.0000	0.0000	0.0000	0.0000	1.0000	0.0000	0.0000	0.0000
0.0000	0.0000	0.2060	0.0000	0.0000	0.0000	0.7940	0.0000	0.0000	0.0000	0.0000	0.0000
0.0000	0.0000	0.9826	0.0000	0.0000	0.0029	0.0144	0.0000	0.0000	0.0000	0.0000	0.0000
0.0000	0.0000	0.0000	0.0000	0.0000	0.0000	1.0000	0.0000	0.0000	0.0000	0.0000	0.0000
0.0000	0.0000	0.0000	0.0000	0.0000	0.0000	0.9996	0.0000	0.0004	0.0000	0.0000	0.0000
0.0000	0.0000	0.0000	0.0000	0.0000	0.0000	0.0000	0.0000	1.0000	0.0000	0.0000	0.0000
0.0000	0.0000	0.0004	0.0000	0.0000	0.0000	0.9996	0.0000	0.0000	0.0000	0.0000	0.0000
0.0000	0.0000	0.0000	0.0000	0.0000	0.0000	0.0000	0.0000	1.0000	0.0000	0.0000	0.0000
0.0000	0.0000	0.0000	0.0000	0.0000	0.0000	0.0000	0.0000	1.0000	0.0000	0.0000	0.0000
