0.0842	0.0000	0.0000	0.0000	0.0000	0.0000	0.0049	0.0007	0.0000	0.9064	0.0001	0.0037
0.5738	0.0000	0.0005	0.0000	0.0000	0.0101	0.0616	0.0000	0.0000	0.1024	0.0001	0.2514
1.0000	0.0000	0.0000	0.0000	0.0000	0.0000	0.0000	0.0000	0.0000	0.0000	0.0000	0.0000
0.0000	0.0000	0.0000	0.0000	0.0000	0.0000	0.0020	0.0000	0.0000	0.0014	0.0000	0.9966
0.0000	0.0002	0.1211	0.0000	0.0000	0.0005	0.5401	0.0722	0.0000	0.0000	0.0000	0.2659
0.0000	0.0000	0.0000	0.0000	0.0000	0.0000	0.0000	0.0000	0.0000	1.0000	0.0000	0.0000
0.0227	0.0000	0.0000	0.0000	0.0000	0.0000	0.0000	0.0000	0.0000	0.9461	0.0000	0.0312
0.0000	0.6313	0.3441	0.0000	0.0000	0.0243	0.0002	0.0000	0.0000	0.0000	0.0000	0.0000
0.0000	0.0000	0.0003	0.0000	0.0000	0.9996	0.0001	0.0000	0.0000	0.0000	0.0000	0.0001
0.0000	0.0000	0.0029	0.0000	0.0000	0.0000	0.7319	0.0044	0.0000	0.0003	0.0000	0.2605
0.0000	0.0000	0.0000	0.0000	0.0000	0.0000	0.0000	0.0000	0.9999	0.0001	0.0000	0.0000
0.0000	0.0000	0.0000	0.0000	0.0000	0.0000	0.0000	0.0000	0.9930	0.0070	0.0000	0.0000
0.0000	0.0000	0.0000	0.0000	0.0000	0.0000	0.0068	0.0006	0.0000	0.2782	0.0000	0.7144
0.0000	0.0000	0.0000	0.0000	1.0000	0.0000	0.0000	0.0000	0.0000	0.0000	0.0000	0.0000
0.0000	0.9531	0.0469	0.0000	0.0000	0.0000	0.0000	0.0000	0.0000	0.0000	0.0000	0.0000
0.0000	0.0009	0.9915	0.0000	0.0000	0.0061	0.0007	0.0005	0.0000	0.0000	0.0000	0.0003
0.0000	0.0005	0.9618	0.0000	0.0000	0.0290	0.0012	0.0056	0.0000	0.0000	0.0000	0.0018
0.9971	0.0000	0.0000	0.0000	0.0000	0.0000	0.0000	0.0000	0.0029	0.0000	0.0000	0.0000
0.9841	0.0000	0.0000	0.0000	0.0000	0.0000	0.0000	0.0000	0.0156	0.0000	0.0003	0.0000
0.0000	0.0000	0.0000	0.0000	0.0000	0.0000	0.7766	0.0000	0.0000	0.0003	0.0000	0.2231
0.0000	0.0000	0.0000	0.0000	0.0000	0.0051	0.3486	0.6432	0.0000	0.0021	0.0000	0.0008
0.0000	0.0000	0.0000	0.0000	0.0000	0.0000	0.5688	0.4147	0.0000	0.0029	0.0000	0.0136
0.0000	0.0000	0.0000	0.0000	0.0000	0.0000	0.0000	0.0000	0.0000	1.0000	0.0000	0.0000
0.3710	0.0001	0.0012	0.0000	0.0000	0.0005	0.0005	0.0011	0.0000	0.6221	0.0000	0.0036
0.0000	0.0000	0.0000	0.0000	0.0000	0.0015	0.2087	0.0029	0.0000	0.0034	0.0000	0.7837
0.0000	0.0000	0.0000	0.0000	0.0000	0.0000	0.0677	0.9323	0.0000	0.0000	0.0000	0.0000
0.0000	0.0000	0.0000	0.0001	0.0000	0.0000	0.0000	0.0000	0.0000	0.9998	0.0000	0.0001
0.0000	0.0000	0.0000	0.0000	0.0000	0.0000	0.0000	0.0000	0.0000	0.0000	1.0000	0.0000
0.0000	0.0000	0.0000	0.0000	0.0000	0.0000	0.0000	0.0000	0.0000	0.9998	0.0000	0.0001
0.0000	0.0000	0.0000	0.0000	0.0000	0.0000	0.0000	0.0000	0.9999	0.0001	0.0000	0.0000
0.0000	0.0000	0.0000	0.0000	0.0000	0.0000	0.0000	0.0000	0.0000	0.0000	1.0000	0.0000
0.0000	0.0000	0.0000	0.0000	0.0000	0.0000	0.9369	0.0630	0.0000	0.0000	0.0000	0.0001
0.0000	0.0000	0.0000	0.0000	0.0000	0.0000	0.0000	0.0000	0.0000	1.0000	0.0000	0.0000
0.0000	0.0000	0.0000	0.9682	0.0000	0.0000	0.0000	0.0000	0.0000	0.0000	0.0318	0.0000
0.0000	0.3247	0.6545	0.0000	0.0000	0.0202	0.0001	0.0005	0.0000	0.0000	0.0000	0.0000
0.0013	0.0000	0.0000	0.0000	0.0000	0.0000	0.0000	0.0000	0.0000	0.9987	0.0000	0.0000
0.0000	0.0000	0.0000	0.0000	0.0000	0.0000	0.0000	0.0000	0.0000	0.9605	0.0000	0.0395
0.0000	0.0021	0.0268	0.0000	0.0000	0.9634	0.0070	0.0006	0.0000	0.0000	0.0000	0.0001
0.0000	0.0000	0.0000	0.0000	0.0000	0.0000	0.0000	0.0000	0.0000	0.0000	1.0000	0.0000
0.0000	0.0000	0.0000	0.0000	0.0000	0.0000	0.0000	0.0000	1.0000	0.0000	0.0000	0.0000
0.0001	0.2952	0.0004	0.0000	0.0000	0.1578	0.0216	0.0313	0.0000	0.4875	0.0000	0.0061
0.0000	0.0000	0.0000	0.0000	0.0000	0.0000	0.0158	0.0251	0.0000	0.0000	0.0000	0.9590
0.0000	0.0000	0.0000	0.0000	0.0000	0.9820	0.0003	0.0001	0.0000	0.0005	0.0000	0.0171
0.0003	0.0000	0.0024	0.0000	0.0000	0.0005	0.0040	0.0002	0.0000	0.0359	0.0000	0.9568
0.0000	0.0000	0.0000	0.0000	0.0000	0.0000	0.0009	0.0000	0.0000	0.0000	0.0000	0.9991
0.0000	0.0000	0.0000	0.0000	0.0000	0.0000	0.3128	0.6734	0.0000	0.0030	0.0000	0.0108
0.0000	0.0000	0.0000	0.0000	0.0000	0.0000	0.0000	0.0000	0.0000	1.0000	0.0000	0.0000
0.0000	0.0000	0.0000	0.0000	1.0000	0.0000	0.0000	0.0000	0.0000	0.0000	0.0000	0.0000
0.0000	0.0000	0.0001	0.0000	0.0000	0.9999	0.0000	0.0000	0.0000	0.0000	0.0000	0.0000
0.0000	0.0092	0.0181	0.0000	0.0000	0.9725	0.0000	0.0002	0.0000	0.0000	0.0000	0.0000
0.0000	0.0000	0.0000	0.0000	0.0000	0.0000	0.9711	0.0262	0.0000	0.0025	0.0000	0.0001
0.0000	0.0000	0.0000	0.0000	0.0000	0.0000	0.0068	0.0183	0.0000	0.0204	0.0000	0.9544
0.6624	0.0000	0.0001	0.0000	0.0000	0.0000	0.0281	0.2272	0.0000	0.0007	0.0000	0.0815
0.0000	0.0021	0.4167	0.0000	0.0000	0.5642	0.0014	0.0150	0.0000	0.0002	0.0000	0.0003
0.0000	0.0066	0.9000	0.0000	0.0000	0.0928	0.0002	0.0004	0.0000	0.0000	0.0000	0.0000
0.0023	0.0000	0.0000	0.0000	0.0000	0.0000	0.0574	0.9313	0.0000	0.0015	0.0000	0.0074
0.0000	0.0641	0.4495	0.0000	0.0000	0.0811	0.1027	0.2996	0.0000	0.0001	0.0000	0.0029
0.0000	0.0000	0.0000	0.0000	0.0000	0.0000	0.0000	0.0000	0.0000	1.0000	0.0000	0.0000
0.0000	0.0000	0.0000	0.0000	0.0000	0.0000	0.0005	0.0000	0.0000	0.9606	0.0001	0.0388
0.0000	0.9736	0.0061	0.0000	0.0000	0.0176	0.0002	0.0025	0.0000	0.0000	0.0000	0.0000
0.0000	0.0000	0.0000	0.0000	0.0000	0.0150	0.0000	0.0000	0.0000	0.9849	0.0000	0.0000
0.3455	0.0000	0.6130	0.0000	0.0000	0.0009	0.0019	0.0001	0.0000	0.0374	0.0000	0.0012
0.0000	0.0000	0.0000	0.0000	0.0000	0.0002	0.1683	0.0006	0.0000	0.0000	0.0000	0.8309
0.0000	0.0000	0.0000	0.0000	0.0000	0.0000	0.0000	0.0000	1.0000	0.0000	0.0000	0.0000
0.0000	0.0002	0.0000	0.0000	0.0000	0.0000	0.0570	0.8076	0.0000	0.0000	0.0000	0.1352
0.0000	0.0000	0.0000	0.0001	0.0000	0.0000	0.0231	0.0000	0.0026	0.0410	0.0000	0.9331
0.0000	0.0043	0.0000	0.0000	0.0000	0.0000	0.9575	0.0358	0.0000	0.0000	0.0000	0.0024
0.1221	0.0137	0.8212	0.0000	0.0000	0.0003	0.0013	0.0001	0.0000	0.0000	0.0000	0.0413
0.9842	0.0000	0.0000	0.0000	0.0000	0.0000	0.0000	0.0000	0.0148	0.0000	0.0010	0.0000
0.9808	0.0000	0.0000	0.0000	0.0000	0.0000	0.0000	0.0000	0.0189	0.0003	0.0000	0.0000
0.0000	0.0000	0.0000	0.0000	0.0000	0.0000	0.0000	0.0000	0.0000	0.0004	0.9996	0.0000
0.0000	0.0000	0.0000	0.0000	0.0000	0.0000	0.0000	0.0035	0.0000	0.0004	0.0000	0.9961
0.0000	0.0000	0.0000	0.0000	0.0000	0.0000	0.0000	0.9832	0.0000	0.0000	0.0000	0.0168
0.0000	0.0000	0.0000	0.0000	0.0000	0.0001	0.0000	0.5302	0.0000	0.0000	0.0000	0.4697
0.0000	0.0000	0.0000	0.0000	0.0000	0.0000	0.0000	0.0000	0.0000	1.0000	0.0000	0.0000
1.0000	0.0000	0.0000	0.0000	0.0000	0.0000	0.0000	0.0000	0.0000	0.0000	0.0000	0.0000
0.0002	0.0000	0.0002	0.0000	0.0000	0.0000	0.5357	0.0664	0.0000	0.0054	0.0000	0.3921
0.0001	0.0000	0.0000	0.0000	0.0000	0.0003	0.0003	0.0000	0.0000	0.0183	0.0000	0.9810
0.0000	0.0000	0.0000	0.0000	0.0000	0.0086	0.0000	0.0000	0.0000	0.9913	0.0000	0.0000
0.0005	0.0000	0.0000	0.0000	0.0000	0.0000	0.4656	0.2597	0.0000	0.0000	0.0000	0.2742
0.0000	0.0000	0.0000	0.0000	0.0000	0.0000	0.0000	0.0000	0.0000	0.0000	0.0000	1.0000
0.0000	0.0000	0.8096	0.0000	0.0000	0.1902	0.0000	0.0000	0.0000	0.0002	0.0000	0.0000
0.0000	0.0000	0.7204	0.0000	0.0000	0.2794	0.0000	0.0000	0.0000	0.0002	0.0000	0.0000
0.0000	0.0000	0.0002	0.0000	0.0000	0.0000	0.0000	0.0000	0.0000	0.0000	0.0000	0.9998
0.0000	0.9999	0.0000	0.0000	0.0000	0.0000	0.0000	0.0000	0.0000	0.0000	0.0000	0.0001
0.0000	0.0000	0.9995	0.0000	0.0000	0.0000	0.0000	0.0000	0.0000	0.0000	0.0000	0.0005
0.0000	0.0000	0.0000	0.0000	0.0000	0.0000	0.0000	0.0000	0.0000	0.0000	0.0000	1.0000
0.0000	0.0000	0.9977	0.0000	0.0000	0.0022	0.0000	0.0000	0.0000	0.0000	0.0000	0.0000
0.0000	0.0000	0.9983	0.0000	0.0000	0.0000	0.0000	0.0000	0.0000	0.0000	0.0000	0.0017
0.0000	0.0000	0.0000	0.0000	0.0000	0.0000	0.0000	0.0000	0.0000	0.0000	0.0000	1.0000
0.0000	0.0000	0.0000	0.0000	0.0000	0.0000	0.0000	0.0000	0.0000	0.0000	0.0000	1.0000
0.0000	0.0000	0.9988	0.0000	0.0000	0.0000	0.0000	0.0000	0.0000	0.0000	0.0000	0.0012
0.0000	0.0000	0.9999	0.0000	0.0000	0.0000	0.0000	0.0000	0.0000	0.0000	0.0000	0.0000
0.0000	0.0000	0.0000	0.0000	0.0000	0.0000	0.0000	0.0000	0.0000	0.0000	0.0000	1.0000
0.0000	0.0000	0.9934	0.0000	0.0000	0.0064	0.0000	0.0000	0.0000	0.0002	0.0000	0.0000
0.0000	0.0000	0.9638	0.0000	0.0000	0.0360	0.0000	0.0000	0.0000	0.0002	0.0000	0.0000
0.0000	0.0000	0.0000	0.0000	0.0000	0.0000	0.0000	0.0000	0.0000	0.0000	0.0000	1.0000
0.0000	0.0000	0.9958	0.0000	0.0000	0.0000	0.0000	0.0000	0.0000	0.0000	0.0000	0.0042
0.0000	0.0001	0.9714	0.0000	0.0000	0.0000	0.0000	0.0000	0.0000	0.0000	0.0000	0.0286
0.0000	0.0000	0.0021	0.0000	0.0000	0.0000	0.0000	0.0000	0.0000	0.0000	0.0000	0.9979
0.0000	0.0000	0.9969	0.0000	0.0000	0.0029	0.0000	0.0000	0.0000	0.0001	0.0000	0.0000
0.0000	0.0000	1.0000	0.0000	0.0000	0.0000	0.0000	0.0000	0.0000	0.0000	0.0000	0.0000
0.0000	0.0000	0.0000	0.0000	0.0000	0.0000	0.0000	0.0000	0.0000	0.0000	0.0000	1.0000
0.0000	0.0000	1.0000	0.0000	0.0000	0.0000	0.0000	0.0000	0.0000	0.0000	0.0000	0.0000
0.0000	0.0000	0.0000	0.0000	0.0000	0.0000	0.0000	0.0000	1.0000	0.0000	0.0000	0.0000
0.0000	0.0000	0.0000	0.0000	0.0000	0.0000	0.0000	0.0000	1.0000	0.0000	0.0000	0.0000
0.0000	0.0000	0.0000	0.0000	0.0000	0.0005	0.9995	0.0000	0.0000	0.0000	0.0000	0.0000
0.0000	0.0000	0.0000	0.0000	0.0000	0.0000	0.0000	0.0000	1.0000	0.0000	0.0000	0.0000
0.0000	0.0000	0.0000	0.0000	0.0000	0.0000	0.0000	0.0000	1.0000	0.0000	0.0000	0.0000
0.0000	0.0000	0.0000	0.0000	0.0000	0.0000	0.0000	0.0000	1.0000	0.0000	0.0000	0.0000
0.0000	0.0000	0.0000	0.0000	0.0000	0.0000	0.0000	0.0000	1.0000	0.0000	0.0000	0.0000
0.0000	0.0000	0.0268	0.0000	0.0000	0.0000	0.9732	0.0000	0.0000	0.0000	0.0000	0.0000
0.0000	0.0000	0.0000	0.0000	0.0000	0.0000	1.0000	0.0000	0.0000	0.0000	0.0000	0.0000
0.0000	0.0000	0.0000	0.0000	0.0000	0.0000	0.0000	0.0000	1.0000	0.0000	0.0000	0.0000
0.0000	0.0000	0.9993	0.0000	0.0000	0.0000	0.0007	0.0000	0.0000	0.0000	0.0000	0.0000
0.0000	0.0000	0.0000	0.0000	0.0000	0.0000	1.0000	0.0000	0.0000	0.0000	0.0000	0.0000
0.0000	0.0000	0.0000	0.0000	0.0000	0.0000	0.0000	0.0000	1.0000	0.0000	0.0000	0.0000
0.0000	0.0000	0.0000	0.0000	0.0000	0.0000	0.0000	0.0000	1.0000	0.0000	0.0000	0.0000
0.0000	0.0000	0.0000	0.0000	0.0000	0.0000	0.0032	0.0000	0.9968	0.0000	0.0000	0.0000
0.0000	0.0000	0.0000	0.0000	0.0000	0.0000	0.0000	0.0000	1.0000	0.0000	0.0000	0.0000
0.0000	0.0000	0.0000	0.0000	0.0000	0.0000	0.0000	0.0000	1.0000	0.0000	0.0000	0.0000
0.0000	0.0000	0.9572	0.0000	0.0000	0.0000	0.0428	0.0000	0.0000	0.0000	0.0000	0.0000
0.0000	0.0000	0.0000	0.0000	0.0000	0.0000	0.0000	0.0000	1.0000	0.0000	0.0000	0.0000
0.0000	0.0000	0.1148	0.0000	0.0000	0.0000	0.8852	0.0000	0.0000	0.0000	0.0000	0.0000
0.0000	0.0000	0.0266	0.0000	0.0000	0.0000	0.9734	0.0000	0.0000	0.0000	0.0000	0.0000
0.0000	0.0000	0.0300	0.0000	0.0000	0.0000	0.9700	0.0000	0.0000	0.0000	0.0000	0.0000
0.0000	0.0000	0.0000	0.0000	0.0000	0.0000	1.0000	0.0000	0.0000	0.0000	0.0000	0.0000
0.0000	0.0000	0.0002	0.0000	0.0000	0.0000	0.9998	0.0000	0.0000	0.0000	0.0000	0.0000
0.0000	0.0000	0.0000	0.0000	0.0000	0.0000	1.0000	0.0000	0.0000	0.0000	0.0000	0.0000
0.0000	0.0000	0.0000	0.0000	0.0000	0.0000	0.0000	0.0000	1.0000	0.0000	0.0000	0.0000
0.0000	0.0000	0.0000	0.0000	0.0000	0.0000	0.0000	0.0000	1.0000	0.0000	0.0000	0.0000
0.0000	0.0000	0.9659	0.0000	0.0000	0.0199	0.0142	0.0000	0.0000	0.0000	0.0000	0.0000
0.0000	0.0000	0.0051	0.0000	0.0000	0.0000	0.9949	0.0000	0.0000	0.0000	0.0000	0.0000
