0.0922	0.0000	0.0000	0.0000	0.0000	0.0000	0.0000	0.0000	0.0000	0.6466	0.0000	0.2611
0.0493	0.0000	0.0000	0.0000	0.0000	0.0015	0.0010	0.0000	0.0000	0.0487	0.0000	0.8994
1.0000	0.0000	0.0000	0.0000	0.0000	0.0000	0.0000	0.0000	0.0000	0.0000	0.0000	0.0000
0.0000	0.0000	0.0000	0.0000	0.0000	0.0000	0.0005	0.0000	0.0000	0.0000	0.0057	0.9938
0.0000	0.0001	0.3178	0.0000	0.0000	0.0001	0.0635	0.0739	0.0000	0.0000	0.0029	0.5417
0.0041	0.0000	0.0000	0.0000	0.0000	0.0000	0.0000	0.0000	0.0000	0.9959	0.0000	0.0000
0.0910	0.0000	0.0000	0.0000	0.0000	0.0000	0.0000	0.0000	0.0000	0.9090	0.0000	0.0000
0.0000	0.9026	0.0249	0.0000	0.0000	0.0690	0.0032	0.0002	0.0000	0.0000	0.0000	0.0001
0.0000	0.0184	0.3076	0.0000	0.0000	0.6668	0.0069	0.0003	0.0000	0.0000	0.0000	0.0001
0.0000	0.0000	0.0017	0.0000	0.0000	0.0000	0.9311	0.0589	0.0000	0.0000	0.0000	0.0083
0.0000	0.0000	0.0000	0.0000	0.0000	0.0000	0.0000	0.0000	1.0000	0.0000	0.0000	0.0000
0.0000	0.0000	0.0000	0.0000	0.0000	0.0000	0.0000	0.0000	1.0000	0.0000	0.0000	0.0000
0.0000	0.0000	0.0000	0.0000	0.0000	0.0000	0.0000	0.0003	0.0000	0.2693	0.0000	0.7304
0.0000	0.0000	0.0000	0.0000	1.0000	0.0000	0.0000	0.0000	0.0000	0.0000	0.0000	0.0000
0.0000	0.9975	0.0025	0.0000	0.0000	0.0000	0.0000	0.0000	0.0000	0.0000	0.0000	0.0000
0.0004	0.1520	0.0130	0.0000	0.0000	0.2451	0.3470	0.0885	0.0000	0.0008	0.0373	0.1161
0.0000	0.0000	0.2696	0.0000	0.0000	0.0029	0.0633	0.6641	0.0000	0.0000	0.0000	0.0001
1.0000	0.0000	0.0000	0.0000	0.0000	0.0000	0.0000	0.0000	0.0000	0.0000	0.0000	0.0000
0.9572	0.0000	0.0000	0.0000	0.0000	0.0000	0.0000	0.0000	0.0410	0.0000	0.0018	0.0000
0.0000	0.0000	0.0000	0.0000	0.0000	0.0000	0.1823	0.0000	0.0000	0.0000	0.0000	0.8177
0.0000	0.0000	0.0000	0.0000	0.0000	0.0000	0.5973	0.4026	0.0000	0.0000	0.0000	0.0001
0.0000	0.0000	0.0000	0.0000	0.0000	0.0000	0.8218	0.1193	0.0000	0.0000	0.0028	0.0561
0.0000	0.0000	0.0000	0.0000	0.0000	0.0000	0.0000	0.0000	0.0000	0.9875	0.0004	0.0122
0.9930	0.0059	0.0000	0.0000	0.0000	0.0000	0.0007	0.0002	0.0000	0.0000	0.0000	0.0001
0.0000	0.0000	0.0000	0.0000	0.0000	0.0018	0.7425	0.0050	0.0000	0.0002	0.0000	0.2505
0.0000	0.0000	0.0042	0.0000	0.0000	0.0000	0.0531	0.9427	0.0000	0.0000	0.0000	0.0000
0.0000	0.0000	0.0000	0.0007	0.0000	0.0000	0.0000	0.0000	0.0000	0.9993	0.0000	0.0000
0.0000	0.0000	0.0000	0.0000	0.0000	0.0000	0.0000	0.0000	0.0000	0.0000	1.0000	0.0000
0.0000	0.0000	0.0000	0.0000	0.0000	0.0000	0.0001	0.0001	0.0000	0.0073	0.0010	0.9915
0.0007	0.0000	0.0000	0.0000	0.0000	0.0000	0.0000	0.0000	0.9993	0.0000	0.0000	0.0000
0.0000	0.0000	0.0000	0.0014	0.0005	0.0000	0.0140	0.0000	0.0000	0.0000	0.9840	0.0000
0.0000	0.0000	0.0000	0.0000	0.0000	0.0000	0.9527	0.0469	0.0000	0.0000	0.0004	0.0000
0.0000	0.0000	0.0000	0.0000	0.0000	0.0000	0.0000	0.0000	0.0000	0.9999	0.0001	0.0000
0.0000	0.0000	0.0000	0.0000	0.0000	0.0000	0.0000	0.0000	0.0000	0.0000	1.0000	0.0000
0.0000	0.8877	0.1108	0.0000	0.0000	0.0010	0.0002	0.0001	0.0000	0.0000	0.0000	0.0000
1.0000	0.0000	0.0000	0.0000	0.0000	0.0000	0.0000	0.0000	0.0000	0.0000	0.0000	0.0000
0.0000	0.0000	0.0000	0.0000	0.0000	0.0000	0.0000	0.0000	0.0000	0.0341	0.0002	0.9657
0.0000	0.4284	0.0429	0.0000	0.0000	0.5007	0.0275	0.0004	0.0000	0.0000	0.0000	0.0000
0.0000	0.0000	0.0000	0.0000	0.0000	0.0000	0.0000	0.0000	0.0000	0.0000	1.0000	0.0000
0.0000	0.0000	0.0000	0.0000	0.0000	0.0000	0.0000	0.0000	1.0000	0.0000	0.0000	0.0000
0.0000	0.0133	0.0003	0.0000	0.0000	0.1556	0.2644	0.5517	0.0000	0.0022	0.0000	0.0125
0.0000	0.0000	0.0005	0.0000	0.0000	0.0001	0.5788	0.2640	0.0000	0.0000	0.0000	0.1567
0.0000	0.0000	0.0000	0.0000	0.0000	0.9846	0.0005	0.0001	0.0000	0.0000	0.0000	0.0148
0.0000	0.0000	0.0000	0.0000	0.0000	0.0008	0.0084	0.0483	0.0000	0.0011	0.0001	0.9413
0.0000	0.0000	0.0000	0.0000	0.0000	0.0000	0.5656	0.0530	0.0000	0.0000	0.0010	0.3804
0.0000	0.0000	0.0000	0.0000	0.0000	0.0000	0.3331	0.6592	0.0000	0.0000	0.0000	0.0077
0.0000	0.0000	0.0000	0.0000	0.0000	0.0000	0.0000	0.0000	0.0000	0.9913	0.0083	0.0004
0.0000	0.0000	0.0000	0.0000	0.0657	0.0000	0.0000	0.0000	0.0000	0.9343	0.0000	0.0000
0.0000	0.0000	0.0223	0.0000	0.0000	0.9773	0.0004	0.0000	0.0000	0.0000	0.0000	0.0000
0.0000	0.2494	0.0830	0.0000	0.0000	0.6644	0.0018	0.0014	0.0000	0.0000	0.0000	0.0000
0.0000	0.0000	0.0000	0.0000	0.0000	0.0000	0.9884	0.0116	0.0000	0.0000	0.0000	0.0000
0.0000	0.0000	0.0000	0.0000	0.0000	0.0035	0.0003	0.0008	0.0000	0.0000	0.0000	0.9953
0.0021	0.0000	0.0000	0.0000	0.0000	0.0000	0.2969	0.0666	0.0000	0.0001	0.0000	0.6344
0.0000	0.0034	0.1508	0.0000	0.0000	0.7423	0.0295	0.0642	0.0000	0.0000	0.0000	0.0096
0.0000	0.3102	0.2319	0.0000	0.0000	0.4364	0.0057	0.0128	0.0000	0.0000	0.0001	0.0029
0.0001	0.0000	0.0000	0.0000	0.0000	0.0000	0.1713	0.7082	0.0000	0.0000	0.0000	0.1204
0.0000	0.0008	0.0591	0.0000	0.0000	0.0639	0.5893	0.2646	0.0000	0.0000	0.0000	0.0224
0.0000	0.0000	0.0000	0.0000	0.0000	0.0000	0.0000	0.0000	0.0000	1.0000	0.0000	0.0000
0.0000	0.0000	0.0000	0.0000	0.0000	0.0000	0.0239	0.0000	0.0000	0.0212	0.0000	0.9548
0.0000	0.9965	0.0000	0.0000	0.0000	0.0001	0.0020	0.0013	0.0000	0.0000	0.0000	0.0000
0.0000	0.1005	0.0000	0.0000	0.0000	0.3297	0.0004	0.0217	0.0000	0.5439	0.0013	0.0027
0.9918	0.0003	0.0002	0.0000	0.0000	0.0027	0.0037	0.0000	0.0004	0.0006	0.0001	0.0002
0.0000	0.0000	0.0000	0.0000	0.0000	0.0000	0.7452	0.0232	0.0000	0.0000	0.0000	0.2316
0.0000	0.0000	0.0000	0.0000	0.0000	0.0000	0.0000	0.0000	0.9989	0.0000	0.0000	0.0011
0.0000	0.0000	0.0000	0.0000	0.0000	0.0000	0.1734	0.8237	0.0000	0.0000	0.0000	0.0029
0.0000	0.0000	0.0000	0.0000	0.0000	0.0000	0.0092	0.0000	0.0000	0.0023	0.0002	0.9882
0.0000	0.9440	0.0000	0.0000	0.0000	0.0000	0.0559	0.0000	0.0000	0.0000	0.0000	0.0000
0.0188	0.0042	0.0077	0.0000	0.0000	0.0002	0.9352	0.0042	0.0000	0.0000	0.0000	0.0296
0.9995	0.0000	0.0000	0.0000	0.0000	0.0000	0.0000	0.0000	0.0002	0.0000	0.0003	0.0000
0.5527	0.0000	0.0000	0.0000	0.0000	0.0000	0.0000	0.0000	0.4416	0.0051	0.0000	0.0006
0.0000	0.0000	0.0000	0.0035	0.0051	0.0000	0.0008	0.0000	0.0000	0.0002	0.9904	0.0000
0.0000	0.0000	0.0000	0.0000	0.0000	0.0000	0.0000	0.2341	0.0000	0.0000	0.0004	0.7654
0.0000	0.0000	0.0000	0.0000	0.0000	0.0000	0.0000	0.9985	0.0000	0.0000	0.0000	0.0015
0.0000	0.0000	0.0000	0.0000	0.0000	0.0000	0.0000	0.0003	0.0000	0.0000	0.0000	0.9997
0.0000	0.0000	0.0000	0.0092	0.0000	0.0000	0.0000	0.0000	0.0000	0.9908	0.0000	0.0000
1.0000	0.0000	0.0000	0.0000	0.0000	0.0000	0.0000	0.0000	0.0000	0.0000	0.0000	0.0000
0.0000	0.0000	0.0000	0.0000	0.0000	0.0000	0.0064	0.0008	0.0000	0.0000	0.0000	0.9928
0.0000	0.0000	0.0000	0.0000	0.0000	0.0000	0.0000	0.0000	0.0000	0.0000	0.0000	1.0000
0.0000	0.0000	0.0000	0.1931	0.0000	0.0038	0.0000	0.0000	0.0000	0.7823	0.0105	0.0103
0.0000	0.0000	0.0000	0.0000	0.0000	0.0000	0.9127	0.0406	0.0000	0.0000	0.0000	0.0468
0.0000	0.0000	0.0000	0.0000	0.0000	0.0000	0.0000	0.0000	0.0000	0.0000	0.0000	1.0000
0.0000	0.0000	0.9989	0.0000	0.0000	0.0001	0.0000	0.0000	0.0011	0.0000	0.0000	0.0000
0.0000	0.0000	0.9982	0.0000	0.0000	0.0001	0.0000	0.0000	0.0018	0.0000	0.0000	0.0000
0.0000	0.0000	0.0000	0.0000	0.0000	0.0000	0.0000	0.0000	0.0000	0.0000	0.0000	1.0000
0.0000	0.0000	0.0000	0.0000	0.0000	0.0000	0.0000	0.0000	0.0000	0.0000	0.0000	1.0000
0.0000	0.0000	0.9984	0.0000	0.0000	0.0000	0.0000	0.0000	0.0000	0.0000	0.0000	0.0016
0.0000	0.0000	0.0000	0.0000	0.0000	0.0000	0.0000	0.0000	0.0000	0.0000	0.0000	1.0000
0.0000	0.0000	0.9999	0.0000	0.0000	0.0000	0.0000	0.0000	0.0000	0.0000	0.0000	0.0001
0.0000	0.0000	0.9914	0.0000	0.0000	0.0000	0.0000	0.0000	0.0000	0.0000	0.0000	0.0086
0.0000	0.0000	0.0000	0.0000	0.0000	0.0000	0.0000	0.0000	0.0000	0.0000	0.0000	1.0000
0.0000	0.0000	0.0000	0.0000	0.0000	0.0000	0.0000	0.0000	0.0000	0.0000	0.0000	1.0000
0.0000	0.0000	0.9918	0.0000	0.0000	0.0000	0.0000	0.0000	0.0000	0.0000	0.0000	0.0082
0.0000	0.0000	0.9998	0.0000	0.0000	0.0000	0.0000	0.0000	0.0000	0.0000	0.0000	0.0001
0.0000	0.0000	0.0000	0.0000	0.0000	0.0000	0.0000	0.0000	0.0000	0.0000	0.0000	1.0000
0.0000	0.0000	0.9988	0.0000	0.0000	0.0000	0.0000	0.0000	0.0012	0.0000	0.0000	0.0000
0.0000	0.0000	0.9982	0.0000	0.0000	0.0000	0.0000	0.0000	0.0018	0.0000	0.0000	0.0000
0.0000	0.0000	0.0000	0.0000	0.0000	0.0000	0.0000	0.0000	0.0000	0.0000	0.0000	1.0000
0.0000	0.0000	1.0000	0.0000	0.0000	0.0000	0.0000	0.0000	0.0000	0.0000	0.0000	0.0000
0.0000	0.0000	0.9993	0.0000	0.0000	0.0000	0.0000	0.0000	0.0000	0.0000	0.0000	0.0007
0.0000	0.0000	1.0000	0.0000	0.0000	0.0000	0.0000	0.0000	0.0000	0.0000	0.0000	0.0000
0.0000	0.0000	0.9980	0.0000	0.0000	0.0000	0.0000	0.0000	0.0019	0.0000	0.0000	0.0001
0.0000	0.0000	0.9999	0.0000	0.0000	0.0000	0.0000	0.0000	0.0000	0.0000	0.0000	0.0001
0.0000	0.0000	0.0000	0.0000	0.0000	0.0000	0.0000	0.0000	0.0000	0.0000	0.0000	1.0000
0.0000	0.0000	0.9999	0.0000	0.0000	0.0000	0.0000	0.0000	0.0001	0.0000	0.0000	0.0000
0.0000	0.0000	0.0000	0.0000	0.0000	0.0000	0.0000	0.0000	1.0000	0.0000	0.0000	0.0000
0.0000	0.0000	0.0000	0.0000	0.0000	0.0000	0.0000	0.0000	1.0000	0.0000	0.0000	0.0000
0.0000	0.0000	0.0000	0.0000	0.0000	0.0000	1.0000	0.0000	0.0000	0.0000	0.0000	0.0000
0.0000	0.0000	0.0000	0.0000	0.0000	0.0000	0.0005	0.0000	0.9995	0.0000	0.0000	0.0000
0.0000	0.0000	0.0000	0.0000	0.0000	0.0000	0.0000	0.0000	1.0000	0.0000	0.0000	0.0000
0.0000	0.0000	0.0000	0.0000	0.0000	0.0000	0.0000	0.0000	1.0000	0.0000	0.0000	0.0000
0.0000	0.0000	0.0000	0.0000	0.0000	0.0000	0.0000	0.0000	1.0000	0.0000	0.0000	0.0000
0.0000	0.0000	0.2618	0.0000	0.0000	0.0000	0.7382	0.0000	0.0000	0.0000	0.0000	0.0000
0.0000	0.0000	0.0642	0.0000	0.0000	0.0000	0.9358	0.0000	0.0000	0.0000	0.0000	0.0000
0.0000	0.0000	0.0000	0.0000	0.0000	0.0000	0.0000	0.0000	1.0000	0.0000	0.0000	0.0000
0.0000	0.0000	0.9969	0.0000	0.0000	0.0000	0.0031	0.0000	0.0000	0.0000	0.0000	0.0000
0.0000	0.0000	0.0000	0.0000	0.0000	0.0000	1.0000	0.0000	0.0000	0.0000	0.0000	0.0000
0.0000	0.0000	0.0000	0.0000	0.0000	0.0000	0.0000	0.0000	1.0000	0.0000	0.0000	0.0000
0.0000	0.0000	0.0000	0.0000	0.0000	0.0000	0.0000	0.0000	1.0000	0.0000	0.0000	0.0000
0.0000	0.0000	0.0000	0.0000	0.0000	0.0000	0.0011	0.0000	0.9989	0.0000	0.0000	0.0000
0.0000	0.0000	0.0000	0.0000	0.0000	0.0000	0.0000	0.0000	1.0000	0.0000	0.0000	0.0000
0.0000	0.0000	0.0000	0.0000	0.0000	0.0000	0.0000	0.0000	1.0000	0.0000	0.0000	0.0000
0.0000	0.0000	0.7071	0.0000	0.0000	0.0000	0.2928	0.0000	0.0002	0.0000	0.0000	0.0000
0.0000	0.0000	0.0000	0.0000	0.0000	0.0000	0.0000	0.0000	1.0000	0.0000	0.0000	0.0000
0.0000	0.0000	0.1856	0.0000	0.0000	0.0000	0.8144	0.0000	0.0000	0.0000	0.0000	0.0000
0.0000	0.0000	0.4294	0.0000	0.0000	0.0000	0.5706	0.0000	0.0000	0.0000	0.0000	0.0000
0.0000	0.0000	0.0287	0.0000	0.0000	0.0000	0.9713	0.0000	0.0000	0.0000	0.0000	0.0000
0.0000	0.0000	0.0000	0.0000	0.0000	0.0000	1.0000	0.0000	0.0000	0.0000	0.0000	0.0000
0.0000	0.0000	0.0000	0.0000	0.0000	0.0000	1.0000	0.0000	0.0000	0.0000	0.0000	0.0000
0.0000	0.0000	0.0002	0.0000	0.0000	0.0000	0.9998	0.0000	0.0000	0.0000	0.0000	0.0000
0.0000	0.0000	0.0000	0.0000	0.0000	0.0000	0.0000	0.0000	1.0000	0.0000	0.0000	0.0000
0.0000	0.0000	0.0000	0.0000	0.0000	0.0000	0.0000	0.0000	1.0000	0.0000	0.0000	0.0000
0.0000	0.0000	0.3595	0.0000	0.0000	0.1112	0.5286	0.0000	0.0008	0.0000	0.0000	0.0000
0.0000	0.0000	0.0000	0.0000	0.0000	0.0000	1.0000	0.0000	0.0000	0.0000	0.0000	0.0000
