0.2095	0.0000	0.0000	0.0000	0.0000	0.0001	0.0111	0.0000	0.0000	0.7684	0.0000	0.0108
0.5792	0.0000	0.0014	0.0000	0.0000	0.0353	0.0507	0.0000	0.0000	0.0018	0.0000	0.3317
1.0000	0.0000	0.0000	0.0000	0.0000	0.0000	0.0000	0.0000	0.0000	0.0000	0.0000	0.0000
0.0000	0.0000	0.0002	0.0000	0.0000	0.0000	0.0032	0.0000	0.0000	0.0002	0.0000	0.9964
0.0000	0.0001	0.9401	0.0000	0.0000	0.0001	0.0106	0.0410	0.0000	0.0000	0.0000	0.0082
0.0000	0.0000	0.0000	0.0000	0.0000	0.0000	0.0000	0.0000	0.0000	1.0000	0.0000	0.0000
0.4447	0.0000	0.0000	0.0000	0.0000	0.0000	0.0000	0.0000	0.0000	0.0325	0.0000	0.5228
0.0000	0.2490	0.7382	0.0000	0.0000	0.0126	0.0001	0.0002	0.0000	0.0000	0.0000	0.0000
0.0000	0.0000	0.0002	0.0000	0.0000	0.9998	0.0000	0.0000	0.0000	0.0000	0.0000	0.0000
0.0000	0.0000	0.1142	0.0000	0.0000	0.0000	0.4061	0.0119	0.0000	0.0000	0.0000	0.4678
0.0000	0.0000	0.0000	0.0000	0.0000	0.0042	0.0000	0.0000	0.9958	0.0001	0.0000	0.0000
0.0000	0.0000	0.0000	0.0000	0.0000	0.0392	0.0000	0.0000	0.9462	0.0146	0.0000	0.0000
0.0000	0.0000	0.0000	0.0000	0.0000	0.0028	0.0003	0.0000	0.0000	0.0643	0.0000	0.9327
0.0000	0.0000	0.0000	0.0000	0.9999	0.0000	0.0000	0.0000	0.0000	0.0001	0.0000	0.0000
0.0000	0.7438	0.2561	0.0000	0.0000	0.0001	0.0000	0.0000	0.0000	0.0000	0.0000	0.0000
0.0000	0.0004	0.9976	0.0000	0.0000	0.0006	0.0002	0.0012	0.0000	0.0000	0.0000	0.0000
0.0001	0.0002	0.9724	0.0000	0.0000	0.0081	0.0026	0.0162	0.0000	0.0000	0.0000	0.0004
0.9905	0.0000	0.0000	0.0000	0.0000	0.0000	0.0000	0.0000	0.0095	0.0000	0.0000	0.0000
0.7849	0.0000	0.0000	0.0000	0.0000	0.0000	0.0000	0.0000	0.2151	0.0000	0.0000	0.0000
0.0000	0.0000	0.0000	0.0000	0.0000	0.0000	0.1048	0.0000	0.0000	0.0000	0.0000	0.8952
0.0000	0.0000	0.0000	0.0000	0.0000	0.0019	0.0530	0.9449	0.0000	0.0000	0.0000	0.0001
0.0000	0.0000	0.0000	0.0000	0.0000	0.0000	0.7865	0.2031	0.0000	0.0002	0.0000	0.0102
0.0000	0.0000	0.0000	0.0000	0.0000	0.0000	0.0000	0.0000	0.0000	1.0000	0.0000	0.0000
0.9974	0.0001	0.0006	0.0000	0.0000	0.0007	0.0002	0.0001	0.0000	0.0008	0.0000	0.0001
0.0000	0.0000	0.0000	0.0000	0.0000	0.2158	0.3315	0.0003	0.0000	0.0005	0.0000	0.4519
0.0000	0.0000	0.0000	0.0000	0.0000	0.0000	0.0017	0.9983	0.0000	0.0000	0.0000	0.0000
0.0000	0.0000	0.0000	0.0087	0.0000	0.0000	0.0000	0.0000	0.0000	0.9913	0.0000	0.0000
0.0000	0.0000	0.0000	0.0000	0.0000	0.0000	0.0000	0.0000	0.0000	0.0000	1.0000	0.0000
0.0000	0.0000	0.0000	0.0000	0.0000	0.0000	0.0001	0.0000	0.0000	0.9804	0.0000	0.0194
0.0000	0.0000	0.0000	0.0000	0.0000	0.0000	0.0000	0.0000	1.0000	0.0000	0.0000	0.0000
0.0000	0.0000	0.0000	0.0000	0.0000	0.0000	0.0000	0.0000	0.0000	0.9998	0.0002	0.0000
0.0000	0.0000	0.0037	0.0000	0.0000	0.0000	0.4610	0.5349	0.0000	0.0000	0.0000	0.0003
0.0000	0.0000	0.0000	0.0000	0.0000	0.0000	0.0000	0.0000	0.0000	1.0000	0.0000	0.0000
0.0000	0.0000	0.0000	0.3347	0.0000	0.0000	0.0000	0.0000	0.0000	0.0000	0.6653	0.0000
0.0000	0.2279	0.7643	0.0000	0.0000	0.0049	0.0000	0.0029	0.0000	0.0000	0.0000	0.0000
0.3070	0.0000	0.0000	0.0000	0.0000	0.0007	0.0000	0.0000	0.0000	0.6773	0.0000	0.0150
0.0000	0.0000	0.0000	0.0000	0.0000	0.0000	0.0000	0.0000	0.0000	0.7939	0.0001	0.2060
0.0000	0.0023	0.2591	0.0000	0.0000	0.7182	0.0086	0.0118	0.0000	0.0000	0.0000	0.0001
0.0000	0.0000	0.0000	0.0000	0.0000	0.0000	0.0000	0.0000	0.0000	0.0000	1.0000	0.0000
0.0000	0.0000	0.0000	0.0000	0.0000	0.0000	0.0000	0.0000	1.0000	0.0000	0.0000	0.0000
0.0008	0.4216	0.0009	0.0000	0.0000	0.5523	0.0049	0.0166	0.0000	0.0017	0.0000	0.0013
0.0000	0.0000	0.0001	0.0000	0.0000	0.0004	0.0100	0.2686	0.0000	0.0000	0.0000	0.7209
0.0000	0.0000	0.0003	0.0000	0.0000	0.9722	0.0001	0.0000	0.0000	0.0000	0.0000	0.0274
0.0130	0.0000	0.0192	0.0000	0.0000	0.0061	0.0119	0.0001	0.0000	0.0003	0.0000	0.9494
0.0000	0.0000	0.0000	0.0000	0.0000	0.0000	0.0002	0.0000	0.0000	0.0000	0.0000	0.9998
0.0000	0.0000	0.0000	0.0000	0.0000	0.0000	0.0432	0.9558	0.0000	0.0003	0.0000	0.0007
0.0000	0.0000	0.0000	0.0000	0.0000	0.0000	0.0000	0.0000	0.0000	1.0000	0.0000	0.0000
0.0000	0.0000	0.0000	0.0000	1.0000	0.0000	0.0000	0.0000	0.0000	0.0000	0.0000	0.0000
0.0000	0.0000	0.0001	0.0000	0.0000	0.9999	0.0000	0.0000	0.0000	0.0000	0.0000	0.0000
0.0000	0.0378	0.2202	0.0000	0.0000	0.7372	0.0000	0.0048	0.0000	0.0000	0.0000	0.0000
0.0000	0.0000	0.0000	0.0000	0.0000	0.0000	0.4800	0.5194	0.0000	0.0003	0.0002	0.0000
0.0000	0.0000	0.0000	0.0000	0.0000	0.0001	0.0330	0.0044	0.0000	0.0018	0.0000	0.9607
0.0389	0.0000	0.0003	0.0000	0.0000	0.0000	0.5822	0.0547	0.0000	0.0022	0.0001	0.3216
0.0000	0.0018	0.7401	0.0000	0.0000	0.2415	0.0010	0.0155	0.0000	0.0000	0.0000	0.0001
0.0000	0.0142	0.8793	0.0000	0.0000	0.0874	0.0003	0.0187	0.0000	0.0000	0.0000	0.0000
0.0006	0.0000	0.0000	0.0000	0.0000	0.0026	0.1364	0.8474	0.0000	0.0030	0.0000	0.0100
0.0000	0.0094	0.4769	0.0000	0.0000	0.0280	0.0481	0.4369	0.0000	0.0000	0.0000	0.0006
0.0000	0.0000	0.0000	0.0000	0.0000	0.0000	0.0000	0.0000	0.0000	0.9999	0.0000	0.0000
0.0000	0.0000	0.0000	0.0000	0.0000	0.0000	0.0003	0.0000	0.0000	0.1712	0.0000	0.8285
0.0000	0.9685	0.0029	0.0000	0.0000	0.0045	0.0000	0.0240	0.0000	0.0000	0.0000	0.0000
0.0000	0.0000	0.0000	0.0000	0.0000	0.9007	0.0000	0.0006	0.0000	0.0986	0.0000	0.0000
0.0510	0.0000	0.9177	0.0000	0.0000	0.0117	0.0068	0.0000	0.0000	0.0121	0.0000	0.0007
0.0000	0.0000	0.0000	0.0000	0.0000	0.0075	0.1311	0.0001	0.0000	0.0000	0.0000	0.8613
0.0000	0.0000	0.0000	0.0000	0.0000	0.0000	0.0000	0.0000	1.0000	0.0000	0.0000	0.0000
0.0000	0.0000	0.0000	0.0000	0.0000	0.0000	0.9320	0.0450	0.0000	0.0000	0.0000	0.0230
0.0000	0.0000	0.0000	0.0007	0.0000	0.0025	0.0686	0.0000	0.0000	0.0035	0.0000	0.9246
0.0000	0.0001	0.0000	0.0000	0.0000	0.0000	0.9993	0.0005	0.0000	0.0000	0.0000	0.0001
0.0402	0.0028	0.9519	0.0000	0.0000	0.0005	0.0006	0.0000	0.0000	0.0000	0.0000	0.0040
0.9864	0.0000	0.0000	0.0000	0.0000	0.0000	0.0000	0.0000	0.0136	0.0000	0.0000	0.0000
0.9999	0.0000	0.0000	0.0000	0.0000	0.0000	0.0000	0.0000	0.0001	0.0000	0.0000	0.0000
0.0000	0.0000	0.0000	0.0000	0.0000	0.0000	0.0000	0.0000	0.0000	1.0000	0.0000	0.0000
0.0000	0.0000	0.0000	0.0000	0.0000	0.0000	0.0000	0.0000	0.0000	0.0000	0.0000	1.0000
0.0000	0.0000	0.0000	0.0000	0.0000	0.0000	0.0000	0.1101	0.0000	0.0000	0.0000	0.8899
0.0000	0.0000	0.0000	0.0000	0.0000	0.0004	0.0000	0.4405	0.0000	0.0000	0.0000	0.5591
0.0000	0.0000	0.0000	0.0000	0.0000	0.0000	0.0000	0.0000	0.0000	1.0000	0.0000	0.0000
1.0000	0.0000	0.0000	0.0000	0.0000	0.0000	0.0000	0.0000	0.0000	0.0000	0.0000	0.0000
0.0003	0.0000	0.0013	0.0000	0.0000	0.0001	0.8839	0.0732	0.0000	0.0016	0.0000	0.0397
0.0001	0.0000	0.0001	0.0000	0.0000	0.0029	0.0001	0.0000	0.0000	0.0171	0.0000	0.9797
0.0000	0.0000	0.0000	0.0002	0.0000	0.8553	0.0000	0.0000	0.0000	0.1416	0.0026	0.0004
0.0004	0.0000	0.0000	0.0000	0.0000	0.0000	0.9449	0.0169	0.0000	0.0000	0.0000	0.0378
0.0000	0.0000	0.0000	0.0000	0.0000	0.0000	0.0000	0.0000	0.0000	0.0000	0.0000	1.0000
0.0000	0.0000	0.9924	0.0000	0.0000	0.0075	0.0000	0.0000	0.0000	0.0000	0.0000	0.0000
0.0000	0.0000	0.9921	0.0000	0.0000	0.0078	0.0000	0.0000	0.0000	0.0000	0.0000	0.0000
0.0000	0.0000	0.0007	0.0000	0.0000	0.0000	0.0000	0.0000	0.0000	0.0000	0.0000	0.9993
0.0000	0.8286	0.1294	0.0000	0.0000	0.0000	0.0002	0.0000	0.0000	0.0000	0.0000	0.0418
0.0000	0.0000	0.9994	0.0000	0.0000	0.0000	0.0000	0.0000	0.0000	0.0000	0.0000	0.0006
0.0000	0.0000	0.0000	0.0000	0.0000	0.0000	0.0000	0.0000	0.0000	0.0000	0.0000	1.0000
0.0000	0.0000	0.9999	0.0000	0.0000	0.0001	0.0000	0.0000	0.0000	0.0000	0.0000	0.0000
0.0000	0.0000	0.9997	0.0000	0.0000	0.0000	0.0000	0.0000	0.0000	0.0000	0.0000	0.0003
0.0000	0.0000	0.0000	0.0000	0.0000	0.0000	0.0000	0.0000	0.0000	0.0000	0.0000	1.0000
0.0000	0.0000	0.0000	0.0000	0.0000	0.0000	0.0000	0.0000	0.0000	0.0000	0.0000	1.0000
0.0000	0.0000	1.0000	0.0000	0.0000	0.0000	0.0000	0.0000	0.0000	0.0000	0.0000	0.0000
0.0000	0.0001	0.9999	0.0000	0.0000	0.0000	0.0000	0.0000	0.0000	0.0000	0.0000	0.0000
0.0000	0.0000	0.0000	0.0000	0.0000	0.0000	0.0000	0.0000	0.0000	0.0000	0.0000	1.0000
0.0000	0.0000	0.9989	0.0000	0.0000	0.0011	0.0000	0.0000	0.0000	0.0000	0.0000	0.0000
0.0000	0.0000	0.9981	0.0000	0.0000	0.0019	0.0000	0.0000	0.0000	0.0000	0.0000	0.0000
0.0000	0.0000	0.0008	0.0000	0.0000	0.0000	0.0000	0.0000	0.0000	0.0000	0.0000	0.9992
0.0000	0.0000	1.0000	0.0000	0.0000	0.0000	0.0000	0.0000	0.0000	0.0000	0.0000	0.0000
0.0004	0.0001	0.9959	0.0000	0.0000	0.0000	0.0000	0.0000	0.0000	0.0000	0.0000	0.0037
0.0001	0.0000	0.0136	0.0000	0.0000	0.0000	0.0000	0.0000	0.0000	0.0000	0.0000	0.9863
0.0000	0.0000	1.0000	0.0000	0.0000	0.0000	0.0000	0.0000	0.0000	0.0000	0.0000	0.0000
0.0000	0.0000	1.0000	0.0000	0.0000	0.0000	0.0000	0.0000	0.0000	0.0000	0.0000	0.0000
0.0000	0.0000	0.0000	0.0000	0.0000	0.0000	0.0000	0.0000	0.0000	0.0000	0.0000	1.0000
0.0000	0.0000	1.0000	0.0000	0.0000	0.0000	0.0000	0.0000	0.0000	0.0000	0.0000	0.0000
0.0000	0.0000	0.0000	0.0000	0.0000	0.0000	0.0000	0.0000	1.0000	0.0000	0.0000	0.0000
0.0000	0.0000	0.0000	0.0000	0.0000	0.0000	0.0000	0.0000	1.0000	0.0000	0.0000	0.0000
0.0000	0.0000	0.0000	0.0000	0.0000	0.0048	0.9952	0.0000	0.0000	0.0000	0.0000	0.0000
0.0000	0.0000	0.0000	0.0000	0.0000	0.0000	0.0000	0.0000	1.0000	0.0000	0.0000	0.0000
0.0000	0.0000	0.0000	0.0000	0.0000	0.0000	0.0000	0.0000	1.0000	0.0000	0.0000	0.0000
0.0000	0.0000	0.0000	0.0000	0.0000	0.0000	0.0000	0.0000	1.0000	0.0000	0.0000	0.0000
0.0000	0.0000	0.0000	0.0000	0.0000	0.0000	0.0000	0.0000	1.0000	0.0000	0.0000	0.0000
0.0000	0.0000	0.0829	0.0000	0.0000	0.0000	0.9171	0.0000	0.0000	0.0000	0.0000	0.0000
0.0000	0.0000	0.0001	0.0000	0.0000	0.0000	0.9999	0.0000	0.0000	0.0000	0.0000	0.0000
0.0000	0.0000	0.0000	0.0000	0.0000	0.0000	0.0000	0.0000	1.0000	0.0000	0.0000	0.0000
0.0000	0.0000	0.9985	0.0000	0.0000	0.0000	0.0015	0.0000	0.0000	0.0000	0.0000	0.0000
0.0000	0.0000	0.0000	0.0000	0.0000	0.0000	1.0000	0.0000	0.0000	0.0000	0.0000	0.0000
0.0000	0.0000	0.0000	0.0000	0.0000	0.0000	0.0000	0.0000	1.0000	0.0000	0.0000	0.0000
0.0000	0.0000	0.0000	0.0000	0.0000	0.0000	0.0000	0.0000	1.0000	0.0000	0.0000	0.0000
0.0000	0.0000	0.0000	0.0000	0.0000	0.0000	0.0035	0.0000	0.9965	0.0000	0.0000	0.0000
0.0000	0.0000	0.0000	0.0000	0.0000	0.0000	0.0000	0.0000	1.0000	0.0000	0.0000	0.0000
0.0000	0.0000	0.0000	0.0000	0.0000	0.0000	0.0000	0.0000	1.0000	0.0000	0.0000	0.0000
0.0000	0.0000	0.8924	0.0000	0.0000	0.0000	0.1075	0.0000	0.0000	0.0000	0.0000	0.0000
0.0000	0.0000	0.0000	0.0000	0.0000	0.0000	0.0000	0.0000	1.0000	0.0000	0.0000	0.0000
0.0000	0.0000	0.1314	0.0000	0.0000	0.0000	0.8686	0.0000	0.0000	0.0000	0.0000	0.0000
0.0000	0.0000	0.1304	0.0000	0.0000	0.0000	0.8696	0.0000	0.0000	0.0000	0.0000	0.0000
0.0000	0.0000	0.0012	0.0000	0.0000	0.0000	0.9988	0.0000	0.0000	0.0000	0.0000	0.0000
0.0000	0.0000	0.0042	0.0000	0.0000	0.0000	0.9958	0.0000	0.0000	0.0000	0.0000	0.0000
0.0000	0.0000	0.0001	0.0000	0.0000	0.0000	0.9999	0.0000	0.0000	0.0000	0.0000	0.0000
0.0000	0.0000	0.0013	0.0000	0.0000	0.0000	0.9987	0.0000	0.0000	0.0000	0.0000	0.0000
0.0000	0.0000	0.0000	0.0000	0.0000	0.0000	0.0000	0.0000	1.0000	0.0000	0.0000	0.0000
0.0000	0.0000	0.0000	0.0000	0.0000	0.0000	0.0000	0.0000	1.0000	0.0000	0.0000	0.0000
0.0000	0.0000	0.1673	0.0000	0.0000	0.8174	0.0153	0.0000	0.0000	0.0000	0.0000	0.0000
0.0000	0.0000	0.0003	0.0000	0.0000	0.0000	0.9997	0.0000	0.0000	0.0000	0.0000	0.0000
