0.1346	0.0011	0.0007	0.0000	0.0000	0.0006	0.4830	0.0349	0.0000	0.0146	0.0000	0.3305
0.0936	0.0000	0.0003	0.0000	0.0000	0.0037	0.2479	0.0002	0.0000	0.0012	0.0000	0.6531
1.0000	0.0000	0.0000	0.0000	0.0000	0.0000	0.0000	0.0000	0.0000	0.0000	0.0000	0.0000
0.0000	0.0000	0.0000	0.0000	0.0000	0.0000	0.0005	0.0001	0.0000	0.0000	0.0000	0.9994
0.0000	0.0003	0.0399	0.0000	0.0000	0.0008	0.0466	0.5118	0.0000	0.0000	0.0000	0.4006
0.0000	0.0000	0.0000	0.0000	0.0000	0.0000	0.0000	0.0000	0.0000	1.0000	0.0000	0.0000
0.0151	0.0000	0.0000	0.0000	0.0000	0.0000	0.0000	0.0000	0.0000	0.8491	0.0000	0.1357
0.0000	0.7312	0.2282	0.0000	0.0000	0.0372	0.0005	0.0023	0.0000	0.0000	0.0000	0.0006
0.0000	0.0382	0.0024	0.0000	0.0000	0.9579	0.0002	0.0001	0.0000	0.0000	0.0000	0.0012
0.0000	0.0000	0.0021	0.0000	0.0000	0.0000	0.1278	0.0581	0.0000	0.0000	0.0000	0.8120
0.0000	0.0000	0.0000	0.0000	0.0000	0.0018	0.0000	0.0000	0.9936	0.0045	0.0000	0.0000
0.0000	0.0000	0.0000	0.0000	0.0000	0.0029	0.0000	0.0000	0.8951	0.1020	0.0000	0.0000
0.0000	0.0000	0.0000	0.0000	0.0000	0.0000	0.0102	0.0002	0.0000	0.0321	0.0000	0.9575
0.0000	0.0000	0.0000	0.0000	0.9978	0.0000	0.0000	0.0000	0.0000	0.0022	0.0000	0.0000
0.0000	0.9878	0.0121	0.0000	0.0000	0.0000	0.0000	0.0001	0.0000	0.0000	0.0000	0.0000
0.0000	0.0021	0.9676	0.0000	0.0000	0.0096	0.0021	0.0048	0.0000	0.0000	0.0000	0.0139
0.0002	0.0013	0.6045	0.0000	0.0000	0.0685	0.0050	0.3037	0.0000	0.0000	0.0000	0.0169
0.7673	0.0000	0.0000	0.0000	0.0000	0.0000	0.0000	0.0000	0.2326	0.0000	0.0000	0.0000
0.1039	0.0000	0.0000	0.0000	0.0000	0.0000	0.0000	0.0000	0.8959	0.0000	0.0002	0.0000
0.0000	0.0000	0.0000	0.0000	0.0000	0.0000	0.0081	0.0000	0.0000	0.0000	0.0000	0.9919
0.0000	0.0000	0.0000	0.0000	0.0000	0.0021	0.0204	0.9768	0.0000	0.0000	0.0000	0.0007
0.0000	0.0000	0.0000	0.0000	0.0000	0.0000	0.0316	0.9566	0.0000	0.0000	0.0000	0.0117
0.0000	0.0000	0.0000	0.0000	0.0000	0.0000	0.0000	0.0000	0.0000	0.9999	0.0000	0.0001
0.9775	0.0000	0.0001	0.0000	0.0000	0.0006	0.0018	0.0000	0.0000	0.0091	0.0000	0.0108
0.0000	0.0000	0.0000	0.0000	0.0000	0.0008	0.0717	0.0009	0.0000	0.0002	0.0000	0.9263
0.0000	0.0000	0.0000	0.0000	0.0000	0.0000	0.0232	0.9767	0.0000	0.0000	0.0000	0.0000
0.0000	0.0000	0.0000	0.0490	0.0000	0.0000	0.0000	0.0000	0.0000	0.9506	0.0000	0.0003
0.0000	0.0000	0.0000	0.0000	0.0000	0.0000	0.0000	0.0000	0.0000	0.0000	1.0000	0.0000
0.0000	0.0000	0.0000	0.0000	0.0000	0.0000	0.0238	0.0062	0.0000	0.7930	0.0016	0.1754
0.0000	0.0000	0.0000	0.0000	0.0000	0.0000	0.0000	0.0000	1.0000	0.0000	0.0000	0.0000
0.0000	0.0000	0.0000	0.0353	0.0000	0.0000	0.0000	0.0000	0.0408	0.0004	0.9234	0.0000
0.0000	0.0000	0.0001	0.0000	0.0000	0.0000	0.1173	0.8815	0.0000	0.0000	0.0000	0.0011
0.0000	0.0000	0.0000	0.0000	0.0000	0.0000	0.0000	0.0000	0.0000	1.0000	0.0000	0.0000
0.0000	0.0000	0.0000	0.8516	0.0000	0.0000	0.0001	0.0000	0.0000	0.0000	0.1483	0.0000
0.0000	0.6658	0.3101	0.0000	0.0000	0.0137	0.0001	0.0101	0.0000	0.0000	0.0000	0.0001
0.0930	0.0000	0.0000	0.0001	0.0000	0.0000	0.0000	0.0000	0.0000	0.9068	0.0001	0.0000
0.0000	0.0000	0.0000	0.0000	0.0000	0.0002	0.0000	0.0000	0.0000	0.9062	0.0004	0.0932
0.0000	0.0923	0.0796	0.0000	0.0000	0.8074	0.0087	0.0075	0.0000	0.0000	0.0000	0.0045
0.0000	0.0000	0.0000	0.0000	0.0000	0.0000	0.0000	0.0000	0.0000	0.0000	1.0000	0.0000
0.0000	0.0000	0.0000	0.0000	0.0000	0.0000	0.0000	0.0000	1.0000	0.0000	0.0000	0.0000
0.0002	0.0485	0.0001	0.0000	0.0000	0.4804	0.0188	0.4297	0.0000	0.0012	0.0000	0.0211
0.0000	0.0000	0.0000	0.0000	0.0000	0.0000	0.0053	0.0899	0.0000	0.0000	0.0000	0.9047
0.0000	0.0000	0.0000	0.0000	0.0000	0.9125	0.0007	0.0006	0.0000	0.0000	0.0000	0.0862
0.0001	0.0000	0.0018	0.0000	0.0000	0.0010	0.0068	0.0017	0.0000	0.0001	0.0000	0.9885
0.0000	0.0000	0.0000	0.0000	0.0000	0.0000	0.0058	0.0155	0.0000	0.0000	0.0000	0.9786
0.0000	0.0000	0.0000	0.0000	0.0000	0.0000	0.0128	0.9847	0.0000	0.0001	0.0000	0.0025
0.0000	0.0000	0.0000	0.0000	0.0000	0.0000	0.0000	0.0000	0.0000	0.9999	0.0001	0.0000
0.0000	0.0000	0.0000	0.0000	1.0000	0.0000	0.0000	0.0000	0.0000	0.0000	0.0000	0.0000
0.0000	0.0001	0.0007	0.0000	0.0000	0.9992	0.0000	0.0000	0.0000	0.0000	0.0000	0.0000
0.0000	0.0495	0.0315	0.0000	0.0000	0.9082	0.0002	0.0105	0.0000	0.0000	0.0000	0.0002
0.0000	0.0000	0.0000	0.0000	0.0000	0.0000	0.6711	0.3284	0.0000	0.0003	0.0001	0.0001
0.0000	0.0000	0.0000	0.0000	0.0000	0.0000	0.0009	0.0127	0.0000	0.0001	0.0000	0.9863
0.1151	0.0000	0.0000	0.0000	0.0000	0.0000	0.0678	0.1723	0.0000	0.0002	0.0000	0.6445
0.0000	0.0158	0.3192	0.0000	0.0000	0.3879	0.0073	0.2457	0.0000	0.0000	0.0000	0.0241
0.0000	0.0278	0.8097	0.0000	0.0000	0.1407	0.0010	0.0168	0.0000	0.0000	0.0000	0.0041
0.0007	0.0000	0.0000	0.0000	0.0000	0.0000	0.0594	0.8652	0.0000	0.0002	0.0001	0.0744
0.0000	0.0284	0.2010	0.0000	0.0000	0.0795	0.0382	0.6276	0.0000	0.0000	0.0000	0.0253
0.0000	0.0000	0.0000	0.0000	0.0000	0.0000	0.0000	0.0000	0.0000	1.0000	0.0000	0.0000
0.0000	0.0000	0.0000	0.0000	0.0000	0.0000	0.0114	0.0001	0.0000	0.0622	0.0001	0.9263
0.0000	0.9333	0.0013	0.0000	0.0000	0.0024	0.0002	0.0628	0.0000	0.0000	0.0000	0.0000
0.0000	0.0000	0.0000	0.0000	0.0000	0.9483	0.0000	0.0002	0.0000	0.0515	0.0000	0.0000
0.6713	0.0001	0.2662	0.0000	0.0000	0.0006	0.0044	0.0000	0.0000	0.0088	0.0000	0.0487
0.0000	0.0000	0.0000	0.0000	0.0000	0.0005	0.1126	0.0002	0.0000	0.0001	0.0000	0.8867
0.0000	0.0000	0.0000	0.0000	0.0000	0.0000	0.0000	0.0000	1.0000	0.0000	0.0000	0.0000
0.0000	0.0000	0.0000	0.0000	0.0000	0.0000	0.1566	0.6854	0.0000	0.0000	0.0000	0.1579
0.0001	0.0000	0.0001	0.0026	0.0000	0.0100	0.0167	0.0000	0.0023	0.0048	0.0001	0.9634
0.0000	0.0001	0.0000	0.0000	0.0000	0.0000	0.9912	0.0068	0.0000	0.0000	0.0000	0.0019
0.0550	0.0005	0.4089	0.0000	0.0000	0.0002	0.0032	0.0000	0.0000	0.0000	0.0000	0.5323
0.8630	0.0000	0.0000	0.0000	0.0000	0.0000	0.0000	0.0000	0.1364	0.0000	0.0006	0.0000
0.8309	0.0000	0.0000	0.0000	0.0000	0.0000	0.0000	0.0000	0.1691	0.0000	0.0000	0.0000
0.0000	0.0000	0.0000	0.0001	0.0002	0.0000	0.0000	0.0000	0.0030	0.9853	0.0113	0.0000
0.0000	0.0000	0.0000	0.0000	0.0000	0.0000	0.0000	0.0051	0.0000	0.0000	0.0000	0.9949
0.0000	0.0000	0.0000	0.0000	0.0000	0.0000	0.0000	0.9739	0.0000	0.0000	0.0000	0.0261
0.0000	0.0000	0.0000	0.0000	0.0000	0.0000	0.0000	0.5323	0.0000	0.0000	0.0000	0.4677
0.0000	0.0000	0.0000	0.0005	0.0000	0.0000	0.0000	0.0000	0.0000	0.9993	0.0002	0.0000
1.0000	0.0000	0.0000	0.0000	0.0000	0.0000	0.0000	0.0000	0.0000	0.0000	0.0000	0.0000
0.0006	0.0000	0.0004	0.0000	0.0000	0.0000	0.3791	0.3378	0.0000	0.0026	0.0000	0.2795
0.0003	0.0000	0.0000	0.0000	0.0000	0.0010	0.0001	0.0000	0.0000	0.0219	0.0000	0.9765
0.0000	0.0000	0.0000	0.0063	0.0000	0.8749	0.0000	0.0000	0.0000	0.0898	0.0289	0.0000
0.0011	0.0000	0.0000	0.0000	0.0000	0.0000	0.4190	0.1481	0.0000	0.0000	0.0000	0.4318
0.0000	0.0000	0.0000	0.0000	0.0000	0.0000	0.0000	0.0000	0.0000	0.0000	0.0000	1.0000
0.0001	0.0000	0.9211	0.0000	0.0000	0.0788	0.0000	0.0000	0.0000	0.0000	0.0000	0.0000
0.0000	0.0000	0.8903	0.0000	0.0000	0.1096	0.0000	0.0000	0.0000	0.0000	0.0000	0.0000
0.0000	0.0000	0.0005	0.0000	0.0000	0.0000	0.0000	0.0000	0.0000	0.0000	0.0000	0.9995
0.0000	0.9065	0.0002	0.0000	0.0000	0.0000	0.0004	0.0000	0.0000	0.0000	0.0000	0.0929
0.0000	0.0000	0.9824	0.0000	0.0000	0.0000	0.0000	0.0000	0.0000	0.0000	0.0000	0.0176
0.0000	0.0000	0.0001	0.0000	0.0000	0.0000	0.0000	0.0000	0.0000	0.0000	0.0000	0.9999
0.0000	0.0000	0.9976	0.0000	0.0000	0.0022	0.0000	0.0000	0.0000	0.0000	0.0000	0.0003
0.0000	0.0000	0.9891	0.0000	0.0000	0.0000	0.0000	0.0000	0.0000	0.0000	0.0000	0.0109
0.0000	0.0000	0.0000	0.0000	0.0000	0.0000	0.0000	0.0000	0.0000	0.0000	0.0000	1.0000
0.0000	0.0000	0.0000	0.0000	0.0000	0.0000	0.0000	0.0000	0.0000	0.0000	0.0000	1.0000
0.0000	0.0000	0.9756	0.0000	0.0000	0.0000	0.0000	0.0000	0.0000	0.0000	0.0000	0.0244
0.0002	0.0000	0.9968	0.0000	0.0000	0.0000	0.0000	0.0000	0.0001	0.0001	0.0000	0.0028
0.0000	0.0000	0.0000	0.0000	0.0000	0.0000	0.0000	0.0000	0.0001	0.0000	0.0000	0.9999
0.0001	0.0000	0.9896	0.0000	0.0000	0.0103	0.0000	0.0000	0.0000	0.0000	0.0000	0.0000
0.0001	0.0000	0.9700	0.0000	0.0000	0.0299	0.0000	0.0000	0.0000	0.0000	0.0000	0.0000
0.0000	0.0000	0.0000	0.0000	0.0000	0.0000	0.0000	0.0000	0.0000	0.0000	0.0000	1.0000
0.0017	0.0000	0.9830	0.0000	0.0000	0.0000	0.0000	0.0000	0.0000	0.0000	0.0000	0.0152
0.0008	0.0019	0.9706	0.0000	0.0000	0.0000	0.0000	0.0000	0.0000	0.0000	0.0000	0.0267
0.0001	0.0000	0.0119	0.0000	0.0000	0.0000	0.0000	0.0000	0.0000	0.0000	0.0000	0.9880
0.0000	0.0000	0.9974	0.0000	0.0000	0.0025	0.0000	0.0000	0.0000	0.0000	0.0000	0.0001
0.0000	0.0000	0.9999	0.0000	0.0000	0.0000	0.0000	0.0000	0.0000	0.0000	0.0000	0.0001
0.0000	0.0000	0.0000	0.0000	0.0000	0.0000	0.0000	0.0000	0.0000	0.0000	0.0000	1.0000
0.0000	0.0000	0.9998	0.0000	0.0000	0.0001	0.0000	0.0000	0.0000	0.0000	0.0000	0.0000
0.0000	0.0000	0.0000	0.0000	0.0000	0.0000	0.0000	0.0000	1.0000	0.0000	0.0000	0.0000
0.0000	0.0000	0.0000	0.0000	0.0000	0.0000	0.0000	0.0000	1.0000	0.0000	0.0000	0.0000
0.0000	0.0000	0.0000	0.0000	0.0000	0.0033	0.9967	0.0000	0.0000	0.0000	0.0000	0.0000
0.0000	0.0000	0.0000	0.0000	0.0000	0.0000	0.0000	0.0000	1.0000	0.0000	0.0000	0.0000
0.0000	0.0000	0.0000	0.0000	0.0000	0.0000	0.0000	0.0000	1.0000	0.0000	0.0000	0.0000
0.0000	0.0000	0.0000	0.0000	0.0000	0.0000	0.0000	0.0000	1.0000	0.0000	0.0000	0.0000
0.0000	0.0000	0.0000	0.0000	0.0000	0.0000	0.0000	0.0000	1.0000	0.0000	0.0000	0.0000
0.0000	0.0000	0.0291	0.0000	0.0000	0.0000	0.9709	0.0000	0.0000	0.0000	0.0000	0.0000
0.0000	0.0000	0.0015	0.0000	0.0000	0.0000	0.9985	0.0000	0.0000	0.0000	0.0000	0.0000
0.0000	0.0000	0.0000	0.0000	0.0000	0.0000	0.0000	0.0000	1.0000	0.0000	0.0000	0.0000
0.0000	0.0000	0.9508	0.0000	0.0000	0.0000	0.0492	0.0000	0.0000	0.0000	0.0000	0.0000
0.0000	0.0000	0.0000	0.0000	0.0000	0.0000	1.0000	0.0000	0.0000	0.0000	0.0000	0.0000
0.0000	0.0000	0.0000	0.0000	0.0000	0.0000	0.0000	0.0000	1.0000	0.0000	0.0000	0.0000
0.0000	0.0000	0.0000	0.0000	0.0000	0.0000	0.0000	0.0000	1.0000	0.0000	0.0000	0.0000
0.0000	0.0000	0.0000	0.0000	0.0000	0.0025	0.0171	0.0000	0.9804	0.0000	0.0000	0.0000
0.0000	0.0000	0.0000	0.0000	0.0000	0.0000	0.0000	0.0000	1.0000	0.0000	0.0000	0.0000
0.0000	0.0000	0.0000	0.0000	0.0000	0.0000	0.0000	0.0000	1.0000	0.0000	0.0000	0.0000
0.0000	0.0000	0.7698	0.0000	0.0000	0.0024	0.2277	0.0000	0.0000	0.0000	0.0000	0.0000
0.0000	0.0000	0.0000	0.0000	0.0000	0.0000	0.0000	0.0000	1.0000	0.0000	0.0000	0.0000
0.0000	0.0000	0.1055	0.0000	0.0000	0.0000	0.8945	0.0000	0.0000	0.0000	0.0000	0.0000
0.0000	0.0000	0.0102	0.0000	0.0000	0.0000	0.9898	0.0000	0.0000	0.0000	0.0000	0.0000
0.0000	0.0000	0.0703	0.0000	0.0000	0.0000	0.9297	0.0000	0.0000	0.0000	0.0000	0.0000
0.0000	0.0000	0.0000	0.0000	0.0000	0.0000	1.0000	0.0000	0.0000	0.0000	0.0000	0.0000
0.0000	0.0000	0.0001	0.0000	0.0000	0.0000	0.9999	0.0000	0.0000	0.0000	0.0000	0.0000
0.0000	0.0000	0.0000	0.0000	0.0000	0.0000	1.0000	0.0000	0.0000	0.0000	0.0000	0.0000
0.0000	0.0000	0.0000	0.0000	0.0000	0.0000	0.0000	0.0000	1.0000	0.0000	0.0000	0.0000
0.0000	0.0000	0.0000	0.0000	0.0000	0.0000	0.0000	0.0000	1.0000	0.0000	0.0000	0.0000
0.0000	0.0000	0.3221	0.0000	0.0000	0.5511	0.1268	0.0000	0.0000	0.0000	0.0000	0.0000
0.0000	0.0000	0.0002	0.0000	0.0000	0.0000	0.9998	0.0000	0.0000	0.0000	0.0000	0.0000
