0.0016	0.0007	0.0000	0.0000	0.0000	0.0000	0.0309	0.0000	0.0000	0.9662	0.0000	0.0005
0.0211	0.0000	0.0000	0.0000	0.0000	0.0000	0.0536	0.0000	0.0000	0.8170	0.0000	0.1083
1.0000	0.0000	0.0000	0.0000	0.0000	0.0000	0.0000	0.0000	0.0000	0.0000	0.0000	0.0000
0.0000	0.0000	0.0000	0.0000	0.0000	0.0000	0.0004	0.0000	0.0000	0.0000	0.0000	0.9996
0.0000	0.0000	0.1170	0.0000	0.0000	0.0008	0.0171	0.8596	0.0000	0.0000	0.0000	0.0055
0.0000	0.0000	0.0000	0.0000	0.0000	0.0000	0.0000	0.0000	0.0000	1.0000	0.0000	0.0000
0.0002	0.0000	0.0000	0.0000	0.0000	0.0000	0.0000	0.0000	0.0000	0.9624	0.0000	0.0374
0.0000	0.3519	0.4873	0.0000	0.0000	0.1608	0.0000	0.0000	0.0000	0.0000	0.0000	0.0000
0.0000	0.0008	0.0011	0.0000	0.0000	0.9981	0.0000	0.0000	0.0000	0.0000	0.0000	0.0000
0.0000	0.0000	0.0000	0.0000	0.0000	0.0000	0.0383	0.0358	0.0000	0.0000	0.0000	0.9259
0.0000	0.0000	0.0000	0.0000	0.0000	0.0000	0.0000	0.0000	1.0000	0.0000	0.0000	0.0000
0.0000	0.0000	0.0000	0.0000	0.0000	0.0000	0.0000	0.0000	1.0000	0.0000	0.0000	0.0000
0.0000	0.0000	0.0000	0.0000	0.0000	0.0000	0.0467	0.0127	0.0000	0.8011	0.0000	0.1395
0.0000	0.0000	0.0000	0.0000	0.9989	0.0000	0.0000	0.0000	0.0000	0.0011	0.0000	0.0000
0.0000	0.9996	0.0004	0.0000	0.0000	0.0000	0.0000	0.0000	0.0000	0.0000	0.0000	0.0000
0.0000	0.0016	0.8575	0.0000	0.0000	0.1408	0.0000	0.0001	0.0000	0.0000	0.0000	0.0000
0.0000	0.0001	0.8259	0.0000	0.0000	0.0605	0.0766	0.0369	0.0000	0.0000	0.0000	0.0000
0.9872	0.0000	0.0000	0.0000	0.0000	0.0000	0.0000	0.0000	0.0127	0.0000	0.0002	0.0000
0.9929	0.0000	0.0000	0.0000	0.0000	0.0000	0.0000	0.0000	0.0004	0.0000	0.0067	0.0000
0.0000	0.0000	0.0000	0.0000	0.0000	0.0000	0.8315	0.0000	0.0000	0.0000	0.0000	0.1685
0.0000	0.1150	0.0186	0.0000	0.0000	0.0387	0.0157	0.8120	0.0000	0.0000	0.0000	0.0000
0.0000	0.0000	0.0000	0.0000	0.0000	0.0000	0.5562	0.1768	0.0000	0.0000	0.0000	0.2670
0.0000	0.0000	0.0000	0.0000	0.0000	0.0000	0.0000	0.0000	0.0000	1.0000	0.0000	0.0000
0.0832	0.5870	0.0000	0.0000	0.0000	0.3270	0.0000	0.0003	0.0000	0.0025	0.0000	0.0000
0.0000	0.0000	0.0000	0.0000	0.0000	0.0043	0.0241	0.0004	0.0000	0.0000	0.0000	0.9712
0.0000	0.0000	0.0000	0.0001	0.0000	0.0000	0.3441	0.6558	0.0000	0.0000	0.0000	0.0000
0.0000	0.0000	0.0000	0.0397	0.0000	0.0000	0.0000	0.0000	0.0000	0.9603	0.0000	0.0000
0.0000	0.0000	0.0000	0.0000	0.0000	0.0000	0.0000	0.0000	0.0101	0.0000	0.9899	0.0000
0.0000	0.0000	0.0000	0.0000	0.0000	0.0001	0.0299	0.0000	0.0000	0.1289	0.0000	0.8411
0.0000	0.0000	0.0000	0.0000	0.0000	0.0000	0.0000	0.0000	1.0000	0.0000	0.0000	0.0000
0.0000	0.0000	0.0000	0.0000	0.0000	0.0000	0.0000	0.0000	0.0000	0.9584	0.0416	0.0000
0.0000	0.0000	0.0001	0.0000	0.0000	0.0000	0.2508	0.7484	0.0000	0.0000	0.0000	0.0007
0.0000	0.0000	0.0000	0.0000	0.0000	0.0000	0.0000	0.0000	0.0000	1.0000	0.0000	0.0000
0.0000	0.0000	0.0000	0.0004	0.0000	0.0000	0.0264	0.0000	0.0000	0.0000	0.9732	0.0000
0.0000	0.8612	0.1293	0.0000	0.0000	0.0094	0.0000	0.0001	0.0000	0.0000	0.0000	0.0000
1.0000	0.0000	0.0000	0.0000	0.0000	0.0000	0.0000	0.0000	0.0000	0.0000	0.0000	0.0000
0.0000	0.0000	0.0000	0.0000	0.0000	0.0033	0.0000	0.0000	0.0000	0.9436	0.0000	0.0531
0.0000	0.0707	0.2610	0.0000	0.0000	0.6653	0.0004	0.0026	0.0000	0.0000	0.0000	0.0000
0.0000	0.0000	0.0000	0.0000	0.0000	0.0000	0.0000	0.0000	0.0000	0.0000	1.0000	0.0000
0.0000	0.0000	0.0000	0.0000	0.0000	0.0000	0.0000	0.0000	0.9993	0.0003	0.0004	0.0000
0.0000	0.0210	0.0000	0.0000	0.0000	0.6071	0.0175	0.3541	0.0000	0.0000	0.0000	0.0004
0.0000	0.0000	0.0000	0.0000	0.0000	0.0000	0.0008	0.7941	0.0000	0.0000	0.0000	0.2051
0.0000	0.0020	0.0000	0.0000	0.0000	0.7889	0.0263	0.0636	0.0000	0.0004	0.0000	0.1188
0.0000	0.0000	0.0009	0.0000	0.0000	0.0000	0.0087	0.0001	0.0000	0.0000	0.0000	0.9903
0.0000	0.0000	0.0000	0.0000	0.0000	0.0000	0.0004	0.0006	0.0000	0.0000	0.0000	0.9990
0.0000	0.0000	0.0001	0.0000	0.0000	0.0000	0.0015	0.9984	0.0000	0.0000	0.0000	0.0000
0.0000	0.0000	0.0000	0.0000	0.0000	0.0000	0.0000	0.0000	0.0000	1.0000	0.0000	0.0000
0.0000	0.0000	0.0000	0.0000	0.9999	0.0000	0.0000	0.0001	0.0000	0.0000	0.0000	0.0000
0.0000	0.0000	0.0001	0.0000	0.0000	0.9999	0.0000	0.0000	0.0000	0.0000	0.0000	0.0000
0.0000	0.0150	0.0007	0.0000	0.0000	0.9839	0.0000	0.0003	0.0000	0.0000	0.0000	0.0000
0.0000	0.0000	0.0000	0.0000	0.0000	0.0000	0.9443	0.0031	0.0000	0.0003	0.0523	0.0000
0.0000	0.0000	0.0000	0.0000	0.0000	0.0001	0.0001	0.0872	0.0000	0.0027	0.0000	0.9100
0.0975	0.0000	0.0000	0.0000	0.0000	0.0000	0.0161	0.5060	0.0000	0.0030	0.0000	0.3774
0.0000	0.0004	0.1846	0.0000	0.0000	0.7490	0.0000	0.0660	0.0000	0.0000	0.0000	0.0000
0.0000	0.0012	0.9132	0.0000	0.0000	0.0848	0.0000	0.0008	0.0000	0.0000	0.0000	0.0000
0.0000	0.0000	0.0000	0.0000	0.0000	0.0008	0.0083	0.9909	0.0000	0.0000	0.0000	0.0001
0.0000	0.3085	0.5647	0.0000	0.0000	0.0149	0.0228	0.0891	0.0000	0.0000	0.0000	0.0000
0.0000	0.0000	0.0000	0.0000	0.0000	0.0000	0.0000	0.0000	0.0000	0.9960	0.0001	0.0039
0.0000	0.0000	0.0000	0.0000	0.0000	0.0000	0.0063	0.0000	0.0000	0.9786	0.0028	0.0123
0.0000	0.9830	0.0072	0.0000	0.0000	0.0076	0.0000	0.0021	0.0000	0.0000	0.0000	0.0000
0.0000	0.0000	0.0000	0.0000	0.0000	1.0000	0.0000	0.0000	0.0000	0.0000	0.0000	0.0000
0.9994	0.0000	0.0000	0.0000	0.0000	0.0000	0.0000	0.0000	0.0000	0.0005	0.0000	0.0000
0.0000	0.0000	0.0000	0.0000	0.0000	0.0000	0.8875	0.0000	0.0000	0.0001	0.0000	0.1124
0.0000	0.0000	0.0000	0.0000	0.0000	0.0000	0.0000	0.0000	0.0002	0.9997	0.0001	0.0000
0.0000	0.0000	0.0000	0.0000	0.0000	0.0000	0.4942	0.5057	0.0000	0.0000	0.0000	0.0001
0.0363	0.0000	0.0000	0.0403	0.0000	0.0016	0.0750	0.0000	0.0282	0.7765	0.0003	0.0419
0.0000	0.1464	0.0000	0.0000	0.0000	0.0000	0.8535	0.0001	0.0000	0.0000	0.0000	0.0000
0.2082	0.0188	0.6343	0.0000	0.0000	0.0000	0.0000	0.0000	0.0000	0.0000	0.0000	0.1387
0.9934	0.0000	0.0000	0.0000	0.0000	0.0000	0.0000	0.0000	0.0066	0.0000	0.0000	0.0000
0.0017	0.0000	0.0000	0.0000	0.0000	0.0000	0.0000	0.0000	0.9983	0.0000	0.0000	0.0000
0.0000	0.0000	0.0000	0.0000	0.0000	0.0000	0.0000	0.0000	0.0000	1.0000	0.0000	0.0000
0.0000	0.0000	0.0000	0.0000	0.0000	0.0000	0.0000	0.0000	0.0000	0.0000	0.0000	1.0000
0.0000	0.0000	0.0000	0.0000	0.0000	0.0000	0.0000	0.0019	0.0000	0.0000	0.0000	0.9980
0.0000	0.0000	0.0000	0.0000	0.0000	0.0000	0.0163	0.0111	0.0000	0.0000	0.0001	0.9725
0.0000	0.0000	0.0000	0.0829	0.0000	0.0196	0.0000	0.0000	0.0000	0.7440	0.1536	0.0000
1.0000	0.0000	0.0000	0.0000	0.0000	0.0000	0.0000	0.0000	0.0000	0.0000	0.0000	0.0000
0.0000	0.0000	0.0000	0.0000	0.0000	0.0000	0.9797	0.0123	0.0000	0.0000	0.0000	0.0080
0.0000	0.0000	0.0000	0.0000	0.0000	0.0010	0.0000	0.0000	0.0000	0.0048	0.0000	0.9941
0.0000	0.0000	0.0000	0.0000	0.0000	0.9997	0.0000	0.0000	0.0000	0.0003	0.0000	0.0000
0.0000	0.0000	0.0000	0.0000	0.0000	0.0000	0.9975	0.0016	0.0000	0.0000	0.0000	0.0009
0.0000	0.0000	0.0000	0.0000	0.0000	0.0000	0.0000	0.0000	0.0000	0.0000	0.0000	1.0000
0.0000	0.0000	0.9790	0.0000	0.0000	0.0210	0.0000	0.0000	0.0000	0.0000	0.0000	0.0000
0.0000	0.0000	0.9667	0.0000	0.0000	0.0333	0.0000	0.0000	0.0000	0.0000	0.0000	0.0000
0.0002	0.0000	0.0000	0.0000	0.0000	0.0000	0.0000	0.0000	0.0000	0.0000	0.0000	0.9998
0.0000	0.9769	0.0000	0.0000	0.0000	0.0000	0.0000	0.0000	0.0007	0.0224	0.0000	0.0000
0.0000	0.0000	0.9840	0.0000	0.0000	0.0000	0.0000	0.0000	0.0000	0.0000	0.0000	0.0160
0.0000	0.0000	0.0000	0.0000	0.0000	0.0000	0.0012	0.0000	0.0000	0.0000	0.0000	0.9988
0.0000	0.0000	0.9999	0.0000	0.0000	0.0000	0.0000	0.0000	0.0000	0.0000	0.0000	0.0001
0.0000	0.0000	0.9775	0.0000	0.0000	0.0000	0.0000	0.0000	0.0000	0.0000	0.0000	0.0225
0.0000	0.0000	0.0000	0.0000	0.0000	0.0000	0.0000	0.0000	0.0000	0.0000	0.0000	1.0000
0.0000	0.0000	0.0000	0.0000	0.0000	0.0000	0.0000	0.0000	0.0000	0.0000	0.0000	1.0000
0.0000	0.0000	0.9999	0.0000	0.0000	0.0001	0.0000	0.0000	0.0000	0.0000	0.0000	0.0000
0.0000	0.0000	1.0000	0.0000	0.0000	0.0000	0.0000	0.0000	0.0000	0.0000	0.0000	0.0000
0.0000	0.0000	0.0000	0.0000	0.0000	0.0000	0.0000	0.0000	0.0000	0.0000	0.0000	1.0000
0.0000	0.0000	0.9945	0.0000	0.0000	0.0055	0.0000	0.0000	0.0000	0.0000	0.0000	0.0000
0.0000	0.0000	0.9869	0.0000	0.0000	0.0131	0.0000	0.0000	0.0000	0.0000	0.0000	0.0000
0.0001	0.0000	0.0000	0.0000	0.0000	0.0000	0.0000	0.0000	0.0000	0.0000	0.0000	0.9999
0.0000	0.0000	0.9756	0.0000	0.0000	0.0000	0.0000	0.0000	0.0000	0.0000	0.0000	0.0244
0.0000	0.0000	0.0013	0.0000	0.0000	0.0000	0.0000	0.0000	0.0000	0.0000	0.0000	0.9987
0.0000	0.0000	0.9925	0.0002	0.0000	0.0000	0.0000	0.0000	0.0000	0.0060	0.0000	0.0013
0.0000	0.0000	1.0000	0.0000	0.0000	0.0000	0.0000	0.0000	0.0000	0.0000	0.0000	0.0000
0.0000	0.0000	0.9999	0.0000	0.0000	0.0000	0.0000	0.0000	0.0000	0.0000	0.0000	0.0001
0.0000	0.0000	0.0000	0.0000	0.0000	0.0000	0.0000	0.0000	0.0000	0.0000	0.0000	1.0000
0.0000	0.0000	1.0000	0.0000	0.0000	0.0000	0.0000	0.0000	0.0000	0.0000	0.0000	0.0000
0.0000	0.0000	0.0000	0.0000	0.0000	0.0000	0.0000	0.0000	1.0000	0.0000	0.0000	0.0000
0.0000	0.0000	0.0000	0.0000	0.0000	0.0000	0.0000	0.0000	1.0000	0.0000	0.0000	0.0000
0.0000	0.0000	0.0000	0.0000	0.0000	0.2214	0.7786	0.0000	0.0000	0.0000	0.0000	0.0000
0.0000	0.0000	0.0000	0.0000	0.0000	0.0000	0.0000	0.0000	1.0000	0.0000	0.0000	0.0000
0.0000	0.0000	0.0000	0.0000	0.0000	0.0000	0.0000	0.0000	1.0000	0.0000	0.0000	0.0000
0.0000	0.0000	0.0000	0.0000	0.0000	0.0000	0.0000	0.0000	1.0000	0.0000	0.0000	0.0000
0.0000	0.0000	0.0000	0.0000	0.0000	0.0000	0.0000	0.0000	1.0000	0.0000	0.0000	0.0000
0.0000	0.0000	0.0241	0.0000	0.0000	0.0000	0.9759	0.0000	0.0000	0.0000	0.0000	0.0000
0.0000	0.0000	0.0001	0.0000	0.0000	0.0000	0.9999	0.0000	0.0000	0.0000	0.0000	0.0000
0.0000	0.0000	0.0000	0.0000	0.0000	0.0000	0.0000	0.0000	1.0000	0.0000	0.0000	0.0000
0.0000	0.0000	0.9998	0.0000	0.0000	0.0000	0.0002	0.0000	0.0000	0.0000	0.0000	0.0000
0.0000	0.0000	0.0000	0.0000	0.0000	0.0000	1.0000	0.0000	0.0000	0.0000	0.0000	0.0000
0.0000	0.0000	0.0000	0.0000	0.0000	0.0000	0.0000	0.0000	1.0000	0.0000	0.0000	0.0000
0.0000	0.0000	0.0000	0.0000	0.0000	0.0000	0.0000	0.0000	1.0000	0.0000	0.0000	0.0000
0.0000	0.0000	0.0000	0.0000	0.0000	0.0000	0.0000	0.0000	0.2523	0.7477	0.0000	0.0000
0.0000	0.0000	0.0000	0.0000	0.0000	0.0000	0.0000	0.0000	1.0000	0.0000	0.0000	0.0000
0.0000	0.0000	0.0000	0.0000	0.0000	0.0000	0.0000	0.0000	1.0000	0.0000	0.0000	0.0000
0.0000	0.0000	0.7441	0.0000	0.0000	0.0004	0.2555	0.0000	0.0000	0.0000	0.0000	0.0000
0.0000	0.0000	0.0000	0.0000	0.0000	0.0000	0.0000	0.0000	1.0000	0.0000	0.0000	0.0000
0.0000	0.0000	0.3877	0.0000	0.0000	0.0000	0.6123	0.0000	0.0000	0.0000	0.0000	0.0000
0.0000	0.0000	0.0000	0.0000	0.0000	0.0000	1.0000	0.0000	0.0000	0.0000	0.0000	0.0000
0.0000	0.0000	0.0849	0.0000	0.0000	0.0000	0.9151	0.0000	0.0000	0.0000	0.0000	0.0000
0.0000	0.0000	0.0000	0.0000	0.0000	0.0000	1.0000	0.0000	0.0000	0.0000	0.0000	0.0000
0.0000	0.0000	0.0225	0.0000	0.0000	0.0000	0.9775	0.0000	0.0000	0.0000	0.0000	0.0000
0.0000	0.0000	0.0000	0.0000	0.0000	0.0000	1.0000	0.0000	0.0000	0.0000	0.0000	0.0000
0.0000	0.0000	0.0000	0.0000	0.0000	0.0000	0.0000	0.0000	1.0000	0.0000	0.0000	0.0000
0.0000	0.0000	0.0000	0.0000	0.0000	0.0000	0.0000	0.0000	1.0000	0.0000	0.0000	0.0000
0.0000	0.0000	0.0002	0.0000	0.0000	0.9998	0.0000	0.0000	0.0000	0.0000	0.0000	0.0000
0.0000	0.0000	0.0000	0.0000	0.0000	0.0000	1.0000	0.0000	0.0000	0.0000	0.0000	0.0000
