0.2189	0.0000	0.0000	0.0000	0.0000	0.0010	0.0471	0.0001	0.0000	0.5216	0.0000	0.2112
0.2782	0.0000	0.0002	0.0000	0.0000	0.0042	0.1712	0.0000	0.0000	0.2440	0.0000	0.3022
1.0000	0.0000	0.0000	0.0000	0.0000	0.0000	0.0000	0.0000	0.0000	0.0000	0.0000	0.0000
0.0000	0.0000	0.0000	0.0000	0.0000	0.0000	0.0690	0.0005	0.0000	0.0081	0.0000	0.9223
0.0000	0.0001	0.1113	0.0000	0.0000	0.0012	0.5666	0.2571	0.0000	0.0000	0.0000	0.0637
0.0059	0.0000	0.0000	0.0000	0.0000	0.0000	0.0000	0.0000	0.0000	0.9941	0.0000	0.0000
0.5967	0.0000	0.0000	0.0000	0.0000	0.0000	0.0000	0.0000	0.0000	0.4033	0.0000	0.0000
0.0000	0.3710	0.4378	0.0000	0.0000	0.1578	0.0271	0.0057	0.0000	0.0002	0.0000	0.0003
0.0000	0.0006	0.0558	0.0000	0.0000	0.9346	0.0066	0.0016	0.0000	0.0003	0.0000	0.0005
0.0000	0.0000	0.0064	0.0000	0.0000	0.0002	0.8679	0.0104	0.0000	0.0005	0.0000	0.1145
0.0000	0.0000	0.0000	0.0000	0.0000	0.0000	0.0000	0.0000	0.9999	0.0001	0.0000	0.0000
0.0000	0.0000	0.0000	0.0000	0.0000	0.0002	0.0000	0.0000	0.9926	0.0073	0.0000	0.0000
0.0000	0.0000	0.0000	0.0000	0.0000	0.0001	0.0351	0.0013	0.0000	0.4213	0.0000	0.5422
0.0000	0.0000	0.0000	0.0000	0.9999	0.0000	0.0000	0.0000	0.0000	0.0001	0.0000	0.0000
0.0000	0.9726	0.0269	0.0000	0.0000	0.0005	0.0000	0.0000	0.0000	0.0000	0.0000	0.0000
0.0003	0.0275	0.3911	0.0000	0.0000	0.2238	0.2627	0.0609	0.0000	0.0102	0.0000	0.0235
0.0001	0.0000	0.9713	0.0000	0.0000	0.0093	0.0077	0.0115	0.0000	0.0000	0.0000	0.0001
0.4183	0.0000	0.0000	0.0000	0.0000	0.0000	0.0000	0.0000	0.5816	0.0000	0.0001	0.0000
0.5237	0.0000	0.0000	0.0000	0.0000	0.0000	0.0000	0.0000	0.4741	0.0000	0.0022	0.0000
0.0000	0.0000	0.0000	0.0000	0.0000	0.0000	0.3223	0.0000	0.0000	0.0005	0.0000	0.6772
0.0000	0.0000	0.0000	0.0000	0.0000	0.0003	0.4297	0.5630	0.0000	0.0067	0.0000	0.0003
0.0000	0.0000	0.0000	0.0000	0.0000	0.0000	0.6521	0.3176	0.0000	0.0080	0.0000	0.0222
0.0000	0.0000	0.0000	0.0000	0.0000	0.0000	0.0000	0.0000	0.0000	0.9999	0.0000	0.0001
0.7148	0.0014	0.0009	0.0000	0.0000	0.0207	0.0380	0.0021	0.0000	0.2062	0.0000	0.0160
0.0000	0.0000	0.0000	0.0000	0.0000	0.0028	0.3616	0.0085	0.0000	0.0016	0.0000	0.6255
0.0000	0.0000	0.0000	0.0000	0.0000	0.0000	0.0349	0.9645	0.0000	0.0000	0.0000	0.0006
0.0000	0.0000	0.0000	0.0038	0.0000	0.0000	0.0000	0.0000	0.0000	0.9961	0.0000	0.0001
0.0000	0.0000	0.0000	0.0000	0.0000	0.0000	0.0000	0.0000	0.0000	0.0000	1.0000	0.0000
0.0000	0.0000	0.0000	0.0000	0.0000	0.0000	0.0005	0.0001	0.0000	0.9596	0.0001	0.0398
0.0006	0.0000	0.0000	0.0000	0.0000	0.0000	0.0000	0.0000	0.9993	0.0001	0.0000	0.0000
0.0000	0.0000	0.0000	0.4808	0.0002	0.0000	0.0000	0.0000	0.3802	0.0000	0.1388	0.0000
0.0000	0.0000	0.0002	0.0000	0.0000	0.0000	0.7901	0.2069	0.0000	0.0000	0.0000	0.0028
0.0000	0.0000	0.0000	0.0000	0.0000	0.0000	0.0000	0.0000	0.0000	0.9996	0.0004	0.0000
0.0000	0.0000	0.0000	0.6729	0.0000	0.0000	0.0000	0.0000	0.0000	0.0000	0.3271	0.0000
0.0000	0.3414	0.6086	0.0000	0.0000	0.0331	0.0056	0.0112	0.0000	0.0000	0.0000	0.0000
1.0000	0.0000	0.0000	0.0000	0.0000	0.0000	0.0000	0.0000	0.0000	0.0000	0.0000	0.0000
0.0008	0.0000	0.0000	0.0000	0.0000	0.0003	0.0000	0.0000	0.0000	0.8992	0.0001	0.0996
0.0000	0.0510	0.1553	0.0000	0.0000	0.4350	0.3334	0.0238	0.0000	0.0001	0.0000	0.0013
0.0000	0.0000	0.0000	0.0000	0.0000	0.0000	0.0000	0.0000	0.0000	0.0000	0.9996	0.0004
0.0000	0.0000	0.0000	0.0000	0.0000	0.0000	0.0000	0.0000	1.0000	0.0000	0.0000	0.0000
0.0005	0.1225	0.0003	0.0000	0.0000	0.2958	0.2193	0.3172	0.0000	0.0376	0.0000	0.0068
0.0000	0.0000	0.0002	0.0000	0.0000	0.0001	0.1866	0.2194	0.0000	0.0000	0.0000	0.5937
0.0003	0.0009	0.0021	0.0000	0.0000	0.8094	0.0657	0.0010	0.0000	0.0098	0.0000	0.1108
0.0012	0.0000	0.0310	0.0000	0.0000	0.0011	0.3100	0.0034	0.0000	0.0394	0.0001	0.6137
0.0000	0.0000	0.0000	0.0000	0.0000	0.0000	0.0172	0.0025	0.0000	0.0000	0.0002	0.9801
0.0000	0.0000	0.0000	0.0000	0.0000	0.0000	0.2268	0.7678	0.0000	0.0038	0.0000	0.0016
0.0000	0.0000	0.0000	0.0000	0.0000	0.0000	0.0000	0.0000	0.0000	0.9995	0.0000	0.0005
0.0000	0.0000	0.0000	0.0000	1.0000	0.0000	0.0000	0.0000	0.0000	0.0000	0.0000	0.0000
0.0000	0.0000	0.0060	0.0000	0.0000	0.9934	0.0003	0.0001	0.0000	0.0001	0.0000	0.0001
0.0000	0.1286	0.0526	0.0000	0.0000	0.7999	0.0055	0.0133	0.0000	0.0001	0.0000	0.0001
0.0000	0.0000	0.0000	0.0000	0.0000	0.0000	0.6686	0.3296	0.0000	0.0018	0.0000	0.0000
0.0000	0.0000	0.0000	0.0000	0.0000	0.0028	0.0025	0.0050	0.0000	0.0017	0.0000	0.9879
0.0138	0.0000	0.0000	0.0000	0.0000	0.0000	0.4603	0.1290	0.0000	0.0101	0.0000	0.3868
0.0000	0.0111	0.0931	0.0000	0.0000	0.6907	0.0616	0.1355	0.0000	0.0040	0.0000	0.0040
0.0000	0.0761	0.3665	0.0000	0.0000	0.4313	0.0354	0.0868	0.0000	0.0010	0.0000	0.0031
0.0007	0.0000	0.0000	0.0000	0.0000	0.0004	0.3422	0.6263	0.0000	0.0040	0.0000	0.0265
0.0000	0.0042	0.1120	0.0000	0.0000	0.0386	0.5768	0.2610	0.0000	0.0009	0.0000	0.0065
0.0000	0.0000	0.0000	0.0000	0.0000	0.0000	0.0000	0.0000	0.0000	0.9999	0.0000	0.0001
0.0000	0.0000	0.0000	0.0000	0.0000	0.0000	0.0060	0.0000	0.0000	0.2594	0.0002	0.7344
0.0000	0.9530	0.0002	0.0000	0.0000	0.0028	0.0016	0.0424	0.0000	0.0000	0.0000	0.0000
0.0000	0.0000	0.0000	0.0000	0.0000	0.4129	0.0000	0.0003	0.0000	0.5868	0.0000	0.0000
0.5786	0.0001	0.1209	0.0000	0.0000	0.0227	0.0756	0.0004	0.0003	0.1768	0.0000	0.0246
0.0000	0.0000	0.0001	0.0000	0.0000	0.0010	0.6078	0.0017	0.0000	0.0007	0.0000	0.3887
0.0000	0.0000	0.0000	0.0000	0.0000	0.0000	0.0000	0.0000	0.9991	0.0004	0.0000	0.0004
0.0000	0.0000	0.0000	0.0000	0.0000	0.0000	0.7531	0.1968	0.0000	0.0000	0.0000	0.0500
0.0002	0.0000	0.0008	0.0005	0.0000	0.0007	0.1321	0.0000	0.0006	0.0042	0.0001	0.8609
0.0000	0.0024	0.0000	0.0000	0.0000	0.0000	0.9951	0.0024	0.0000	0.0000	0.0000	0.0002
0.0656	0.0087	0.2635	0.0000	0.0000	0.0066	0.1070	0.0004	0.0000	0.0003	0.0000	0.5478
0.8256	0.0000	0.0000	0.0000	0.0000	0.0000	0.0000	0.0000	0.1732	0.0000	0.0012	0.0000
0.9788	0.0000	0.0000	0.0000	0.0000	0.0000	0.0000	0.0000	0.0211	0.0001	0.0000	0.0000
0.0000	0.0000	0.0000	0.0925	0.0088	0.0000	0.0000	0.0000	0.0674	0.5672	0.2641	0.0000
0.0000	0.0000	0.0002	0.0000	0.0000	0.0000	0.0020	0.0237	0.0000	0.0014	0.0000	0.9726
0.0000	0.0000	0.0000	0.0000	0.0000	0.0000	0.0000	0.9814	0.0000	0.0000	0.0000	0.0186
0.0004	0.0000	0.0000	0.0000	0.0000	0.0000	0.0005	0.3840	0.0000	0.0000	0.0000	0.6150
0.0000	0.0000	0.0000	0.0095	0.0000	0.0000	0.0000	0.0000	0.0000	0.9900	0.0005	0.0000
1.0000	0.0000	0.0000	0.0000	0.0000	0.0000	0.0000	0.0000	0.0000	0.0000	0.0000	0.0000
0.0001	0.0000	0.0000	0.0000	0.0000	0.0000	0.9618	0.0092	0.0000	0.0020	0.0000	0.0268
0.0079	0.0000	0.0005	0.0000	0.0000	0.0017	0.0007	0.0003	0.0000	0.2078	0.0000	0.7811
0.0005	0.0000	0.0000	0.0212	0.0000	0.0424	0.0000	0.0000	0.0000	0.9301	0.0050	0.0008
0.0000	0.0000	0.0000	0.0000	0.0000	0.0000	0.9692	0.0246	0.0000	0.0000	0.0000	0.0062
0.0000	0.0000	0.0000	0.0000	0.0000	0.0000	0.0000	0.0000	0.0000	0.0000	0.0000	1.0000
0.0000	0.0000	0.9348	0.0004	0.0000	0.0644	0.0000	0.0000	0.0003	0.0001	0.0000	0.0000
0.0000	0.0000	0.9274	0.0004	0.0000	0.0718	0.0000	0.0000	0.0003	0.0001	0.0000	0.0000
0.0000	0.0000	0.0000	0.0000	0.0000	0.0000	0.0001	0.0000	0.0000	0.0000	0.0000	0.9998
0.0000	0.1384	0.0992	0.0000	0.0000	0.0000	0.0098	0.0000	0.0000	0.0002	0.0000	0.7524
0.0000	0.0000	0.9956	0.0000	0.0000	0.0000	0.0000	0.0000	0.0000	0.0000	0.0000	0.0044
0.0000	0.0000	0.0000	0.0000	0.0000	0.0000	0.0000	0.0000	0.0000	0.0000	0.0000	1.0000
0.0000	0.0000	0.9722	0.0000	0.0000	0.0275	0.0000	0.0000	0.0000	0.0000	0.0000	0.0003
0.0000	0.0000	0.9875	0.0000	0.0000	0.0009	0.0000	0.0000	0.0000	0.0000	0.0000	0.0116
0.0000	0.0000	0.0000	0.0000	0.0000	0.0000	0.0000	0.0000	0.0000	0.0000	0.0000	1.0000
0.0000	0.0000	0.0000	0.0000	0.0000	0.0000	0.0000	0.0000	0.0000	0.0000	0.0000	1.0000
0.0000	0.0000	0.9963	0.0000	0.0000	0.0000	0.0000	0.0000	0.0000	0.0000	0.0000	0.0037
0.0000	0.0000	0.9986	0.0000	0.0000	0.0000	0.0000	0.0000	0.0003	0.0000	0.0000	0.0011
0.0000	0.0000	0.0000	0.0000	0.0000	0.0000	0.0000	0.0000	0.0002	0.0000	0.0000	0.9998
0.0000	0.0000	0.9861	0.0001	0.0000	0.0135	0.0000	0.0000	0.0002	0.0001	0.0000	0.0000
0.0000	0.0000	0.9694	0.0001	0.0000	0.0301	0.0000	0.0000	0.0002	0.0001	0.0000	0.0000
0.0001	0.0000	0.0095	0.0000	0.0000	0.0000	0.0001	0.0000	0.0000	0.0000	0.0000	0.9904
0.0001	0.0000	0.9994	0.0000	0.0000	0.0000	0.0000	0.0000	0.0000	0.0000	0.0000	0.0005
0.0002	0.0000	0.9953	0.0000	0.0000	0.0000	0.0000	0.0000	0.0001	0.0000	0.0000	0.0045
0.0000	0.0000	0.1096	0.0000	0.0000	0.0000	0.0000	0.0000	0.0000	0.0000	0.0000	0.8904
0.0000	0.0000	0.9916	0.0000	0.0000	0.0083	0.0000	0.0000	0.0000	0.0000	0.0000	0.0001
0.0000	0.0000	0.9993	0.0000	0.0000	0.0004	0.0000	0.0000	0.0000	0.0000	0.0000	0.0003
0.0000	0.0000	0.0000	0.0000	0.0000	0.0000	0.0000	0.0000	0.0000	0.0000	0.0000	1.0000
0.0000	0.0000	0.9998	0.0000	0.0000	0.0001	0.0000	0.0000	0.0001	0.0000	0.0000	0.0000
0.0000	0.0000	0.0000	0.0000	0.0000	0.0000	0.0000	0.0000	1.0000	0.0000	0.0000	0.0000
0.0000	0.0000	0.0000	0.0000	0.0000	0.0000	0.0000	0.0000	1.0000	0.0000	0.0000	0.0000
0.0000	0.0000	0.0001	0.0000	0.0000	0.0000	0.9998	0.0000	0.0000	0.0000	0.0000	0.0000
0.0000	0.0000	0.0000	0.0000	0.0000	0.0000	0.0000	0.0000	1.0000	0.0000	0.0000	0.0000
0.0000	0.0000	0.0000	0.0000	0.0000	0.0000	0.0000	0.0000	1.0000	0.0000	0.0000	0.0000
0.0000	0.0000	0.0000	0.0000	0.0000	0.0000	0.0000	0.0000	1.0000	0.0000	0.0000	0.0000
0.0000	0.0000	0.0000	0.0000	0.0000	0.0000	0.0000	0.0000	1.0000	0.0000	0.0000	0.0000
0.0000	0.0000	0.0239	0.0000	0.0000	0.0000	0.9761	0.0000	0.0000	0.0000	0.0000	0.0000
0.0000	0.0000	0.0025	0.0000	0.0000	0.0000	0.9975	0.0000	0.0000	0.0000	0.0000	0.0000
0.0000	0.0000	0.0000	0.0000	0.0000	0.0000	0.0000	0.0000	1.0000	0.0000	0.0000	0.0000
0.0000	0.0000	0.9877	0.0000	0.0000	0.0000	0.0123	0.0000	0.0000	0.0000	0.0000	0.0000
0.0000	0.0000	0.0000	0.0000	0.0000	0.0000	1.0000	0.0000	0.0000	0.0000	0.0000	0.0000
0.0000	0.0000	0.0000	0.0000	0.0000	0.0000	0.0000	0.0000	1.0000	0.0000	0.0000	0.0000
0.0000	0.0000	0.0000	0.0000	0.0000	0.0000	0.0000	0.0000	1.0000	0.0000	0.0000	0.0000
0.0000	0.0000	0.0000	0.0000	0.0000	0.0000	0.0126	0.0000	0.9874	0.0000	0.0000	0.0000
0.0000	0.0000	0.0000	0.0000	0.0000	0.0000	0.0000	0.0000	1.0000	0.0000	0.0000	0.0000
0.0000	0.0000	0.0000	0.0000	0.0000	0.0000	0.0000	0.0000	1.0000	0.0000	0.0000	0.0000
0.0000	0.0000	0.5299	0.0000	0.0000	0.0001	0.4700	0.0000	0.0000	0.0000	0.0000	0.0000
0.0000	0.0000	0.0000	0.0000	0.0000	0.0000	0.0000	0.0000	1.0000	0.0000	0.0000	0.0000
0.0000	0.0000	0.2224	0.0000	0.0000	0.0000	0.7776	0.0000	0.0000	0.0000	0.0000	0.0000
0.0000	0.0000	0.1898	0.0000	0.0000	0.0000	0.8102	0.0000	0.0000	0.0000	0.0000	0.0000
0.0000	0.0000	0.0025	0.0000	0.0000	0.0000	0.9975	0.0000	0.0000	0.0000	0.0000	0.0000
0.0000	0.0000	0.0002	0.0000	0.0000	0.0000	0.9998	0.0000	0.0000	0.0000	0.0000	0.0000
0.0000	0.0000	0.0002	0.0000	0.0000	0.0000	0.9998	0.0000	0.0000	0.0000	0.0000	0.0000
0.0000	0.0000	0.0001	0.0000	0.0000	0.0000	0.9999	0.0000	0.0000	0.0000	0.0000	0.0000
0.0000	0.0000	0.0000	0.0000	0.0000	0.0000	0.0000	0.0000	1.0000	0.0000	0.0000	0.0000
0.0000	0.0000	0.0000	0.0000	0.0000	0.0000	0.0000	0.0000	1.0000	0.0000	0.0000	0.0000
0.0000	0.0000	0.2176	0.0000	0.0000	0.7156	0.0668	0.0000	0.0000	0.0000	0.0000	0.0000
0.0000	0.0000	0.0001	0.0000	0.0000	0.0000	0.9999	0.0000	0.0000	0.0000	0.0000	0.0000
