0.0035	0.0000	0.0000	0.0000	0.0000	0.0000	0.0050	0.0004	0.0000	0.9800	0.0000	0.0110
0.0315	0.0000	0.0017	0.0000	0.0000	0.0006	0.0315	0.0000	0.0000	0.0045	0.0000	0.9302
1.0000	0.0000	0.0000	0.0000	0.0000	0.0000	0.0000	0.0000	0.0000	0.0000	0.0000	0.0000
0.0000	0.0000	0.0000	0.0000	0.0000	0.0000	0.0008	0.0000	0.0000	0.0000	0.0000	0.9992
0.0000	0.0002	0.4589	0.0000	0.0000	0.0000	0.1319	0.0969	0.0000	0.0000	0.0000	0.3120
0.0000	0.0000	0.0000	0.0000	0.0000	0.0000	0.0000	0.0000	0.0000	1.0000	0.0000	0.0000
0.4323	0.0000	0.0000	0.0000	0.0000	0.0000	0.0000	0.0000	0.0000	0.3614	0.0000	0.2064
0.0000	0.1393	0.8559	0.0000	0.0000	0.0043	0.0003	0.0002	0.0000	0.0000	0.0000	0.0000
0.0000	0.0000	0.0010	0.0000	0.0000	0.9983	0.0004	0.0000	0.0000	0.0000	0.0000	0.0003
0.0000	0.0000	0.0112	0.0000	0.0000	0.0000	0.6039	0.0048	0.0000	0.0000	0.0000	0.3801
0.0000	0.0000	0.0000	0.0000	0.0000	0.0000	0.0000	0.0000	0.9852	0.0148	0.0000	0.0000
0.0000	0.0000	0.0000	0.0000	0.0000	0.0000	0.0000	0.0000	0.2402	0.7598	0.0000	0.0000
0.0000	0.0000	0.0000	0.0000	0.0000	0.0000	0.0000	0.0000	0.0000	0.6847	0.0000	0.3153
0.0000	0.0000	0.0000	0.0000	1.0000	0.0000	0.0000	0.0000	0.0000	0.0000	0.0000	0.0000
0.0000	0.6331	0.3669	0.0000	0.0000	0.0000	0.0000	0.0000	0.0000	0.0000	0.0000	0.0000
0.0000	0.0000	0.9993	0.0000	0.0000	0.0000	0.0002	0.0003	0.0000	0.0000	0.0000	0.0001
0.0000	0.0000	0.9864	0.0000	0.0000	0.0004	0.0004	0.0126	0.0000	0.0000	0.0000	0.0002
0.9840	0.0000	0.0000	0.0000	0.0000	0.0000	0.0000	0.0000	0.0160	0.0000	0.0000	0.0000
0.6243	0.0000	0.0000	0.0000	0.0000	0.0000	0.0000	0.0000	0.3756	0.0000	0.0001	0.0000
0.0000	0.0000	0.0000	0.0000	0.0000	0.0000	0.0655	0.0000	0.0000	0.0000	0.0000	0.9345
0.0000	0.0000	0.0000	0.0000	0.0000	0.0000	0.0350	0.9650	0.0000	0.0000	0.0000	0.0000
0.0000	0.0000	0.0000	0.0000	0.0000	0.0000	0.4250	0.5572	0.0000	0.0001	0.0000	0.0177
0.0000	0.0000	0.0000	0.0000	0.0000	0.0000	0.0000	0.0000	0.0000	1.0000	0.0000	0.0000
0.9405	0.0000	0.0057	0.0000	0.0000	0.0001	0.0002	0.0004	0.0000	0.0496	0.0000	0.0035
0.0000	0.0000	0.0000	0.0000	0.0000	0.0007	0.1976	0.0001	0.0000	0.0000	0.0000	0.8015
0.0000	0.0000	0.0000	0.0000	0.0000	0.0000	0.0070	0.9930	0.0000	0.0000	0.0000	0.0000
0.0000	0.0000	0.0000	0.0015	0.0000	0.0000	0.0000	0.0000	0.0000	0.9979	0.0000	0.0006
0.0000	0.0000	0.0000	0.0000	0.0000	0.0000	0.0000	0.0000	0.0000	0.0000	1.0000	0.0000
0.0000	0.0000	0.0000	0.0000	0.0000	0.0000	0.0000	0.0000	0.0000	0.9973	0.0000	0.0027
0.0000	0.0000	0.0000	0.0000	0.0000	0.0000	0.0000	0.0000	1.0000	0.0000	0.0000	0.0000
0.0000	0.0000	0.0000	0.0000	0.0000	0.0000	0.0000	0.0000	0.0000	0.0000	1.0000	0.0000
0.0000	0.0000	0.0001	0.0000	0.0000	0.0000	0.9577	0.0422	0.0000	0.0000	0.0000	0.0001
0.0000	0.0000	0.0000	0.0000	0.0000	0.0000	0.0000	0.0000	0.0000	1.0000	0.0000	0.0000
0.0000	0.0000	0.0000	0.0000	0.0000	0.0000	0.0000	0.0000	0.0000	0.0000	1.0000	0.0000
0.0000	0.1289	0.8634	0.0000	0.0000	0.0048	0.0001	0.0028	0.0000	0.0000	0.0000	0.0000
0.9984	0.0000	0.0000	0.0003	0.0000	0.0000	0.0000	0.0000	0.0000	0.0001	0.0012	0.0000
0.0000	0.0000	0.0000	0.0000	0.0000	0.0000	0.0000	0.0000	0.0000	0.8529	0.0000	0.1471
0.0000	0.0003	0.1745	0.0000	0.0000	0.8036	0.0182	0.0032	0.0000	0.0000	0.0000	0.0002
0.0000	0.0000	0.0000	0.0000	0.0000	0.0000	0.0000	0.0000	0.0000	0.0000	1.0000	0.0000
0.0000	0.0000	0.0000	0.0000	0.0000	0.0000	0.0000	0.0000	1.0000	0.0000	0.0000	0.0000
0.0000	0.7734	0.0024	0.0000	0.0000	0.0688	0.0286	0.1250	0.0000	0.0010	0.0000	0.0008
0.0000	0.0000	0.0000	0.0000	0.0000	0.0000	0.0057	0.0123	0.0000	0.0000	0.0000	0.9820
0.0000	0.0000	0.0010	0.0000	0.0000	0.1020	0.0065	0.0003	0.0000	0.0001	0.0000	0.8901
0.0000	0.0000	0.0369	0.0000	0.0000	0.0007	0.0202	0.0002	0.0000	0.0016	0.0000	0.9404
0.0000	0.0000	0.0000	0.0000	0.0000	0.0000	0.0000	0.0000	0.0000	0.0000	0.0000	1.0000
0.0000	0.0000	0.0000	0.0000	0.0000	0.0000	0.1501	0.8474	0.0000	0.0001	0.0000	0.0024
0.0000	0.0000	0.0000	0.0000	0.0000	0.0000	0.0000	0.0000	0.0000	1.0000	0.0000	0.0000
0.0000	0.0000	0.0000	0.0000	1.0000	0.0000	0.0000	0.0000	0.0000	0.0000	0.0000	0.0000
0.0000	0.0000	0.0009	0.0000	0.0000	0.9990	0.0000	0.0000	0.0000	0.0000	0.0000	0.0000
0.0000	0.0152	0.2906	0.0000	0.0000	0.6862	0.0003	0.0077	0.0000	0.0000	0.0000	0.0000
0.0000	0.0000	0.0000	0.0000	0.0000	0.0000	0.8520	0.1477	0.0000	0.0002	0.0000	0.0000
0.0000	0.0000	0.0000	0.0000	0.0000	0.0000	0.0010	0.0000	0.0000	0.0000	0.0000	0.9990
0.0101	0.0000	0.0002	0.0000	0.0000	0.0000	0.0213	0.0545	0.0000	0.0004	0.0000	0.9135
0.0000	0.0010	0.8208	0.0000	0.0000	0.1063	0.0044	0.0668	0.0000	0.0000	0.0000	0.0007
0.0000	0.0101	0.8812	0.0000	0.0000	0.0964	0.0004	0.0119	0.0000	0.0000	0.0000	0.0001
0.0000	0.0000	0.0000	0.0000	0.0000	0.0000	0.0123	0.9661	0.0000	0.0006	0.0000	0.0210
0.0000	0.0052	0.2135	0.0000	0.0000	0.0035	0.0607	0.7168	0.0000	0.0000	0.0000	0.0004
0.0000	0.0000	0.0000	0.0000	0.0000	0.0000	0.0000	0.0000	0.0000	1.0000	0.0000	0.0000
0.0000	0.0000	0.0000	0.0000	0.0000	0.0000	0.0000	0.0000	0.0000	0.9953	0.0000	0.0047
0.0000	0.9006	0.0186	0.0000	0.0000	0.0054	0.0010	0.0743	0.0000	0.0000	0.0000	0.0000
0.0000	0.0000	0.0000	0.0000	0.0000	0.3428	0.0000	0.0033	0.0000	0.6538	0.0000	0.0000
0.4261	0.0000	0.5417	0.0000	0.0000	0.0002	0.0021	0.0000	0.0000	0.0258	0.0000	0.0041
0.0000	0.0000	0.0000	0.0000	0.0000	0.0001	0.0310	0.0000	0.0000	0.0000	0.0000	0.9689
0.0000	0.0000	0.0000	0.0000	0.0000	0.0000	0.0000	0.0000	1.0000	0.0000	0.0000	0.0000
0.0000	0.0000	0.0000	0.0000	0.0000	0.0000	0.4158	0.5115	0.0000	0.0000	0.0000	0.0727
0.0000	0.0000	0.0003	0.0251	0.0000	0.0044	0.0092	0.0000	0.0000	0.0181	0.0000	0.9429
0.0000	0.0000	0.0001	0.0000	0.0000	0.0000	0.9886	0.0086	0.0000	0.0000	0.0000	0.0027
0.0035	0.0000	0.9957	0.0000	0.0000	0.0000	0.0000	0.0000	0.0000	0.0000	0.0000	0.0007
0.8292	0.0000	0.0000	0.0000	0.0000	0.0000	0.0000	0.0000	0.1708	0.0000	0.0000	0.0000
0.9987	0.0000	0.0000	0.0000	0.0000	0.0000	0.0000	0.0000	0.0013	0.0000	0.0000	0.0000
0.0000	0.0000	0.0000	0.0000	0.0000	0.0000	0.0000	0.0000	0.0000	0.1970	0.8030	0.0000
0.0000	0.0000	0.0000	0.0000	0.0000	0.0000	0.0000	0.0001	0.0000	0.0000	0.0000	0.9999
0.0000	0.0000	0.0000	0.0000	0.0000	0.0000	0.0000	0.0624	0.0000	0.0000	0.0000	0.9376
0.0000	0.0000	0.0000	0.0000	0.0000	0.0000	0.0000	0.9584	0.0000	0.0000	0.0000	0.0416
0.0000	0.0000	0.0000	0.0003	0.0000	0.0000	0.0000	0.0000	0.0000	0.8874	0.1123	0.0000
1.0000	0.0000	0.0000	0.0000	0.0000	0.0000	0.0000	0.0000	0.0000	0.0000	0.0000	0.0000
0.0000	0.0000	0.0007	0.0000	0.0000	0.0000	0.7256	0.2694	0.0000	0.0002	0.0000	0.0041
0.0000	0.0000	0.0001	0.0000	0.0000	0.0001	0.0001	0.0000	0.0000	0.0018	0.0000	0.9980
0.0000	0.0000	0.0000	0.0000	0.0000	0.0778	0.0000	0.0000	0.0000	0.2098	0.7123	0.0000
0.0000	0.0000	0.0000	0.0000	0.0000	0.0000	0.7178	0.0930	0.0000	0.0000	0.0000	0.1891
0.0000	0.0000	0.0000	0.0000	0.0000	0.0000	0.0000	0.0000	0.0000	0.0000	0.0000	1.0000
0.0012	0.0000	0.9906	0.0002	0.0000	0.0080	0.0000	0.0000	0.0000	0.0000	0.0000	0.0000
0.0011	0.0000	0.9873	0.0003	0.0000	0.0114	0.0000	0.0000	0.0000	0.0000	0.0000	0.0000
0.0000	0.0000	0.0000	0.0000	0.0000	0.0000	0.0000	0.0000	0.0000	0.0000	0.0000	1.0000
0.0000	0.5057	0.0017	0.0000	0.0000	0.0000	0.0000	0.0000	0.0000	0.0000	0.0000	0.4926
0.0000	0.0000	0.9829	0.0000	0.0000	0.0000	0.0000	0.0000	0.0000	0.0000	0.0000	0.0171
0.0000	0.0000	0.0000	0.0000	0.0000	0.0000	0.0000	0.0000	0.0000	0.0000	0.0000	1.0000
0.0000	0.0000	0.9999	0.0000	0.0000	0.0001	0.0000	0.0000	0.0000	0.0000	0.0000	0.0000
0.0000	0.0000	0.9998	0.0000	0.0000	0.0000	0.0000	0.0000	0.0000	0.0000	0.0000	0.0002
0.0000	0.0000	0.0000	0.0000	0.0000	0.0000	0.0000	0.0000	0.0000	0.0000	0.0000	1.0000
0.0000	0.0000	0.0000	0.0000	0.0000	0.0000	0.0000	0.0000	0.0000	0.0000	0.0000	1.0000
0.0000	0.0000	1.0000	0.0000	0.0000	0.0000	0.0000	0.0000	0.0000	0.0000	0.0000	0.0000
0.0001	0.0002	0.9997	0.0000	0.0000	0.0000	0.0000	0.0000	0.0000	0.0000	0.0000	0.0000
0.0000	0.0000	0.0000	0.0000	0.0000	0.0000	0.0000	0.0000	0.0000	0.0000	0.0000	1.0000
0.0005	0.0000	0.9988	0.0000	0.0000	0.0007	0.0000	0.0000	0.0000	0.0000	0.0000	0.0000
0.0010	0.0000	0.9969	0.0000	0.0000	0.0020	0.0000	0.0000	0.0000	0.0000	0.0000	0.0000
0.0000	0.0000	0.0000	0.0000	0.0000	0.0000	0.0000	0.0000	0.0000	0.0000	0.0000	1.0000
0.0000	0.0000	1.0000	0.0000	0.0000	0.0000	0.0000	0.0000	0.0000	0.0000	0.0000	0.0000
0.0000	0.0000	0.9996	0.0000	0.0000	0.0000	0.0000	0.0000	0.0000	0.0000	0.0000	0.0004
0.0000	0.0000	0.0002	0.0000	0.0000	0.0000	0.0000	0.0003	0.0000	0.0000	0.0000	0.9995
0.0000	0.0000	1.0000	0.0000	0.0000	0.0000	0.0000	0.0000	0.0000	0.0000	0.0000	0.0000
0.0000	0.0000	1.0000	0.0000	0.0000	0.0000	0.0000	0.0000	0.0000	0.0000	0.0000	0.0000
0.0000	0.0000	0.0000	0.0000	0.0000	0.0000	0.0000	0.0000	0.0000	0.0000	0.0000	1.0000
0.0001	0.0000	0.9999	0.0000	0.0000	0.0000	0.0000	0.0000	0.0000	0.0000	0.0000	0.0000
0.0000	0.0000	0.0000	0.0000	0.0000	0.0000	0.0000	0.0000	1.0000	0.0000	0.0000	0.0000
0.0000	0.0000	0.0000	0.0000	0.0000	0.0000	0.0000	0.0000	1.0000	0.0000	0.0000	0.0000
0.0000	0.0000	0.0000	0.0000	0.0000	0.0020	0.9980	0.0000	0.0000	0.0000	0.0000	0.0000
0.0000	0.0000	0.0000	0.0000	0.0000	0.0000	0.0000	0.0000	1.0000	0.0000	0.0000	0.0000
0.0000	0.0000	0.0000	0.0000	0.0000	0.0000	0.0000	0.0000	1.0000	0.0000	0.0000	0.0000
0.0000	0.0000	0.0000	0.0000	0.0000	0.0000	0.0000	0.0000	1.0000	0.0000	0.0000	0.0000
0.0000	0.0000	0.0000	0.0000	0.0000	0.0000	0.0000	0.0000	1.0000	0.0000	0.0000	0.0000
0.0000	0.0000	0.1820	0.0000	0.0000	0.0000	0.8180	0.0000	0.0000	0.0000	0.0000	0.0000
0.0000	0.0000	0.0001	0.0000	0.0000	0.0000	0.9999	0.0000	0.0000	0.0000	0.0000	0.0000
0.0000	0.0000	0.0000	0.0000	0.0000	0.0000	0.0000	0.0000	1.0000	0.0000	0.0000	0.0000
0.0000	0.0000	0.9999	0.0000	0.0000	0.0000	0.0001	0.0000	0.0000	0.0000	0.0000	0.0000
0.0000	0.0000	0.0000	0.0000	0.0000	0.0000	1.0000	0.0000	0.0000	0.0000	0.0000	0.0000
0.0000	0.0000	0.0000	0.0000	0.0000	0.0000	0.0000	0.0000	1.0000	0.0000	0.0000	0.0000
0.0000	0.0000	0.0000	0.0000	0.0000	0.0000	0.0000	0.0000	1.0000	0.0000	0.0000	0.0000
0.0000	0.0000	0.0000	0.0000	0.0000	0.0000	0.0004	0.0000	0.9996	0.0000	0.0000	0.0000
0.0000	0.0000	0.0000	0.0000	0.0000	0.0000	0.0000	0.0000	1.0000	0.0000	0.0000	0.0000
0.0000	0.0000	0.0000	0.0000	0.0000	0.0000	0.0000	0.0000	1.0000	0.0000	0.0000	0.0000
0.0000	0.0000	0.9909	0.0000	0.0000	0.0000	0.0091	0.0000	0.0000	0.0000	0.0000	0.0000
0.0000	0.0000	0.0000	0.0000	0.0000	0.0000	0.0000	0.0000	1.0000	0.0000	0.0000	0.0000
0.0000	0.0000	0.0478	0.0000	0.0000	0.0000	0.9522	0.0000	0.0000	0.0000	0.0000	0.0000
0.0000	0.0000	0.5425	0.0000	0.0000	0.0000	0.4575	0.0000	0.0000	0.0000	0.0000	0.0000
0.0000	0.0000	0.0001	0.0000	0.0000	0.0000	0.9999	0.0000	0.0000	0.0000	0.0000	0.0000
0.0000	0.0000	0.0168	0.0000	0.0000	0.0000	0.9832	0.0000	0.0000	0.0000	0.0000	0.0000
0.0000	0.0000	0.0004	0.0000	0.0000	0.0000	0.9996	0.0000	0.0000	0.0000	0.0000	0.0000
0.0000	0.0000	0.0004	0.0000	0.0000	0.0000	0.9996	0.0000	0.0000	0.0000	0.0000	0.0000
0.0000	0.0000	0.0000	0.0000	0.0000	0.0000	0.0000	0.0000	1.0000	0.0000	0.0000	0.0000
0.0000	0.0000	0.0000	0.0000	0.0000	0.0000	0.0000	0.0000	1.0000	0.0000	0.0000	0.0000
0.0000	0.0000	0.9604	0.0000	0.0000	0.0155	0.0240	0.0000	0.0000	0.0000	0.0000	0.0000
0.0000	0.0000	0.0524	0.0000	0.0000	0.0000	0.9476	0.0000	0.0000	0.0000	0.0000	0.0000
