0.4759	0.0091	0.0034	0.0000	0.0000	0.0008	0.0482	0.0005	0.0000	0.4329	0.0000	0.0292
0.7668	0.0006	0.0214	0.0000	0.0000	0.0061	0.0593	0.0000	0.0000	0.0326	0.0000	0.1132
1.0000	0.0000	0.0000	0.0000	0.0000	0.0000	0.0000	0.0000	0.0000	0.0000	0.0000	0.0000
0.0000	0.0000	0.0120	0.0000	0.0000	0.0000	0.0809	0.0004	0.0000	0.0003	0.0000	0.9063
0.0000	0.0047	0.5673	0.0000	0.0000	0.0126	0.2466	0.1019	0.0000	0.0000	0.0000	0.0669
0.0000	0.0000	0.0000	0.0000	0.0000	0.0000	0.0000	0.0000	0.0000	1.0000	0.0000	0.0000
0.3548	0.0000	0.0000	0.0000	0.0000	0.0000	0.0000	0.0000	0.0000	0.4112	0.0000	0.2339
0.0000	0.3327	0.5444	0.0000	0.0000	0.1173	0.0036	0.0019	0.0000	0.0000	0.0000	0.0002
0.0000	0.0000	0.0126	0.0000	0.0000	0.9836	0.0031	0.0001	0.0000	0.0000	0.0000	0.0007
0.0000	0.0000	0.0694	0.0000	0.0000	0.0003	0.5618	0.0168	0.0000	0.0000	0.0000	0.3515
0.0000	0.0000	0.0000	0.0000	0.0000	0.0000	0.0000	0.0000	0.9997	0.0003	0.0000	0.0000
0.0000	0.0000	0.0000	0.0000	0.0000	0.0000	0.0000	0.0000	0.9894	0.0106	0.0000	0.0000
0.0000	0.0000	0.0000	0.0000	0.0000	0.0004	0.0536	0.0045	0.0000	0.1409	0.0000	0.8006
0.0000	0.0000	0.0000	0.0000	0.9991	0.0000	0.0000	0.0000	0.0000	0.0009	0.0000	0.0000
0.0000	0.7924	0.2076	0.0000	0.0000	0.0000	0.0000	0.0000	0.0000	0.0000	0.0000	0.0000
0.0000	0.0121	0.9591	0.0000	0.0000	0.0261	0.0008	0.0014	0.0000	0.0000	0.0000	0.0004
0.0000	0.0017	0.9183	0.0000	0.0000	0.0599	0.0032	0.0162	0.0000	0.0000	0.0000	0.0006
0.9963	0.0000	0.0000	0.0000	0.0000	0.0000	0.0000	0.0000	0.0037	0.0000	0.0000	0.0000
0.9506	0.0000	0.0000	0.0000	0.0000	0.0000	0.0000	0.0000	0.0494	0.0000	0.0000	0.0000
0.0000	0.0000	0.0000	0.0000	0.0000	0.0000	0.2260	0.0000	0.0000	0.0003	0.0000	0.7737
0.0000	0.0008	0.0018	0.0000	0.0000	0.0125	0.2813	0.7020	0.0000	0.0002	0.0000	0.0015
0.0000	0.0011	0.0024	0.0000	0.0000	0.0003	0.7594	0.0965	0.0000	0.0028	0.0000	0.1374
0.0000	0.0000	0.0000	0.0000	0.0000	0.0000	0.0000	0.0002	0.0000	0.9998	0.0000	0.0000
0.7782	0.0272	0.1071	0.0000	0.0000	0.0758	0.0012	0.0006	0.0000	0.0082	0.0000	0.0018
0.0001	0.0000	0.0000	0.0000	0.0000	0.0077	0.3980	0.0007	0.0000	0.0001	0.0000	0.5935
0.0000	0.0000	0.0000	0.0000	0.0000	0.0000	0.0497	0.9502	0.0000	0.0000	0.0000	0.0001
0.0000	0.0000	0.0000	0.8153	0.0000	0.0000	0.0001	0.0000	0.0000	0.1830	0.0000	0.0016
0.0000	0.0000	0.0000	0.0000	0.0000	0.0000	0.0000	0.0000	0.0000	0.0000	1.0000	0.0000
0.0000	0.0000	0.0000	0.0000	0.0000	0.0000	0.0080	0.0002	0.0000	0.9811	0.0001	0.0105
0.0065	0.0000	0.0000	0.0000	0.0000	0.0000	0.0000	0.0000	0.9934	0.0002	0.0000	0.0000
0.0000	0.0000	0.0000	0.0333	0.0031	0.0000	0.0043	0.0000	0.0000	0.4139	0.5453	0.0000
0.0000	0.0000	0.0023	0.0000	0.0000	0.0000	0.9802	0.0160	0.0000	0.0000	0.0000	0.0014
0.0000	0.0000	0.0000	0.0000	0.0000	0.0000	0.0000	0.0000	0.0000	1.0000	0.0000	0.0000
0.0000	0.0000	0.0000	0.9990	0.0000	0.0000	0.0000	0.0000	0.0000	0.0000	0.0010	0.0000
0.0000	0.4020	0.5422	0.0000	0.0000	0.0500	0.0012	0.0046	0.0000	0.0000	0.0000	0.0000
0.9587	0.0000	0.0000	0.0171	0.0000	0.0016	0.0000	0.0000	0.0000	0.0218	0.0008	0.0000
0.0004	0.0000	0.0002	0.0000	0.0000	0.0113	0.0000	0.0000	0.0000	0.8368	0.0003	0.1510
0.0000	0.0409	0.3952	0.0000	0.0000	0.5231	0.0341	0.0062	0.0000	0.0000	0.0000	0.0005
0.0000	0.0000	0.0000	0.0000	0.0000	0.0000	0.0000	0.0000	0.0000	0.0000	1.0000	0.0000
0.0000	0.0000	0.0000	0.0000	0.0000	0.0000	0.0000	0.0000	1.0000	0.0000	0.0000	0.0000
0.0001	0.2727	0.0023	0.0000	0.0000	0.6779	0.0239	0.0188	0.0000	0.0013	0.0000	0.0031
0.0000	0.0000	0.0008	0.0000	0.0000	0.0025	0.2141	0.2793	0.0000	0.0000	0.0000	0.5033
0.0000	0.0028	0.0020	0.0000	0.0000	0.9010	0.0073	0.0015	0.0000	0.0014	0.0000	0.0840
0.0025	0.0004	0.3344	0.0000	0.0000	0.0053	0.0397	0.0005	0.0000	0.0025	0.0000	0.6145
0.0000	0.0000	0.0003	0.0000	0.0000	0.0000	0.0071	0.0005	0.0000	0.0000	0.0000	0.9920
0.0000	0.0000	0.0007	0.0000	0.0000	0.0000	0.3197	0.6694	0.0000	0.0006	0.0000	0.0096
0.0000	0.0000	0.0000	0.0000	0.0000	0.0000	0.0000	0.0000	0.0000	1.0000	0.0000	0.0000
0.0000	0.0000	0.0000	0.0000	1.0000	0.0000	0.0000	0.0000	0.0000	0.0000	0.0000	0.0000
0.0000	0.0000	0.0029	0.0000	0.0000	0.9964	0.0005	0.0000	0.0000	0.0000	0.0000	0.0001
0.0000	0.1216	0.1042	0.0000	0.0000	0.7652	0.0014	0.0076	0.0000	0.0000	0.0000	0.0001
0.0000	0.0000	0.0000	0.0000	0.0000	0.0000	0.9745	0.0223	0.0000	0.0018	0.0013	0.0001
0.0000	0.0000	0.0000	0.0000	0.0000	0.0001	0.0006	0.0042	0.0000	0.0012	0.0000	0.9940
0.1489	0.0000	0.0003	0.0000	0.0000	0.0000	0.0576	0.3295	0.0000	0.0019	0.0001	0.4618
0.0000	0.0284	0.7430	0.0000	0.0000	0.1867	0.0052	0.0361	0.0000	0.0000	0.0000	0.0007
0.0000	0.0445	0.7510	0.0000	0.0000	0.1923	0.0014	0.0106	0.0000	0.0000	0.0000	0.0002
0.0047	0.0000	0.0002	0.0000	0.0000	0.0064	0.2032	0.7179	0.0000	0.0009	0.0002	0.0666
0.0000	0.0824	0.5392	0.0000	0.0000	0.1266	0.1284	0.1187	0.0000	0.0000	0.0000	0.0048
0.0000	0.0000	0.0000	0.0000	0.0000	0.0000	0.0000	0.0005	0.0000	0.9995	0.0000	0.0000
0.0000	0.0000	0.0000	0.0000	0.0000	0.0000	0.0026	0.0000	0.0000	0.7612	0.0002	0.2360
0.0000	0.9156	0.0352	0.0000	0.0000	0.0332	0.0018	0.0143	0.0000	0.0000	0.0000	0.0000
0.0000	0.0000	0.0000	0.0000	0.0000	0.9938	0.0000	0.0010	0.0000	0.0052	0.0000	0.0000
0.4108	0.0000	0.5748	0.0000	0.0000	0.0078	0.0002	0.0003	0.0000	0.0044	0.0000	0.0016
0.0000	0.0000	0.0000	0.0000	0.0000	0.0012	0.8270	0.0002	0.0000	0.0000	0.0000	0.1716
0.0000	0.0000	0.0000	0.0000	0.0000	0.0000	0.0000	0.0000	0.9986	0.0001	0.0000	0.0013
0.0006	0.0004	0.0007	0.0000	0.0000	0.0000	0.4882	0.4635	0.0000	0.0000	0.0000	0.0466
0.0033	0.0000	0.0019	0.1590	0.0000	0.1534	0.2878	0.0000	0.0108	0.0564	0.0000	0.3273
0.0002	0.0035	0.0006	0.0000	0.0000	0.0001	0.9934	0.0014	0.0000	0.0000	0.0000	0.0007
0.0610	0.0073	0.9057	0.0000	0.0000	0.0003	0.0003	0.0000	0.0000	0.0000	0.0000	0.0254
0.9977	0.0000	0.0000	0.0000	0.0000	0.0000	0.0000	0.0000	0.0023	0.0000	0.0000	0.0000
0.9859	0.0000	0.0000	0.0000	0.0000	0.0000	0.0000	0.0000	0.0141	0.0000	0.0000	0.0000
0.0000	0.0000	0.0000	0.0001	0.0001	0.0000	0.0000	0.0000	0.0000	0.9997	0.0001	0.0000
0.0000	0.0000	0.0000	0.0000	0.0000	0.0000	0.0000	0.0006	0.0000	0.0000	0.0000	0.9994
0.0000	0.0000	0.0000	0.0000	0.0000	0.0000	0.0000	0.1072	0.0000	0.0002	0.0000	0.8926
0.0000	0.0000	0.0000	0.0000	0.0000	0.0000	0.0000	0.2205	0.0000	0.0000	0.0000	0.7794
0.0000	0.0000	0.0000	0.0039	0.0000	0.0000	0.0000	0.0000	0.0000	0.9953	0.0008	0.0000
1.0000	0.0000	0.0000	0.0000	0.0000	0.0000	0.0000	0.0000	0.0000	0.0000	0.0000	0.0000
0.0004	0.0001	0.0105	0.0000	0.0000	0.0002	0.9256	0.0424	0.0000	0.0001	0.0000	0.0208
0.0022	0.0000	0.0280	0.0000	0.0000	0.0288	0.0040	0.0008	0.0000	0.0189	0.0001	0.9173
0.0000	0.0000	0.0000	0.0000	0.0000	0.7647	0.0000	0.0000	0.0000	0.2238	0.0114	0.0001
0.0012	0.0000	0.0001	0.0000	0.0000	0.0000	0.9449	0.0133	0.0000	0.0000	0.0000	0.0404
0.0000	0.0000	0.0000	0.0000	0.0000	0.0000	0.0000	0.0000	0.0000	0.0000	0.0000	1.0000
0.0000	0.0000	0.8471	0.0000	0.0000	0.1529	0.0000	0.0000	0.0000	0.0000	0.0000	0.0000
0.0000	0.0000	0.8389	0.0000	0.0000	0.1610	0.0000	0.0000	0.0000	0.0000	0.0000	0.0000
0.0000	0.0000	0.0050	0.0000	0.0000	0.0000	0.0000	0.0000	0.0000	0.0000	0.0000	0.9950
0.0000	0.9949	0.0035	0.0000	0.0000	0.0000	0.0001	0.0000	0.0000	0.0000	0.0000	0.0015
0.0000	0.0000	0.9988	0.0000	0.0000	0.0000	0.0000	0.0000	0.0000	0.0000	0.0000	0.0012
0.0000	0.0000	0.0000	0.0000	0.0000	0.0000	0.0001	0.0000	0.0000	0.0000	0.0000	0.9998
0.0000	0.0000	0.9542	0.0000	0.0000	0.0458	0.0000	0.0000	0.0000	0.0000	0.0000	0.0000
0.0000	0.0000	0.9962	0.0000	0.0000	0.0025	0.0000	0.0000	0.0000	0.0000	0.0000	0.0013
0.0000	0.0000	0.0000	0.0000	0.0000	0.0000	0.0000	0.0000	0.0000	0.0000	0.0000	1.0000
0.0000	0.0000	0.0000	0.0000	0.0000	0.0000	0.0000	0.0000	0.0000	0.0000	0.0000	1.0000
0.0000	0.0000	0.9981	0.0000	0.0000	0.0005	0.0000	0.0000	0.0000	0.0000	0.0000	0.0014
0.0000	0.0000	0.9998	0.0000	0.0000	0.0001	0.0000	0.0000	0.0000	0.0000	0.0000	0.0001
0.0000	0.0000	0.0002	0.0000	0.0000	0.0001	0.0000	0.0000	0.0001	0.0000	0.0000	0.9995
0.0000	0.0000	0.8983	0.0000	0.0000	0.1016	0.0000	0.0000	0.0000	0.0000	0.0000	0.0000
0.0000	0.0000	0.8761	0.0000	0.0000	0.1238	0.0000	0.0000	0.0000	0.0000	0.0000	0.0000
0.0000	0.0000	0.0022	0.0000	0.0000	0.0000	0.0000	0.0000	0.0000	0.0000	0.0000	0.9978
0.0001	0.0000	0.9997	0.0000	0.0000	0.0000	0.0000	0.0000	0.0000	0.0000	0.0000	0.0003
0.0001	0.0008	0.9871	0.0000	0.0000	0.0000	0.0000	0.0000	0.0000	0.0000	0.0000	0.0119
0.0006	0.0000	0.0685	0.0011	0.0000	0.0019	0.0000	0.0010	0.0000	0.0035	0.0000	0.9234
0.0000	0.0000	0.9707	0.0000	0.0000	0.0292	0.0000	0.0000	0.0000	0.0000	0.0000	0.0000
0.0000	0.0000	0.9964	0.0000	0.0000	0.0036	0.0000	0.0000	0.0000	0.0000	0.0000	0.0001
0.0000	0.0000	0.0000	0.0000	0.0000	0.0000	0.0000	0.0000	0.0000	0.0000	0.0000	1.0000
0.0000	0.0000	0.9991	0.0000	0.0000	0.0009	0.0000	0.0000	0.0000	0.0000	0.0000	0.0000
0.0000	0.0000	0.0000	0.0000	0.0000	0.0000	0.0000	0.0000	1.0000	0.0000	0.0000	0.0000
0.0000	0.0000	0.0000	0.0000	0.0000	0.0000	0.0000	0.0000	1.0000	0.0000	0.0000	0.0000
0.0000	0.0000	0.0013	0.0000	0.0000	0.0834	0.9152	0.0000	0.0000	0.0000	0.0000	0.0000
0.0000	0.0000	0.0000	0.0000	0.0000	0.0000	0.0000	0.0000	1.0000	0.0000	0.0000	0.0000
0.0000	0.0000	0.0000	0.0000	0.0000	0.0000	0.0000	0.0000	1.0000	0.0000	0.0000	0.0000
0.0000	0.0000	0.0000	0.0000	0.0000	0.0000	0.0000	0.0000	1.0000	0.0000	0.0000	0.0000
0.0000	0.0000	0.0000	0.0000	0.0000	0.0000	0.0000	0.0000	1.0000	0.0000	0.0000	0.0000
0.0000	0.0000	0.3320	0.0000	0.0000	0.0000	0.6680	0.0000	0.0000	0.0000	0.0000	0.0000
0.0000	0.0000	0.0010	0.0000	0.0000	0.0000	0.9990	0.0000	0.0000	0.0000	0.0000	0.0000
0.0000	0.0000	0.0000	0.0000	0.0000	0.0000	0.0000	0.0000	1.0000	0.0000	0.0000	0.0000
0.0000	0.0000	0.9970	0.0000	0.0000	0.0000	0.0030	0.0000	0.0000	0.0000	0.0000	0.0000
0.0000	0.0000	0.0000	0.0000	0.0000	0.0000	1.0000	0.0000	0.0000	0.0000	0.0000	0.0000
0.0000	0.0000	0.0000	0.0000	0.0000	0.0000	0.0000	0.0000	1.0000	0.0000	0.0000	0.0000
0.0000	0.0000	0.0000	0.0000	0.0000	0.0000	0.0000	0.0000	1.0000	0.0000	0.0000	0.0000
0.0000	0.0000	0.0000	0.0000	0.0000	0.0008	0.0495	0.0000	0.9496	0.0001	0.0000	0.0000
0.0000	0.0000	0.0000	0.0000	0.0000	0.0000	0.0000	0.0000	1.0000	0.0000	0.0000	0.0000
0.0000	0.0000	0.0000	0.0000	0.0000	0.0000	0.0000	0.0000	1.0000	0.0000	0.0000	0.0000
0.0000	0.0000	0.9448	0.0000	0.0000	0.0008	0.0545	0.0000	0.0000	0.0000	0.0000	0.0000
0.0000	0.0000	0.0000	0.0000	0.0000	0.0000	0.0000	0.0000	1.0000	0.0000	0.0000	0.0000
0.0000	0.0000	0.6493	0.0000	0.0000	0.0000	0.3507	0.0000	0.0000	0.0000	0.0000	0.0000
0.0000	0.0000	0.0132	0.0000	0.0000	0.0000	0.9868	0.0000	0.0000	0.0000	0.0000	0.0000
0.0000	0.0000	0.0645	0.0000	0.0000	0.0000	0.9355	0.0000	0.0000	0.0000	0.0000	0.0000
0.0000	0.0000	0.0019	0.0000	0.0000	0.0000	0.9981	0.0000	0.0000	0.0000	0.0000	0.0000
0.0000	0.0000	0.0025	0.0000	0.0000	0.0000	0.9975	0.0000	0.0000	0.0000	0.0000	0.0000
0.0000	0.0000	0.0011	0.0000	0.0000	0.0000	0.9989	0.0000	0.0000	0.0000	0.0000	0.0000
0.0000	0.0000	0.0000	0.0000	0.0000	0.0000	0.0000	0.0000	1.0000	0.0000	0.0000	0.0000
0.0000	0.0000	0.0000	0.0000	0.0000	0.0000	0.0000	0.0000	1.0000	0.0000	0.0000	0.0000
0.0000	0.0000	0.5827	0.0000	0.0000	0.3665	0.0508	0.0000	0.0000	0.0000	0.0000	0.0000
0.0000	0.0000	0.0235	0.0000	0.0000	0.0000	0.9765	0.0000	0.0000	0.0000	0.0000	0.0000
