0.0162	0.0000	0.0000	0.0000	0.0000	0.0000	0.0004	0.0000	0.0000	0.9833	0.0000	0.0001
0.3853	0.0000	0.0000	0.0000	0.0000	0.0000	0.1012	0.0000	0.0000	0.5064	0.0000	0.0070
1.0000	0.0000	0.0000	0.0000	0.0000	0.0000	0.0000	0.0000	0.0000	0.0000	0.0000	0.0000
0.0000	0.0000	0.0000	0.0000	0.0000	0.0000	0.0019	0.0000	0.0000	0.0000	0.0000	0.9981
0.0000	0.0001	0.0161	0.0000	0.0000	0.0000	0.0886	0.8884	0.0000	0.0000	0.0000	0.0068
0.0000	0.0000	0.0000	0.0000	0.0000	0.0000	0.0000	0.0000	0.0000	1.0000	0.0000	0.0000
0.9822	0.0000	0.0000	0.0000	0.0000	0.0000	0.0000	0.0000	0.0000	0.0177	0.0000	0.0001
0.0000	0.8561	0.1434	0.0000	0.0000	0.0003	0.0001	0.0001	0.0000	0.0000	0.0000	0.0000
0.0000	0.0004	0.0026	0.0000	0.0000	0.9970	0.0000	0.0000	0.0000	0.0000	0.0000	0.0000
0.0000	0.0000	0.0000	0.0000	0.0000	0.0000	0.3363	0.1374	0.0000	0.0000	0.0000	0.5262
0.0000	0.0000	0.0000	0.0000	0.0000	0.0003	0.0000	0.0000	0.9997	0.0000	0.0000	0.0000
0.0000	0.0000	0.0000	0.0000	0.0000	0.0001	0.0000	0.0000	0.9996	0.0003	0.0000	0.0000
0.0000	0.0000	0.0000	0.0000	0.0000	0.0000	0.0000	0.0000	0.0000	0.9579	0.0000	0.0421
0.0000	0.0000	0.0000	0.0000	0.9897	0.0000	0.0000	0.0000	0.0000	0.0103	0.0000	0.0000
0.0000	0.9950	0.0050	0.0000	0.0000	0.0000	0.0000	0.0000	0.0000	0.0000	0.0000	0.0000
0.0000	0.0001	0.4956	0.0000	0.0000	0.5040	0.0002	0.0001	0.0000	0.0000	0.0000	0.0000
0.0000	0.0000	0.9975	0.0000	0.0000	0.0012	0.0004	0.0008	0.0000	0.0000	0.0000	0.0000
0.9968	0.0000	0.0000	0.0000	0.0000	0.0000	0.0000	0.0000	0.0031	0.0001	0.0000	0.0000
0.9936	0.0000	0.0000	0.0000	0.0000	0.0000	0.0000	0.0000	0.0003	0.0002	0.0059	0.0000
0.0000	0.0000	0.0000	0.0000	0.0000	0.0000	0.0058	0.0000	0.0000	0.0000	0.0000	0.9942
0.0000	0.0000	0.0000	0.0000	0.0000	0.0000	0.0202	0.9798	0.0000	0.0000	0.0000	0.0000
0.0000	0.0000	0.0000	0.0000	0.0000	0.0000	0.5278	0.4685	0.0000	0.0000	0.0000	0.0037
0.0000	0.0000	0.0000	0.0000	0.0000	0.0000	0.0000	0.0000	0.0000	1.0000	0.0000	0.0000
0.9862	0.0058	0.0012	0.0000	0.0000	0.0004	0.0003	0.0016	0.0000	0.0041	0.0000	0.0003
0.0000	0.0000	0.0000	0.0000	0.0000	0.0083	0.0048	0.0000	0.0000	0.0000	0.0000	0.9869
0.0000	0.0000	0.0000	0.0004	0.0000	0.0000	0.9881	0.0074	0.0000	0.0000	0.0000	0.0041
0.0000	0.0000	0.0000	0.8060	0.0000	0.0000	0.0000	0.0000	0.0000	0.1940	0.0000	0.0000
0.0000	0.0000	0.0000	0.0000	0.0000	0.0000	0.0000	0.0000	0.0000	0.0000	1.0000	0.0000
0.0000	0.0000	0.0000	0.0000	0.0071	0.0000	0.0799	0.0001	0.0000	0.7014	0.0047	0.2069
0.0000	0.0000	0.0000	0.0000	0.0000	0.0000	0.0000	0.0000	1.0000	0.0000	0.0000	0.0000
0.0000	0.0000	0.0000	0.0000	0.0005	0.0000	0.0000	0.0000	0.0000	0.0000	0.9995	0.0000
0.0000	0.0000	0.0009	0.0000	0.0000	0.0000	0.2628	0.7360	0.0000	0.0000	0.0000	0.0004
0.0000	0.0000	0.0000	0.0000	0.0000	0.0000	0.0000	0.0000	0.0000	1.0000	0.0000	0.0000
0.0000	0.0000	0.0000	0.0000	0.0000	0.0000	0.0000	0.0000	0.0000	0.0119	0.9881	0.0000
0.0000	0.9729	0.0269	0.0000	0.0000	0.0000	0.0000	0.0002	0.0000	0.0000	0.0000	0.0000
1.0000	0.0000	0.0000	0.0000	0.0000	0.0000	0.0000	0.0000	0.0000	0.0000	0.0000	0.0000
0.0000	0.0000	0.0000	0.0000	0.0000	0.0001	0.0000	0.0000	0.0000	0.9047	0.0000	0.0952
0.0000	0.0176	0.1092	0.0000	0.0000	0.8701	0.0026	0.0005	0.0000	0.0000	0.0000	0.0000
0.0000	0.0000	0.0000	0.0000	0.0000	0.0000	0.0000	0.0000	0.0000	0.0000	1.0000	0.0000
0.0000	0.0000	0.0000	0.0000	0.0000	0.0000	0.0000	0.0000	0.9998	0.0000	0.0002	0.0000
0.0000	0.0086	0.0000	0.0000	0.0000	0.0726	0.1065	0.8118	0.0000	0.0000	0.0000	0.0005
0.0000	0.0000	0.0000	0.0000	0.0001	0.0000	0.0003	0.4108	0.0000	0.0000	0.0000	0.5889
0.0000	0.0000	0.0000	0.0000	0.0000	0.9702	0.0014	0.0002	0.0000	0.0000	0.0000	0.0281
0.0000	0.0000	0.0000	0.0000	0.0000	0.0000	0.0211	0.0000	0.0000	0.0000	0.0000	0.9788
0.0000	0.0000	0.0000	0.0000	0.0000	0.0000	0.0000	0.0000	0.0000	0.0000	0.0000	1.0000
0.0000	0.0000	0.0000	0.0000	0.0000	0.0000	0.0038	0.9962	0.0000	0.0000	0.0000	0.0000
0.0000	0.0000	0.0000	0.0000	0.0000	0.0000	0.0000	0.0000	0.0000	1.0000	0.0000	0.0000
0.0000	0.0000	0.0000	0.0000	1.0000	0.0000	0.0000	0.0000	0.0000	0.0000	0.0000	0.0000
0.0000	0.0000	0.0004	0.0000	0.0000	0.9996	0.0000	0.0000	0.0000	0.0000	0.0000	0.0000
0.0000	0.0706	0.0171	0.0000	0.0000	0.9071	0.0000	0.0052	0.0000	0.0000	0.0000	0.0000
0.0000	0.0000	0.0000	0.0000	0.0000	0.0000	0.8488	0.1512	0.0000	0.0000	0.0000	0.0000
0.0000	0.0000	0.0000	0.0000	0.0000	0.0000	0.0012	0.0000	0.0000	0.0001	0.0000	0.9987
0.2574	0.0000	0.0002	0.0000	0.0000	0.0000	0.6907	0.0402	0.0000	0.0002	0.0000	0.0113
0.0000	0.0001	0.3911	0.0000	0.0000	0.5583	0.0003	0.0502	0.0000	0.0000	0.0000	0.0000
0.0000	0.0008	0.8924	0.0000	0.0000	0.1063	0.0001	0.0004	0.0000	0.0000	0.0000	0.0000
0.0000	0.0000	0.0000	0.0000	0.0000	0.0000	0.8750	0.1247	0.0000	0.0000	0.0000	0.0003
0.0000	0.0034	0.0127	0.0000	0.0000	0.0029	0.0919	0.8891	0.0000	0.0000	0.0000	0.0000
0.0000	0.0000	0.0000	0.0000	0.0000	0.0000	0.0000	0.0000	0.0000	0.9816	0.0000	0.0184
0.0000	0.0000	0.0000	0.0000	0.0000	0.0000	0.0000	0.0000	0.0000	0.9936	0.0000	0.0064
0.0000	0.9520	0.0007	0.0000	0.0000	0.0035	0.0001	0.0437	0.0000	0.0000	0.0000	0.0000
0.0000	0.0000	0.0000	0.0000	0.0000	0.9998	0.0000	0.0000	0.0000	0.0002	0.0000	0.0000
0.9993	0.0000	0.0001	0.0000	0.0000	0.0000	0.0000	0.0000	0.0001	0.0005	0.0000	0.0000
0.0000	0.0000	0.0000	0.0000	0.0000	0.0000	0.4202	0.0000	0.0000	0.0000	0.0000	0.5797
0.0000	0.0000	0.0000	0.0000	0.0000	0.0000	0.0000	0.0000	0.9811	0.0026	0.0000	0.0162
0.0854	0.0000	0.0000	0.0000	0.0000	0.0010	0.7805	0.1152	0.0000	0.0000	0.0000	0.0179
0.0013	0.0000	0.0000	0.0364	0.0000	0.0016	0.0018	0.0000	0.5709	0.2117	0.0000	0.1763
0.0000	0.0070	0.0000	0.0000	0.0000	0.0000	0.9913	0.0018	0.0000	0.0000	0.0000	0.0000
0.0034	0.0000	0.6970	0.0000	0.0000	0.0000	0.0000	0.0000	0.0000	0.0000	0.0000	0.2995
0.9975	0.0000	0.0000	0.0000	0.0000	0.0000	0.0000	0.0000	0.0007	0.0000	0.0000	0.0017
0.0086	0.0000	0.0000	0.0000	0.0000	0.0000	0.0000	0.0000	0.9914	0.0000	0.0000	0.0000
0.0000	0.0000	0.0000	0.0001	0.0024	0.0000	0.0000	0.0000	0.0000	0.8880	0.1095	0.0000
0.0000	0.0000	0.0000	0.0000	0.0000	0.0000	0.0000	0.0000	0.0000	0.0000	0.0000	1.0000
0.0000	0.0000	0.0000	0.0000	0.0000	0.0000	0.0000	0.0010	0.0000	0.0006	0.0000	0.9985
0.0000	0.0000	0.0000	0.0000	0.0000	0.0000	0.0000	0.6919	0.0000	0.0000	0.0003	0.3078
0.0000	0.0000	0.0000	0.0000	0.0000	0.0000	0.0000	0.0000	0.0000	1.0000	0.0000	0.0000
1.0000	0.0000	0.0000	0.0000	0.0000	0.0000	0.0000	0.0000	0.0000	0.0000	0.0000	0.0000
0.0000	0.0000	0.0000	0.0000	0.0000	0.0000	0.9970	0.0027	0.0000	0.0000	0.0000	0.0003
0.0000	0.0000	0.0000	0.0000	0.0000	0.0007	0.0000	0.0000	0.0000	0.0016	0.0000	0.9978
0.0000	0.0000	0.0000	0.0000	0.0000	0.9542	0.0000	0.0000	0.0000	0.0458	0.0000	0.0000
0.0000	0.0000	0.0000	0.0000	0.0000	0.0000	0.9983	0.0017	0.0000	0.0000	0.0000	0.0000
0.0000	0.0000	0.0000	0.0000	0.0000	0.0000	0.0000	0.0000	0.0000	0.0000	0.0000	1.0000
0.0000	0.0000	0.9977	0.0000	0.0000	0.0023	0.0000	0.0000	0.0000	0.0000	0.0000	0.0000
0.0000	0.0000	0.9983	0.0000	0.0000	0.0017	0.0000	0.0000	0.0000	0.0000	0.0000	0.0000
0.0000	0.0000	0.0000	0.0000	0.0000	0.0000	0.0000	0.0000	0.0000	0.0000	0.0000	1.0000
0.0000	0.0000	0.9245	0.0000	0.0000	0.0000	0.0454	0.0000	0.0000	0.0298	0.0000	0.0003
0.0002	0.0000	0.3653	0.0000	0.0000	0.0000	0.0000	0.0000	0.0000	0.0005	0.0000	0.6339
0.0000	0.0000	0.0000	0.0000	0.0000	0.0000	0.0000	0.0000	0.0000	0.0000	0.0000	1.0000
0.0000	0.0000	1.0000	0.0000	0.0000	0.0000	0.0000	0.0000	0.0000	0.0000	0.0000	0.0000
0.0000	0.0000	0.9375	0.0000	0.0000	0.0000	0.0000	0.0000	0.0000	0.0000	0.0000	0.0625
0.0000	0.0000	0.0000	0.0000	0.0000	0.0000	0.0000	0.0000	0.0000	0.0000	0.0000	1.0000
0.0000	0.0000	0.0000	0.0000	0.0000	0.0000	0.0000	0.0000	0.0002	0.0000	0.0000	0.9998
0.0000	0.0000	1.0000	0.0000	0.0000	0.0000	0.0000	0.0000	0.0000	0.0000	0.0000	0.0000
0.0000	0.0000	0.9995	0.0000	0.0000	0.0000	0.0000	0.0000	0.0005	0.0000	0.0000	0.0000
0.0000	0.0000	0.0000	0.0000	0.0000	0.0000	0.0000	0.0000	0.0028	0.0000	0.0000	0.9972
0.0000	0.0000	0.9997	0.0000	0.0000	0.0003	0.0000	0.0000	0.0000	0.0000	0.0000	0.0000
0.0000	0.0000	0.9990	0.0000	0.0000	0.0010	0.0000	0.0000	0.0000	0.0000	0.0000	0.0000
0.0002	0.0000	0.0000	0.0000	0.0000	0.0000	0.0000	0.0000	0.0000	0.0000	0.0000	0.9997
0.0414	0.0000	0.9581	0.0000	0.0000	0.0000	0.0000	0.0000	0.0005	0.0000	0.0000	0.0000
0.9915	0.0077	0.0003	0.0000	0.0000	0.0000	0.0000	0.0000	0.0005	0.0000	0.0000	0.0000
0.0000	0.0000	0.1261	0.0000	0.0000	0.0000	0.0000	0.0000	0.0000	0.0133	0.0000	0.8606
0.0000	0.0000	1.0000	0.0000	0.0000	0.0000	0.0000	0.0000	0.0000	0.0000	0.0000	0.0000
0.0000	0.0000	1.0000	0.0000	0.0000	0.0000	0.0000	0.0000	0.0000	0.0000	0.0000	0.0000
0.0000	0.0000	0.0000	0.0000	0.0000	0.0000	0.0000	0.0000	0.0000	0.0000	0.0000	1.0000
0.0000	0.0000	1.0000	0.0000	0.0000	0.0000	0.0000	0.0000	0.0000	0.0000	0.0000	0.0000
0.0000	0.0000	0.0000	0.0000	0.0000	0.0000	0.0000	0.0000	1.0000	0.0000	0.0000	0.0000
0.0000	0.0000	0.0000	0.0000	0.0000	0.0000	0.0000	0.0000	1.0000	0.0000	0.0000	0.0000
0.0000	0.0000	0.0000	0.0000	0.0000	0.1846	0.8154	0.0000	0.0000	0.0000	0.0000	0.0000
0.0000	0.0000	0.0000	0.0000	0.0000	0.0000	0.0000	0.0000	1.0000	0.0000	0.0000	0.0000
0.0000	0.0000	0.0000	0.0000	0.0000	0.0000	0.0000	0.0000	1.0000	0.0000	0.0000	0.0000
0.0000	0.0000	0.0000	0.0000	0.0000	0.0000	0.0000	0.0000	1.0000	0.0000	0.0000	0.0000
0.0000	0.0000	0.0000	0.0000	0.0000	0.0000	0.0000	0.0000	1.0000	0.0000	0.0000	0.0000
0.0000	0.0000	0.0529	0.0000	0.0000	0.0000	0.9471	0.0000	0.0000	0.0000	0.0000	0.0000
0.0000	0.0000	0.0000	0.0000	0.0000	0.0000	1.0000	0.0000	0.0000	0.0000	0.0000	0.0000
0.0000	0.0000	0.0000	0.0000	0.0000	0.0000	0.0000	0.0000	1.0000	0.0000	0.0000	0.0000
0.0000	0.0000	0.9999	0.0000	0.0000	0.0000	0.0001	0.0000	0.0000	0.0000	0.0000	0.0000
0.0000	0.0000	0.0000	0.0000	0.0000	0.0000	1.0000	0.0000	0.0000	0.0000	0.0000	0.0000
0.0000	0.0000	0.0000	0.0000	0.0000	0.0000	0.0000	0.0000	1.0000	0.0000	0.0000	0.0000
0.0000	0.0000	0.0000	0.0000	0.0000	0.0000	0.0000	0.0000	1.0000	0.0000	0.0000	0.0000
0.0000	0.0000	0.0000	0.0000	0.0000	0.0000	0.0000	0.0000	1.0000	0.0000	0.0000	0.0000
0.0000	0.0000	0.0000	0.0000	0.0000	0.0000	0.0000	0.0000	1.0000	0.0000	0.0000	0.0000
0.0000	0.0000	0.0000	0.0000	0.0000	0.0000	0.0000	0.0000	1.0000	0.0000	0.0000	0.0000
0.0000	0.0000	0.0617	0.0000	0.0000	0.0000	0.9383	0.0000	0.0000	0.0000	0.0000	0.0000
0.0000	0.0000	0.0000	0.0000	0.0000	0.0000	0.0000	0.0000	1.0000	0.0000	0.0000	0.0000
0.0000	0.0000	0.0023	0.0000	0.0000	0.0000	0.9977	0.0000	0.0000	0.0000	0.0000	0.0000
0.0000	0.0000	0.0005	0.0000	0.0000	0.0000	0.9995	0.0000	0.0000	0.0000	0.0000	0.0000
0.0000	0.0000	0.0048	0.0000	0.0000	0.0000	0.9952	0.0000	0.0000	0.0000	0.0000	0.0000
0.0000	0.0000	0.0000	0.0000	0.0000	0.0000	1.0000	0.0000	0.0000	0.0000	0.0000	0.0000
0.0000	0.0000	0.0001	0.0000	0.0000	0.0000	0.9999	0.0000	0.0000	0.0000	0.0000	0.0000
0.0000	0.0000	0.0000	0.0000	0.0000	0.0000	1.0000	0.0000	0.0000	0.0000	0.0000	0.0000
0.0000	0.0000	0.0000	0.0000	0.0000	0.0000	0.0000	0.0000	1.0000	0.0000	0.0000	0.0000
0.0000	0.0000	0.0000	0.0000	0.0000	0.0000	0.0000	0.0000	1.0000	0.0000	0.0000	0.0000
0.0000	0.0000	0.0636	0.0000	0.0000	0.9360	0.0004	0.0000	0.0000	0.0000	0.0000	0.0000
0.0000	0.0000	0.0000	0.0000	0.0000	0.0000	1.0000	0.0000	0.0000	0.0000	0.0000	0.0000
