0.2746	0.0002	0.0000	0.0000	0.0000	0.0008	0.0439	0.0016	0.0000	0.4523	0.0000	0.2266
0.3907	0.0000	0.0001	0.0000	0.0000	0.0188	0.0175	0.0000	0.0000	0.0009	0.0000	0.5719
1.0000	0.0000	0.0000	0.0000	0.0000	0.0000	0.0000	0.0000	0.0000	0.0000	0.0000	0.0000
0.0000	0.0000	0.0000	0.0000	0.0000	0.0000	0.0079	0.0003	0.0000	0.0004	0.0002	0.9911
0.0000	0.0002	0.1191	0.0000	0.0000	0.0001	0.6155	0.1244	0.0000	0.0000	0.0002	0.1405
0.0000	0.0000	0.0000	0.0000	0.0000	0.0000	0.0000	0.0000	0.0000	1.0000	0.0000	0.0000
0.1020	0.0000	0.0000	0.0002	0.0000	0.0000	0.0000	0.0000	0.0000	0.0097	0.0000	0.8881
0.0000	0.5274	0.3464	0.0000	0.0000	0.0665	0.0552	0.0041	0.0000	0.0000	0.0000	0.0003
0.0000	0.0000	0.0002	0.0000	0.0000	0.9982	0.0012	0.0000	0.0000	0.0000	0.0000	0.0004
0.0000	0.0000	0.0009	0.0000	0.0000	0.0000	0.9116	0.0019	0.0000	0.0000	0.0000	0.0856
0.0000	0.0000	0.0000	0.0000	0.0000	0.0012	0.0000	0.0000	0.9957	0.0030	0.0000	0.0000
0.0000	0.0000	0.0000	0.0000	0.0000	0.0037	0.0000	0.0000	0.8803	0.1160	0.0000	0.0000
0.0000	0.0000	0.0000	0.0000	0.0000	0.0000	0.0001	0.0000	0.0000	0.2185	0.0000	0.7814
0.0000	0.0000	0.0000	0.0000	1.0000	0.0000	0.0000	0.0000	0.0000	0.0000	0.0000	0.0000
0.0000	0.9505	0.0495	0.0000	0.0000	0.0000	0.0000	0.0000	0.0000	0.0000	0.0000	0.0000
0.0013	0.0075	0.9374	0.0000	0.0000	0.0083	0.0223	0.0179	0.0000	0.0000	0.0000	0.0053
0.0023	0.0001	0.6047	0.0000	0.0000	0.0241	0.0372	0.3263	0.0000	0.0000	0.0000	0.0053
0.9707	0.0000	0.0000	0.0000	0.0000	0.0000	0.0000	0.0000	0.0293	0.0000	0.0000	0.0000
0.2652	0.0000	0.0000	0.0000	0.0000	0.0000	0.0000	0.0000	0.7333	0.0000	0.0015	0.0000
0.0000	0.0000	0.0000	0.0000	0.0000	0.0000	0.0831	0.0000	0.0000	0.0001	0.0000	0.9168
0.0000	0.0000	0.0000	0.0000	0.0000	0.0000	0.8748	0.1249	0.0000	0.0001	0.0000	0.0001
0.0000	0.0000	0.0000	0.0000	0.0000	0.0000	0.6539	0.2951	0.0000	0.0007	0.0008	0.0495
0.0000	0.0000	0.0000	0.0000	0.0000	0.0000	0.0000	0.0000	0.0000	1.0000	0.0000	0.0000
0.9659	0.0001	0.0009	0.0000	0.0000	0.0020	0.0010	0.0006	0.0000	0.0227	0.0000	0.0066
0.0000	0.0000	0.0000	0.0000	0.0000	0.0012	0.1569	0.0007	0.0000	0.0016	0.0000	0.8397
0.0000	0.0000	0.0000	0.0000	0.0000	0.0000	0.0025	0.9975	0.0000	0.0000	0.0000	0.0000
0.0000	0.0000	0.0000	0.0719	0.0000	0.0000	0.0000	0.0000	0.0000	0.9270	0.0000	0.0011
0.0000	0.0000	0.0000	0.0000	0.0000	0.0000	0.0000	0.0000	0.0000	0.0000	1.0000	0.0000
0.0001	0.0000	0.0000	0.0000	0.0000	0.0000	0.0021	0.0001	0.0000	0.9895	0.0028	0.0054
0.0000	0.0000	0.0000	0.0000	0.0000	0.0000	0.0000	0.0000	1.0000	0.0000	0.0000	0.0000
0.0000	0.0000	0.0000	0.1256	0.0598	0.0000	0.0000	0.0000	0.1544	0.0950	0.5651	0.0000
0.0000	0.0000	0.0001	0.0000	0.0000	0.0000	0.9544	0.0450	0.0000	0.0000	0.0001	0.0004
0.0000	0.0000	0.0000	0.0000	0.0000	0.0000	0.0000	0.0000	0.0000	0.9985	0.0015	0.0000
0.0000	0.0000	0.0000	0.9232	0.0000	0.0000	0.0000	0.0000	0.0000	0.0000	0.0768	0.0000
0.0000	0.5950	0.3500	0.0000	0.0000	0.0237	0.0187	0.0125	0.0000	0.0000	0.0000	0.0001
0.9999	0.0000	0.0000	0.0000	0.0000	0.0000	0.0000	0.0000	0.0000	0.0000	0.0001	0.0000
0.0001	0.0000	0.0000	0.0000	0.0000	0.0004	0.0000	0.0000	0.0000	0.3075	0.0015	0.6904
0.0000	0.0182	0.0661	0.0000	0.0000	0.6046	0.3031	0.0065	0.0000	0.0000	0.0000	0.0015
0.0000	0.0000	0.0000	0.0000	0.0000	0.0000	0.0000	0.0000	0.0000	0.0000	1.0000	0.0000
0.0000	0.0000	0.0000	0.0000	0.0000	0.0000	0.0000	0.0000	1.0000	0.0000	0.0000	0.0000
0.0074	0.4510	0.0006	0.0000	0.0000	0.3789	0.0861	0.0679	0.0000	0.0041	0.0000	0.0039
0.0000	0.0000	0.0000	0.0000	0.0000	0.0000	0.0728	0.0500	0.0000	0.0000	0.0000	0.8771
0.0001	0.0003	0.0005	0.0000	0.0000	0.2798	0.0046	0.0005	0.0000	0.0001	0.0000	0.7139
0.0053	0.0000	0.0013	0.0000	0.0000	0.0023	0.0223	0.0011	0.0000	0.0007	0.0020	0.9650
0.0000	0.0000	0.0000	0.0000	0.0000	0.0000	0.0008	0.0023	0.0000	0.0000	0.0000	0.9968
0.0000	0.0000	0.0000	0.0000	0.0000	0.0000	0.2773	0.7194	0.0000	0.0004	0.0000	0.0028
0.0000	0.0000	0.0000	0.0000	0.0000	0.0000	0.0000	0.0000	0.0000	0.9999	0.0001	0.0001
0.0000	0.0000	0.0000	0.0000	1.0000	0.0000	0.0000	0.0000	0.0000	0.0000	0.0000	0.0000
0.0000	0.0000	0.0000	0.0000	0.0000	0.9999	0.0001	0.0000	0.0000	0.0000	0.0000	0.0000
0.0000	0.1151	0.0613	0.0000	0.0000	0.8043	0.0124	0.0068	0.0000	0.0000	0.0000	0.0001
0.0000	0.0000	0.0000	0.0000	0.0000	0.0000	0.9038	0.0961	0.0000	0.0001	0.0000	0.0000
0.0000	0.0000	0.0000	0.0000	0.0000	0.0000	0.0009	0.0097	0.0000	0.0054	0.0000	0.9839
0.0465	0.0000	0.0000	0.0000	0.0000	0.0000	0.0467	0.1139	0.0000	0.0039	0.0000	0.7889
0.0001	0.0213	0.1817	0.0000	0.0000	0.5153	0.1309	0.1395	0.0000	0.0005	0.0000	0.0107
0.0001	0.2297	0.3991	0.0000	0.0000	0.2889	0.0394	0.0407	0.0000	0.0000	0.0000	0.0021
0.0053	0.0000	0.0000	0.0000	0.0000	0.0004	0.1628	0.7880	0.0000	0.0034	0.0001	0.0401
0.0000	0.0012	0.0157	0.0000	0.0000	0.0120	0.8736	0.0937	0.0000	0.0000	0.0000	0.0036
0.0000	0.0000	0.0000	0.0000	0.0000	0.0000	0.0000	0.0000	0.0000	1.0000	0.0000	0.0000
0.0000	0.0000	0.0000	0.0000	0.0000	0.0000	0.0007	0.0000	0.0000	0.6266	0.0004	0.3722
0.0000	0.9780	0.0006	0.0000	0.0000	0.0021	0.0040	0.0153	0.0000	0.0000	0.0000	0.0000
0.0026	0.0000	0.0000	0.0000	0.0000	0.6480	0.0000	0.0006	0.0000	0.3488	0.0000	0.0000
0.7742	0.0000	0.1037	0.0000	0.0000	0.0102	0.0006	0.0003	0.0001	0.0870	0.0000	0.0239
0.0000	0.0000	0.0000	0.0000	0.0000	0.0046	0.2407	0.0003	0.0000	0.0004	0.0000	0.7540
0.0000	0.0000	0.0000	0.0000	0.0000	0.0000	0.0000	0.0000	0.9999	0.0000	0.0000	0.0001
0.0000	0.0012	0.0000	0.0000	0.0000	0.0000	0.4854	0.3634	0.0000	0.0000	0.0000	0.1500
0.0003	0.0000	0.0000	0.0900	0.0000	0.0043	0.0119	0.0000	0.0007	0.1343	0.0000	0.7585
0.0000	0.0001	0.0000	0.0000	0.0000	0.0000	0.9987	0.0010	0.0000	0.0000	0.0000	0.0002
0.2073	0.0059	0.6129	0.0000	0.0000	0.0015	0.0012	0.0003	0.0000	0.0001	0.0000	0.1708
0.9628	0.0000	0.0000	0.0000	0.0000	0.0000	0.0000	0.0000	0.0352	0.0000	0.0020	0.0000
0.9714	0.0000	0.0000	0.0000	0.0000	0.0000	0.0000	0.0000	0.0285	0.0000	0.0000	0.0000
0.0000	0.0000	0.0000	0.0005	0.1172	0.0000	0.0000	0.0000	0.0001	0.8811	0.0012	0.0000
0.0000	0.0000	0.0000	0.0000	0.0000	0.0000	0.0000	0.0000	0.0000	0.0000	0.0000	1.0000
0.0000	0.0000	0.0000	0.0000	0.0000	0.0000	0.0000	0.0118	0.0000	0.0000	0.0000	0.9882
0.0000	0.0000	0.0000	0.0000	0.0000	0.0000	0.0000	0.7864	0.0000	0.0000	0.0002	0.2134
0.0000	0.0000	0.0000	0.0004	0.0000	0.0001	0.0000	0.0000	0.0000	0.8300	0.1695	0.0000
1.0000	0.0000	0.0000	0.0000	0.0000	0.0000	0.0000	0.0000	0.0000	0.0000	0.0000	0.0000
0.0000	0.0000	0.0002	0.0000	0.0000	0.0000	0.9459	0.0407	0.0000	0.0000	0.0000	0.0132
0.0003	0.0000	0.0000	0.0000	0.0000	0.0008	0.0001	0.0001	0.0000	0.0062	0.0001	0.9924
0.0000	0.0000	0.0000	0.0043	0.0000	0.0823	0.0000	0.0000	0.0000	0.1922	0.7207	0.0005
0.0000	0.0000	0.0000	0.0000	0.0000	0.0000	0.7818	0.0428	0.0000	0.0000	0.0000	0.1753
0.0000	0.0000	0.0000	0.0000	0.0000	0.0000	0.0000	0.0000	0.0000	0.0000	0.0000	1.0000
0.0002	0.0000	0.9543	0.0004	0.0000	0.0444	0.0000	0.0000	0.0000	0.0007	0.0000	0.0000
0.0002	0.0000	0.9500	0.0004	0.0000	0.0485	0.0000	0.0000	0.0000	0.0009	0.0000	0.0000
0.0000	0.0000	0.0000	0.0000	0.0000	0.0000	0.0000	0.0000	0.0000	0.0000	0.0000	1.0000
0.0000	0.0162	0.0000	0.0000	0.0000	0.0000	0.0000	0.0001	0.0000	0.0000	0.0000	0.9837
0.0000	0.0000	0.6532	0.0000	0.0000	0.0000	0.0000	0.0000	0.0000	0.0001	0.0000	0.3467
0.0000	0.0000	0.0000	0.0000	0.0000	0.0000	0.0000	0.0000	0.0000	0.0000	0.0000	1.0000
0.0000	0.0000	0.9990	0.0000	0.0000	0.0007	0.0000	0.0000	0.0000	0.0000	0.0000	0.0003
0.0000	0.0000	0.9814	0.0000	0.0000	0.0000	0.0000	0.0000	0.0000	0.0000	0.0000	0.0185
0.0000	0.0000	0.0000	0.0000	0.0000	0.0000	0.0000	0.0000	0.0000	0.0000	0.0000	1.0000
0.0000	0.0000	0.0000	0.0000	0.0000	0.0000	0.0000	0.0000	0.0000	0.0000	0.0000	1.0000
0.0000	0.0000	0.9913	0.0000	0.0000	0.0000	0.0000	0.0000	0.0000	0.0000	0.0000	0.0087
0.0002	0.0000	0.9953	0.0000	0.0000	0.0000	0.0000	0.0000	0.0001	0.0015	0.0000	0.0028
0.0000	0.0000	0.0000	0.0000	0.0000	0.0000	0.0000	0.0000	0.0000	0.0000	0.0000	1.0000
0.0001	0.0000	0.9931	0.0000	0.0000	0.0059	0.0000	0.0000	0.0000	0.0008	0.0000	0.0000
0.0001	0.0000	0.9810	0.0001	0.0000	0.0178	0.0000	0.0000	0.0000	0.0009	0.0000	0.0000
0.0000	0.0000	0.0000	0.0000	0.0000	0.0000	0.0000	0.0000	0.0000	0.0000	0.0000	1.0000
0.0016	0.0000	0.9966	0.0000	0.0000	0.0000	0.0000	0.0000	0.0000	0.0000	0.0000	0.0018
0.0036	0.0000	0.9955	0.0000	0.0000	0.0000	0.0000	0.0000	0.0000	0.0000	0.0000	0.0009
0.0000	0.0000	0.0003	0.0000	0.0000	0.0000	0.0000	0.0000	0.0000	0.0018	0.0000	0.9979
0.0000	0.0000	0.9996	0.0000	0.0000	0.0002	0.0000	0.0000	0.0000	0.0001	0.0000	0.0001
0.0000	0.0000	0.9998	0.0000	0.0000	0.0000	0.0000	0.0000	0.0000	0.0000	0.0000	0.0002
0.0000	0.0000	0.0000	0.0000	0.0000	0.0000	0.0000	0.0000	0.0000	0.0000	0.0000	1.0000
0.0000	0.0000	0.9998	0.0000	0.0000	0.0000	0.0000	0.0000	0.0000	0.0000	0.0000	0.0000
0.0000	0.0000	0.0000	0.0000	0.0000	0.0000	0.0000	0.0000	1.0000	0.0000	0.0000	0.0000
0.0000	0.0000	0.0000	0.0000	0.0000	0.0000	0.0000	0.0000	1.0000	0.0000	0.0000	0.0000
0.0000	0.0000	0.0000	0.0000	0.0000	0.0020	0.9979	0.0000	0.0000	0.0000	0.0000	0.0000
0.0000	0.0000	0.0000	0.0000	0.0000	0.0000	0.0000	0.0000	1.0000	0.0000	0.0000	0.0000
0.0000	0.0000	0.0000	0.0000	0.0000	0.0000	0.0000	0.0000	1.0000	0.0000	0.0000	0.0000
0.0000	0.0000	0.0000	0.0000	0.0000	0.0000	0.0000	0.0000	1.0000	0.0000	0.0000	0.0000
0.0000	0.0000	0.0000	0.0000	0.0000	0.0000	0.0000	0.0000	1.0000	0.0000	0.0000	0.0000
0.0000	0.0000	0.3191	0.0000	0.0000	0.0000	0.6809	0.0000	0.0000	0.0000	0.0000	0.0000
0.0000	0.0000	0.0031	0.0000	0.0000	0.0000	0.9969	0.0000	0.0000	0.0000	0.0000	0.0000
0.0000	0.0000	0.0000	0.0000	0.0000	0.0000	0.0000	0.0000	1.0000	0.0000	0.0000	0.0000
0.0000	0.0000	0.9849	0.0000	0.0000	0.0000	0.0151	0.0000	0.0000	0.0000	0.0000	0.0000
0.0000	0.0000	0.0000	0.0000	0.0000	0.0000	1.0000	0.0000	0.0000	0.0000	0.0000	0.0000
0.0000	0.0000	0.0000	0.0000	0.0000	0.0000	0.0000	0.0000	1.0000	0.0000	0.0000	0.0000
0.0000	0.0000	0.0000	0.0000	0.0000	0.0000	0.0000	0.0000	1.0000	0.0000	0.0000	0.0000
0.0000	0.0000	0.0000	0.0000	0.0000	0.0000	0.0001	0.0000	0.9999	0.0000	0.0000	0.0000
0.0000	0.0000	0.0000	0.0000	0.0000	0.0000	0.0000	0.0000	1.0000	0.0000	0.0000	0.0000
0.0000	0.0000	0.0000	0.0000	0.0000	0.0000	0.0000	0.0000	1.0000	0.0000	0.0000	0.0000
0.0000	0.0000	0.4483	0.0000	0.0000	0.0000	0.5516	0.0000	0.0000	0.0000	0.0000	0.0000
0.0000	0.0000	0.0000	0.0000	0.0000	0.0000	0.0000	0.0000	1.0000	0.0000	0.0000	0.0000
0.0000	0.0000	0.0065	0.0000	0.0000	0.0000	0.9935	0.0000	0.0000	0.0000	0.0000	0.0000
0.0000	0.0000	0.1130	0.0000	0.0000	0.0000	0.8870	0.0000	0.0000	0.0000	0.0000	0.0000
0.0000	0.0000	0.0272	0.0000	0.0000	0.0000	0.9728	0.0000	0.0000	0.0000	0.0000	0.0000
0.0000	0.0000	0.0008	0.0000	0.0000	0.0000	0.9992	0.0000	0.0000	0.0000	0.0000	0.0000
0.0000	0.0000	0.0000	0.0000	0.0000	0.0000	1.0000	0.0000	0.0000	0.0000	0.0000	0.0000
0.0000	0.0000	0.0001	0.0000	0.0000	0.0000	0.9999	0.0000	0.0000	0.0000	0.0000	0.0000
0.0000	0.0000	0.0000	0.0000	0.0000	0.0000	0.0000	0.0000	1.0000	0.0000	0.0000	0.0000
0.0000	0.0000	0.0000	0.0000	0.0000	0.0000	0.0000	0.0000	1.0000	0.0000	0.0000	0.0000
0.0000	0.0000	0.1144	0.0000	0.0000	0.4317	0.4539	0.0000	0.0000	0.0000	0.0000	0.0000
0.0000	0.0000	0.0008	0.0000	0.0000	0.0000	0.9992	0.0000	0.0000	0.0000	0.0000	0.0000
