0.0018	0.0001	0.0000	0.0000	0.0000	0.0000	0.0090	0.0000	0.0000	0.9888	0.0000	0.0004
0.0339	0.0000	0.0000	0.0000	0.0000	0.0000	0.0125	0.0000	0.0000	0.8162	0.0000	0.1374
1.0000	0.0000	0.0000	0.0000	0.0000	0.0000	0.0000	0.0000	0.0000	0.0000	0.0000	0.0000
0.0000	0.0000	0.0001	0.0000	0.0000	0.0000	0.0214	0.0014	0.0000	0.0000	0.0000	0.9771
0.0000	0.0004	0.8470	0.0000	0.0000	0.0003	0.0172	0.1180	0.0000	0.0000	0.0000	0.0170
0.0008	0.0000	0.0000	0.0000	0.0000	0.0000	0.0000	0.0000	0.0000	0.9992	0.0000	0.0000
0.7641	0.0000	0.0000	0.0000	0.0139	0.0000	0.0000	0.0000	0.0000	0.2220	0.0000	0.0001
0.0000	0.2176	0.7228	0.0000	0.0000	0.0591	0.0000	0.0005	0.0000	0.0000	0.0000	0.0000
0.0000	0.1802	0.2218	0.0000	0.0000	0.5966	0.0000	0.0013	0.0000	0.0000	0.0000	0.0000
0.0000	0.0000	0.0018	0.0000	0.0000	0.0000	0.0814	0.0203	0.0000	0.0000	0.0000	0.8965
0.0000	0.0000	0.0000	0.0000	0.0000	0.0000	0.0000	0.0000	1.0000	0.0000	0.0000	0.0000
0.0000	0.0000	0.0000	0.0000	0.0000	0.0000	0.0000	0.0000	1.0000	0.0000	0.0000	0.0000
0.0004	0.0000	0.0000	0.0000	0.0000	0.0000	0.0010	0.0138	0.0000	0.9464	0.0013	0.0371
0.0000	0.0000	0.0000	0.0000	0.9957	0.0000	0.0000	0.0000	0.0000	0.0043	0.0000	0.0000
0.0000	0.9667	0.0323	0.0000	0.0000	0.0009	0.0000	0.0001	0.0000	0.0000	0.0000	0.0000
0.0000	0.0022	0.9599	0.0000	0.0000	0.0378	0.0000	0.0000	0.0000	0.0000	0.0000	0.0000
0.0000	0.0007	0.9080	0.0000	0.0000	0.0177	0.0400	0.0241	0.0000	0.0000	0.0000	0.0095
0.9915	0.0000	0.0000	0.0000	0.0000	0.0000	0.0000	0.0000	0.0081	0.0000	0.0004	0.0000
0.9720	0.0000	0.0000	0.0000	0.0000	0.0000	0.0000	0.0000	0.0219	0.0000	0.0060	0.0000
0.0000	0.0000	0.0000	0.0000	0.0000	0.0000	0.5293	0.0000	0.0000	0.0003	0.0000	0.4703
0.0000	0.1310	0.2019	0.0000	0.0000	0.0977	0.0590	0.5104	0.0000	0.0000	0.0000	0.0000
0.0000	0.0002	0.0001	0.0000	0.0000	0.0000	0.4477	0.4637	0.0000	0.0000	0.0000	0.0882
0.0000	0.0000	0.0000	0.0000	0.0000	0.0000	0.0000	0.0000	0.0000	1.0000	0.0000	0.0000
0.6822	0.3175	0.0001	0.0000	0.0000	0.0001	0.0000	0.0000	0.0000	0.0000	0.0000	0.0000
0.0000	0.0000	0.0001	0.0000	0.0000	0.0839	0.1037	0.0230	0.0000	0.0004	0.0000	0.7890
0.0000	0.0000	0.0000	0.0004	0.0000	0.0000	0.9796	0.0199	0.0000	0.0000	0.0000	0.0000
0.0000	0.0000	0.0000	0.2693	0.0000	0.0000	0.0000	0.0000	0.0000	0.7305	0.0000	0.0002
0.0000	0.0000	0.0000	0.0000	0.0000	0.0000	0.0000	0.0000	0.0000	0.0000	1.0000	0.0000
0.0000	0.0000	0.0000	0.0000	0.0000	0.0001	0.2090	0.0110	0.0000	0.5383	0.0125	0.2291
0.0000	0.0000	0.0000	0.0000	0.0000	0.0000	0.0000	0.0000	0.9999	0.0000	0.0000	0.0000
0.0000	0.0000	0.0000	0.0000	0.0000	0.0000	0.5868	0.0000	0.0000	0.4123	0.0009	0.0000
0.0000	0.0000	0.0070	0.0000	0.0000	0.0000	0.5476	0.4424	0.0000	0.0000	0.0000	0.0030
0.0000	0.0000	0.0000	0.0000	0.0000	0.0000	0.0000	0.0000	0.0000	1.0000	0.0000	0.0000
0.0000	0.0000	0.0000	0.0000	0.0000	0.0000	0.0063	0.0000	0.0000	0.0002	0.9935	0.0000
0.0000	0.3155	0.6697	0.0000	0.0000	0.0136	0.0000	0.0011	0.0000	0.0000	0.0000	0.0000
1.0000	0.0000	0.0000	0.0000	0.0000	0.0000	0.0000	0.0000	0.0000	0.0000	0.0000	0.0000
0.0001	0.0000	0.0000	0.0000	0.0000	0.0004	0.0000	0.0004	0.0000	0.7583	0.0001	0.2407
0.0000	0.0699	0.6818	0.0000	0.0000	0.2453	0.0006	0.0024	0.0000	0.0000	0.0000	0.0000
0.0000	0.0000	0.0000	0.0000	0.0000	0.0000	0.0001	0.0000	0.0000	0.0000	0.9999	0.0000
0.0001	0.0000	0.0000	0.0000	0.0000	0.0000	0.0000	0.0000	0.9923	0.0004	0.0072	0.0000
0.0000	0.1571	0.0001	0.0000	0.0000	0.7525	0.0033	0.0866	0.0000	0.0000	0.0000	0.0004
0.0000	0.0000	0.0000	0.0000	0.0000	0.0000	0.0025	0.3648	0.0000	0.0000	0.0000	0.6326
0.0000	0.2424	0.0552	0.0000	0.0000	0.3184	0.0093	0.0226	0.0000	0.0004	0.0000	0.3517
0.0000	0.0000	0.0005	0.0000	0.0000	0.0000	0.0059	0.0001	0.0000	0.0000	0.0000	0.9935
0.0000	0.0000	0.0000	0.0000	0.0000	0.0000	0.0010	0.0017	0.0000	0.0000	0.0000	0.9973
0.0000	0.0002	0.0010	0.0000	0.0000	0.0000	0.0262	0.9719	0.0000	0.0000	0.0000	0.0007
0.0000	0.0000	0.0000	0.0000	0.0000	0.0000	0.0000	0.0000	0.0000	1.0000	0.0000	0.0000
0.0000	0.0000	0.0000	0.0000	1.0000	0.0000	0.0000	0.0000	0.0000	0.0000	0.0000	0.0000
0.0000	0.0091	0.1923	0.0000	0.0000	0.7984	0.0000	0.0002	0.0000	0.0000	0.0000	0.0000
0.0000	0.1352	0.0482	0.0000	0.0000	0.8147	0.0000	0.0019	0.0000	0.0000	0.0000	0.0000
0.0000	0.0000	0.0000	0.0000	0.0000	0.0000	0.9028	0.0078	0.0000	0.0012	0.0883	0.0000
0.0018	0.0000	0.0000	0.0000	0.0000	0.0003	0.0039	0.1242	0.0000	0.0145	0.0000	0.8553
0.8517	0.0000	0.0001	0.0000	0.0000	0.0000	0.0206	0.0227	0.0000	0.0230	0.0000	0.0818
0.0000	0.0102	0.7867	0.0000	0.0000	0.1808	0.0001	0.0222	0.0000	0.0000	0.0000	0.0000
0.0000	0.0084	0.9462	0.0000	0.0000	0.0444	0.0000	0.0010	0.0000	0.0000	0.0000	0.0000
0.0001	0.0000	0.0000	0.0000	0.0000	0.0112	0.1122	0.8726	0.0000	0.0000	0.0001	0.0038
0.0000	0.0348	0.8640	0.0000	0.0000	0.0164	0.0146	0.0702	0.0000	0.0000	0.0000	0.0000
0.0000	0.0000	0.0000	0.0000	0.0000	0.0000	0.0000	0.0000	0.0000	0.9928	0.0000	0.0072
0.0000	0.0000	0.0000	0.0000	0.0000	0.0000	0.0057	0.0000	0.0000	0.9911	0.0000	0.0032
0.0000	0.9110	0.0395	0.0000	0.0000	0.0389	0.0000	0.0106	0.0000	0.0000	0.0000	0.0000
0.0000	0.0000	0.0000	0.0000	0.0000	0.9999	0.0000	0.0000	0.0000	0.0000	0.0000	0.0000
0.9918	0.0000	0.0042	0.0000	0.0000	0.0000	0.0000	0.0000	0.0000	0.0039	0.0000	0.0000
0.0000	0.0092	0.0052	0.0000	0.0000	0.0002	0.5577	0.0173	0.0000	0.0007	0.0001	0.4095
0.0000	0.0000	0.0000	0.0000	0.0000	0.0000	0.0000	0.0000	0.4737	0.0426	0.0000	0.4836
0.0136	0.0000	0.0000	0.0000	0.0000	0.0000	0.0220	0.9546	0.0000	0.0000	0.0000	0.0097
0.2610	0.0000	0.0133	0.0003	0.0000	0.0078	0.0772	0.0000	0.0035	0.3561	0.0005	0.2803
0.0000	0.1526	0.0003	0.0000	0.0000	0.0012	0.8438	0.0017	0.0000	0.0000	0.0000	0.0002
0.0279	0.0009	0.9518	0.0000	0.0000	0.0002	0.0000	0.0000	0.0000	0.0000	0.0000	0.0192
0.9912	0.0000	0.0000	0.0000	0.0000	0.0000	0.0000	0.0000	0.0088	0.0000	0.0000	0.0000
0.3676	0.0000	0.0000	0.0000	0.0000	0.0000	0.0000	0.0000	0.6316	0.0008	0.0000	0.0000
0.0000	0.0000	0.0000	0.0000	0.0000	0.0000	0.0000	0.0000	0.0000	1.0000	0.0000	0.0000
0.0000	0.0000	0.0000	0.0000	0.0000	0.0000	0.0000	0.0000	0.0000	0.0000	0.0000	1.0000
0.0000	0.0000	0.0000	0.0000	0.0000	0.0000	0.0000	0.0000	0.0000	0.0001	0.0000	0.9998
0.0000	0.0000	0.0001	0.0000	0.0000	0.0000	0.0000	0.0990	0.0000	0.0000	0.0006	0.9003
0.0000	0.0000	0.0000	0.0392	0.0000	0.0000	0.0000	0.0000	0.0011	0.9591	0.0007	0.0000
1.0000	0.0000	0.0000	0.0000	0.0000	0.0000	0.0000	0.0000	0.0000	0.0000	0.0000	0.0000
0.0000	0.0000	0.0001	0.0000	0.0000	0.0001	0.9815	0.0047	0.0000	0.0001	0.0000	0.0135
0.0000	0.0000	0.0001	0.0000	0.0000	0.0021	0.0003	0.0002	0.0000	0.0023	0.0000	0.9951
0.0000	0.0000	0.0000	0.0000	0.0000	0.6507	0.0000	0.0000	0.0000	0.3398	0.0092	0.0003
0.0000	0.0000	0.0000	0.0000	0.0000	0.0000	0.9420	0.0047	0.0000	0.0000	0.0000	0.0533
0.0000	0.0000	0.0000	0.0000	0.0000	0.0000	0.0000	0.0000	0.0000	0.0000	0.0000	1.0000
0.0000	0.0000	0.9941	0.0000	0.0000	0.0059	0.0000	0.0000	0.0000	0.0000	0.0000	0.0000
0.0000	0.0000	0.9933	0.0000	0.0000	0.0067	0.0000	0.0000	0.0000	0.0000	0.0000	0.0000
0.0000	0.0000	0.0001	0.0000	0.0000	0.0000	0.0000	0.0000	0.0000	0.0002	0.0000	0.9997
0.0000	0.0000	0.5911	0.0000	0.0000	0.0000	0.0241	0.0000	0.0917	0.2931	0.0000	0.0000
0.0000	0.0000	0.9971	0.0000	0.0000	0.0000	0.0000	0.0000	0.0000	0.0001	0.0000	0.0028
0.0000	0.0000	0.0000	0.0000	0.0000	0.0000	0.0023	0.0000	0.0000	0.0000	0.0000	0.9977
0.0000	0.0000	1.0000	0.0000	0.0000	0.0000	0.0000	0.0000	0.0000	0.0000	0.0000	0.0000
0.0000	0.0000	0.9980	0.0000	0.0000	0.0000	0.0000	0.0000	0.0000	0.0000	0.0000	0.0020
0.0000	0.0000	0.0000	0.0000	0.0000	0.0000	0.0000	0.0000	0.0000	0.0000	0.0000	1.0000
0.0000	0.0000	0.0000	0.0000	0.0000	0.0000	0.0000	0.0000	0.0000	0.0000	0.0000	1.0000
0.0000	0.0000	0.9997	0.0000	0.0000	0.0002	0.0000	0.0000	0.0000	0.0000	0.0000	0.0000
0.0005	0.0000	0.9988	0.0000	0.0000	0.0004	0.0000	0.0000	0.0000	0.0000	0.0000	0.0003
0.0000	0.0000	0.0000	0.0000	0.0000	0.0000	0.0000	0.0000	0.0000	0.0000	0.0000	0.9999
0.0000	0.0000	0.9968	0.0000	0.0000	0.0032	0.0000	0.0000	0.0000	0.0000	0.0000	0.0000
0.0000	0.0000	0.9956	0.0000	0.0000	0.0044	0.0000	0.0000	0.0000	0.0000	0.0000	0.0000
0.0005	0.0000	0.0000	0.0000	0.0000	0.0000	0.0000	0.0000	0.0000	0.0001	0.0000	0.9994
0.0006	0.0000	0.9550	0.0000	0.0000	0.0000	0.0000	0.0000	0.0000	0.0000	0.0000	0.0444
0.0055	0.0000	0.0163	0.0000	0.0000	0.0000	0.0000	0.0000	0.0000	0.0000	0.0000	0.9782
0.0105	0.0000	0.6373	0.0000	0.0000	0.0000	0.0000	0.0000	0.0000	0.1709	0.0000	0.1812
0.0000	0.0000	1.0000	0.0000	0.0000	0.0000	0.0000	0.0000	0.0000	0.0000	0.0000	0.0000
0.0000	0.0000	1.0000	0.0000	0.0000	0.0000	0.0000	0.0000	0.0000	0.0000	0.0000	0.0000
0.0000	0.0000	0.0000	0.0000	0.0000	0.0000	0.0000	0.0000	0.0000	0.0000	0.0000	1.0000
0.0000	0.0000	0.9999	0.0000	0.0000	0.0001	0.0000	0.0000	0.0000	0.0000	0.0000	0.0000
0.0000	0.0000	0.0000	0.0000	0.0000	0.0000	0.0000	0.0000	1.0000	0.0000	0.0000	0.0000
0.0000	0.0000	0.0000	0.0000	0.0000	0.0000	0.0000	0.0000	1.0000	0.0000	0.0000	0.0000
0.0000	0.0000	0.0000	0.0000	0.0000	0.5100	0.4900	0.0000	0.0000	0.0000	0.0000	0.0000
0.0000	0.0000	0.0000	0.0000	0.0000	0.0000	0.0000	0.0000	1.0000	0.0000	0.0000	0.0000
0.0000	0.0000	0.0000	0.0000	0.0000	0.0000	0.0000	0.0000	1.0000	0.0000	0.0000	0.0000
0.0000	0.0000	0.0000	0.0000	0.0000	0.0000	0.0000	0.0000	1.0000	0.0000	0.0000	0.0000
0.0000	0.0000	0.0000	0.0000	0.0000	0.0000	0.0000	0.0000	1.0000	0.0000	0.0000	0.0000
0.0000	0.0000	0.0964	0.0000	0.0000	0.0000	0.9036	0.0000	0.0000	0.0000	0.0000	0.0000
0.0000	0.0000	0.0022	0.0000	0.0000	0.0000	0.9978	0.0000	0.0000	0.0000	0.0000	0.0000
0.0000	0.0000	0.0000	0.0000	0.0000	0.0000	0.0000	0.0000	1.0000	0.0000	0.0000	0.0000
0.0000	0.0000	0.9993	0.0000	0.0000	0.0000	0.0007	0.0000	0.0000	0.0000	0.0000	0.0000
0.0000	0.0000	0.0000	0.0000	0.0000	0.0000	1.0000	0.0000	0.0000	0.0000	0.0000	0.0000
0.0000	0.0000	0.0000	0.0000	0.0000	0.0000	0.0000	0.0000	1.0000	0.0000	0.0000	0.0000
0.0000	0.0000	0.0000	0.0000	0.0000	0.0000	0.0000	0.0000	1.0000	0.0000	0.0000	0.0000
0.0000	0.0000	0.0000	0.0000	0.0000	0.0000	0.0003	0.0000	0.9957	0.0040	0.0000	0.0000
0.0000	0.0000	0.0000	0.0000	0.0000	0.0000	0.0000	0.0000	1.0000	0.0000	0.0000	0.0000
0.0000	0.0000	0.0000	0.0000	0.0000	0.0000	0.0000	0.0000	1.0000	0.0000	0.0000	0.0000
0.0000	0.0000	0.7825	0.0000	0.0000	0.0002	0.2173	0.0000	0.0000	0.0000	0.0000	0.0000
0.0000	0.0000	0.0000	0.0000	0.0000	0.0000	0.0000	0.0000	1.0000	0.0000	0.0000	0.0000
0.0000	0.0000	0.4489	0.0000	0.0000	0.0000	0.5511	0.0000	0.0000	0.0000	0.0000	0.0000
0.0000	0.0000	0.0006	0.0000	0.0000	0.0000	0.9994	0.0000	0.0000	0.0000	0.0000	0.0000
0.0000	0.0000	0.0778	0.0000	0.0000	0.0000	0.9222	0.0000	0.0000	0.0000	0.0000	0.0000
0.0000	0.0000	0.0060	0.0000	0.0000	0.0000	0.9940	0.0000	0.0000	0.0000	0.0000	0.0000
0.0000	0.0000	0.0215	0.0000	0.0000	0.0000	0.9785	0.0000	0.0000	0.0000	0.0000	0.0000
0.0000	0.0000	0.0011	0.0000	0.0000	0.0000	0.9989	0.0000	0.0000	0.0000	0.0000	0.0000
0.0000	0.0000	0.0000	0.0000	0.0000	0.0000	0.0000	0.0000	1.0000	0.0000	0.0000	0.0000
0.0000	0.0000	0.0000	0.0000	0.0000	0.0000	0.0000	0.0000	1.0000	0.0000	0.0000	0.0000
0.0000	0.0000	0.0006	0.0000	0.0000	0.9993	0.0001	0.0000	0.0000	0.0000	0.0000	0.0000
0.0000	0.0000	0.0010	0.0000	0.0000	0.0000	0.9990	0.0000	0.0000	0.0000	0.0000	0.0000
