0.4436	0.0000	0.0000	0.0000	0.0000	0.0003	0.0182	0.0205	0.0000	0.3620	0.0000	0.1554
0.2960	0.0000	0.0001	0.0000	0.0000	0.3435	0.0911	0.0000	0.0000	0.0003	0.0000	0.2689
1.0000	0.0000	0.0000	0.0000	0.0000	0.0000	0.0000	0.0000	0.0000	0.0000	0.0000	0.0000
0.0000	0.0000	0.0000	0.0000	0.0000	0.0000	0.0001	0.0000	0.0000	0.0000	0.0000	0.9999
0.0000	0.0001	0.0608	0.0000	0.0000	0.0000	0.7378	0.0247	0.0000	0.0000	0.0000	0.1767
0.0001	0.0000	0.0000	0.0000	0.0000	0.0000	0.0000	0.0000	0.0000	0.9999	0.0000	0.0000
0.5883	0.0000	0.0000	0.0000	0.0000	0.0000	0.0000	0.0000	0.0000	0.4034	0.0000	0.0083
0.0000	0.8813	0.1168	0.0000	0.0000	0.0011	0.0009	0.0000	0.0000	0.0000	0.0000	0.0000
0.0000	0.0000	0.0060	0.0000	0.0000	0.9919	0.0020	0.0000	0.0000	0.0000	0.0000	0.0001
0.0000	0.0000	0.0002	0.0000	0.0000	0.0000	0.8272	0.0030	0.0000	0.0000	0.0000	0.1696
0.0000	0.0000	0.0000	0.0000	0.0000	0.0000	0.0000	0.0000	0.9807	0.0193	0.0000	0.0000
0.0000	0.0000	0.0000	0.0000	0.0000	0.0003	0.0000	0.0000	0.6768	0.3229	0.0000	0.0000
0.0000	0.0000	0.0000	0.0000	0.0000	0.0000	0.0001	0.0000	0.0000	0.0493	0.0000	0.9507
0.0000	0.0000	0.0000	0.0000	1.0000	0.0000	0.0000	0.0000	0.0000	0.0000	0.0000	0.0000
0.0000	0.1651	0.8349	0.0000	0.0000	0.0000	0.0000	0.0000	0.0000	0.0000	0.0000	0.0000
0.0003	0.0001	0.9936	0.0000	0.0000	0.0006	0.0042	0.0011	0.0000	0.0000	0.0000	0.0002
0.0002	0.0000	0.9899	0.0000	0.0000	0.0021	0.0020	0.0055	0.0000	0.0000	0.0000	0.0002
0.6170	0.0000	0.0000	0.0000	0.0000	0.0000	0.0000	0.0000	0.3830	0.0000	0.0000	0.0000
0.6193	0.0000	0.0000	0.0000	0.0000	0.0000	0.0000	0.0000	0.3799	0.0000	0.0008	0.0000
0.0000	0.0000	0.0000	0.0000	0.0000	0.0000	0.1021	0.0000	0.0000	0.0000	0.0000	0.8979
0.0000	0.0000	0.0000	0.0000	0.0000	0.0000	0.2444	0.7556	0.0000	0.0000	0.0000	0.0000
0.0000	0.0000	0.0000	0.0000	0.0000	0.0000	0.4981	0.4977	0.0000	0.0000	0.0000	0.0042
0.0000	0.0000	0.0000	0.0000	0.0000	0.0000	0.0000	0.0000	0.0000	0.9999	0.0000	0.0000
0.9820	0.0000	0.0007	0.0000	0.0000	0.0001	0.0049	0.0014	0.0000	0.0055	0.0000	0.0055
0.0000	0.0000	0.0000	0.0000	0.0000	0.0036	0.5265	0.0014	0.0000	0.0001	0.0000	0.4684
0.0000	0.0000	0.0000	0.0000	0.0000	0.0000	0.1796	0.8204	0.0000	0.0000	0.0000	0.0000
0.0000	0.0000	0.0000	0.0010	0.0000	0.0000	0.0000	0.0000	0.0000	0.9989	0.0000	0.0000
0.0000	0.0000	0.0000	0.0000	0.0000	0.0000	0.0000	0.0000	0.0000	0.0000	1.0000	0.0000
0.0000	0.0000	0.0000	0.0000	0.0000	0.0000	0.0003	0.0000	0.0000	0.9982	0.0000	0.0015
0.0000	0.0000	0.0000	0.0000	0.0000	0.0000	0.0000	0.0000	1.0000	0.0000	0.0000	0.0000
0.0000	0.0000	0.0000	0.0000	0.0000	0.0000	0.0000	0.0000	0.0000	0.0001	0.9999	0.0000
0.0000	0.0000	0.0001	0.0000	0.0000	0.0000	0.8417	0.1581	0.0000	0.0000	0.0000	0.0001
0.0000	0.0000	0.0000	0.0000	0.0000	0.0000	0.0000	0.0000	0.0000	1.0000	0.0000	0.0000
0.0000	0.0000	0.0000	0.2834	0.0000	0.0000	0.0000	0.0000	0.0000	0.0000	0.7166	0.0000
0.0000	0.8632	0.1348	0.0000	0.0000	0.0017	0.0001	0.0002	0.0000	0.0000	0.0000	0.0000
0.0084	0.0000	0.0000	0.0000	0.0000	0.0000	0.0000	0.0000	0.0000	0.9916	0.0000	0.0000
0.0000	0.0000	0.0000	0.0000	0.0000	0.0000	0.0000	0.0000	0.0000	0.2876	0.0000	0.7123
0.0000	0.0071	0.1761	0.0000	0.0000	0.6397	0.1734	0.0035	0.0000	0.0000	0.0000	0.0002
0.0000	0.0000	0.0000	0.0000	0.0000	0.0000	0.0000	0.0000	0.0000	0.0000	1.0000	0.0000
0.0000	0.0000	0.0000	0.0000	0.0000	0.0000	0.0000	0.0000	1.0000	0.0000	0.0000	0.0000
0.0006	0.0210	0.0073	0.0000	0.0000	0.7426	0.1593	0.0605	0.0000	0.0003	0.0000	0.0085
0.0000	0.0000	0.0000	0.0000	0.0000	0.0000	0.0031	0.0160	0.0000	0.0000	0.0000	0.9809
0.0000	0.0000	0.0002	0.0000	0.0000	0.9875	0.0009	0.0000	0.0000	0.0000	0.0000	0.0113
0.0006	0.0000	0.0016	0.0000	0.0000	0.0026	0.0189	0.0004	0.0000	0.0001	0.0002	0.9756
0.0000	0.0000	0.0000	0.0000	0.0000	0.0000	0.0007	0.0001	0.0000	0.0000	0.0000	0.9992
0.0000	0.0000	0.0000	0.0000	0.0000	0.0000	0.3604	0.6376	0.0000	0.0003	0.0000	0.0016
0.0000	0.0000	0.0000	0.0000	0.0000	0.0000	0.0000	0.0000	0.0000	1.0000	0.0000	0.0000
0.0000	0.0000	0.0000	0.0000	1.0000	0.0000	0.0000	0.0000	0.0000	0.0000	0.0000	0.0000
0.0000	0.0000	0.0002	0.0000	0.0000	0.9998	0.0000	0.0000	0.0000	0.0000	0.0000	0.0000
0.0000	0.0122	0.2888	0.0000	0.0000	0.6975	0.0005	0.0010	0.0000	0.0000	0.0000	0.0000
0.0000	0.0000	0.0000	0.0000	0.0000	0.0000	0.8374	0.1625	0.0000	0.0001	0.0000	0.0000
0.0000	0.0000	0.0000	0.0000	0.0000	0.0000	0.0137	0.0025	0.0000	0.0036	0.0000	0.9802
0.2903	0.0000	0.0001	0.0000	0.0000	0.0000	0.2752	0.2451	0.0000	0.0002	0.0001	0.1890
0.0000	0.0039	0.4519	0.0000	0.0000	0.4800	0.0137	0.0503	0.0000	0.0000	0.0000	0.0002
0.0000	0.0276	0.9523	0.0000	0.0000	0.0161	0.0014	0.0025	0.0000	0.0000	0.0000	0.0000
0.0005	0.0000	0.0000	0.0000	0.0000	0.0000	0.0264	0.9723	0.0000	0.0000	0.0000	0.0008
0.0000	0.0014	0.1759	0.0000	0.0000	0.0193	0.1628	0.6404	0.0000	0.0000	0.0000	0.0002
0.0000	0.0000	0.0000	0.0000	0.0000	0.0000	0.0000	0.0000	0.0000	1.0000	0.0000	0.0000
0.0000	0.0000	0.0000	0.0000	0.0000	0.0000	0.0008	0.0000	0.0000	0.4010	0.0002	0.5979
0.0000	0.9626	0.0215	0.0000	0.0000	0.0048	0.0057	0.0054	0.0000	0.0000	0.0000	0.0000
0.0001	0.0000	0.0000	0.0000	0.0000	0.5995	0.0001	0.0030	0.0000	0.3972	0.0000	0.0001
0.1687	0.0000	0.7897	0.0000	0.0000	0.0011	0.0197	0.0001	0.0005	0.0193	0.0002	0.0006
0.0000	0.0000	0.0000	0.0000	0.0000	0.0006	0.1139	0.0007	0.0000	0.0000	0.0000	0.8849
0.0000	0.0000	0.0000	0.0000	0.0000	0.0000	0.0000	0.0000	1.0000	0.0000	0.0000	0.0000
0.0000	0.0001	0.0000	0.0000	0.0000	0.0000	0.5279	0.4108	0.0000	0.0000	0.0000	0.0612
0.0000	0.0000	0.0000	0.0001	0.0000	0.0009	0.0116	0.0000	0.0086	0.0031	0.0005	0.9751
0.0000	0.0004	0.0000	0.0000	0.0000	0.0000	0.9779	0.0216	0.0000	0.0000	0.0000	0.0001
0.0077	0.0002	0.9912	0.0000	0.0000	0.0000	0.0006	0.0000	0.0000	0.0000	0.0000	0.0003
0.9793	0.0000	0.0000	0.0000	0.0000	0.0000	0.0000	0.0000	0.0207	0.0000	0.0000	0.0000
0.9993	0.0000	0.0000	0.0000	0.0000	0.0000	0.0000	0.0000	0.0007	0.0000	0.0000	0.0000
0.0000	0.0000	0.0000	0.0000	0.0000	0.0000	0.0000	0.0000	0.0000	0.5977	0.4023	0.0000
0.0000	0.0000	0.0000	0.0000	0.0000	0.0000	0.0000	0.0029	0.0000	0.0000	0.0000	0.9971
0.0000	0.0000	0.0000	0.0000	0.0000	0.0000	0.0000	0.9629	0.0000	0.0000	0.0000	0.0371
0.0000	0.0000	0.0000	0.0000	0.0000	0.0000	0.0000	0.0401	0.0000	0.0000	0.0000	0.9599
0.0000	0.0000	0.0000	0.0000	0.0000	0.0000	0.0000	0.0000	0.0000	1.0000	0.0000	0.0000
1.0000	0.0000	0.0000	0.0000	0.0000	0.0000	0.0000	0.0000	0.0000	0.0000	0.0000	0.0000
0.0000	0.0000	0.0000	0.0000	0.0000	0.0000	0.4203	0.4673	0.0000	0.0002	0.0000	0.1122
0.0002	0.0000	0.0000	0.0000	0.0000	0.0001	0.0004	0.0000	0.0000	0.0079	0.0001	0.9912
0.0000	0.0000	0.0000	0.0029	0.0000	0.0248	0.0000	0.0000	0.0000	0.9711	0.0011	0.0000
0.0000	0.0000	0.0000	0.0000	0.0000	0.0000	0.4211	0.5473	0.0000	0.0000	0.0000	0.0315
0.0000	0.0000	0.0000	0.0000	0.0000	0.0000	0.0000	0.0000	0.0000	0.0000	0.0000	1.0000
0.0000	0.0000	0.9515	0.0000	0.0000	0.0484	0.0000	0.0000	0.0000	0.0000	0.0000	0.0000
0.0000	0.0000	0.9418	0.0000	0.0000	0.0581	0.0000	0.0000	0.0000	0.0000	0.0000	0.0000
0.0000	0.0000	0.0000	0.0000	0.0000	0.0000	0.0000	0.0000	0.0000	0.0000	0.0000	1.0000
0.0000	0.0020	0.5734	0.0000	0.0000	0.0000	0.0000	0.0000	0.0000	0.0000	0.0000	0.4246
0.0000	0.0000	0.9763	0.0000	0.0000	0.0000	0.0000	0.0000	0.0000	0.0000	0.0000	0.0237
0.0000	0.0000	0.0000	0.0000	0.0000	0.0000	0.0000	0.0000	0.0000	0.0000	0.0000	1.0000
0.0000	0.0000	0.9999	0.0000	0.0000	0.0001	0.0000	0.0000	0.0000	0.0000	0.0000	0.0000
0.0000	0.0000	0.9925	0.0000	0.0000	0.0000	0.0000	0.0000	0.0000	0.0000	0.0000	0.0075
0.0000	0.0000	0.0000	0.0000	0.0000	0.0000	0.0000	0.0000	0.0000	0.0000	0.0000	1.0000
0.0000	0.0000	0.0000	0.0000	0.0000	0.0000	0.0000	0.0000	0.0000	0.0000	0.0000	1.0000
0.0000	0.0000	0.9997	0.0000	0.0000	0.0000	0.0000	0.0000	0.0000	0.0000	0.0000	0.0003
0.0000	0.0000	0.9999	0.0000	0.0000	0.0000	0.0000	0.0000	0.0000	0.0000	0.0000	0.0000
0.0000	0.0000	0.0000	0.0000	0.0000	0.0000	0.0000	0.0000	0.0000	0.0000	0.0000	1.0000
0.0000	0.0000	0.9986	0.0000	0.0000	0.0014	0.0000	0.0000	0.0000	0.0000	0.0000	0.0000
0.0000	0.0000	0.9944	0.0000	0.0000	0.0056	0.0000	0.0000	0.0000	0.0000	0.0000	0.0000
0.0000	0.0000	0.0000	0.0000	0.0000	0.0000	0.0000	0.0000	0.0000	0.0000	0.0000	1.0000
0.0000	0.0000	0.9968	0.0000	0.0000	0.0000	0.0000	0.0000	0.0000	0.0000	0.0000	0.0032
0.0000	0.0000	0.9792	0.0000	0.0000	0.0000	0.0000	0.0000	0.0000	0.0000	0.0000	0.0208
0.0000	0.0000	0.0001	0.0000	0.0000	0.0000	0.0000	0.0000	0.0000	0.0000	0.0000	0.9999
0.0000	0.0000	0.9995	0.0000	0.0000	0.0005	0.0000	0.0000	0.0000	0.0000	0.0000	0.0000
0.0000	0.0000	1.0000	0.0000	0.0000	0.0000	0.0000	0.0000	0.0000	0.0000	0.0000	0.0000
0.0000	0.0000	0.0000	0.0000	0.0000	0.0000	0.0000	0.0000	0.0000	0.0000	0.0000	1.0000
0.0000	0.0000	1.0000	0.0000	0.0000	0.0000	0.0000	0.0000	0.0000	0.0000	0.0000	0.0000
0.0000	0.0000	0.0000	0.0000	0.0000	0.0000	0.0000	0.0000	1.0000	0.0000	0.0000	0.0000
0.0000	0.0000	0.0000	0.0000	0.0000	0.0000	0.0000	0.0000	1.0000	0.0000	0.0000	0.0000
0.0000	0.0000	0.0000	0.0000	0.0000	0.0000	1.0000	0.0000	0.0000	0.0000	0.0000	0.0000
0.0000	0.0000	0.0000	0.0000	0.0000	0.0000	0.0000	0.0000	1.0000	0.0000	0.0000	0.0000
0.0000	0.0000	0.0000	0.0000	0.0000	0.0000	0.0000	0.0000	1.0000	0.0000	0.0000	0.0000
0.0000	0.0000	0.0000	0.0000	0.0000	0.0000	0.0000	0.0000	1.0000	0.0000	0.0000	0.0000
0.0000	0.0000	0.0000	0.0000	0.0000	0.0000	0.0000	0.0000	1.0000	0.0000	0.0000	0.0000
0.0000	0.0000	0.0048	0.0000	0.0000	0.0000	0.9952	0.0000	0.0000	0.0000	0.0000	0.0000
0.0000	0.0000	0.0000	0.0000	0.0000	0.0000	1.0000	0.0000	0.0000	0.0000	0.0000	0.0000
0.0000	0.0000	0.0000	0.0000	0.0000	0.0000	0.0000	0.0000	1.0000	0.0000	0.0000	0.0000
0.0000	0.0000	0.9986	0.0000	0.0000	0.0000	0.0014	0.0000	0.0000	0.0000	0.0000	0.0000
0.0000	0.0000	0.0000	0.0000	0.0000	0.0000	1.0000	0.0000	0.0000	0.0000	0.0000	0.0000
0.0000	0.0000	0.0000	0.0000	0.0000	0.0000	0.0000	0.0000	1.0000	0.0000	0.0000	0.0000
0.0000	0.0000	0.0000	0.0000	0.0000	0.0000	0.0000	0.0000	1.0000	0.0000	0.0000	0.0000
0.0000	0.0000	0.0000	0.0000	0.0000	0.0000	0.0007	0.0000	0.9993	0.0000	0.0000	0.0000
0.0000	0.0000	0.0000	0.0000	0.0000	0.0000	0.0000	0.0000	1.0000	0.0000	0.0000	0.0000
0.0000	0.0000	0.0000	0.0000	0.0000	0.0000	0.0000	0.0000	1.0000	0.0000	0.0000	0.0000
0.0000	0.0000	0.9387	0.0000	0.0000	0.0001	0.0612	0.0000	0.0000	0.0000	0.0000	0.0000
0.0000	0.0000	0.0000	0.0000	0.0000	0.0000	0.0000	0.0000	1.0000	0.0000	0.0000	0.0000
0.0000	0.0000	0.0660	0.0000	0.0000	0.0000	0.9340	0.0000	0.0000	0.0000	0.0000	0.0000
0.0000	0.0000	0.0028	0.0000	0.0000	0.0000	0.9972	0.0000	0.0000	0.0000	0.0000	0.0000
0.0000	0.0000	0.0004	0.0000	0.0000	0.0000	0.9996	0.0000	0.0000	0.0000	0.0000	0.0000
0.0000	0.0000	0.0000	0.0000	0.0000	0.0000	1.0000	0.0000	0.0000	0.0000	0.0000	0.0000
0.0000	0.0000	0.0013	0.0000	0.0000	0.0000	0.9987	0.0000	0.0000	0.0000	0.0000	0.0000
0.0000	0.0000	0.0000	0.0000	0.0000	0.0000	1.0000	0.0000	0.0000	0.0000	0.0000	0.0000
0.0000	0.0000	0.0000	0.0000	0.0000	0.0000	0.0000	0.0000	1.0000	0.0000	0.0000	0.0000
0.0000	0.0000	0.0000	0.0000	0.0000	0.0000	0.0000	0.0000	1.0000	0.0000	0.0000	0.0000
0.0000	0.0000	0.5196	0.0000	0.0000	0.4765	0.0038	0.0000	0.0000	0.0000	0.0000	0.0000
0.0000	0.0000	0.0082	0.0000	0.0000	0.0000	0.9918	0.0000	0.0000	0.0000	0.0000	0.0000
