0.6950	0.0000	0.0000	0.0000	0.0000	0.0413	0.0024	0.0000	0.0000	0.1401	0.0000	0.1210
0.7623	0.0000	0.0000	0.0000	0.0000	0.1517	0.0151	0.0000	0.0000	0.0022	0.0000	0.0687
1.0000	0.0000	0.0000	0.0000	0.0000	0.0000	0.0000	0.0000	0.0000	0.0000	0.0000	0.0000
0.0000	0.0000	0.0000	0.0000	0.0000	0.0000	0.0002	0.0000	0.0000	0.0000	0.0000	0.9997
0.0000	0.0000	0.0032	0.0000	0.0000	0.0000	0.0588	0.8814	0.0000	0.0000	0.0000	0.0566
0.2275	0.0000	0.0000	0.0000	0.0000	0.0000	0.0000	0.0000	0.0000	0.7725	0.0000	0.0000
0.5543	0.0000	0.0000	0.0000	0.0000	0.0000	0.0000	0.0000	0.0000	0.4457	0.0000	0.0000
0.0000	0.9874	0.0114	0.0000	0.0000	0.0008	0.0002	0.0002	0.0000	0.0000	0.0000	0.0000
0.0000	0.0022	0.0058	0.0000	0.0000	0.9916	0.0003	0.0001	0.0000	0.0000	0.0000	0.0000
0.0000	0.0000	0.0002	0.0000	0.0000	0.0000	0.7610	0.0515	0.0000	0.0000	0.0000	0.1873
0.0000	0.0000	0.0000	0.0000	0.0000	0.0000	0.0000	0.0000	1.0000	0.0000	0.0000	0.0000
0.0000	0.0000	0.0000	0.0000	0.0000	0.0000	0.0000	0.0000	0.9998	0.0002	0.0000	0.0000
0.0000	0.0000	0.0000	0.0000	0.0000	0.0000	0.0000	0.0000	0.0000	0.2257	0.0000	0.7742
0.0000	0.0000	0.0000	0.0000	1.0000	0.0000	0.0000	0.0000	0.0000	0.0000	0.0000	0.0000
0.0000	0.9805	0.0195	0.0000	0.0000	0.0000	0.0000	0.0000	0.0000	0.0000	0.0000	0.0000
0.0456	0.0000	0.8638	0.0000	0.0000	0.0070	0.0350	0.0175	0.0000	0.0000	0.0000	0.0311
0.0059	0.0000	0.2238	0.0000	0.0000	0.1760	0.1132	0.4810	0.0000	0.0000	0.0000	0.0001
0.9913	0.0000	0.0000	0.0000	0.0000	0.0000	0.0000	0.0000	0.0087	0.0000	0.0000	0.0000
0.9517	0.0000	0.0000	0.0000	0.0000	0.0000	0.0000	0.0000	0.0483	0.0000	0.0000	0.0000
0.0000	0.0000	0.0000	0.0000	0.0000	0.0000	0.4955	0.0000	0.0000	0.0000	0.0000	0.5045
0.0000	0.0000	0.0000	0.0000	0.0000	0.0000	0.0417	0.9583	0.0000	0.0000	0.0000	0.0000
0.0000	0.0000	0.0000	0.0000	0.0000	0.0000	0.0306	0.9692	0.0000	0.0000	0.0000	0.0002
0.0000	0.0000	0.0000	0.0000	0.0000	0.0000	0.0000	0.0000	0.0000	0.9999	0.0000	0.0001
0.9987	0.0000	0.0000	0.0000	0.0000	0.0000	0.0002	0.0000	0.0000	0.0000	0.0000	0.0010
0.0000	0.0000	0.0000	0.0000	0.0000	0.0012	0.1794	0.0025	0.0000	0.0012	0.0000	0.8157
0.0000	0.0000	0.0000	0.0000	0.0000	0.0000	0.0080	0.9920	0.0000	0.0000	0.0000	0.0000
0.0000	0.0000	0.0000	0.0002	0.0000	0.0000	0.0000	0.0000	0.0000	0.9998	0.0000	0.0000
0.0000	0.0000	0.0000	0.0000	0.0000	0.0000	0.0000	0.0000	0.0000	0.0000	1.0000	0.0000
0.0001	0.0000	0.0000	0.0000	0.0000	0.0000	0.0014	0.0006	0.0000	0.9071	0.0000	0.0907
0.0000	0.0000	0.0000	0.0000	0.0000	0.0000	0.0000	0.0000	1.0000	0.0000	0.0000	0.0000
0.0000	0.0000	0.0000	0.0000	0.0000	0.0000	0.0000	0.0000	0.8926	0.0000	0.1074	0.0000
0.0000	0.0000	0.0000	0.0000	0.0000	0.0000	0.1181	0.8819	0.0000	0.0000	0.0000	0.0000
0.0000	0.0000	0.0000	0.0000	0.0000	0.0000	0.0000	0.0000	0.0000	0.9924	0.0076	0.0000
0.0000	0.0000	0.0000	0.8541	0.0000	0.0000	0.0000	0.0000	0.0000	0.0000	0.1459	0.0000
0.0000	0.7637	0.2333	0.0000	0.0000	0.0014	0.0001	0.0015	0.0000	0.0000	0.0000	0.0000
0.4988	0.0000	0.0000	0.0009	0.0000	0.0000	0.0000	0.0000	0.0000	0.0031	0.0000	0.4972
0.0000	0.0000	0.0000	0.0000	0.0000	0.0000	0.0000	0.0000	0.0000	0.1303	0.0000	0.8696
0.0000	0.0137	0.0234	0.0000	0.0000	0.9584	0.0039	0.0003	0.0000	0.0000	0.0000	0.0002
0.0000	0.0000	0.0000	0.0000	0.0000	0.0000	0.0000	0.0000	0.0000	0.0000	1.0000	0.0000
0.0000	0.0000	0.0000	0.0000	0.0000	0.0000	0.0000	0.0000	1.0000	0.0000	0.0000	0.0000
0.0124	0.1469	0.0000	0.0000	0.0000	0.1238	0.0213	0.6932	0.0000	0.0008	0.0000	0.0016
0.0000	0.0000	0.0000	0.0000	0.0000	0.0000	0.0188	0.4802	0.0000	0.0000	0.0000	0.5009
0.0000	0.0000	0.0000	0.0000	0.0000	0.9722	0.0003	0.0000	0.0000	0.0000	0.0000	0.0275
0.0484	0.0000	0.0000	0.0000	0.0000	0.0855	0.0854	0.0066	0.0000	0.0034	0.0000	0.7706
0.0000	0.0000	0.0000	0.0000	0.0000	0.0000	0.0053	0.0003	0.0000	0.0000	0.0000	0.9943
0.0000	0.0000	0.0000	0.0000	0.0000	0.0000	0.0412	0.9569	0.0000	0.0004	0.0000	0.0014
0.0000	0.0000	0.0000	0.0000	0.0000	0.0000	0.0000	0.0000	0.0000	1.0000	0.0000	0.0000
0.0000	0.0000	0.0000	0.0000	1.0000	0.0000	0.0000	0.0000	0.0000	0.0000	0.0000	0.0000
0.0000	0.0000	0.0021	0.0000	0.0000	0.9979	0.0000	0.0000	0.0000	0.0000	0.0000	0.0000
0.0000	0.0184	0.2549	0.0000	0.0000	0.7240	0.0003	0.0023	0.0000	0.0000	0.0000	0.0000
0.0000	0.0000	0.0000	0.0000	0.0000	0.0000	0.3580	0.6420	0.0000	0.0000	0.0000	0.0000
0.0000	0.0000	0.0000	0.0000	0.0000	0.0000	0.0063	0.0000	0.0000	0.0002	0.0000	0.9935
0.0339	0.0000	0.0000	0.0000	0.0000	0.0000	0.0250	0.0168	0.0000	0.0001	0.0000	0.9242
0.0000	0.0000	0.0698	0.0000	0.0000	0.8928	0.0021	0.0339	0.0000	0.0000	0.0000	0.0013
0.0002	0.0021	0.4779	0.0000	0.0000	0.5087	0.0004	0.0103	0.0000	0.0000	0.0000	0.0004
0.0017	0.0000	0.0000	0.0000	0.0000	0.0000	0.0040	0.9921	0.0000	0.0000	0.0000	0.0022
0.0000	0.0000	0.0225	0.0000	0.0000	0.0173	0.1900	0.7679	0.0000	0.0000	0.0000	0.0022
0.0000	0.0000	0.0000	0.0000	0.0000	0.0000	0.0000	0.0000	0.0000	0.9992	0.0000	0.0008
0.0000	0.0000	0.0000	0.0000	0.0000	0.0000	0.0011	0.0001	0.0000	0.3104	0.0000	0.6884
0.0000	0.9904	0.0027	0.0000	0.0000	0.0000	0.0001	0.0068	0.0000	0.0000	0.0000	0.0000
0.0001	0.0000	0.0000	0.0000	0.0000	0.9821	0.0000	0.0000	0.0000	0.0178	0.0000	0.0000
0.8753	0.0000	0.0344	0.0000	0.0000	0.0003	0.0381	0.0000	0.0003	0.0032	0.0000	0.0484
0.0000	0.0000	0.0000	0.0000	0.0000	0.0000	0.1238	0.0002	0.0000	0.0000	0.0000	0.8760
0.0000	0.0000	0.0000	0.0000	0.0000	0.0000	0.0000	0.0000	1.0000	0.0000	0.0000	0.0000
0.0000	0.0000	0.0000	0.0000	0.0000	0.0000	0.6874	0.2021	0.0000	0.0000	0.0000	0.1105
0.0000	0.0000	0.0000	0.0000	0.0000	0.0000	0.0016	0.0000	0.0000	0.0001	0.0000	0.9982
0.0000	0.0000	0.0000	0.0000	0.0000	0.0000	0.9961	0.0038	0.0000	0.0000	0.0000	0.0000
0.5773	0.0000	0.3385	0.0000	0.0000	0.0000	0.0085	0.0000	0.0000	0.0000	0.0000	0.0758
0.9997	0.0000	0.0000	0.0000	0.0000	0.0000	0.0000	0.0000	0.0002	0.0000	0.0000	0.0000
0.9792	0.0000	0.0000	0.0000	0.0000	0.0000	0.0000	0.0000	0.0208	0.0000	0.0000	0.0000
0.0000	0.0000	0.0000	0.0000	0.0000	0.0000	0.0000	0.0000	0.0123	0.0000	0.9877	0.0000
0.0000	0.0000	0.0000	0.0000	0.0000	0.0000	0.0002	0.0001	0.0000	0.0001	0.0029	0.9968
0.0001	0.0000	0.0000	0.0000	0.0000	0.0000	0.0133	0.3163	0.0000	0.0003	0.0017	0.6684
0.0000	0.0000	0.0000	0.0000	0.0000	0.0000	0.0000	0.0002	0.0000	0.0000	0.0000	0.9998
0.0000	0.0000	0.0000	0.0000	0.0000	0.0000	0.0000	0.0000	0.0000	1.0000	0.0000	0.0000
0.9999	0.0000	0.0000	0.0000	0.0000	0.0000	0.0000	0.0000	0.0000	0.0000	0.0000	0.0001
0.0000	0.0000	0.0000	0.0000	0.0000	0.0000	0.1194	0.0147	0.0000	0.0000	0.0000	0.8659
0.0004	0.0000	0.0000	0.0000	0.0000	0.0000	0.0000	0.0000	0.0000	0.0016	0.0000	0.9979
0.0000	0.0000	0.0000	0.0001	0.0000	0.0006	0.0000	0.0000	0.0000	0.9992	0.0000	0.0000
0.0000	0.0000	0.0000	0.0000	0.0000	0.0000	0.5080	0.0366	0.0000	0.0000	0.0000	0.4554
0.0000	0.0000	0.0000	0.0000	0.0000	0.0000	0.0000	0.0000	0.0000	0.0000	0.0000	1.0000
0.0014	0.0000	0.9822	0.0000	0.0000	0.0144	0.0000	0.0000	0.0021	0.0000	0.0000	0.0000
0.0008	0.0000	0.9709	0.0000	0.0000	0.0248	0.0000	0.0000	0.0035	0.0000	0.0000	0.0000
0.0000	0.0000	0.0000	0.0000	0.0000	0.0000	0.0000	0.0000	0.0000	0.0000	0.0000	1.0000
0.0000	0.0000	0.0000	0.0000	0.0000	0.0000	0.0000	0.0000	0.0000	0.0000	0.0000	1.0000
0.0000	0.0000	0.9634	0.0000	0.0000	0.0000	0.0000	0.0000	0.0000	0.0000	0.0000	0.0366
0.0000	0.0000	0.0000	0.0000	0.0000	0.0000	0.0000	0.0000	0.0000	0.0000	0.0000	1.0000
0.0000	0.0000	0.9999	0.0000	0.0000	0.0000	0.0000	0.0000	0.0000	0.0000	0.0000	0.0001
0.0000	0.0000	0.8537	0.0000	0.0000	0.0000	0.0000	0.0000	0.0000	0.0000	0.0000	0.1463
0.0000	0.0000	0.0000	0.0000	0.0000	0.0000	0.0000	0.0000	0.0000	0.0000	0.0000	1.0000
0.0000	0.0000	0.0000	0.0000	0.0000	0.0000	0.0000	0.0000	0.0000	0.0000	0.0000	1.0000
0.0000	0.0000	0.9841	0.0000	0.0000	0.0000	0.0000	0.0000	0.0000	0.0000	0.0000	0.0159
0.0119	0.0000	0.9850	0.0000	0.0000	0.0000	0.0000	0.0000	0.0001	0.0000	0.0000	0.0030
0.0000	0.0000	0.0000	0.0000	0.0000	0.0000	0.0000	0.0000	0.0000	0.0000	0.0000	1.0000
0.0001	0.0000	0.9995	0.0000	0.0000	0.0001	0.0000	0.0000	0.0002	0.0000	0.0000	0.0000
0.0002	0.0000	0.9977	0.0000	0.0000	0.0015	0.0000	0.0000	0.0006	0.0000	0.0000	0.0000
0.0000	0.0000	0.0000	0.0000	0.0000	0.0000	0.0000	0.0000	0.0000	0.0000	0.0000	1.0000
0.0073	0.0000	0.9767	0.0000	0.0000	0.0000	0.0000	0.0000	0.0000	0.0000	0.0000	0.0161
0.1263	0.0015	0.8471	0.0000	0.0000	0.0000	0.0000	0.0000	0.0000	0.0000	0.0000	0.0251
0.0000	0.0000	0.0322	0.0000	0.0000	0.0000	0.0000	0.0000	0.0000	0.0000	0.0000	0.9678
0.0000	0.0000	0.9998	0.0000	0.0000	0.0001	0.0000	0.0000	0.0000	0.0000	0.0000	0.0000
0.0000	0.0000	1.0000	0.0000	0.0000	0.0000	0.0000	0.0000	0.0000	0.0000	0.0000	0.0000
0.0000	0.0000	0.0000	0.0000	0.0000	0.0000	0.0000	0.0000	0.0000	0.0000	0.0000	1.0000
0.0001	0.0000	0.9997	0.0000	0.0000	0.0000	0.0000	0.0000	0.0001	0.0000	0.0000	0.0000
0.0000	0.0000	0.0000	0.0000	0.0000	0.0000	0.0000	0.0000	1.0000	0.0000	0.0000	0.0000
0.0000	0.0000	0.0000	0.0000	0.0000	0.0000	0.0000	0.0000	1.0000	0.0000	0.0000	0.0000
0.0000	0.0000	0.0000	0.0000	0.0000	0.0000	1.0000	0.0000	0.0000	0.0000	0.0000	0.0000
0.0000	0.0000	0.0000	0.0000	0.0000	0.0000	0.0000	0.0000	1.0000	0.0000	0.0000	0.0000
0.0000	0.0000	0.0000	0.0000	0.0000	0.0000	0.0000	0.0000	1.0000	0.0000	0.0000	0.0000
0.0000	0.0000	0.0000	0.0000	0.0000	0.0000	0.0000	0.0000	1.0000	0.0000	0.0000	0.0000
0.0000	0.0000	0.0000	0.0000	0.0000	0.0000	0.0000	0.0000	1.0000	0.0000	0.0000	0.0000
0.0000	0.0000	0.0068	0.0000	0.0000	0.0000	0.9932	0.0000	0.0000	0.0000	0.0000	0.0000
0.0000	0.0000	0.0026	0.0000	0.0000	0.0000	0.9974	0.0000	0.0000	0.0000	0.0000	0.0000
0.0000	0.0000	0.0000	0.0000	0.0000	0.0000	0.0000	0.0000	1.0000	0.0000	0.0000	0.0000
0.0000	0.0000	0.9998	0.0000	0.0000	0.0000	0.0002	0.0000	0.0000	0.0000	0.0000	0.0000
0.0000	0.0000	0.0000	0.0000	0.0000	0.0000	1.0000	0.0000	0.0000	0.0000	0.0000	0.0000
0.0000	0.0000	0.0000	0.0000	0.0000	0.0000	0.0000	0.0000	1.0000	0.0000	0.0000	0.0000
0.0000	0.0000	0.0000	0.0000	0.0000	0.0000	0.0000	0.0000	1.0000	0.0000	0.0000	0.0000
0.0000	0.0000	0.0000	0.0000	0.0000	0.0000	0.0004	0.0000	0.9996	0.0000	0.0000	0.0000
0.0000	0.0000	0.0000	0.0000	0.0000	0.0000	0.0000	0.0000	1.0000	0.0000	0.0000	0.0000
0.0000	0.0000	0.0000	0.0000	0.0000	0.0000	0.0000	0.0000	1.0000	0.0000	0.0000	0.0000
0.0000	0.0000	0.9455	0.0000	0.0000	0.0000	0.0545	0.0000	0.0000	0.0000	0.0000	0.0000
0.0000	0.0000	0.0000	0.0000	0.0000	0.0000	0.0000	0.0000	1.0000	0.0000	0.0000	0.0000
0.0000	0.0000	0.0123	0.0000	0.0000	0.0000	0.9877	0.0000	0.0000	0.0000	0.0000	0.0000
0.0000	0.0000	0.0005	0.0000	0.0000	0.0000	0.9995	0.0000	0.0000	0.0000	0.0000	0.0000
0.0000	0.0000	0.0182	0.0000	0.0000	0.0000	0.9818	0.0000	0.0000	0.0000	0.0000	0.0000
0.0000	0.0000	0.0000	0.0000	0.0000	0.0000	1.0000	0.0000	0.0000	0.0000	0.0000	0.0000
0.0000	0.0000	0.0005	0.0000	0.0000	0.0000	0.9995	0.0000	0.0000	0.0000	0.0000	0.0000
0.0000	0.0000	0.0000	0.0000	0.0000	0.0000	1.0000	0.0000	0.0000	0.0000	0.0000	0.0000
0.0000	0.0000	0.0000	0.0000	0.0000	0.0000	0.0000	0.0000	1.0000	0.0000	0.0000	0.0000
0.0000	0.0000	0.0000	0.0000	0.0000	0.0000	0.0000	0.0000	1.0000	0.0000	0.0000	0.0000
0.0000	0.0000	0.7271	0.0000	0.0000	0.2481	0.0248	0.0000	0.0000	0.0000	0.0000	0.0000
0.0000	0.0000	0.0000	0.0000	0.0000	0.0000	1.0000	0.0000	0.0000	0.0000	0.0000	0.0000
