0.1194	0.0005	0.0000	0.0000	0.0000	0.0013	0.1098	0.0009	0.0000	0.3642	0.0000	0.4038
0.0415	0.0000	0.0004	0.0000	0.0000	0.0153	0.4154	0.0000	0.0000	0.0163	0.0000	0.5110
0.9985	0.0015	0.0000	0.0000	0.0000	0.0000	0.0000	0.0000	0.0000	0.0000	0.0000	0.0000
0.0000	0.0000	0.0000	0.0000	0.0000	0.0000	0.0295	0.0000	0.0000	0.0011	0.0001	0.9693
0.0000	0.0025	0.6965	0.0000	0.0000	0.0006	0.2187	0.0706	0.0000	0.0000	0.0000	0.0112
0.0000	0.0000	0.0000	0.0000	0.0000	0.0000	0.0000	0.0000	0.0000	1.0000	0.0000	0.0000
0.1939	0.0000	0.0000	0.0013	0.0000	0.0000	0.0000	0.0000	0.0000	0.5606	0.0000	0.2441
0.0000	0.5769	0.3499	0.0000	0.0000	0.0720	0.0011	0.0002	0.0000	0.0000	0.0000	0.0000
0.0000	0.0000	0.0024	0.0000	0.0000	0.9975	0.0001	0.0000	0.0000	0.0000	0.0000	0.0000
0.0000	0.0000	0.0201	0.0000	0.0000	0.0000	0.9511	0.0028	0.0000	0.0000	0.0000	0.0260
0.0000	0.0000	0.0000	0.0000	0.0000	0.0000	0.0000	0.0000	1.0000	0.0000	0.0000	0.0000
0.0000	0.0000	0.0000	0.0000	0.0000	0.0000	0.0000	0.0000	0.9990	0.0010	0.0000	0.0000
0.0000	0.0000	0.0000	0.0000	0.0000	0.0000	0.0000	0.0000	0.0000	0.0356	0.0000	0.9644
0.0000	0.0000	0.0000	0.0000	1.0000	0.0000	0.0000	0.0000	0.0000	0.0000	0.0000	0.0000
0.0000	0.9966	0.0033	0.0000	0.0000	0.0001	0.0000	0.0000	0.0000	0.0000	0.0000	0.0000
0.0001	0.0457	0.8682	0.0000	0.0000	0.0657	0.0136	0.0064	0.0000	0.0000	0.0000	0.0004
0.0000	0.0004	0.8849	0.0000	0.0000	0.0471	0.0223	0.0453	0.0000	0.0000	0.0000	0.0001
0.9419	0.0000	0.0000	0.0000	0.0000	0.0000	0.0000	0.0000	0.0581	0.0000	0.0000	0.0000
0.8156	0.0000	0.0000	0.0000	0.0000	0.0000	0.0000	0.0000	0.1839	0.0000	0.0006	0.0000
0.0000	0.0000	0.0000	0.0000	0.0000	0.0000	0.3185	0.0000	0.0000	0.0000	0.0000	0.6815
0.0000	0.0000	0.0000	0.0000	0.0000	0.0005	0.4228	0.5765	0.0000	0.0001	0.0000	0.0000
0.0000	0.0000	0.0000	0.0000	0.0000	0.0000	0.7576	0.2307	0.0000	0.0012	0.0000	0.0105
0.0000	0.0000	0.0000	0.0000	0.0000	0.0000	0.0000	0.0000	0.0000	1.0000	0.0000	0.0000
0.9844	0.0024	0.0004	0.0000	0.0000	0.0074	0.0007	0.0001	0.0000	0.0041	0.0000	0.0005
0.0000	0.0000	0.0000	0.0000	0.0000	0.0033	0.1551	0.0002	0.0000	0.0000	0.0000	0.8413
0.0000	0.0000	0.0000	0.0000	0.0000	0.0000	0.0026	0.9973	0.0000	0.0000	0.0000	0.0000
0.0000	0.0000	0.0000	0.0544	0.0000	0.0000	0.0000	0.0000	0.0000	0.9414	0.0017	0.0025
0.0000	0.0000	0.0000	0.0000	0.0000	0.0000	0.0000	0.0000	0.0000	0.0000	1.0000	0.0000
0.0000	0.0000	0.0000	0.0000	0.0000	0.0000	0.0001	0.0000	0.0000	0.9967	0.0001	0.0031
0.0001	0.0000	0.0000	0.0000	0.0000	0.0000	0.0000	0.0000	0.9999	0.0000	0.0000	0.0000
0.0000	0.0000	0.0000	0.0235	0.0000	0.0000	0.0000	0.0000	0.0000	0.0024	0.9741	0.0000
0.0000	0.0000	0.0003	0.0000	0.0000	0.0000	0.9583	0.0412	0.0000	0.0000	0.0000	0.0001
0.0000	0.0000	0.0000	0.0000	0.0000	0.0000	0.0000	0.0000	0.0000	1.0000	0.0000	0.0000
0.0000	0.0000	0.0000	1.0000	0.0000	0.0000	0.0000	0.0000	0.0000	0.0000	0.0000	0.0000
0.0000	0.6957	0.2704	0.0000	0.0000	0.0325	0.0002	0.0011	0.0000	0.0000	0.0000	0.0000
0.9471	0.0000	0.0000	0.0000	0.0000	0.0322	0.0000	0.0000	0.0000	0.0208	0.0000	0.0000
0.0001	0.0000	0.0000	0.0000	0.0000	0.0002	0.0000	0.0000	0.0000	0.8266	0.0036	0.1695
0.0000	0.0630	0.0826	0.0000	0.0000	0.8081	0.0430	0.0033	0.0000	0.0000	0.0000	0.0000
0.0000	0.0000	0.0000	0.0000	0.0000	0.0000	0.0000	0.0000	0.0000	0.0000	1.0000	0.0000
0.0000	0.0000	0.0000	0.0000	0.0000	0.0000	0.0000	0.0000	1.0000	0.0000	0.0000	0.0000
0.0000	0.7124	0.0002	0.0000	0.0000	0.2403	0.0324	0.0140	0.0000	0.0003	0.0000	0.0003
0.0000	0.0000	0.0000	0.0000	0.0000	0.0000	0.4810	0.1848	0.0000	0.0000	0.0000	0.3342
0.0000	0.0012	0.0029	0.0000	0.0000	0.9585	0.0077	0.0001	0.0000	0.0000	0.0000	0.0296
0.0007	0.0002	0.0284	0.0000	0.0000	0.0019	0.2367	0.0002	0.0000	0.0028	0.0003	0.7287
0.0000	0.0000	0.0000	0.0000	0.0000	0.0000	0.0276	0.0004	0.0000	0.0000	0.0001	0.9719
0.0000	0.0000	0.0000	0.0000	0.0000	0.0000	0.5981	0.4003	0.0000	0.0008	0.0000	0.0008
0.0000	0.0000	0.0000	0.0000	0.0000	0.0000	0.0000	0.0000	0.0000	0.9999	0.0000	0.0001
0.0000	0.0000	0.0000	0.0000	1.0000	0.0000	0.0000	0.0000	0.0000	0.0000	0.0000	0.0000
0.0000	0.0000	0.0005	0.0000	0.0000	0.9995	0.0000	0.0000	0.0000	0.0000	0.0000	0.0000
0.0000	0.1928	0.0845	0.0000	0.0000	0.7213	0.0004	0.0009	0.0000	0.0000	0.0000	0.0000
0.0000	0.0000	0.0000	0.0000	0.0000	0.0000	0.9753	0.0247	0.0000	0.0000	0.0000	0.0000
0.0000	0.0000	0.0000	0.0000	0.0000	0.0000	0.0057	0.0005	0.0000	0.0001	0.0000	0.9937
0.0174	0.0000	0.0000	0.0000	0.0000	0.0000	0.6991	0.1904	0.0000	0.0002	0.0000	0.0928
0.0000	0.0184	0.2975	0.0000	0.0000	0.6588	0.0067	0.0185	0.0000	0.0000	0.0000	0.0001
0.0000	0.1583	0.5572	0.0000	0.0000	0.2691	0.0023	0.0131	0.0000	0.0000	0.0000	0.0000
0.0001	0.0000	0.0000	0.0000	0.0000	0.0001	0.2894	0.7014	0.0000	0.0005	0.0001	0.0084
0.0000	0.0426	0.1266	0.0000	0.0000	0.1849	0.3925	0.2530	0.0000	0.0000	0.0000	0.0005
0.0000	0.0000	0.0000	0.0000	0.0000	0.0000	0.0000	0.0000	0.0000	1.0000	0.0000	0.0000
0.0000	0.0000	0.0000	0.0000	0.0000	0.0000	0.0002	0.0000	0.0000	0.1337	0.0002	0.8659
0.0000	0.9958	0.0002	0.0000	0.0000	0.0019	0.0001	0.0021	0.0000	0.0000	0.0000	0.0000
0.0000	0.0004	0.0000	0.0000	0.0000	0.7936	0.0000	0.0012	0.0000	0.2047	0.0000	0.0000
0.8895	0.0001	0.0869	0.0000	0.0000	0.0161	0.0029	0.0000	0.0000	0.0041	0.0000	0.0004
0.0000	0.0000	0.0000	0.0000	0.0000	0.0017	0.2902	0.0002	0.0000	0.0000	0.0000	0.7079
0.0000	0.0000	0.0000	0.0000	0.0000	0.0000	0.0000	0.0000	1.0000	0.0000	0.0000	0.0000
0.0000	0.0011	0.0000	0.0000	0.0000	0.0000	0.9019	0.0566	0.0000	0.0000	0.0000	0.0404
0.0006	0.0000	0.0000	0.0052	0.0000	0.0122	0.0395	0.0000	0.0060	0.0008	0.0132	0.9226
0.0000	0.0079	0.0000	0.0000	0.0000	0.0000	0.9914	0.0007	0.0000	0.0000	0.0000	0.0000
0.5997	0.1506	0.2317	0.0000	0.0000	0.0032	0.0024	0.0000	0.0000	0.0000	0.0000	0.0123
0.9454	0.0000	0.0000	0.0000	0.0000	0.0000	0.0000	0.0000	0.0545	0.0000	0.0001	0.0000
0.9909	0.0000	0.0000	0.0000	0.0000	0.0000	0.0000	0.0000	0.0091	0.0000	0.0000	0.0000
0.0000	0.0000	0.0000	0.0000	0.0000	0.0000	0.0000	0.0000	0.0000	0.9994	0.0005	0.0000
0.0000	0.0000	0.0000	0.0000	0.0000	0.0000	0.0000	0.0001	0.0000	0.0000	0.0000	0.9999
0.0000	0.0000	0.0000	0.0000	0.0000	0.0000	0.0000	0.0688	0.0000	0.0000	0.0000	0.9312
0.0000	0.0000	0.0000	0.0000	0.0000	0.0000	0.0000	0.1590	0.0000	0.0000	0.0000	0.8409
0.0000	0.0000	0.0000	0.0000	0.0000	0.0000	0.0000	0.0000	0.0000	0.9995	0.0005	0.0000
1.0000	0.0000	0.0000	0.0000	0.0000	0.0000	0.0000	0.0000	0.0000	0.0000	0.0000	0.0000
0.0000	0.0000	0.0000	0.0000	0.0000	0.0000	0.9200	0.0752	0.0000	0.0000	0.0000	0.0048
0.0007	0.0000	0.0002	0.0000	0.0000	0.0023	0.0011	0.0003	0.0000	0.0186	0.0002	0.9766
0.0000	0.0000	0.0000	0.0101	0.0000	0.1300	0.0000	0.0000	0.0000	0.3128	0.5470	0.0001
0.0000	0.0000	0.0000	0.0000	0.0000	0.0000	0.9519	0.0409	0.0000	0.0000	0.0000	0.0072
0.0000	0.0000	0.0000	0.0000	0.0000	0.0000	0.0000	0.0000	0.0000	0.0000	0.0000	1.0000
0.0026	0.0000	0.8965	0.0000	0.0000	0.1007	0.0000	0.0000	0.0002	0.0000	0.0000	0.0000
0.0026	0.0000	0.8878	0.0000	0.0000	0.1093	0.0000	0.0000	0.0003	0.0000	0.0000	0.0000
0.0000	0.0000	0.0006	0.0000	0.0000	0.0000	0.0001	0.0000	0.0000	0.0000	0.0000	0.9993
0.0000	0.0004	0.0388	0.0000	0.0000	0.0000	0.0015	0.0000	0.0000	0.0000	0.0000	0.9593
0.0000	0.0000	0.9923	0.0000	0.0000	0.0000	0.0000	0.0000	0.0000	0.0000	0.0000	0.0077
0.0000	0.0000	0.0000	0.0000	0.0000	0.0000	0.0000	0.0000	0.0000	0.0000	0.0000	1.0000
0.0000	0.0000	0.9942	0.0000	0.0000	0.0057	0.0000	0.0000	0.0000	0.0000	0.0000	0.0001
0.0000	0.0000	0.9963	0.0000	0.0000	0.0002	0.0000	0.0000	0.0000	0.0000	0.0000	0.0034
0.0000	0.0000	0.0000	0.0000	0.0000	0.0000	0.0000	0.0000	0.0000	0.0000	0.0000	1.0000
0.0000	0.0000	0.0000	0.0000	0.0000	0.0000	0.0000	0.0000	0.0000	0.0000	0.0000	1.0000
0.0000	0.0000	0.9995	0.0000	0.0000	0.0000	0.0000	0.0000	0.0000	0.0000	0.0000	0.0005
0.0009	0.0002	0.9972	0.0000	0.0000	0.0000	0.0000	0.0000	0.0015	0.0000	0.0000	0.0003
0.0000	0.0000	0.0000	0.0000	0.0000	0.0000	0.0000	0.0000	0.0037	0.0000	0.0000	0.9963
0.0010	0.0000	0.9739	0.0000	0.0000	0.0250	0.0000	0.0000	0.0001	0.0000	0.0000	0.0000
0.0018	0.0000	0.9538	0.0000	0.0000	0.0442	0.0000	0.0000	0.0001	0.0000	0.0000	0.0000
0.0000	0.0000	0.0016	0.0000	0.0000	0.0000	0.0000	0.0001	0.0000	0.0000	0.0000	0.9984
0.0001	0.0000	0.9998	0.0000	0.0000	0.0000	0.0000	0.0000	0.0000	0.0000	0.0000	0.0001
0.0000	0.0000	0.9998	0.0000	0.0000	0.0000	0.0000	0.0000	0.0000	0.0000	0.0000	0.0002
0.0000	0.0000	0.0002	0.0000	0.0000	0.0000	0.0000	0.0072	0.0000	0.0000	0.0000	0.9925
0.0001	0.0000	0.9944	0.0000	0.0000	0.0055	0.0000	0.0000	0.0000	0.0000	0.0000	0.0000
0.0000	0.0000	0.9999	0.0000	0.0000	0.0000	0.0000	0.0000	0.0000	0.0000	0.0000	0.0000
0.0000	0.0000	0.0000	0.0000	0.0000	0.0000	0.0000	0.0000	0.0000	0.0000	0.0000	1.0000
0.0006	0.0000	0.9993	0.0000	0.0000	0.0000	0.0000	0.0000	0.0001	0.0000	0.0000	0.0000
0.0000	0.0000	0.0000	0.0000	0.0000	0.0000	0.0000	0.0000	1.0000	0.0000	0.0000	0.0000
0.0000	0.0000	0.0000	0.0000	0.0000	0.0000	0.0000	0.0000	1.0000	0.0000	0.0000	0.0000
0.0000	0.0000	0.0000	0.0000	0.0000	0.0000	0.9999	0.0000	0.0000	0.0000	0.0000	0.0000
0.0000	0.0000	0.0000	0.0000	0.0000	0.0000	0.0000	0.0000	1.0000	0.0000	0.0000	0.0000
0.0000	0.0000	0.0000	0.0000	0.0000	0.0000	0.0000	0.0000	1.0000	0.0000	0.0000	0.0000
0.0000	0.0000	0.0000	0.0000	0.0000	0.0000	0.0000	0.0000	1.0000	0.0000	0.0000	0.0000
0.0000	0.0000	0.0000	0.0000	0.0000	0.0000	0.0000	0.0000	1.0000	0.0000	0.0000	0.0000
0.0000	0.0000	0.2620	0.0000	0.0000	0.0000	0.7380	0.0000	0.0000	0.0000	0.0000	0.0000
0.0000	0.0000	0.0031	0.0000	0.0000	0.0000	0.9969	0.0000	0.0000	0.0000	0.0000	0.0000
0.0000	0.0000	0.0000	0.0000	0.0000	0.0000	0.0000	0.0000	1.0000	0.0000	0.0000	0.0000
0.0000	0.0000	0.9968	0.0000	0.0000	0.0000	0.0032	0.0000	0.0000	0.0000	0.0000	0.0000
0.0000	0.0000	0.0000	0.0000	0.0000	0.0000	1.0000	0.0000	0.0000	0.0000	0.0000	0.0000
0.0000	0.0000	0.0000	0.0000	0.0000	0.0000	0.0000	0.0000	1.0000	0.0000	0.0000	0.0000
0.0000	0.0000	0.0000	0.0000	0.0000	0.0000	0.0000	0.0000	1.0000	0.0000	0.0000	0.0000
0.0000	0.0000	0.0000	0.0000	0.0000	0.0000	0.0001	0.0000	0.9999	0.0000	0.0000	0.0000
0.0000	0.0000	0.0000	0.0000	0.0000	0.0000	0.0000	0.0000	1.0000	0.0000	0.0000	0.0000
0.0000	0.0000	0.0000	0.0000	0.0000	0.0000	0.0000	0.0000	1.0000	0.0000	0.0000	0.0000
0.0000	0.0000	0.9565	0.0000	0.0000	0.0001	0.0434	0.0000	0.0000	0.0000	0.0000	0.0000
0.0000	0.0000	0.0000	0.0000	0.0000	0.0000	0.0000	0.0000	1.0000	0.0000	0.0000	0.0000
0.0000	0.0000	0.2582	0.0000	0.0000	0.0000	0.7418	0.0000	0.0000	0.0000	0.0000	0.0000
0.0000	0.0000	0.5156	0.0000	0.0000	0.0000	0.4844	0.0000	0.0000	0.0000	0.0000	0.0000
0.0000	0.0000	0.0054	0.0000	0.0000	0.0000	0.9946	0.0000	0.0000	0.0000	0.0000	0.0000
0.0000	0.0000	0.0025	0.0000	0.0000	0.0000	0.9975	0.0000	0.0000	0.0000	0.0000	0.0000
0.0000	0.0000	0.0021	0.0000	0.0000	0.0000	0.9979	0.0000	0.0000	0.0000	0.0000	0.0000
0.0000	0.0000	0.0000	0.0000	0.0000	0.0000	1.0000	0.0000	0.0000	0.0000	0.0000	0.0000
0.0000	0.0000	0.0000	0.0000	0.0000	0.0000	0.0000	0.0000	1.0000	0.0000	0.0000	0.0000
0.0000	0.0000	0.0000	0.0000	0.0000	0.0000	0.0000	0.0000	1.0000	0.0000	0.0000	0.0000
0.0000	0.0000	0.7442	0.0000	0.0000	0.2510	0.0048	0.0000	0.0000	0.0000	0.0000	0.0000
0.0000	0.0000	0.0073	0.0000	0.0000	0.0000	0.9927	0.0000	0.0000	0.0000	0.0000	0.0000
