0.0384	0.0000	0.0000	0.0000	0.0000	0.0004	0.0162	0.0057	0.0000	0.3953	0.0001	0.5438
0.0327	0.0000	0.0002	0.0000	0.0000	0.0137	0.0688	0.0006	0.0000	0.0779	0.0000	0.8060
0.9996	0.0000	0.0000	0.0000	0.0000	0.0002	0.0000	0.0000	0.0000	0.0002	0.0000	0.0000
0.0000	0.0000	0.0000	0.0000	0.0000	0.0000	0.0081	0.0005	0.0000	0.0049	0.0001	0.9863
0.0000	0.0005	0.0107	0.0000	0.0000	0.0015	0.4299	0.2855	0.0000	0.0000	0.0001	0.2718
0.0007	0.0000	0.0000	0.0000	0.0000	0.0000	0.0000	0.0000	0.0000	0.9993	0.0000	0.0000
0.0039	0.0000	0.0000	0.0000	0.0000	0.0000	0.0000	0.0000	0.0000	0.9960	0.0000	0.0001
0.0000	0.7086	0.0593	0.0000	0.0000	0.1970	0.0243	0.0094	0.0000	0.0001	0.0000	0.0013
0.0000	0.0009	0.0051	0.0000	0.0000	0.9804	0.0095	0.0022	0.0000	0.0001	0.0000	0.0017
0.0000	0.0000	0.0003	0.0000	0.0000	0.0000	0.5453	0.0245	0.0000	0.0008	0.0000	0.4291
0.0000	0.0000	0.0000	0.0000	0.0000	0.0000	0.0000	0.0000	0.9934	0.0066	0.0000	0.0000
0.0000	0.0000	0.0000	0.0000	0.0000	0.0000	0.0000	0.0000	0.9434	0.0566	0.0000	0.0000
0.0000	0.0000	0.0000	0.0000	0.0000	0.0001	0.0227	0.0053	0.0000	0.2091	0.0000	0.7627
0.0000	0.0000	0.0000	0.0000	0.9797	0.0000	0.0000	0.0000	0.0000	0.0203	0.0000	0.0000
0.0000	0.9476	0.0516	0.0000	0.0000	0.0008	0.0000	0.0000	0.0000	0.0000	0.0000	0.0000
0.0030	0.0355	0.2289	0.0000	0.0000	0.3543	0.2223	0.0938	0.0000	0.0015	0.0000	0.0606
0.0008	0.0002	0.7144	0.0000	0.0000	0.0663	0.0791	0.1352	0.0000	0.0000	0.0000	0.0039
0.6045	0.0000	0.0000	0.0000	0.0000	0.0000	0.0000	0.0000	0.3953	0.0001	0.0001	0.0000
0.1283	0.0000	0.0000	0.0000	0.0000	0.0000	0.0000	0.0000	0.8698	0.0000	0.0018	0.0000
0.0000	0.0000	0.0000	0.0000	0.0000	0.0000	0.3843	0.0000	0.0000	0.0005	0.0000	0.6152
0.0000	0.0000	0.0000	0.0000	0.0000	0.0055	0.4841	0.5069	0.0000	0.0022	0.0000	0.0013
0.0000	0.0000	0.0000	0.0000	0.0000	0.0000	0.5972	0.2789	0.0000	0.0099	0.0006	0.1133
0.0000	0.0000	0.0000	0.0000	0.0000	0.0000	0.0000	0.0000	0.0000	0.9989	0.0004	0.0007
0.9403	0.0016	0.0007	0.0000	0.0000	0.0028	0.0168	0.0021	0.0000	0.0101	0.0000	0.0256
0.0000	0.0000	0.0000	0.0000	0.0000	0.0130	0.4014	0.0065	0.0000	0.0046	0.0000	0.5745
0.0000	0.0000	0.0000	0.0000	0.0000	0.0000	0.1356	0.8643	0.0000	0.0000	0.0000	0.0002
0.0000	0.0000	0.0000	0.0067	0.0000	0.0000	0.0000	0.0000	0.0000	0.9931	0.0000	0.0002
0.0000	0.0000	0.0000	0.0000	0.0000	0.0000	0.0000	0.0000	0.0000	0.0000	1.0000	0.0000
0.0000	0.0000	0.0000	0.0000	0.0000	0.0000	0.0034	0.0003	0.0000	0.9599	0.0011	0.0353
0.0001	0.0000	0.0000	0.0000	0.0000	0.0000	0.0000	0.0000	0.9993	0.0006	0.0000	0.0000
0.0000	0.0000	0.0000	0.0000	0.0002	0.0000	0.0004	0.0000	0.2789	0.0000	0.7205	0.0000
0.0000	0.0000	0.0000	0.0000	0.0000	0.0000	0.7690	0.2273	0.0000	0.0000	0.0001	0.0035
0.0000	0.0000	0.0000	0.0000	0.0000	0.0000	0.0000	0.0000	0.0000	0.9996	0.0004	0.0000
0.0000	0.0000	0.0000	0.1444	0.0000	0.0000	0.0000	0.0000	0.0000	0.0000	0.8556	0.0000
0.0000	0.7631	0.0758	0.0000	0.0000	0.1046	0.0102	0.0459	0.0000	0.0000	0.0000	0.0004
0.9995	0.0000	0.0000	0.0000	0.0000	0.0000	0.0000	0.0000	0.0000	0.0004	0.0000	0.0000
0.0002	0.0000	0.0000	0.0000	0.0000	0.0001	0.0000	0.0000	0.0000	0.7570	0.0007	0.2420
0.0000	0.0299	0.0066	0.0000	0.0000	0.8589	0.0921	0.0109	0.0000	0.0000	0.0000	0.0015
0.0000	0.0000	0.0000	0.0000	0.0000	0.0000	0.0000	0.0000	0.0000	0.0000	1.0000	0.0000
0.0000	0.0000	0.0000	0.0000	0.0000	0.0000	0.0000	0.0000	1.0000	0.0000	0.0000	0.0000
0.0005	0.0454	0.0003	0.0000	0.0000	0.4467	0.0899	0.3547	0.0000	0.0460	0.0000	0.0165
0.0000	0.0000	0.0000	0.0000	0.0000	0.0000	0.0543	0.1278	0.0000	0.0001	0.0000	0.8177
0.0001	0.0001	0.0005	0.0000	0.0000	0.8593	0.0113	0.0031	0.0000	0.0025	0.0000	0.1233
0.0002	0.0000	0.0017	0.0000	0.0000	0.0010	0.0308	0.0102	0.0000	0.0198	0.0007	0.9356
0.0000	0.0000	0.0000	0.0000	0.0000	0.0000	0.0074	0.0004	0.0000	0.0000	0.0016	0.9906
0.0000	0.0000	0.0000	0.0000	0.0000	0.0000	0.3062	0.6808	0.0000	0.0052	0.0001	0.0077
0.0000	0.0000	0.0000	0.0000	0.0000	0.0000	0.0000	0.0000	0.0000	0.9997	0.0001	0.0002
0.0000	0.0000	0.0000	0.0000	1.0000	0.0000	0.0000	0.0000	0.0000	0.0000	0.0000	0.0000
0.0000	0.0000	0.0003	0.0000	0.0000	0.9993	0.0002	0.0000	0.0000	0.0000	0.0000	0.0001
0.0000	0.0326	0.0042	0.0000	0.0000	0.9555	0.0020	0.0056	0.0000	0.0000	0.0000	0.0001
0.0000	0.0000	0.0000	0.0000	0.0000	0.0000	0.7527	0.2457	0.0000	0.0015	0.0001	0.0001
0.0000	0.0000	0.0000	0.0000	0.0000	0.0009	0.0428	0.0102	0.0000	0.0063	0.0000	0.9398
0.0300	0.0000	0.0000	0.0000	0.0000	0.0000	0.4467	0.0748	0.0000	0.0022	0.0000	0.4462
0.0000	0.0111	0.0252	0.0000	0.0000	0.8244	0.0342	0.0950	0.0000	0.0012	0.0000	0.0090
0.0001	0.1025	0.0740	0.0000	0.0000	0.7532	0.0189	0.0456	0.0000	0.0001	0.0000	0.0056
0.0028	0.0000	0.0000	0.0000	0.0000	0.0001	0.2955	0.6459	0.0000	0.0018	0.0002	0.0536
0.0000	0.0070	0.0183	0.0000	0.0000	0.2034	0.5250	0.2304	0.0000	0.0003	0.0000	0.0155
0.0000	0.0000	0.0000	0.0000	0.0000	0.0000	0.0000	0.0000	0.0000	0.9999	0.0000	0.0001
0.0000	0.0000	0.0000	0.0000	0.0000	0.0000	0.0040	0.0000	0.0000	0.6056	0.0008	0.3896
0.0000	0.8565	0.0004	0.0000	0.0000	0.0962	0.0035	0.0433	0.0000	0.0000	0.0000	0.0001
0.0002	0.0000	0.0000	0.0000	0.0000	0.2927	0.0000	0.0012	0.0000	0.7058	0.0000	0.0000
0.6109	0.0005	0.2486	0.0000	0.0000	0.0014	0.0841	0.0005	0.0027	0.0215	0.0000	0.0298
0.0000	0.0000	0.0000	0.0000	0.0000	0.0022	0.4817	0.0043	0.0000	0.0003	0.0000	0.5114
0.0000	0.0000	0.0000	0.0000	0.0000	0.0000	0.0000	0.0000	1.0000	0.0000	0.0000	0.0000
0.0000	0.0004	0.0003	0.0000	0.0000	0.0005	0.4318	0.2848	0.0000	0.0000	0.0000	0.2822
0.0002	0.0000	0.0034	0.0009	0.0000	0.0008	0.2070	0.0000	0.0110	0.0083	0.0005	0.7679
0.0000	0.0154	0.0000	0.0000	0.0000	0.0000	0.9718	0.0124	0.0000	0.0000	0.0000	0.0004
0.1110	0.0146	0.4686	0.0000	0.0000	0.0026	0.0609	0.0005	0.0000	0.0000	0.0000	0.3416
0.8621	0.0000	0.0000	0.0000	0.0000	0.0000	0.0000	0.0000	0.1364	0.0000	0.0015	0.0000
0.7173	0.0000	0.0000	0.0000	0.0000	0.0000	0.0000	0.0000	0.2403	0.0406	0.0000	0.0017
0.0000	0.0000	0.0000	0.0000	0.0064	0.0000	0.0001	0.0000	0.0684	0.2527	0.6724	0.0000
0.0000	0.0000	0.0000	0.0000	0.0000	0.0000	0.0005	0.0042	0.0000	0.0008	0.0002	0.9944
0.0000	0.0000	0.0000	0.0000	0.0000	0.0000	0.0002	0.4184	0.0000	0.0004	0.0001	0.5809
0.0000	0.0000	0.0000	0.0000	0.0000	0.0000	0.0001	0.0450	0.0000	0.0000	0.0000	0.9548
0.0000	0.0000	0.0000	0.0015	0.0000	0.0000	0.0000	0.0000	0.0000	0.9984	0.0001	0.0000
1.0000	0.0000	0.0000	0.0000	0.0000	0.0000	0.0000	0.0000	0.0000	0.0000	0.0000	0.0000
0.0000	0.0000	0.0000	0.0000	0.0000	0.0000	0.8813	0.0233	0.0000	0.0007	0.0000	0.0946
0.0015	0.0000	0.0000	0.0000	0.0000	0.0005	0.0031	0.0003	0.0000	0.0412	0.0001	0.9532
0.0000	0.0000	0.0000	0.0014	0.0000	0.0273	0.0000	0.0000	0.0000	0.9523	0.0185	0.0005
0.0000	0.0000	0.0000	0.0000	0.0000	0.0000	0.5135	0.1080	0.0000	0.0000	0.0000	0.3784
0.0000	0.0000	0.0000	0.0000	0.0000	0.0000	0.0000	0.0000	0.0000	0.0000	0.0000	1.0000
0.0014	0.0000	0.9313	0.0000	0.0000	0.0620	0.0000	0.0000	0.0052	0.0000	0.0000	0.0001
0.0014	0.0000	0.9123	0.0000	0.0000	0.0800	0.0000	0.0000	0.0061	0.0001	0.0000	0.0001
0.0000	0.0000	0.0000	0.0000	0.0000	0.0000	0.0000	0.0000	0.0000	0.0000	0.0000	1.0000
0.0000	0.0014	0.0034	0.0000	0.0000	0.0000	0.0002	0.0000	0.0000	0.0000	0.0000	0.9950
0.0000	0.0000	0.9115	0.0000	0.0000	0.0000	0.0000	0.0000	0.0000	0.0000	0.0000	0.0885
0.0000	0.0000	0.0000	0.0000	0.0000	0.0000	0.0000	0.0000	0.0000	0.0000	0.0000	1.0000
0.0001	0.0000	0.9862	0.0000	0.0000	0.0109	0.0000	0.0000	0.0000	0.0000	0.0000	0.0028
0.0001	0.0000	0.8525	0.0000	0.0000	0.0001	0.0000	0.0000	0.0000	0.0000	0.0000	0.1473
0.0000	0.0000	0.0000	0.0000	0.0000	0.0000	0.0000	0.0000	0.0000	0.0000	0.0000	1.0000
0.0000	0.0000	0.0000	0.0000	0.0000	0.0000	0.0000	0.0000	0.0000	0.0000	0.0000	1.0000
0.0000	0.0000	0.9606	0.0000	0.0000	0.0000	0.0000	0.0000	0.0002	0.0000	0.0000	0.0392
0.0018	0.0000	0.9852	0.0000	0.0000	0.0000	0.0000	0.0000	0.0033	0.0000	0.0000	0.0096
0.0000	0.0000	0.0000	0.0000	0.0000	0.0000	0.0000	0.0000	0.0001	0.0000	0.0000	0.9998
0.0010	0.0000	0.9909	0.0000	0.0000	0.0056	0.0000	0.0000	0.0023	0.0000	0.0000	0.0002
0.0011	0.0000	0.9704	0.0000	0.0000	0.0234	0.0000	0.0000	0.0048	0.0001	0.0000	0.0002
0.0000	0.0000	0.0000	0.0000	0.0000	0.0000	0.0000	0.0000	0.0000	0.0000	0.0000	1.0000
0.0023	0.0000	0.9614	0.0000	0.0000	0.0000	0.0000	0.0000	0.0000	0.0000	0.0000	0.0363
0.0011	0.0001	0.9504	0.0000	0.0000	0.0000	0.0000	0.0000	0.0000	0.0000	0.0000	0.0483
0.0000	0.0000	0.0056	0.0000	0.0000	0.0000	0.0000	0.0000	0.0000	0.0000	0.0000	0.9943
0.0003	0.0000	0.9928	0.0000	0.0000	0.0054	0.0000	0.0000	0.0000	0.0000	0.0000	0.0014
0.0000	0.0000	0.9990	0.0000	0.0000	0.0000	0.0000	0.0000	0.0000	0.0000	0.0000	0.0009
0.0000	0.0000	0.0000	0.0000	0.0000	0.0000	0.0000	0.0000	0.0000	0.0000	0.0000	1.0000
0.0002	0.0000	0.9980	0.0000	0.0000	0.0000	0.0000	0.0000	0.0015	0.0000	0.0000	0.0002
0.0000	0.0000	0.0000	0.0000	0.0000	0.0000	0.0000	0.0000	1.0000	0.0000	0.0000	0.0000
0.0000	0.0000	0.0000	0.0000	0.0000	0.0000	0.0000	0.0000	1.0000	0.0000	0.0000	0.0000
0.0000	0.0000	0.0000	0.0000	0.0000	0.0002	0.9998	0.0000	0.0000	0.0000	0.0000	0.0000
0.0000	0.0000	0.0000	0.0000	0.0000	0.0000	0.0000	0.0000	1.0000	0.0000	0.0000	0.0000
0.0000	0.0000	0.0000	0.0000	0.0000	0.0000	0.0000	0.0000	1.0000	0.0000	0.0000	0.0000
0.0000	0.0000	0.0000	0.0000	0.0000	0.0000	0.0000	0.0000	1.0000	0.0000	0.0000	0.0000
0.0000	0.0000	0.0000	0.0000	0.0000	0.0000	0.0000	0.0000	1.0000	0.0000	0.0000	0.0000
0.0000	0.0000	0.0146	0.0000	0.0000	0.0000	0.9854	0.0000	0.0000	0.0000	0.0000	0.0000
0.0000	0.0000	0.0035	0.0000	0.0000	0.0000	0.9965	0.0000	0.0000	0.0000	0.0000	0.0000
0.0000	0.0000	0.0000	0.0000	0.0000	0.0000	0.0000	0.0000	1.0000	0.0000	0.0000	0.0000
0.0000	0.0000	0.9712	0.0000	0.0000	0.0000	0.0288	0.0000	0.0000	0.0000	0.0000	0.0000
0.0000	0.0000	0.0000	0.0000	0.0000	0.0000	1.0000	0.0000	0.0000	0.0000	0.0000	0.0000
0.0000	0.0000	0.0000	0.0000	0.0000	0.0000	0.0000	0.0000	1.0000	0.0000	0.0000	0.0000
0.0000	0.0000	0.0000	0.0000	0.0000	0.0000	0.0000	0.0000	1.0000	0.0000	0.0000	0.0000
0.0000	0.0000	0.0000	0.0000	0.0000	0.0000	0.0106	0.0000	0.9894	0.0000	0.0000	0.0000
0.0000	0.0000	0.0000	0.0000	0.0000	0.0000	0.0000	0.0000	1.0000	0.0000	0.0000	0.0000
0.0000	0.0000	0.0000	0.0000	0.0000	0.0000	0.0000	0.0000	1.0000	0.0000	0.0000	0.0000
0.0000	0.0000	0.4679	0.0000	0.0000	0.0003	0.5318	0.0000	0.0000	0.0000	0.0000	0.0000
0.0000	0.0000	0.0000	0.0000	0.0000	0.0000	0.0000	0.0000	1.0000	0.0000	0.0000	0.0000
0.0000	0.0000	0.0739	0.0000	0.0000	0.0000	0.9261	0.0000	0.0000	0.0000	0.0000	0.0000
0.0000	0.0000	0.0242	0.0000	0.0000	0.0000	0.9758	0.0000	0.0000	0.0000	0.0000	0.0000
0.0000	0.0000	0.0066	0.0000	0.0000	0.0000	0.9934	0.0000	0.0000	0.0000	0.0000	0.0000
0.0000	0.0000	0.0002	0.0000	0.0000	0.0000	0.9998	0.0000	0.0000	0.0000	0.0000	0.0000
0.0000	0.0000	0.0029	0.0000	0.0000	0.0000	0.9971	0.0000	0.0000	0.0000	0.0000	0.0000
0.0000	0.0000	0.0011	0.0000	0.0000	0.0000	0.9989	0.0000	0.0000	0.0000	0.0000	0.0000
0.0000	0.0000	0.0000	0.0000	0.0000	0.0000	0.0000	0.0000	1.0000	0.0000	0.0000	0.0000
0.0000	0.0000	0.0000	0.0000	0.0000	0.0000	0.0000	0.0000	1.0000	0.0000	0.0000	0.0000
0.0000	0.0000	0.6461	0.0000	0.0000	0.1477	0.2062	0.0000	0.0000	0.0000	0.0000	0.0000
0.0000	0.0000	0.0010	0.0000	0.0000	0.0000	0.9990	0.0000	0.0000	0.0000	0.0000	0.0000
