0.0003	0.0000	0.0000	0.0000	0.0000	0.0000	0.1313	0.0000	0.0000	0.0009	0.0001	0.8674
0.0000	0.0000	0.0000	0.0000	0.0000	0.0000	0.0000	0.0000	1.0000	0.0000	0.0000	0.0000
0.0000	0.0000	0.9675	0.0000	0.0000	0.0001	0.0226	0.0091	0.0000	0.0000	0.0000	0.0007
0.0000	0.0000	0.0011	0.0000	0.0000	0.0001	0.5999	0.0009	0.0000	0.0000	0.0000	0.3980
0.1303	0.0000	0.0000	0.0000	0.0000	0.0000	0.0000	0.0000	0.8697	0.0000	0.0000	0.0000
0.0000	0.0009	0.9282	0.0000	0.0000	0.0013	0.0348	0.0283	0.0000	0.0000	0.0000	0.0065
0.0000	0.0000	0.0000	0.0000	0.0785	0.0000	0.0004	0.0000	0.0000	0.0025	0.0000	0.9186
0.0028	0.0000	0.0000	0.0000	0.0000	0.0000	0.0000	0.0000	0.0000	0.0000	0.9971	0.0001
0.0000	0.0000	0.0213	0.0000	0.0000	0.9787	0.0000	0.0000	0.0000	0.0000	0.0000	0.0000
0.0000	0.0000	0.7206	0.0000	0.0000	0.0000	0.2063	0.0001	0.0000	0.0000	0.0000	0.0731
0.0000	0.0000	0.9974	0.0000	0.0000	0.0000	0.0008	0.0000	0.0000	0.0000	0.0000	0.0018
0.0000	0.0000	0.0000	0.0000	0.0000	0.0000	0.0000	0.0000	1.0000	0.0000	0.0000	0.0000
0.0000	0.0000	0.0000	0.0000	1.0000	0.0000	0.0000	0.0000	0.0000	0.0000	0.0000	0.0000
0.0000	0.0000	1.0000	0.0000	0.0000	0.0000	0.0000	0.0000	0.0000	0.0000	0.0000	0.0000
0.9985	0.0000	0.0000	0.0000	0.0000	0.0000	0.0000	0.0000	0.0015	0.0000	0.0000	0.0000
0.0000	0.0000	0.0000	0.0000	0.0000	0.0000	0.0000	0.0000	0.9999	0.0001	0.0000	0.0000
0.0000	0.0000	0.0000	0.0000	0.0000	0.0000	0.0000	0.0000	0.9999	0.0001	0.0000	0.0000
0.0000	0.0000	0.0000	0.0000	0.0000	0.0000	0.0000	0.0000	0.0000	0.4704	0.0000	0.5295
0.0000	0.0000	0.0034	0.0000	0.0000	0.0000	0.2522	0.0094	0.0000	0.0004	0.0000	0.7346
0.7983	0.0332	0.0000	0.0000	0.0000	0.1568	0.0000	0.0000	0.0000	0.0000	0.0000	0.0117
0.0000	0.0000	0.0000	0.0000	0.0000	0.0087	0.0156	0.0001	0.0000	0.0001	0.0000	0.9755
0.0000	0.0000	0.0000	0.0000	0.0000	0.0000	0.0000	0.0000	1.0000	0.0000	0.0000	0.0000
0.0000	0.0000	0.0000	0.0000	0.0000	0.0000	0.0000	1.0000	0.0000	0.0000	0.0000	0.0000
0.0000	0.0000	0.0000	0.9953	0.0000	0.0000	0.0000	0.0000	0.0000	0.0039	0.0007	0.0000
0.0000	0.0000	0.0000	0.9056	0.0000	0.0019	0.0000	0.0000	0.0925	0.0000	0.0000	0.0000
0.0000	0.0000	0.0000	0.0000	0.0000	0.0000	0.0000	0.0000	0.0000	0.0000	1.0000	0.0000
0.0000	0.9683	0.0002	0.0000	0.0000	0.0000	0.0020	0.0008	0.0000	0.0000	0.0000	0.0287
0.0000	0.0023	0.9961	0.0000	0.0000	0.0016	0.0000	0.0000	0.0000	0.0000	0.0000	0.0000
0.0000	0.0000	0.9913	0.0000	0.0000	0.0087	0.0000	0.0000	0.0000	0.0000	0.0000	0.0000
0.0000	0.0000	0.0000	0.0134	0.0000	0.0000	0.9807	0.0012	0.0000	0.0044	0.0000	0.0003
1.0000	0.0000	0.0000	0.0000	0.0000	0.0000	0.0000	0.0000	0.0000	0.0000	0.0000	0.0000
1.0000	0.0000	0.0000	0.0000	0.0000	0.0000	0.0000	0.0000	0.0000	0.0000	0.0000	0.0000
0.0000	0.0000	0.0000	0.0000	0.0000	0.0000	0.0000	0.0000	1.0000	0.0000	0.0000	0.0000
1.0000	0.0000	0.0000	0.0000	0.0000	0.0000	0.0000	0.0000	0.0000	0.0000	0.0000	0.0000
0.0000	0.1100	0.7696	0.0000	0.0000	0.1203	0.0000	0.0001	0.0000	0.0000	0.0000	0.0000
0.0000	0.3064	0.6737	0.0000	0.0000	0.0199	0.0000	0.0000	0.0000	0.0000	0.0000	0.0000
0.0000	0.9103	0.0000	0.0000	0.0000	0.0729	0.0010	0.0149	0.0000	0.0000	0.0000	0.0008
0.8240	0.0000	0.0000	0.1696	0.0000	0.0000	0.0000	0.0000	0.0000	0.0055	0.0009	0.0000
0.9970	0.0000	0.0000	0.0021	0.0000	0.0000	0.0000	0.0000	0.0000	0.0010	0.0000	0.0000
0.0000	0.0000	0.0057	0.0000	0.0000	0.9934	0.0000	0.0000	0.0000	0.0008	0.0000	0.0000
0.0005	0.0000	0.0000	0.0000	0.0000	0.9020	0.0000	0.0000	0.0000	0.0974	0.0000	0.0001
0.0000	0.3540	0.1747	0.0000	0.0000	0.4710	0.0003	0.0000	0.0000	0.0000	0.0000	0.0000
0.0000	0.0000	0.0000	0.0000	0.0000	0.0000	0.0000	1.0000	0.0000	0.0000	0.0000	0.0000
0.0517	0.0002	0.0000	0.0000	0.0000	0.8911	0.0526	0.0013	0.0000	0.0000	0.0000	0.0030
0.0000	0.0000	0.0000	0.0000	0.0000	0.0000	0.0000	0.0000	0.0000	0.0000	1.0000	0.0000
0.0000	0.0015	0.0081	0.0000	0.0000	0.7875	0.1816	0.0025	0.0000	0.0000	0.0000	0.0188
0.0001	0.0002	0.2872	0.0000	0.0000	0.6964	0.0137	0.0001	0.0000	0.0000	0.0000	0.0024
0.9742	0.0000	0.0000	0.0000	0.0000	0.0000	0.0002	0.0000	0.0000	0.0038	0.0002	0.0215
0.0000	0.0000	0.0315	0.0000	0.0000	0.0000	0.1409	0.0008	0.0000	0.0002	0.0000	0.8266
0.0000	0.0000	0.0000	0.0000	0.0000	0.0000	0.0000	0.0000	1.0000	0.0000	0.0000	0.0000
0.0000	0.1788	0.0003	0.0000	0.0000	0.0116	0.0490	0.7587	0.0000	0.0001	0.0000	0.0016
0.0000	0.0000	0.0004	0.0000	0.0000	0.0001	0.9234	0.0193	0.0000	0.0000	0.0000	0.0568
0.0041	0.0000	0.0000	0.0000	0.0000	0.0000	0.0344	0.1186	0.0000	0.8220	0.0002	0.0207
0.0000	0.0000	0.0000	0.0000	0.0000	0.0000	0.0000	0.0000	0.0000	0.0001	0.9999	0.0000
0.0000	0.0000	0.1507	0.0000	0.0000	0.0500	0.2711	0.0168	0.0000	0.0001	0.0000	0.5112
0.0007	0.0042	0.0167	0.0000	0.0000	0.0003	0.5834	0.2128	0.0000	0.0037	0.0000	0.1782
0.0133	0.0000	0.0000	0.0000	0.0000	0.0000	0.0000	0.0000	0.9867	0.0000	0.0000	0.0000
0.0000	0.0765	0.8416	0.0000	0.0000	0.0818	0.0000	0.0000	0.0000	0.0000	0.0000	0.0000
0.0000	0.0000	0.4137	0.0000	0.0000	0.0001	0.0577	0.5083	0.0000	0.0000	0.0000	0.0201
0.0000	0.0000	0.0000	0.0000	1.0000	0.0000	0.0000	0.0000	0.0000	0.0000	0.0000	0.0000
0.0000	0.0000	0.0008	0.0000	0.0000	0.9992	0.0000	0.0000	0.0000	0.0000	0.0000	0.0000
0.0000	0.0000	0.0000	0.0000	0.0000	0.0000	0.8546	0.1454	0.0000	0.0000	0.0000	0.0000
0.0000	0.0000	0.0000	0.0000	0.0000	0.0000	0.0027	0.9881	0.0000	0.0000	0.0000	0.0092
0.0000	0.0000	1.0000	0.0000	0.0000	0.0000	0.0000	0.0000	0.0000	0.0000	0.0000	0.0000
0.0000	0.0000	0.0000	0.0000	0.0000	0.0000	0.0000	0.0000	0.0000	0.0000	0.0000	1.0000
0.0000	0.0000	0.9835	0.0000	0.0000	0.0004	0.0135	0.0005	0.0000	0.0000	0.0000	0.0021
0.0000	0.0000	0.0000	0.0000	0.0000	0.0000	0.0000	0.0000	0.0000	1.0000	0.0000	0.0000
0.0000	0.0000	0.0000	0.0000	0.0000	1.0000	0.0000	0.0000	0.0000	0.0000	0.0000	0.0000
0.0000	0.0000	0.0000	0.0000	0.0000	0.0000	0.2895	0.0021	0.0000	0.0000	0.0000	0.7084
0.0000	0.0000	0.0000	0.0000	0.0000	0.0000	0.0023	0.0000	0.0000	0.0000	0.0000	0.9977
0.0000	0.0000	0.0000	0.0000	0.0000	0.0000	0.0000	0.0000	0.9987	0.0013	0.0000	0.0000
0.0000	0.0000	0.0000	0.9886	0.0000	0.0000	0.0000	0.0000	0.0000	0.0023	0.0090	0.0000
0.0033	0.0000	0.0020	0.0000	0.0000	0.0090	0.0018	0.0000	0.0063	0.0000	0.0039	0.9737
0.0016	0.0000	0.0786	0.0000	0.0000	0.0619	0.0433	0.0023	0.0000	0.0000	0.0000	0.8124
0.0000	0.0000	0.0000	0.0000	0.0000	0.0000	0.0001	0.0000	0.0000	0.0000	0.0000	0.9999
0.9972	0.0000	0.0000	0.0000	0.0000	0.0000	0.0000	0.0000	0.0028	0.0000	0.0000	0.0000
0.0000	0.0000	0.0014	0.0000	0.0000	0.0000	0.1723	0.5340	0.0000	0.0000	0.0000	0.2923
0.0000	0.0000	0.0000	0.0000	0.0000	0.0000	0.0000	0.0000	0.0000	0.9852	0.0148	0.0000
0.0000	0.0000	0.0000	0.0000	0.0000	0.0000	0.0000	0.0000	0.0000	1.0000	0.0000	0.0000
0.0000	0.0000	0.9999	0.0000	0.0000	0.0000	0.0000	0.0000	0.0000	0.0000	0.0000	0.0000
0.9803	0.0000	0.0000	0.0000	0.0000	0.0025	0.0000	0.0000	0.0000	0.0172	0.0000	0.0000
0.0008	0.0000	0.9255	0.0000	0.0000	0.0000	0.0700	0.0031	0.0000	0.0000	0.0000	0.0006
0.0000	0.0000	0.0000	0.0000	0.0000	0.0000	0.0000	1.0000	0.0000	0.0000	0.0000	0.0000
0.0000	0.0000	0.0000	0.9798	0.0000	0.0000	0.0000	0.0000	0.0000	0.0106	0.0096	0.0000
0.0012	0.0000	0.0094	0.0000	0.0000	0.9726	0.0000	0.0000	0.0000	0.0144	0.0000	0.0024
0.0000	0.0000	0.0000	0.0762	0.0000	0.5101	0.0000	0.0000	0.0000	0.0198	0.3939	0.0000
0.0000	0.0000	0.0000	0.0000	0.0000	0.0000	0.0000	0.0000	0.0000	1.0000	0.0000	0.0000
0.0000	0.0000	0.0000	0.0000	0.0000	0.0000	0.0000	0.0000	0.0000	0.0000	0.0000	1.0000
0.0000	0.0000	0.0011	0.0000	0.0000	0.0084	0.0000	0.0000	0.0000	0.0000	0.0000	0.9905
0.0001	0.0000	0.9836	0.0000	0.0000	0.0162	0.0000	0.0000	0.0000	0.0000	0.0000	0.0000
0.0001	0.0000	0.9838	0.0000	0.0000	0.0160	0.0000	0.0000	0.0000	0.0000	0.0000	0.0000
0.0002	0.0000	0.9891	0.0000	0.0000	0.0107	0.0000	0.0000	0.0000	0.0000	0.0000	0.0000
0.0000	0.0000	0.0000	0.0000	0.0000	0.0000	0.0000	0.0000	0.0000	0.0000	0.0000	1.0000
0.0000	0.0000	0.3382	0.0000	0.0000	0.0000	0.0000	0.0000	0.0000	0.0000	0.0000	0.6618
0.0000	0.0000	1.0000	0.0000	0.0000	0.0000	0.0000	0.0000	0.0000	0.0000	0.0000	0.0000
0.0000	0.0000	0.0000	0.0000	0.0000	0.0000	0.0000	0.0000	0.0000	0.0000	0.0000	1.0000
0.0000	0.0000	0.0000	0.0000	0.0000	0.0000	0.0000	0.0000	0.0000	0.0000	0.0000	1.0000
0.0000	0.0000	0.9991	0.0000	0.0000	0.0005	0.0000	0.0000	0.0000	0.0000	0.0000	0.0004
0.0000	0.0000	0.0000	0.0000	0.0000	0.0000	0.0000	0.0000	0.0000	0.0000	0.0000	1.0000
0.0001	0.0000	0.9992	0.0000	0.0000	0.0001	0.0000	0.0000	0.0000	0.0000	0.0000	0.0006
0.0000	0.0000	0.0006	0.0000	0.0000	0.0003	0.0000	0.0000	0.0001	0.0000	0.0000	0.9991
0.0000	0.0000	0.0000	0.0000	0.0000	0.0000	0.0000	0.0000	0.0000	0.0000	0.0000	1.0000
0.0002	0.0000	0.9887	0.0000	0.0000	0.0111	0.0000	0.0000	0.0000	0.0000	0.0000	0.0000
0.0001	0.0000	0.9884	0.0000	0.0000	0.0115	0.0000	0.0000	0.0000	0.0000	0.0000	0.0000
0.0002	0.0000	0.9989	0.0000	0.0000	0.0009	0.0000	0.0000	0.0000	0.0000	0.0000	0.0000
0.0000	0.0000	0.0001	0.0000	0.0000	0.0000	0.0000	0.0000	0.0000	0.0000	0.0000	0.9999
0.0000	0.0000	0.0000	0.0000	0.0000	0.0000	0.0004	0.0000	0.0000	0.0000	0.0000	0.9996
0.0000	0.0000	0.0010	0.0000	0.0000	0.0000	0.0690	0.0000	0.0000	0.0000	0.0000	0.9301
0.0001	0.0000	0.9985	0.0000	0.0000	0.0000	0.0000	0.0000	0.0000	0.0000	0.0000	0.0014
0.0001	0.0000	0.9998	0.0000	0.0000	0.0001	0.0000	0.0000	0.0000	0.0000	0.0000	0.0000
0.0000	0.0000	0.0001	0.0000	0.0000	0.0000	0.9999	0.0000	0.0000	0.0000	0.0000	0.0000
0.0000	0.0000	0.0000	0.0000	0.0000	0.0000	0.0000	0.0000	1.0000	0.0000	0.0000	0.0000
0.0000	0.0000	0.0624	0.0000	0.0000	0.0000	0.9376	0.0000	0.0000	0.0000	0.0000	0.0000
0.0000	0.0000	0.0000	0.0000	0.0000	0.0000	0.0000	0.0000	1.0000	0.0000	0.0000	0.0000
0.0000	0.0000	0.0000	0.0000	0.0000	0.0000	1.0000	0.0000	0.0000	0.0000	0.0000	0.0000
0.0000	0.0000	0.0000	0.0000	0.0000	0.0000	0.0000	0.0000	1.0000	0.0000	0.0000	0.0000
0.0000	0.0000	0.0000	0.0000	0.0000	0.0000	0.9621	0.0000	0.0000	0.0000	0.0000	0.0379
0.0000	0.0000	0.0000	0.0000	0.0000	0.0000	0.0000	0.0000	1.0000	0.0000	0.0000	0.0000
0.0000	0.0000	0.9971	0.0000	0.0000	0.0000	0.0028	0.0000	0.0000	0.0000	0.0000	0.0000
0.0000	0.0000	0.9780	0.0000	0.0000	0.0000	0.0220	0.0000	0.0000	0.0000	0.0000	0.0000
0.0000	0.0000	0.0461	0.0000	0.0000	0.0000	0.9539	0.0000	0.0000	0.0000	0.0000	0.0000
0.0000	0.0000	0.0000	0.0000	0.0000	0.0000	0.0003	0.0000	0.9997	0.0000	0.0000	0.0000
0.0000	0.0000	0.6312	0.0000	0.0000	0.0000	0.3688	0.0000	0.0000	0.0000	0.0000	0.0000
0.0000	0.0000	0.0000	0.0000	0.0000	0.0000	0.0000	0.0000	1.0000	0.0000	0.0000	0.0000
0.0000	0.0000	0.0000	0.0000	0.0000	0.0000	0.0000	0.0000	1.0000	0.0000	0.0000	0.0000
0.0000	0.0000	0.3291	0.0000	0.0000	0.0000	0.6709	0.0000	0.0000	0.0000	0.0000	0.0000
0.0000	0.0000	0.0000	0.0000	0.0000	0.0000	0.0000	0.0000	1.0000	0.0000	0.0000	0.0000
0.0000	0.0000	0.0000	0.0000	0.0000	0.0000	0.0000	0.0000	1.0000	0.0000	0.0000	0.0000
0.0000	0.0000	0.9998	0.0000	0.0000	0.0000	0.0002	0.0000	0.0000	0.0000	0.0000	0.0000
0.0000	0.0000	0.0015	0.0000	0.0000	0.0000	0.9985	0.0000	0.0000	0.0000	0.0000	0.0000
0.0000	0.0000	0.0000	0.0000	0.0000	0.0000	0.0000	0.0000	1.0000	0.0000	0.0000	0.0000
0.0000	0.0000	0.7968	0.0000	0.0000	0.0000	0.2032	0.0000	0.0000	0.0000	0.0000	0.0000
0.0000	0.0000	0.3013	0.0000	0.0000	0.0008	0.6979	0.0000	0.0000	0.0000	0.0000	0.0000
