0.0007	0.0000	0.0000	0.0000	0.0000	0.0000	0.4109	0.0001	0.0000	0.0039	0.0005	0.5839
0.0000	0.0000	0.0000	0.0000	0.0000	0.0000	0.0000	0.0000	1.0000	0.0000	0.0000	0.0000
0.0000	0.0176	0.4176	0.0000	0.0000	0.0358	0.2586	0.2648	0.0000	0.0000	0.0000	0.0056
0.0000	0.0000	0.0011	0.0000	0.0000	0.0047	0.7537	0.0094	0.0000	0.0008	0.0000	0.2302
0.7823	0.0000	0.0000	0.0000	0.0000	0.0000	0.0000	0.0000	0.2177	0.0000	0.0000	0.0000
0.0000	0.0114	0.3444	0.0000	0.0000	0.0282	0.2644	0.3410	0.0000	0.0000	0.0000	0.0106
0.0000	0.0000	0.0000	0.0000	0.3749	0.0002	0.0866	0.0024	0.0000	0.1855	0.0000	0.3504
0.0133	0.0000	0.0000	0.0000	0.0000	0.0000	0.0000	0.0000	0.0000	0.0000	0.9785	0.0081
0.0000	0.0024	0.0175	0.0000	0.0000	0.9801	0.0000	0.0000	0.0000	0.0000	0.0000	0.0000
0.0000	0.0000	0.0778	0.0000	0.0000	0.0045	0.8530	0.0213	0.0000	0.0001	0.0000	0.0432
0.0000	0.0003	0.9175	0.0000	0.0000	0.0120	0.0654	0.0010	0.0000	0.0000	0.0000	0.0038
0.0000	0.0000	0.0000	0.0000	0.0000	0.0000	0.0000	0.0000	1.0000	0.0000	0.0000	0.0000
0.0000	0.0000	0.0000	0.0000	0.9997	0.0000	0.0000	0.0000	0.0000	0.0003	0.0000	0.0000
0.0000	0.0000	1.0000	0.0000	0.0000	0.0000	0.0000	0.0000	0.0000	0.0000	0.0000	0.0000
0.9940	0.0000	0.0000	0.0000	0.0000	0.0000	0.0000	0.0000	0.0059	0.0001	0.0000	0.0000
0.0032	0.0000	0.0000	0.0000	0.0000	0.1986	0.0000	0.0000	0.7932	0.0050	0.0000	0.0000
0.0010	0.0000	0.0000	0.0000	0.0000	0.0015	0.0000	0.0000	0.9889	0.0085	0.0000	0.0000
0.0000	0.0000	0.0000	0.0000	0.0000	0.0000	0.0000	0.0000	0.0000	0.6427	0.0022	0.3552
0.0000	0.0000	0.0052	0.0000	0.0000	0.0000	0.6860	0.0171	0.0000	0.0078	0.0000	0.2839
0.1030	0.3982	0.0001	0.0000	0.0000	0.4630	0.0008	0.0004	0.0000	0.0000	0.0000	0.0346
0.0000	0.0000	0.0000	0.0000	0.0000	0.0557	0.1293	0.0007	0.0000	0.0041	0.0000	0.8102
0.0000	0.0000	0.0000	0.0000	0.0000	0.0000	0.0000	0.0000	1.0000	0.0000	0.0000	0.0000
0.0000	0.0000	0.0000	0.0000	0.0000	0.0000	0.0050	0.9950	0.0000	0.0000	0.0000	0.0000
0.0000	0.0000	0.0000	0.6004	0.0000	0.0000	0.0000	0.0000	0.0005	0.3618	0.0365	0.0008
0.0000	0.0000	0.0000	0.0133	0.0000	0.0165	0.0000	0.0000	0.9701	0.0000	0.0000	0.0000
0.0000	0.0000	0.0000	0.0000	0.0000	0.0000	0.0000	0.0000	0.0000	0.0000	1.0000	0.0000
0.0000	0.9633	0.0001	0.0000	0.0000	0.0000	0.0296	0.0004	0.0000	0.0000	0.0000	0.0065
0.0000	0.0558	0.9168	0.0000	0.0000	0.0272	0.0001	0.0001	0.0000	0.0000	0.0000	0.0000
0.0000	0.0000	0.9971	0.0000	0.0000	0.0027	0.0000	0.0000	0.0000	0.0000	0.0000	0.0002
0.0000	0.0000	0.0000	0.0387	0.0000	0.0000	0.9230	0.0024	0.0010	0.0345	0.0000	0.0005
1.0000	0.0000	0.0000	0.0000	0.0000	0.0000	0.0000	0.0000	0.0000	0.0000	0.0000	0.0000
0.9902	0.0000	0.0000	0.0000	0.0000	0.0000	0.0000	0.0000	0.0001	0.0097	0.0000	0.0000
0.0076	0.0000	0.0000	0.0000	0.0000	0.0000	0.0000	0.0000	0.9810	0.0114	0.0000	0.0000
0.9992	0.0000	0.0000	0.0000	0.0000	0.0000	0.0000	0.0000	0.0000	0.0002	0.0006	0.0000
0.0000	0.4829	0.2274	0.0000	0.0000	0.2894	0.0001	0.0003	0.0000	0.0000	0.0000	0.0000
0.0000	0.7923	0.1580	0.0000	0.0000	0.0495	0.0000	0.0001	0.0000	0.0000	0.0000	0.0000
0.0000	0.9067	0.0000	0.0000	0.0000	0.0689	0.0028	0.0205	0.0000	0.0000	0.0000	0.0010
0.5208	0.0000	0.0000	0.0001	0.0000	0.0000	0.0000	0.0000	0.0000	0.4791	0.0000	0.0000
0.7154	0.0000	0.0000	0.0000	0.0000	0.0000	0.0000	0.0000	0.0000	0.2846	0.0000	0.0000
0.0000	0.0000	0.0004	0.0000	0.0000	0.9943	0.0000	0.0001	0.0000	0.0051	0.0000	0.0001
0.0002	0.0000	0.0000	0.0000	0.0000	0.8208	0.0000	0.0000	0.0000	0.1782	0.0000	0.0008
0.0000	0.6875	0.0295	0.0000	0.0000	0.2827	0.0003	0.0000	0.0000	0.0000	0.0000	0.0000
0.0000	0.0000	0.0000	0.0000	0.0000	0.0000	0.0000	1.0000	0.0000	0.0000	0.0000	0.0000
0.0035	0.0012	0.0000	0.0000	0.0000	0.9113	0.0816	0.0006	0.0000	0.0001	0.0000	0.0016
0.0000	0.0000	0.0000	0.0000	0.0000	0.0000	0.0000	0.0000	0.0000	0.0000	1.0000	0.0000
0.0000	0.0237	0.0086	0.0000	0.0000	0.7034	0.2527	0.0018	0.0000	0.0000	0.0000	0.0098
0.0001	0.0065	0.1149	0.0000	0.0000	0.8613	0.0151	0.0002	0.0000	0.0000	0.0000	0.0019
0.9894	0.0000	0.0000	0.0000	0.0000	0.0000	0.0001	0.0000	0.0000	0.0022	0.0009	0.0074
0.0002	0.0000	0.0151	0.0000	0.0000	0.0000	0.2758	0.0143	0.0000	0.0110	0.0000	0.6835
0.0000	0.0000	0.0000	0.0000	0.0000	0.0000	0.0000	0.0000	1.0000	0.0000	0.0000	0.0000
0.0000	0.3173	0.0002	0.0000	0.0000	0.0253	0.0916	0.5627	0.0000	0.0009	0.0000	0.0020
0.0000	0.0000	0.0001	0.0000	0.0000	0.0009	0.8288	0.0122	0.0000	0.0000	0.0000	0.1580
0.0068	0.0000	0.0000	0.0000	0.0000	0.0000	0.0896	0.0793	0.0000	0.8160	0.0005	0.0079
0.0000	0.0000	0.0000	0.0000	0.0000	0.0000	0.0000	0.0000	0.0000	0.0000	1.0000	0.0000
0.0000	0.0081	0.0307	0.0000	0.0000	0.0578	0.4634	0.0253	0.0000	0.0015	0.0001	0.4131
0.0055	0.0972	0.0056	0.0000	0.0000	0.0002	0.4875	0.3123	0.0000	0.0115	0.0000	0.0803
0.4185	0.0000	0.0000	0.0000	0.0000	0.0000	0.0000	0.0000	0.5815	0.0000	0.0000	0.0000
0.0000	0.4047	0.2694	0.0000	0.0000	0.3257	0.0001	0.0002	0.0000	0.0000	0.0000	0.0000
0.0000	0.0000	0.0997	0.0000	0.0001	0.0001	0.3597	0.5368	0.0000	0.0002	0.0000	0.0036
0.0000	0.0000	0.0000	0.0000	1.0000	0.0000	0.0000	0.0000	0.0000	0.0000	0.0000	0.0000
0.0000	0.0000	0.0014	0.0000	0.0000	0.9986	0.0000	0.0000	0.0000	0.0000	0.0000	0.0000
0.0000	0.0000	0.0000	0.0000	0.0000	0.0000	0.9775	0.0225	0.0000	0.0000	0.0000	0.0000
0.0000	0.0000	0.0000	0.0000	0.0000	0.0000	0.2060	0.7935	0.0000	0.0000	0.0000	0.0004
0.0000	0.0000	1.0000	0.0000	0.0000	0.0000	0.0000	0.0000	0.0000	0.0000	0.0000	0.0000
0.0000	0.0000	0.0000	0.0000	0.0000	0.0000	0.0001	0.0000	0.0000	0.0001	0.0000	0.9998
0.0000	0.0014	0.7341	0.0000	0.0000	0.0493	0.1889	0.0127	0.0000	0.0000	0.0000	0.0137
0.0000	0.0000	0.0000	0.0000	0.0000	0.0000	0.0000	0.0000	0.0000	0.9985	0.0001	0.0013
0.0000	0.0000	0.0000	0.0000	0.0000	1.0000	0.0000	0.0000	0.0000	0.0000	0.0000	0.0000
0.0000	0.0000	0.0001	0.0000	0.0000	0.0000	0.6443	0.0032	0.0000	0.0018	0.0000	0.3506
0.0000	0.0000	0.0001	0.0000	0.0000	0.0006	0.0768	0.0002	0.0000	0.0000	0.0000	0.9223
0.0000	0.0000	0.0000	0.0000	0.0000	0.0000	0.0000	0.0000	0.9999	0.0000	0.0000	0.0001
0.0000	0.0000	0.0000	0.9584	0.0000	0.0000	0.0000	0.0000	0.0005	0.0004	0.0407	0.0000
0.0003	0.0000	0.0001	0.0000	0.0000	0.0026	0.0274	0.0000	0.0031	0.0000	0.0002	0.9663
0.0011	0.0008	0.0024	0.0001	0.0000	0.1596	0.3829	0.0050	0.0000	0.0000	0.0000	0.4481
0.0000	0.0000	0.0000	0.0000	0.0000	0.0000	0.0011	0.0000	0.0000	0.0000	0.0000	0.9989
0.9950	0.0000	0.0000	0.0000	0.0000	0.0000	0.0000	0.0000	0.0046	0.0004	0.0000	0.0000
0.0000	0.0000	0.0027	0.0000	0.0000	0.0000	0.2016	0.7418	0.0000	0.0000	0.0000	0.0539
0.0000	0.0000	0.0000	0.0003	0.0000	0.0000	0.0000	0.0000	0.0000	0.9566	0.0431	0.0000
0.0000	0.0000	0.0000	0.0033	0.0000	0.0000	0.0000	0.0000	0.0000	0.9967	0.0000	0.0000
0.0000	0.0000	0.9986	0.0000	0.0000	0.0000	0.0003	0.0011	0.0000	0.0000	0.0000	0.0000
0.8530	0.0000	0.0000	0.0000	0.0000	0.1270	0.0000	0.0000	0.0000	0.0200	0.0000	0.0000
0.0238	0.0000	0.7758	0.0000	0.0000	0.0000	0.1033	0.0932	0.0000	0.0000	0.0000	0.0039
0.0000	0.0000	0.0000	0.0000	0.0000	0.0000	0.0023	0.9967	0.0000	0.0000	0.0000	0.0011
0.0000	0.0000	0.0000	0.0028	0.0000	0.0001	0.0000	0.0000	0.0000	0.9958	0.0012	0.0000
0.0004	0.0000	0.0017	0.0000	0.0000	0.9422	0.0001	0.0000	0.0000	0.0480	0.0000	0.0075
0.0000	0.0000	0.0000	0.0767	0.0000	0.6389	0.0000	0.0000	0.0000	0.2446	0.0398	0.0000
0.0000	0.0000	0.0000	0.0000	0.0000	0.0000	0.0000	0.0000	0.0000	0.9999	0.0000	0.0001
0.0000	0.0000	0.0000	0.0000	0.0000	0.0000	0.0000	0.0000	0.0000	0.0000	0.0000	1.0000
0.0000	0.0000	0.0014	0.0000	0.0000	0.0010	0.0000	0.0000	0.0000	0.0000	0.0000	0.9976
0.0000	0.0000	0.9976	0.0000	0.0000	0.0017	0.0000	0.0000	0.0007	0.0000	0.0000	0.0000
0.0000	0.0000	0.9976	0.0000	0.0000	0.0015	0.0000	0.0000	0.0008	0.0000	0.0000	0.0000
0.0000	0.0000	0.9978	0.0000	0.0000	0.0011	0.0000	0.0000	0.0010	0.0000	0.0000	0.0000
0.0000	0.0000	0.0004	0.0000	0.0000	0.0000	0.0000	0.0000	0.0000	0.0000	0.0000	0.9996
0.0000	0.0000	0.0884	0.0000	0.0000	0.0000	0.0000	0.0000	0.0000	0.0000	0.0000	0.9115
0.0000	0.0000	0.9993	0.0000	0.0000	0.0000	0.0000	0.0000	0.0000	0.0000	0.0000	0.0007
0.0000	0.0000	0.0000	0.0000	0.0000	0.0000	0.0000	0.0000	0.0000	0.0000	0.0000	1.0000
0.0000	0.0000	0.0000	0.0000	0.0000	0.0000	0.0000	0.0000	0.0000	0.0000	0.0000	0.9999
0.0000	0.0000	0.9955	0.0000	0.0000	0.0009	0.0000	0.0000	0.0000	0.0000	0.0000	0.0036
0.0000	0.0000	0.0000	0.0000	0.0000	0.0000	0.0000	0.0000	0.0000	0.0000	0.0000	1.0000
0.0000	0.0000	0.9882	0.0000	0.0000	0.0001	0.0000	0.0000	0.0000	0.0000	0.0000	0.0116
0.0000	0.0000	0.0005	0.0000	0.0000	0.0004	0.0000	0.0000	0.0000	0.0000	0.0000	0.9991
0.0000	0.0000	0.0001	0.0000	0.0000	0.0000	0.0000	0.0000	0.0000	0.0000	0.0000	0.9999
0.0000	0.0000	0.9990	0.0000	0.0000	0.0006	0.0000	0.0000	0.0003	0.0000	0.0000	0.0001
0.0000	0.0000	0.9978	0.0000	0.0000	0.0017	0.0000	0.0000	0.0003	0.0000	0.0000	0.0002
0.0000	0.0000	0.9989	0.0000	0.0000	0.0007	0.0000	0.0000	0.0002	0.0000	0.0000	0.0001
0.0000	0.0000	0.0000	0.0000	0.0000	0.0000	0.0000	0.0000	0.0000	0.0000	0.0000	1.0000
0.0000	0.0000	0.0001	0.0000	0.0000	0.0000	0.0004	0.0000	0.0000	0.0000	0.0000	0.9995
0.0000	0.0000	0.2075	0.0000	0.0000	0.0000	0.0036	0.0043	0.0000	0.0000	0.0000	0.7845
0.0001	0.0000	0.9819	0.0000	0.0000	0.0003	0.0000	0.0000	0.0000	0.0000	0.0000	0.0178
0.0000	0.0000	0.9996	0.0000	0.0000	0.0001	0.0000	0.0000	0.0002	0.0000	0.0000	0.0001
0.0000	0.0000	0.0001	0.0000	0.0000	0.0000	0.9999	0.0000	0.0000	0.0000	0.0000	0.0000
0.0000	0.0000	0.0000	0.0000	0.0000	0.0000	0.0000	0.0000	1.0000	0.0000	0.0000	0.0000
0.0000	0.0000	0.0049	0.0000	0.0000	0.0000	0.9951	0.0000	0.0000	0.0000	0.0000	0.0000
0.0000	0.0000	0.0000	0.0000	0.0000	0.0000	0.0000	0.0000	1.0000	0.0000	0.0000	0.0000
0.0000	0.0000	0.0000	0.0000	0.0000	0.0000	0.9994	0.0000	0.0006	0.0000	0.0000	0.0000
0.0000	0.0000	0.0000	0.0000	0.0000	0.0000	0.0000	0.0000	1.0000	0.0000	0.0000	0.0000
0.0000	0.0000	0.0000	0.0000	0.0000	0.0000	1.0000	0.0000	0.0000	0.0000	0.0000	0.0000
0.0000	0.0000	0.0000	0.0000	0.0000	0.0000	0.0000	0.0000	1.0000	0.0000	0.0000	0.0000
0.0000	0.0000	0.9909	0.0000	0.0000	0.0013	0.0078	0.0000	0.0000	0.0000	0.0000	0.0000
0.0000	0.0000	0.4521	0.0000	0.0000	0.0001	0.5478	0.0000	0.0000	0.0000	0.0000	0.0000
0.0000	0.0000	0.0014	0.0000	0.0000	0.0000	0.9986	0.0000	0.0000	0.0000	0.0000	0.0000
0.0000	0.0000	0.0000	0.0000	0.0000	0.0000	0.0095	0.0000	0.9905	0.0000	0.0000	0.0000
0.0000	0.0000	0.0519	0.0000	0.0000	0.0000	0.9481	0.0000	0.0000	0.0000	0.0000	0.0000
0.0000	0.0000	0.0000	0.0000	0.0000	0.0000	0.0000	0.0000	1.0000	0.0000	0.0000	0.0000
0.0000	0.0000	0.0000	0.0000	0.0000	0.0000	0.0000	0.0000	1.0000	0.0000	0.0000	0.0000
0.0000	0.0000	0.0079	0.0000	0.0000	0.0000	0.9921	0.0000	0.0000	0.0000	0.0000	0.0000
0.0000	0.0000	0.0000	0.0000	0.0000	0.0000	0.0000	0.0000	1.0000	0.0000	0.0000	0.0000
0.0000	0.0000	0.0000	0.0000	0.0000	0.0000	0.0000	0.0000	1.0000	0.0000	0.0000	0.0000
0.0000	0.0000	0.9155	0.0000	0.0000	0.0000	0.0844	0.0000	0.0000	0.0000	0.0000	0.0000
0.0000	0.0000	0.0002	0.0000	0.0000	0.0000	0.9998	0.0000	0.0000	0.0000	0.0000	0.0000
0.0000	0.0000	0.0000	0.0000	0.0000	0.0000	0.0000	0.0000	1.0000	0.0000	0.0000	0.0000
0.0000	0.0000	0.2372	0.0000	0.0000	0.0003	0.7625	0.0000	0.0000	0.0000	0.0000	0.0000
0.0000	0.0000	0.0895	0.0000	0.0000	0.0122	0.8983	0.0000	0.0000	0.0000	0.0000	0.0000
