0.0138	0.0000	0.0000	0.0000	0.0000	0.0000	0.6477	0.0000	0.0000	0.0079	0.0031	0.3275
0.0000	0.0000	0.0000	0.0000	0.0000	0.0000	0.0000	0.0000	0.0003	0.9991	0.0006	0.0000
0.0000	0.0011	0.0391	0.0000	0.0000	0.0002	0.8978	0.0613	0.0000	0.0000	0.0000	0.0004
0.0000	0.0000	0.0010	0.0000	0.0000	0.0009	0.7306	0.0368	0.0000	0.0000	0.0000	0.2306
0.7664	0.0000	0.0000	0.0000	0.0000	0.0000	0.0000	0.0000	0.2336	0.0000	0.0000	0.0000
0.0000	0.0158	0.2513	0.0000	0.0000	0.0224	0.1316	0.5736	0.0000	0.0000	0.0000	0.0053
0.0000	0.0000	0.0000	0.0000	0.0000	0.0006	0.0028	0.3201	0.0000	0.0000	0.0000	0.6764
0.0028	0.0000	0.0000	0.0000	0.0000	0.0000	0.0000	0.0000	0.0000	0.0000	0.9845	0.0127
0.0000	0.0001	0.0029	0.0000	0.0000	0.9970	0.0000	0.0000	0.0000	0.0000	0.0000	0.0000
0.0000	0.0000	0.0141	0.0000	0.0000	0.0077	0.7722	0.1168	0.0000	0.0000	0.0000	0.0892
0.0000	0.0018	0.6878	0.0000	0.0000	0.0086	0.2244	0.0413	0.0000	0.0000	0.0000	0.0361
0.0000	0.0000	0.0000	0.0000	0.0000	0.0000	0.0000	0.0000	1.0000	0.0000	0.0000	0.0000
0.0000	0.0000	0.0000	0.0000	1.0000	0.0000	0.0000	0.0000	0.0000	0.0000	0.0000	0.0000
0.0000	0.0000	1.0000	0.0000	0.0000	0.0000	0.0000	0.0000	0.0000	0.0000	0.0000	0.0000
0.9875	0.0000	0.0000	0.0000	0.0000	0.0000	0.0000	0.0000	0.0121	0.0000	0.0004	0.0000
0.0000	0.0000	0.0000	0.0000	0.0000	0.0000	0.0000	0.0000	0.9997	0.0003	0.0000	0.0000
0.0000	0.0000	0.0000	0.0000	0.0000	0.0000	0.0000	0.0000	1.0000	0.0000	0.0000	0.0000
0.0000	0.0000	0.0000	0.0000	0.0000	0.0000	0.0000	0.0000	0.0000	0.9988	0.0001	0.0011
0.0000	0.0000	0.0004	0.0000	0.0000	0.0000	0.8397	0.0260	0.0000	0.0000	0.0000	0.1339
0.6973	0.0154	0.0226	0.0000	0.0000	0.2628	0.0000	0.0000	0.0000	0.0000	0.0000	0.0019
0.0000	0.0000	0.0001	0.0000	0.0000	0.0013	0.0096	0.0001	0.0000	0.0000	0.0000	0.9889
0.0283	0.0000	0.0374	0.0065	0.0000	0.9276	0.0000	0.0000	0.0001	0.0000	0.0000	0.0000
0.0000	0.0000	0.0000	0.0000	0.0000	0.0000	0.0000	0.9999	0.0000	0.0000	0.0000	0.0000
0.0104	0.0000	0.0003	0.9639	0.0000	0.0244	0.0000	0.0000	0.0000	0.0005	0.0000	0.0005
0.0000	0.0000	0.0000	0.0000	0.0000	1.0000	0.0000	0.0000	0.0000	0.0000	0.0000	0.0000
0.0000	0.0000	0.0000	0.0000	0.0000	0.0000	0.0000	0.0000	0.0000	0.0000	1.0000	0.0000
0.0000	0.9917	0.0080	0.0000	0.0000	0.0000	0.0000	0.0000	0.0000	0.0000	0.0000	0.0002
0.0000	0.0033	0.9869	0.0000	0.0000	0.0098	0.0000	0.0000	0.0000	0.0000	0.0000	0.0000
0.0000	0.0000	0.9947	0.0000	0.0000	0.0053	0.0000	0.0000	0.0000	0.0000	0.0000	0.0000
0.0000	0.0000	0.0000	0.1933	0.0001	0.0000	0.0000	0.0000	0.2641	0.5425	0.0000	0.0000
1.0000	0.0000	0.0000	0.0000	0.0000	0.0000	0.0000	0.0000	0.0000	0.0000	0.0000	0.0000
0.8904	0.0000	0.0000	0.0000	0.0000	0.0000	0.0000	0.0000	0.1095	0.0001	0.0000	0.0000
0.0000	0.0000	0.0000	0.0000	0.0000	0.0000	0.0000	0.0000	1.0000	0.0000	0.0000	0.0000
0.0013	0.0000	0.0000	0.0000	0.0000	0.0000	0.0000	0.0000	0.9987	0.0000	0.0000	0.0000
0.0000	0.1001	0.6686	0.0000	0.0000	0.2312	0.0000	0.0001	0.0000	0.0000	0.0000	0.0000
0.0000	0.5211	0.4323	0.0000	0.0000	0.0465	0.0000	0.0001	0.0000	0.0000	0.0000	0.0000
0.0000	0.4512	0.0280	0.0000	0.0000	0.4322	0.0024	0.0853	0.0000	0.0000	0.0000	0.0009
0.6961	0.0000	0.0000	0.0001	0.0000	0.0000	0.0000	0.0000	0.0000	0.3038	0.0000	0.0000
0.3322	0.0000	0.0000	0.0000	0.0000	0.0000	0.0000	0.0000	0.0000	0.6678	0.0000	0.0000
0.0023	0.0000	0.0106	0.0000	0.0000	0.9109	0.0010	0.0675	0.0000	0.0035	0.0000	0.0042
0.0160	0.0000	0.0002	0.0000	0.0000	0.6891	0.0000	0.0000	0.0000	0.2943	0.0000	0.0004
0.0000	0.0916	0.4205	0.0000	0.0000	0.4878	0.0001	0.0000	0.0000	0.0000	0.0000	0.0000
0.0000	0.0000	0.0000	0.0000	0.0000	0.0000	0.0000	1.0000	0.0000	0.0000	0.0000	0.0000
0.0124	0.0009	0.0198	0.0000	0.0000	0.0153	0.8529	0.0353	0.0000	0.0002	0.0000	0.0632
0.0000	0.0000	0.0000	0.0000	0.0000	0.0000	0.0000	0.0000	0.0000	0.0000	1.0000	0.0000
0.0000	0.0028	0.4007	0.0000	0.0000	0.1173	0.2225	0.2234	0.0000	0.0000	0.0000	0.0333
0.0004	0.0014	0.8013	0.0000	0.0000	0.0235	0.0562	0.0701	0.0000	0.0000	0.0000	0.0469
1.0000	0.0000	0.0000	0.0000	0.0000	0.0000	0.0000	0.0000	0.0000	0.0000	0.0000	0.0000
0.0009	0.0000	0.0000	0.0000	0.0000	0.0000	0.9619	0.0002	0.0000	0.0004	0.0000	0.0365
0.0000	0.0000	0.0000	0.0000	0.0000	0.0000	0.0000	0.0000	0.0055	0.9687	0.0258	0.0000
0.0000	0.0617	0.0143	0.0000	0.0000	0.0103	0.5847	0.3134	0.0000	0.0001	0.0000	0.0154
0.0000	0.0000	0.0000	0.0000	0.0000	0.0000	0.2239	0.5123	0.0000	0.0000	0.0000	0.2637
0.0103	0.0000	0.0000	0.0000	0.0000	0.0000	0.0129	0.0066	0.0000	0.9212	0.0002	0.0489
0.0000	0.0000	0.0000	0.0000	0.0000	0.0000	0.0000	0.0000	0.0000	0.0000	1.0000	0.0000
0.0008	0.0005	0.0010	0.0000	0.0000	0.0000	0.8177	0.0464	0.0000	0.0003	0.0000	0.1331
0.0153	0.0004	0.0000	0.0000	0.0000	0.0000	0.9755	0.0055	0.0000	0.0005	0.0000	0.0028
0.0850	0.0000	0.0000	0.0000	0.0000	0.0000	0.0000	0.0000	0.9150	0.0000	0.0000	0.0000
0.0000	0.0740	0.6941	0.0000	0.0000	0.2319	0.0000	0.0000	0.0000	0.0000	0.0000	0.0000
0.0000	0.0000	0.5606	0.0000	0.0000	0.0182	0.1346	0.2709	0.0000	0.0000	0.0000	0.0156
0.0000	0.0000	0.0000	0.0000	1.0000	0.0000	0.0000	0.0000	0.0000	0.0000	0.0000	0.0000
0.0000	0.0000	0.0001	0.0000	0.0000	0.9999	0.0000	0.0000	0.0000	0.0000	0.0000	0.0000
0.0000	0.0000	0.0001	0.0000	0.0000	0.0000	0.8104	0.1866	0.0000	0.0007	0.0001	0.0022
0.0014	0.0000	0.0000	0.0000	0.0000	0.0000	0.9986	0.0000	0.0000	0.0000	0.0000	0.0000
0.0000	0.0000	1.0000	0.0000	0.0000	0.0000	0.0000	0.0000	0.0000	0.0000	0.0000	0.0000
0.0000	0.0000	0.0000	0.0000	0.0000	0.0000	0.0171	0.0000	0.0000	0.0000	0.0045	0.9784
0.0000	0.0002	0.9400	0.0000	0.0000	0.0168	0.0412	0.0018	0.0000	0.0000	0.0000	0.0001
0.0000	0.0000	0.0000	0.0000	0.0000	0.0000	0.0000	0.0000	0.0000	0.9996	0.0004	0.0000
0.0000	0.0000	0.0000	0.0000	0.0000	1.0000	0.0000	0.0000	0.0000	0.0000	0.0000	0.0000
0.0000	0.0000	0.0041	0.0000	0.0000	0.0000	0.8856	0.0006	0.0000	0.0000	0.0000	0.1096
0.0000	0.0000	0.0008	0.0000	0.0000	0.0076	0.0117	0.0006	0.0000	0.0000	0.0000	0.9792
0.0000	0.0000	0.0000	0.0000	0.0000	0.0000	0.0000	0.0000	0.9421	0.0507	0.0000	0.0071
0.5502	0.0000	0.0013	0.4249	0.0000	0.0002	0.0000	0.0048	0.0000	0.0183	0.0003	0.0000
0.9698	0.0000	0.0031	0.0002	0.0000	0.0143	0.0000	0.0000	0.0013	0.0000	0.0000	0.0113
0.0424	0.0002	0.0138	0.0000	0.0000	0.0018	0.0000	0.0000	0.0000	0.0000	0.0000	0.9418
0.0000	0.0000	0.0000	0.0000	0.0000	0.0000	0.3007	0.0000	0.0000	0.5399	0.0011	0.1582
0.0104	0.0000	0.0000	0.0000	0.0000	0.0000	0.0000	0.0000	0.9896	0.0000	0.0000	0.0000
0.0000	0.0000	0.0006	0.0000	0.0000	0.0000	0.3535	0.6373	0.0000	0.0000	0.0000	0.0086
0.0000	0.0000	0.0000	0.0000	0.0000	0.0000	0.0000	0.0000	0.0000	0.3588	0.6411	0.0000
0.0000	0.0000	0.0000	0.0000	0.0000	0.0000	0.0000	0.0000	0.0000	1.0000	0.0000	0.0000
0.0000	0.0000	0.9963	0.0000	0.0000	0.0000	0.0022	0.0015	0.0000	0.0000	0.0000	0.0000
0.6898	0.0000	0.0000	0.0000	0.0000	0.0007	0.0000	0.0000	0.0000	0.3095	0.0000	0.0000
0.0000	0.0000	0.0068	0.0000	0.0000	0.0000	0.9785	0.0118	0.0000	0.0000	0.0000	0.0029
0.0000	0.0000	0.0000	0.0000	0.0000	0.0000	0.0000	0.9999	0.0000	0.0000	0.0000	0.0001
0.0000	0.0000	0.0000	0.1855	0.0000	0.0000	0.0000	0.0000	0.0000	0.8145	0.0000	0.0000
0.0048	0.0000	0.0048	0.0000	0.0000	0.9310	0.0006	0.0014	0.0000	0.0161	0.0000	0.0413
0.0002	0.0000	0.0000	0.0000	0.0000	0.6486	0.0000	0.0000	0.0000	0.3512	0.0000	0.0000
0.0001	0.0000	0.0000	0.0000	0.0000	0.0000	0.0000	0.0000	0.0000	0.9998	0.0000	0.0001
0.0000	0.0000	0.0000	0.0000	0.0000	0.0000	0.0000	0.0000	0.0000	0.0000	0.0000	1.0000
0.0000	0.0000	0.1593	0.0000	0.0000	0.0079	0.0000	0.0000	0.0000	0.0000	0.0000	0.8328
0.0000	0.0000	0.9748	0.0000	0.0000	0.0252	0.0000	0.0000	0.0000	0.0000	0.0000	0.0000
0.0000	0.0000	0.9746	0.0000	0.0000	0.0254	0.0000	0.0000	0.0000	0.0000	0.0000	0.0000
0.0000	0.0000	0.9824	0.0000	0.0000	0.0176	0.0000	0.0000	0.0000	0.0000	0.0000	0.0000
0.0000	0.0000	0.0001	0.0000	0.0000	0.0000	0.0000	0.0000	0.0000	0.0000	0.0000	0.9999
0.0000	0.0000	0.9991	0.0000	0.0000	0.0000	0.0000	0.0000	0.0000	0.0000	0.0000	0.0009
0.0000	0.0000	0.9999	0.0000	0.0000	0.0000	0.0000	0.0000	0.0000	0.0000	0.0000	0.0001
0.0000	0.0000	0.0000	0.0000	0.0000	0.0000	0.0000	0.0000	0.0000	0.0000	0.0000	1.0000
0.0000	0.0000	0.0000	0.0000	0.0000	0.0000	0.0000	0.0000	0.0000	0.0000	0.0000	1.0000
0.0000	0.0000	1.0000	0.0000	0.0000	0.0000	0.0000	0.0000	0.0000	0.0000	0.0000	0.0000
0.0000	0.0000	0.0002	0.0000	0.0000	0.0002	0.0000	0.0000	0.0000	0.0000	0.0000	0.9996
0.0000	0.0000	0.9942	0.0000	0.0000	0.0058	0.0000	0.0000	0.0000	0.0000	0.0000	0.0000
0.0000	0.0000	0.1133	0.0000	0.0000	0.0219	0.0000	0.0000	0.0000	0.0000	0.0000	0.8649
0.0000	0.0000	0.0041	0.0000	0.0000	0.0306	0.0000	0.0000	0.0000	0.0000	0.0000	0.9654
0.0000	0.0000	0.9903	0.0000	0.0000	0.0097	0.0000	0.0000	0.0000	0.0000	0.0000	0.0000
0.0000	0.0000	0.9799	0.0000	0.0000	0.0201	0.0000	0.0000	0.0000	0.0000	0.0000	0.0000
0.0000	0.0000	0.9814	0.0000	0.0000	0.0186	0.0000	0.0000	0.0000	0.0000	0.0000	0.0000
0.0000	0.0000	0.0000	0.0000	0.0000	0.0000	0.0000	0.0000	0.0000	0.0000	0.0000	1.0000
0.0000	0.0000	0.0000	0.0000	0.0000	0.0000	0.0000	0.0000	0.0000	0.0000	0.0000	1.0000
0.0000	0.0000	0.2631	0.0000	0.0000	0.0001	0.0000	0.0000	0.0000	0.0000	0.0000	0.7368
0.0000	0.0000	1.0000	0.0000	0.0000	0.0000	0.0000	0.0000	0.0000	0.0000	0.0000	0.0000
0.0001	0.0000	0.9952	0.0000	0.0000	0.0048	0.0000	0.0000	0.0000	0.0000	0.0000	0.0000
0.0000	0.0000	0.0001	0.0000	0.0000	0.0019	0.9980	0.0000	0.0000	0.0000	0.0000	0.0000
0.0000	0.0000	0.0000	0.0000	0.0000	0.0000	0.0000	0.0000	1.0000	0.0000	0.0000	0.0000
0.0000	0.0000	0.0083	0.0000	0.0000	0.0001	0.9916	0.0000	0.0000	0.0000	0.0000	0.0000
0.0000	0.0000	0.0000	0.0000	0.0000	0.0000	0.0000	0.0000	1.0000	0.0000	0.0000	0.0000
0.0000	0.0000	0.0000	0.0000	0.0000	0.0000	1.0000	0.0000	0.0000	0.0000	0.0000	0.0000
0.0000	0.0000	0.0000	0.0000	0.0000	0.0000	0.0000	0.0000	1.0000	0.0000	0.0000	0.0000
0.0000	0.0000	0.0000	0.0000	0.0000	0.0000	1.0000	0.0000	0.0000	0.0000	0.0000	0.0000
0.0000	0.0000	0.0000	0.0000	0.0000	0.0000	0.0000	0.0000	1.0000	0.0000	0.0000	0.0000
0.0000	0.0000	0.9858	0.0000	0.0000	0.0141	0.0000	0.0000	0.0000	0.0000	0.0000	0.0000
0.0000	0.0000	0.9163	0.0000	0.0000	0.0001	0.0836	0.0000	0.0000	0.0000	0.0000	0.0000
0.0000	0.0000	0.0002	0.0000	0.0000	0.0000	0.9998	0.0000	0.0000	0.0000	0.0000	0.0000
0.0000	0.0000	0.0000	0.0000	0.0000	0.0000	0.0003	0.0000	0.9997	0.0000	0.0000	0.0000
0.0000	0.0000	0.0008	0.0000	0.0000	0.0000	0.9992	0.0000	0.0000	0.0000	0.0000	0.0000
0.0000	0.0000	0.0000	0.0000	0.0000	0.0000	0.0000	0.0000	1.0000	0.0000	0.0000	0.0000
0.0000	0.0000	0.0000	0.0000	0.0000	0.0000	0.0000	0.0000	1.0000	0.0000	0.0000	0.0000
0.0000	0.0000	0.0073	0.0000	0.0000	0.0004	0.9924	0.0000	0.0000	0.0000	0.0000	0.0000
0.0000	0.0000	0.0000	0.0000	0.0000	0.0000	0.0000	0.0000	1.0000	0.0000	0.0000	0.0000
0.0000	0.0000	0.0000	0.0000	0.0000	0.0000	0.0000	0.0000	1.0000	0.0000	0.0000	0.0000
0.0000	0.0000	0.9935	0.0000	0.0000	0.0000	0.0065	0.0000	0.0000	0.0000	0.0000	0.0000
0.0000	0.0000	0.0000	0.0000	0.0000	0.0000	1.0000	0.0000	0.0000	0.0000	0.0000	0.0000
0.0000	0.0000	0.0000	0.0000	0.0000	0.0000	0.0000	0.0000	1.0000	0.0000	0.0000	0.0000
0.0000	0.0000	0.0898	0.0000	0.0000	0.0002	0.9099	0.0000	0.0000	0.0000	0.0000	0.0000
0.0000	0.0000	0.0058	0.0000	0.0000	0.0082	0.9860	0.0000	0.0000	0.0000	0.0000	0.0000
