0.2583	0.0000	0.0000	0.0000	0.0000	0.0000	0.1567	0.0001	0.0000	0.0112	0.0004	0.5732
0.0000	0.0000	0.0000	0.0000	0.0000	0.0000	0.0000	0.0000	1.0000	0.0000	0.0000	0.0000
0.0001	0.0016	0.6216	0.0000	0.0000	0.0022	0.1028	0.2539	0.0000	0.0000	0.0000	0.0177
0.0001	0.0000	0.0001	0.0000	0.0000	0.0007	0.0830	0.0062	0.0000	0.0002	0.0000	0.9098
0.7430	0.0000	0.0000	0.0000	0.0000	0.0000	0.0000	0.0000	0.2570	0.0000	0.0000	0.0000
0.0000	0.0138	0.0734	0.0000	0.0000	0.0021	0.1398	0.6332	0.0000	0.0000	0.0000	0.1377
0.0000	0.0000	0.0000	0.0000	0.1619	0.0092	0.1057	0.0004	0.0000	0.0329	0.0000	0.6900
0.0968	0.0000	0.0000	0.0000	0.0000	0.0000	0.0000	0.0000	0.0000	0.0000	0.5820	0.3212
0.0000	0.0000	0.0008	0.0000	0.0000	0.9991	0.0000	0.0000	0.0000	0.0000	0.0000	0.0001
0.0000	0.0000	0.0395	0.0000	0.0000	0.0000	0.4518	0.0066	0.0000	0.0001	0.0000	0.5020
0.0000	0.0000	0.9298	0.0000	0.0000	0.0001	0.0160	0.0001	0.0000	0.0000	0.0000	0.0541
0.0000	0.0000	0.0000	0.0000	0.0000	0.0000	0.0000	0.0000	1.0000	0.0000	0.0000	0.0000
0.0000	0.0000	0.0000	0.0000	1.0000	0.0000	0.0000	0.0000	0.0000	0.0000	0.0000	0.0000
0.0000	0.0000	1.0000	0.0000	0.0000	0.0000	0.0000	0.0000	0.0000	0.0000	0.0000	0.0000
0.9992	0.0000	0.0000	0.0000	0.0000	0.0000	0.0000	0.0000	0.0008	0.0000	0.0000	0.0000
0.0000	0.0000	0.0000	0.0000	0.0000	0.0196	0.0000	0.0000	0.9804	0.0000	0.0000	0.0000
0.0000	0.0000	0.0000	0.0000	0.0000	0.0003	0.0000	0.0000	0.9997	0.0000	0.0000	0.0000
0.0000	0.0000	0.0000	0.0000	0.0000	0.0000	0.0000	0.0002	0.0000	0.9355	0.0001	0.0643
0.0001	0.0000	0.0001	0.0000	0.0000	0.0000	0.0678	0.0635	0.0000	0.0049	0.0000	0.8637
0.1971	0.2101	0.0000	0.0000	0.0000	0.5921	0.0000	0.0001	0.0000	0.0000	0.0000	0.0006
0.0000	0.0000	0.0000	0.0000	0.0000	0.0399	0.5516	0.0010	0.0000	0.0000	0.0000	0.4074
0.0000	0.0000	0.0000	0.0000	0.0000	0.0000	0.0000	0.0000	1.0000	0.0000	0.0000	0.0000
0.0000	0.0000	0.0000	0.0000	0.0000	0.0000	0.0001	0.9999	0.0000	0.0000	0.0000	0.0000
0.0000	0.0000	0.0000	0.9642	0.0000	0.0000	0.0000	0.0000	0.0333	0.0026	0.0000	0.0000
0.0000	0.0000	0.0000	0.0000	0.0000	0.0000	0.0000	0.0000	1.0000	0.0000	0.0000	0.0000
0.0000	0.0000	0.0000	0.0000	0.0000	0.0000	0.0000	0.0000	0.0000	0.0000	1.0000	0.0000
0.0000	0.7877	0.1715	0.0000	0.0000	0.0000	0.0196	0.0030	0.0000	0.0000	0.0000	0.0182
0.0000	0.0043	0.9938	0.0000	0.0000	0.0016	0.0000	0.0002	0.0000	0.0000	0.0000	0.0002
0.0000	0.0000	0.9204	0.0000	0.0000	0.0796	0.0000	0.0000	0.0000	0.0000	0.0000	0.0000
0.0000	0.0000	0.0006	0.0002	0.0000	0.0000	0.9991	0.0001	0.0000	0.0000	0.0000	0.0000
1.0000	0.0000	0.0000	0.0000	0.0000	0.0000	0.0000	0.0000	0.0000	0.0000	0.0000	0.0000
1.0000	0.0000	0.0000	0.0000	0.0000	0.0000	0.0000	0.0000	0.0000	0.0000	0.0000	0.0000
0.0001	0.0000	0.0000	0.0000	0.0000	0.0000	0.0000	0.0000	0.9999	0.0000	0.0000	0.0000
0.9996	0.0000	0.0000	0.0000	0.0000	0.0000	0.0000	0.0000	0.0004	0.0000	0.0000	0.0000
0.0000	0.2219	0.5669	0.0000	0.0000	0.2080	0.0001	0.0030	0.0000	0.0000	0.0000	0.0001
0.0000	0.5934	0.3884	0.0000	0.0000	0.0080	0.0001	0.0101	0.0000	0.0000	0.0000	0.0001
0.0001	0.7964	0.0000	0.0000	0.0000	0.0110	0.0007	0.1889	0.0000	0.0000	0.0000	0.0028
0.0135	0.0000	0.0000	0.0000	0.0000	0.0000	0.0000	0.0000	0.0000	0.9865	0.0000	0.0000
0.9832	0.0000	0.0000	0.0000	0.0000	0.0000	0.0000	0.0000	0.0000	0.0168	0.0000	0.0000
0.0001	0.0000	0.0003	0.0000	0.0000	0.4276	0.0000	0.0000	0.0000	0.5719	0.0000	0.0000
0.0000	0.0000	0.0000	0.0000	0.0000	0.0409	0.0000	0.0000	0.0000	0.9591	0.0000	0.0000
0.0000	0.3377	0.0619	0.0000	0.0000	0.5991	0.0011	0.0001	0.0000	0.0000	0.0000	0.0001
0.0000	0.0000	0.0000	0.0000	0.0000	0.0000	0.0000	1.0000	0.0000	0.0000	0.0000	0.0000
0.0203	0.0019	0.0000	0.0000	0.0000	0.8862	0.0898	0.0002	0.0000	0.0012	0.0000	0.0004
0.0000	0.0000	0.0000	0.0000	0.0000	0.0000	0.0000	0.0000	0.0000	0.0000	1.0000	0.0000
0.0003	0.0022	0.0225	0.0000	0.0000	0.6137	0.3390	0.0073	0.0000	0.0001	0.0000	0.0148
0.0003	0.0002	0.5407	0.0000	0.0000	0.4458	0.0025	0.0006	0.0000	0.0061	0.0000	0.0038
0.9984	0.0000	0.0000	0.0000	0.0000	0.0000	0.0000	0.0000	0.0000	0.0016	0.0000	0.0001
0.0093	0.0000	0.0060	0.0000	0.0000	0.0000	0.0219	0.0216	0.0000	0.0059	0.0000	0.9352
0.0000	0.0000	0.0000	0.0000	0.0000	0.0000	0.0000	0.0000	1.0000	0.0000	0.0000	0.0000
0.0137	0.6616	0.0011	0.0000	0.0000	0.0359	0.0274	0.2372	0.0000	0.0186	0.0000	0.0044
0.0000	0.0000	0.0000	0.0000	0.0000	0.0002	0.6576	0.0209	0.0000	0.0000	0.0000	0.3213
0.2815	0.0000	0.0000	0.0000	0.0000	0.0000	0.0024	0.0082	0.0000	0.7054	0.0000	0.0024
0.0000	0.0000	0.0000	0.0000	0.0000	0.0000	0.0000	0.0000	0.0000	0.0000	1.0000	0.0000
0.0008	0.0002	0.0008	0.0000	0.0000	0.9476	0.0080	0.0031	0.0000	0.0019	0.0000	0.0376
0.4130	0.2487	0.0021	0.0000	0.0000	0.0198	0.0405	0.0544	0.0000	0.2045	0.0000	0.0168
0.4690	0.0000	0.0000	0.0000	0.0000	0.0000	0.0000	0.0000	0.5310	0.0000	0.0001	0.0000
0.0000	0.1380	0.6316	0.0000	0.0000	0.2281	0.0001	0.0021	0.0000	0.0000	0.0000	0.0001
0.0000	0.0000	0.0005	0.0000	0.0000	0.0000	0.0443	0.9499	0.0000	0.0005	0.0000	0.0047
0.0000	0.0000	0.0000	0.0000	1.0000	0.0000	0.0000	0.0000	0.0000	0.0000	0.0000	0.0000
0.0000	0.0000	0.0000	0.0000	0.0000	1.0000	0.0000	0.0000	0.0000	0.0000	0.0000	0.0000
0.0000	0.0000	0.0000	0.0000	0.0000	0.0000	0.9087	0.0913	0.0000	0.0000	0.0000	0.0000
0.0000	0.0000	0.0000	0.0000	0.0000	0.0000	0.0005	0.9995	0.0000	0.0000	0.0000	0.0000
0.0000	0.0000	1.0000	0.0000	0.0000	0.0000	0.0000	0.0000	0.0000	0.0000	0.0000	0.0000
0.0000	0.0000	0.0000	0.0000	0.0000	0.0000	0.0000	0.0000	0.0000	0.0000	0.0000	1.0000
0.0000	0.0002	0.9736	0.0000	0.0000	0.0081	0.0082	0.0025	0.0000	0.0000	0.0000	0.0074
0.0000	0.0000	0.0000	0.0000	0.0000	0.0000	0.0000	0.0000	0.0000	1.0000	0.0000	0.0000
0.0000	0.0000	0.0000	0.0000	0.0000	0.9999	0.0000	0.0000	0.0000	0.0001	0.0000	0.0000
0.0004	0.0000	0.0000	0.0000	0.0000	0.0000	0.0640	0.0126	0.0000	0.0011	0.0000	0.9218
0.0000	0.0000	0.0000	0.0000	0.0000	0.0015	0.2766	0.0006	0.0000	0.0000	0.0000	0.7213
0.0000	0.0000	0.0000	0.0000	0.0000	0.0000	0.0000	0.0000	1.0000	0.0000	0.0000	0.0000
0.0000	0.0000	0.0000	0.9481	0.0000	0.0000	0.0000	0.0000	0.0000	0.0519	0.0000	0.0000
0.0000	0.0000	0.0000	0.0000	0.0000	0.0045	0.0217	0.0000	0.5060	0.0000	0.0000	0.4678
0.0015	0.0002	0.0189	0.0000	0.0000	0.0993	0.6793	0.0055	0.0000	0.0000	0.0000	0.1953
0.0000	0.0000	0.0000	0.0000	0.0000	0.0000	0.0001	0.0000	0.0000	0.0000	0.0000	0.9999
0.9995	0.0000	0.0000	0.0000	0.0000	0.0000	0.0000	0.0000	0.0005	0.0000	0.0000	0.0000
0.0000	0.0000	0.0000	0.0000	0.0000	0.0000	0.0274	0.6475	0.0000	0.0000	0.0000	0.3251
0.0000	0.0000	0.0000	0.0000	0.0000	0.0000	0.0000	0.0000	0.0000	0.8767	0.1233	0.0000
0.0000	0.0000	0.0000	0.0000	0.0000	0.0000	0.0000	0.0000	0.0000	1.0000	0.0000	0.0000
0.0000	0.0000	0.9956	0.0000	0.0000	0.0000	0.0003	0.0039	0.0000	0.0000	0.0000	0.0003
0.9700	0.0000	0.0000	0.0000	0.0000	0.0298	0.0000	0.0000	0.0000	0.0002	0.0000	0.0000
0.8189	0.0000	0.1598	0.0000	0.0000	0.0000	0.0133	0.0052	0.0000	0.0000	0.0000	0.0028
0.0000	0.0000	0.0000	0.0000	0.0000	0.0000	0.0000	1.0000	0.0000	0.0000	0.0000	0.0000
0.0000	0.0000	0.0000	0.0000	0.0000	0.0000	0.0000	0.0000	0.0000	1.0000	0.0000	0.0000
0.0003	0.0000	0.0000	0.0000	0.0000	0.9400	0.0000	0.0000	0.0000	0.0579	0.0000	0.0018
0.0000	0.0000	0.0000	0.1596	0.0000	0.0195	0.0000	0.0000	0.0000	0.8210	0.0000	0.0000
0.0000	0.0000	0.0000	0.0000	0.0000	0.0000	0.0000	0.0000	0.0000	1.0000	0.0000	0.0000
0.0000	0.0000	0.0000	0.0000	0.0000	0.0000	0.0000	0.0000	0.0000	0.0000	0.0000	1.0000
0.0000	0.0000	0.0002	0.0000	0.0000	0.0051	0.0000	0.0000	0.0000	0.0000	0.0000	0.9948
0.0000	0.0000	0.9891	0.0000	0.0000	0.0100	0.0000	0.0000	0.0009	0.0000	0.0000	0.0000
0.0000	0.0000	0.9876	0.0000	0.0000	0.0111	0.0000	0.0000	0.0013	0.0000	0.0000	0.0000
0.0000	0.0000	0.9944	0.0000	0.0000	0.0044	0.0000	0.0000	0.0012	0.0000	0.0000	0.0000
0.0000	0.0000	0.0000	0.0000	0.0000	0.0000	0.0000	0.0000	0.0000	0.0000	0.0000	1.0000
0.0007	0.0000	0.0282	0.0000	0.0000	0.0000	0.0000	0.0000	0.0000	0.0000	0.0000	0.9711
0.0000	0.0000	1.0000	0.0000	0.0000	0.0000	0.0000	0.0000	0.0000	0.0000	0.0000	0.0000
0.0000	0.0000	0.0000	0.0000	0.0000	0.0000	0.0000	0.0000	0.0000	0.0000	0.0000	1.0000
0.0000	0.0000	0.0000	0.0000	0.0000	0.0000	0.0000	0.0000	0.0000	0.0000	0.0000	1.0000
0.0000	0.0000	0.9973	0.0000	0.0000	0.0015	0.0000	0.0000	0.0000	0.0000	0.0000	0.0012
0.0000	0.0000	0.0000	0.0000	0.0000	0.0000	0.0000	0.0000	0.0000	0.0000	0.0000	1.0000
0.0000	0.0000	0.9984	0.0000	0.0000	0.0000	0.0000	0.0000	0.0000	0.0000	0.0000	0.0015
0.0000	0.0000	0.0003	0.0000	0.0000	0.0000	0.0000	0.0000	0.0000	0.0000	0.0000	0.9997
0.0000	0.0000	0.0000	0.0000	0.0000	0.0000	0.0000	0.0000	0.0000	0.0000	0.0000	1.0000
0.0000	0.0000	0.9975	0.0000	0.0000	0.0021	0.0000	0.0000	0.0004	0.0000	0.0000	0.0000
0.0000	0.0000	0.9991	0.0000	0.0000	0.0005	0.0000	0.0000	0.0003	0.0000	0.0000	0.0000
0.0000	0.0000	0.9999	0.0000	0.0000	0.0000	0.0000	0.0000	0.0000	0.0000	0.0000	0.0000
0.0000	0.0000	0.0000	0.0000	0.0000	0.0000	0.0000	0.0000	0.0000	0.0000	0.0000	1.0000
0.0000	0.0000	0.0000	0.0000	0.0000	0.0000	0.0000	0.0000	0.0000	0.0000	0.0000	1.0000
0.0000	0.0000	0.0062	0.0000	0.0000	0.0000	0.0000	0.0000	0.0000	0.0000	0.0000	0.9938
0.0000	0.0000	0.9987	0.0000	0.0000	0.0006	0.0000	0.0000	0.0000	0.0000	0.0000	0.0007
0.0000	0.0000	1.0000	0.0000	0.0000	0.0000	0.0000	0.0000	0.0000	0.0000	0.0000	0.0000
0.0000	0.0000	0.0000	0.0000	0.0000	0.0001	0.9999	0.0000	0.0000	0.0000	0.0000	0.0000
0.0000	0.0000	0.0000	0.0000	0.0000	0.0000	0.0000	0.0000	1.0000	0.0000	0.0000	0.0000
0.0000	0.0000	0.0000	0.0000	0.0000	0.0000	1.0000	0.0000	0.0000	0.0000	0.0000	0.0000
0.0000	0.0000	0.0000	0.0000	0.0000	0.0000	0.0000	0.0000	1.0000	0.0000	0.0000	0.0000
0.0000	0.0000	0.0000	0.0000	0.0000	0.0000	0.9995	0.0000	0.0005	0.0000	0.0000	0.0000
0.0000	0.0000	0.0000	0.0000	0.0000	0.0000	0.0000	0.0000	1.0000	0.0000	0.0000	0.0000
0.0000	0.0000	0.0000	0.0000	0.0000	0.0000	1.0000	0.0000	0.0000	0.0000	0.0000	0.0000
0.0000	0.0000	0.0000	0.0000	0.0000	0.0000	0.0000	0.0000	1.0000	0.0000	0.0000	0.0000
0.0000	0.0000	0.9972	0.0000	0.0000	0.0001	0.0027	0.0000	0.0000	0.0000	0.0000	0.0000
0.0000	0.0000	0.3319	0.0000	0.0000	0.0000	0.6681	0.0000	0.0000	0.0000	0.0000	0.0000
0.0000	0.0000	0.0001	0.0000	0.0000	0.0000	0.9999	0.0000	0.0000	0.0000	0.0000	0.0000
0.0000	0.0000	0.0000	0.0000	0.0000	0.0000	0.0025	0.0000	0.9975	0.0000	0.0000	0.0000
0.0000	0.0000	0.0040	0.0000	0.0000	0.0000	0.9960	0.0000	0.0000	0.0000	0.0000	0.0000
0.0000	0.0000	0.0000	0.0000	0.0000	0.0000	0.0000	0.0000	1.0000	0.0000	0.0000	0.0000
0.0000	0.0000	0.0000	0.0000	0.0000	0.0000	0.0000	0.0000	1.0000	0.0000	0.0000	0.0000
0.0000	0.0000	0.0402	0.0000	0.0000	0.0000	0.9598	0.0000	0.0000	0.0000	0.0000	0.0000
0.0000	0.0000	0.0000	0.0000	0.0000	0.0000	0.0000	0.0000	1.0000	0.0000	0.0000	0.0000
0.0000	0.0000	0.0000	0.0000	0.0000	0.0000	0.0000	0.0000	1.0000	0.0000	0.0000	0.0000
0.0000	0.0000	0.9926	0.0000	0.0000	0.0000	0.0074	0.0000	0.0000	0.0000	0.0000	0.0000
0.0000	0.0000	0.0006	0.0000	0.0000	0.0000	0.9994	0.0000	0.0000	0.0000	0.0000	0.0000
0.0000	0.0000	0.0000	0.0000	0.0000	0.0000	0.0000	0.0000	1.0000	0.0000	0.0000	0.0000
0.0000	0.0000	0.9982	0.0000	0.0000	0.0000	0.0018	0.0000	0.0000	0.0000	0.0000	0.0000
0.0000	0.0000	0.1872	0.0000	0.0000	0.7272	0.0856	0.0000	0.0000	0.0000	0.0000	0.0000
