0.0006	0.0000	0.0000	0.0000	0.0000	0.0000	0.0458	0.0001	0.0000	0.0000	0.0004	0.9530
0.0000	0.0000	0.0000	0.0000	0.0000	0.0000	0.0000	0.0000	1.0000	0.0000	0.0000	0.0000
0.0011	0.0008	0.1696	0.0000	0.0000	0.0148	0.4605	0.2579	0.0000	0.0000	0.0006	0.0948
0.0000	0.0000	0.0000	0.0000	0.0000	0.0000	0.0286	0.0027	0.0000	0.0000	0.0007	0.9680
0.6848	0.0000	0.0000	0.0000	0.0000	0.0000	0.0000	0.0000	0.3152	0.0000	0.0000	0.0000
0.0000	0.0003	0.0184	0.0000	0.0000	0.0016	0.3448	0.4179	0.0000	0.0000	0.0003	0.2167
0.0000	0.0000	0.0000	0.0000	0.0000	0.0003	0.9304	0.0001	0.0000	0.0545	0.0000	0.0148
0.0001	0.0000	0.0000	0.0000	0.0000	0.0000	0.0000	0.0000	0.0000	0.0000	0.9895	0.0103
0.0000	0.0000	0.1611	0.0000	0.0000	0.8382	0.0003	0.0001	0.0000	0.0000	0.0000	0.0002
0.0000	0.0000	0.0024	0.0000	0.0000	0.0000	0.6851	0.0331	0.0000	0.0000	0.0000	0.2794
0.0000	0.0000	0.6563	0.0000	0.0000	0.0000	0.1795	0.0016	0.0000	0.0000	0.0000	0.1626
0.0000	0.0000	0.0000	0.0000	0.0000	0.0000	0.0000	0.0000	1.0000	0.0000	0.0000	0.0000
0.0000	0.0000	0.0000	0.0000	1.0000	0.0000	0.0000	0.0000	0.0000	0.0000	0.0000	0.0000
0.0000	0.0000	0.9999	0.0000	0.0000	0.0000	0.0000	0.0001	0.0000	0.0000	0.0000	0.0000
0.9953	0.0000	0.0000	0.0000	0.0000	0.0000	0.0000	0.0000	0.0047	0.0000	0.0000	0.0000
0.0009	0.0000	0.0000	0.0000	0.0000	0.0015	0.0000	0.0000	0.9964	0.0011	0.0000	0.0000
0.0001	0.0000	0.0000	0.0000	0.0000	0.0001	0.0000	0.0000	0.9844	0.0154	0.0000	0.0000
0.0000	0.0000	0.0000	0.0000	0.0000	0.0000	0.0000	0.0000	0.0000	0.6273	0.1689	0.2037
0.0000	0.0000	0.0001	0.0000	0.0000	0.0000	0.0081	0.0110	0.0000	0.0013	0.0000	0.9795
0.8408	0.0001	0.0000	0.0000	0.0000	0.0350	0.0005	0.0011	0.0000	0.0000	0.0000	0.1226
0.0000	0.0000	0.0000	0.0000	0.0000	0.0004	0.5242	0.0091	0.0000	0.0029	0.0000	0.4634
0.0000	0.0000	0.0000	0.0006	0.0000	0.0000	0.0000	0.0000	0.9994	0.0000	0.0000	0.0000
0.0000	0.0000	0.0000	0.0000	0.0000	0.0000	0.0926	0.9074	0.0000	0.0000	0.0000	0.0000
0.0000	0.0000	0.0000	0.2617	0.0000	0.0000	0.0000	0.0000	0.2629	0.4739	0.0000	0.0015
0.0000	0.0000	0.0000	0.0315	0.0000	0.0000	0.0000	0.0000	0.9685	0.0000	0.0000	0.0000
0.0000	0.0000	0.0000	0.0000	0.0000	0.0000	0.0000	0.0000	0.0000	0.0000	1.0000	0.0000
0.0000	0.1331	0.0027	0.0000	0.0000	0.0000	0.8010	0.0027	0.0000	0.0000	0.0000	0.0606
0.0000	0.0038	0.9927	0.0000	0.0000	0.0020	0.0014	0.0001	0.0000	0.0000	0.0000	0.0001
0.0001	0.0000	0.9942	0.0000	0.0000	0.0055	0.0000	0.0000	0.0000	0.0000	0.0000	0.0002
0.0000	0.0000	0.0000	0.0000	0.0000	0.0000	0.9800	0.0198	0.0000	0.0000	0.0000	0.0002
0.9999	0.0000	0.0000	0.0000	0.0000	0.0000	0.0000	0.0000	0.0001	0.0000	0.0000	0.0000
0.9999	0.0000	0.0000	0.0000	0.0000	0.0000	0.0000	0.0000	0.0001	0.0000	0.0000	0.0000
0.0014	0.0000	0.0000	0.0000	0.0000	0.0000	0.0000	0.0000	0.9900	0.0086	0.0000	0.0000
0.8866	0.0000	0.0000	0.0000	0.0000	0.0000	0.0004	0.0000	0.0353	0.0004	0.0102	0.0671
0.0000	0.0379	0.8771	0.0000	0.0000	0.0844	0.0003	0.0002	0.0000	0.0000	0.0000	0.0000
0.0000	0.1148	0.8723	0.0000	0.0000	0.0123	0.0001	0.0005	0.0000	0.0000	0.0000	0.0000
0.0002	0.0145	0.0000	0.0000	0.0000	0.0024	0.0089	0.7718	0.0000	0.0000	0.0027	0.1994
0.9887	0.0000	0.0000	0.0003	0.0000	0.0000	0.0000	0.0000	0.0000	0.0110	0.0000	0.0000
0.9992	0.0000	0.0000	0.0000	0.0000	0.0000	0.0000	0.0000	0.0000	0.0008	0.0000	0.0000
0.0000	0.0000	0.0016	0.0001	0.0000	0.1394	0.0001	0.0039	0.0000	0.8506	0.0021	0.0021
0.0000	0.0000	0.0000	0.0000	0.0000	0.0073	0.0000	0.0000	0.0000	0.9822	0.0002	0.0102
0.0000	0.0502	0.2217	0.0000	0.0000	0.7226	0.0049	0.0001	0.0000	0.0000	0.0000	0.0006
0.0000	0.0000	0.0000	0.0000	0.0000	0.0000	0.0005	0.9995	0.0000	0.0000	0.0000	0.0000
0.0008	0.0000	0.0000	0.0000	0.0000	0.8299	0.1399	0.0007	0.0000	0.0015	0.0000	0.0271
0.0000	0.0000	0.0000	0.0000	0.0000	0.0000	0.0000	0.0000	0.0000	0.0000	1.0000	0.0000
0.0000	0.0015	0.0101	0.0000	0.0000	0.6451	0.2765	0.0049	0.0000	0.0002	0.0000	0.0616
0.0000	0.0001	0.6098	0.0000	0.0000	0.2936	0.0222	0.0012	0.0000	0.0004	0.0000	0.0726
0.4314	0.0000	0.1963	0.0000	0.0000	0.0000	0.0001	0.0000	0.0001	0.0120	0.0007	0.3594
0.0001	0.0000	0.0138	0.0000	0.0000	0.0000	0.0529	0.0004	0.0000	0.0024	0.0046	0.9258
0.0000	0.0000	0.0000	0.0000	0.0000	0.0000	0.0000	0.0000	1.0000	0.0000	0.0000	0.0000
0.0080	0.0057	0.0004	0.0000	0.0000	0.0070	0.1953	0.6804	0.0000	0.0039	0.0001	0.0992
0.0000	0.0000	0.0000	0.0000	0.0000	0.0001	0.0871	0.0107	0.0000	0.0000	0.0000	0.9021
0.0085	0.0000	0.0000	0.0000	0.0000	0.0000	0.0638	0.2873	0.0000	0.4055	0.0078	0.2271
0.0000	0.0000	0.0000	0.0000	0.0000	0.0000	0.0000	0.0000	0.0001	0.0000	0.9999	0.0000
0.0001	0.0000	0.0070	0.0000	0.0000	0.5007	0.1003	0.0022	0.0000	0.0002	0.0040	0.3856
0.2281	0.0162	0.0031	0.0000	0.0000	0.0821	0.2592	0.0610	0.0000	0.0041	0.0026	0.3437
0.4984	0.0000	0.0000	0.0000	0.0000	0.0000	0.0000	0.0000	0.5013	0.0000	0.0003	0.0000
0.0000	0.0288	0.8566	0.0000	0.0000	0.1141	0.0003	0.0002	0.0000	0.0000	0.0000	0.0000
0.0000	0.0000	0.0006	0.0000	0.0000	0.0000	0.0738	0.9170	0.0000	0.0000	0.0002	0.0084
0.0000	0.0000	0.0000	0.0000	0.9991	0.0000	0.0000	0.0000	0.0000	0.0009	0.0000	0.0000
0.0000	0.0000	0.0138	0.0000	0.0000	0.9861	0.0000	0.0000	0.0000	0.0000	0.0000	0.0000
0.0000	0.0000	0.0000	0.0000	0.0000	0.0000	0.8899	0.1048	0.0000	0.0000	0.0025	0.0029
0.0001	0.0000	0.0000	0.0000	0.0000	0.0000	0.1639	0.8215	0.0000	0.0000	0.0000	0.0145
0.0000	0.0000	1.0000	0.0000	0.0000	0.0000	0.0000	0.0000	0.0000	0.0000	0.0000	0.0000
0.0000	0.0000	0.0000	0.0000	0.0000	0.0000	0.0000	0.0000	0.0000	0.0000	0.0038	0.9961
0.0000	0.0000	0.0230	0.0000	0.0000	0.5296	0.1730	0.0138	0.0000	0.0001	0.0023	0.2581
0.0000	0.0000	0.0000	0.0000	0.0000	0.0000	0.0000	0.0000	0.0000	0.9883	0.0107	0.0010
0.0000	0.0000	0.0000	0.0000	0.0000	0.9982	0.0000	0.0001	0.0000	0.0016	0.0000	0.0000
0.0000	0.0000	0.0000	0.0000	0.0000	0.0000	0.0660	0.0024	0.0000	0.0046	0.0037	0.9233
0.0000	0.0000	0.0000	0.0000	0.0000	0.0000	0.0359	0.0121	0.0000	0.0000	0.0000	0.9520
0.0000	0.0000	0.0000	0.0000	0.0000	0.0000	0.0000	0.0000	1.0000	0.0000	0.0000	0.0000
0.0000	0.0000	0.0000	0.6497	0.0000	0.0000	0.0000	0.0000	0.0000	0.3493	0.0010	0.0000
0.0000	0.0000	0.0000	0.0000	0.0000	0.0000	0.0116	0.0006	0.0709	0.0000	0.0000	0.9168
0.0000	0.0000	0.0001	0.0000	0.0000	0.0025	0.9484	0.0175	0.0000	0.0000	0.0000	0.0314
0.0000	0.0000	0.0000	0.0000	0.0000	0.0000	0.0012	0.0000	0.0000	0.0000	0.0000	0.9988
0.9754	0.0000	0.0000	0.0000	0.0000	0.0000	0.0000	0.0000	0.0189	0.0046	0.0000	0.0011
0.0000	0.0000	0.0001	0.0000	0.0000	0.0000	0.3957	0.1960	0.0000	0.0000	0.0000	0.4081
0.0000	0.0000	0.0000	0.0000	0.0000	0.0000	0.0000	0.0000	0.0000	0.9596	0.0403	0.0001
0.0000	0.0000	0.0000	0.1629	0.0000	0.0000	0.0000	0.0004	0.0000	0.8366	0.0000	0.0000
0.0002	0.0000	0.9920	0.0000	0.0000	0.0000	0.0010	0.0063	0.0000	0.0000	0.0000	0.0006
0.9922	0.0000	0.0000	0.0000	0.0000	0.0061	0.0000	0.0000	0.0000	0.0017	0.0000	0.0000
0.5096	0.0000	0.2321	0.0000	0.0000	0.0000	0.0207	0.2221	0.0000	0.0000	0.0000	0.0155
0.0000	0.0000	0.0000	0.0000	0.0000	0.0000	0.0004	0.9996	0.0000	0.0000	0.0000	0.0000
0.0000	0.0000	0.0000	0.0064	0.0000	0.0000	0.0000	0.0000	0.0000	0.9935	0.0001	0.0000
0.0054	0.0000	0.0018	0.0000	0.0000	0.0374	0.0060	0.0004	0.0000	0.5347	0.0020	0.4123
0.0000	0.0000	0.0000	0.9929	0.0000	0.0000	0.0000	0.0000	0.0000	0.0013	0.0058	0.0000
0.0000	0.0000	0.0000	0.0000	0.0000	0.0000	0.0000	0.0000	0.0000	0.9995	0.0000	0.0005
0.0000	0.0000	0.0000	0.0000	0.0000	0.0000	0.0000	0.0000	0.0000	0.0000	0.0000	1.0000
0.0000	0.0000	0.0245	0.0000	0.0000	0.0000	0.0000	0.0000	0.0000	0.0000	0.0000	0.9755
0.0001	0.0000	0.9919	0.0000	0.0000	0.0040	0.0000	0.0000	0.0040	0.0000	0.0000	0.0000
0.0001	0.0000	0.9874	0.0000	0.0000	0.0069	0.0000	0.0000	0.0056	0.0000	0.0000	0.0000
0.0001	0.0000	0.9915	0.0000	0.0000	0.0008	0.0000	0.0000	0.0075	0.0000	0.0000	0.0000
0.0000	0.0000	0.0000	0.0000	0.0000	0.0000	0.0000	0.0000	0.0000	0.0000	0.0000	1.0000
0.0000	0.0000	0.3062	0.0000	0.0000	0.0000	0.0000	0.0000	0.0000	0.0000	0.0000	0.6938
0.0000	0.0000	1.0000	0.0000	0.0000	0.0000	0.0000	0.0000	0.0000	0.0000	0.0000	0.0000
0.0000	0.0000	0.0000	0.0000	0.0000	0.0000	0.0000	0.0000	0.0000	0.0000	0.0000	1.0000
0.0000	0.0000	0.0000	0.0000	0.0000	0.0000	0.0000	0.0000	0.0000	0.0000	0.0000	1.0000
0.0000	0.0000	0.9940	0.0000	0.0000	0.0000	0.0000	0.0000	0.0000	0.0000	0.0000	0.0060
0.0000	0.0000	0.0000	0.0000	0.0000	0.0000	0.0000	0.0000	0.0000	0.0000	0.0000	1.0000
0.0000	0.0000	0.9990	0.0000	0.0000	0.0000	0.0000	0.0000	0.0000	0.0000	0.0000	0.0010
0.0000	0.0000	0.0078	0.0000	0.0000	0.0000	0.0000	0.0000	0.0001	0.0000	0.0000	0.9921
0.0000	0.0000	0.0003	0.0000	0.0000	0.0000	0.0000	0.0000	0.0000	0.0000	0.0000	0.9997
0.0000	0.0000	0.9994	0.0000	0.0000	0.0000	0.0000	0.0000	0.0006	0.0000	0.0000	0.0000
0.0000	0.0000	0.9993	0.0000	0.0000	0.0001	0.0000	0.0000	0.0006	0.0000	0.0000	0.0000
0.0000	0.0000	0.9998	0.0000	0.0000	0.0000	0.0000	0.0000	0.0001	0.0000	0.0000	0.0000
0.0000	0.0000	0.0001	0.0000	0.0000	0.0000	0.0000	0.0000	0.0000	0.0000	0.0000	0.9999
0.0000	0.0000	0.0000	0.0000	0.0000	0.0000	0.0000	0.0000	0.0000	0.0000	0.0000	1.0000
0.0000	0.0000	0.1938	0.0000	0.0000	0.0000	0.0016	0.0000	0.0000	0.0000	0.0000	0.8046
0.0007	0.0000	0.9181	0.0000	0.0000	0.0000	0.0000	0.0000	0.0000	0.0000	0.0000	0.0813
0.0000	0.0000	0.9999	0.0000	0.0000	0.0000	0.0000	0.0000	0.0001	0.0000	0.0000	0.0000
0.0000	0.0000	0.0000	0.0000	0.0000	0.0000	0.9989	0.0000	0.0011	0.0000	0.0000	0.0000
0.0000	0.0000	0.0000	0.0000	0.0000	0.0000	0.0000	0.0000	1.0000	0.0000	0.0000	0.0000
0.0000	0.0000	0.0003	0.0000	0.0000	0.0000	0.9997	0.0000	0.0000	0.0000	0.0000	0.0000
0.0000	0.0000	0.0000	0.0000	0.0000	0.0000	0.0000	0.0000	1.0000	0.0000	0.0000	0.0000
0.0000	0.0000	0.0000	0.0000	0.0000	0.0000	0.7224	0.0000	0.2776	0.0000	0.0000	0.0000
0.0000	0.0000	0.0000	0.0000	0.0000	0.0000	0.0000	0.0000	1.0000	0.0000	0.0000	0.0000
0.0000	0.0000	0.0000	0.0000	0.0000	0.0000	1.0000	0.0000	0.0000	0.0000	0.0000	0.0000
0.0000	0.0000	0.0000	0.0000	0.0000	0.0000	0.0000	0.0000	1.0000	0.0000	0.0000	0.0000
0.0000	0.0000	0.9833	0.0000	0.0000	0.0002	0.0165	0.0000	0.0000	0.0000	0.0000	0.0000
0.0000	0.0000	0.0537	0.0000	0.0000	0.0000	0.9463	0.0000	0.0000	0.0000	0.0000	0.0000
0.0000	0.0000	0.0004	0.0000	0.0000	0.0000	0.9996	0.0000	0.0000	0.0000	0.0000	0.0000
0.0000	0.0000	0.0000	0.0000	0.0000	0.0000	0.0045	0.0000	0.9955	0.0000	0.0000	0.0000
0.0000	0.0000	0.0015	0.0000	0.0000	0.0000	0.9985	0.0000	0.0000	0.0000	0.0000	0.0000
0.0000	0.0000	0.0000	0.0000	0.0000	0.0000	0.0000	0.0000	1.0000	0.0000	0.0000	0.0000
0.0000	0.0000	0.0000	0.0000	0.0000	0.0000	0.0000	0.0000	1.0000	0.0000	0.0000	0.0000
0.0000	0.0000	0.0039	0.0000	0.0000	0.0000	0.9961	0.0000	0.0000	0.0000	0.0000	0.0000
0.0000	0.0000	0.0000	0.0000	0.0000	0.0000	0.0000	0.0000	1.0000	0.0000	0.0000	0.0000
0.0000	0.0000	0.0000	0.0000	0.0000	0.0000	0.0000	0.0000	1.0000	0.0000	0.0000	0.0000
0.0000	0.0000	0.9453	0.0000	0.0000	0.0000	0.0547	0.0000	0.0000	0.0000	0.0000	0.0000
0.0000	0.0000	0.0001	0.0000	0.0000	0.0000	0.9999	0.0000	0.0000	0.0000	0.0000	0.0000
0.0000	0.0000	0.0000	0.0000	0.0000	0.0000	0.0001	0.0000	0.9999	0.0000	0.0000	0.0000
0.0000	0.0000	0.2644	0.0000	0.0000	0.0000	0.7356	0.0000	0.0001	0.0000	0.0000	0.0000
0.0000	0.0000	0.0165	0.0000	0.0000	0.0000	0.9830	0.0000	0.0006	0.0000	0.0000	0.0000
