0.0007	0.0000	0.0000	0.0000	0.0000	0.0000	0.7622	0.0000	0.0000	0.0000	0.0002	0.2369
0.0000	0.0000	0.0000	0.0000	0.0000	0.0000	0.0000	0.0000	1.0000	0.0000	0.0000	0.0000
0.0000	0.0000	0.5880	0.0000	0.0000	0.0001	0.3021	0.1086	0.0000	0.0000	0.0000	0.0012
0.0000	0.0000	0.0003	0.0000	0.0000	0.0000	0.8065	0.0034	0.0000	0.0000	0.0000	0.1897
0.0316	0.0000	0.0000	0.0000	0.0000	0.0000	0.0000	0.0000	0.9684	0.0000	0.0000	0.0000
0.0000	0.0002	0.2064	0.0000	0.0000	0.0003	0.5231	0.2498	0.0000	0.0000	0.0000	0.0202
0.0000	0.0000	0.0000	0.0000	0.0000	0.0409	0.1065	0.0039	0.0000	0.0106	0.0000	0.8381
0.0000	0.0000	0.0000	0.0000	0.0000	0.0000	0.0000	0.0000	0.0000	0.0000	0.9999	0.0001
0.0000	0.0000	0.0104	0.0000	0.0000	0.9896	0.0000	0.0000	0.0000	0.0000	0.0000	0.0000
0.0000	0.0000	0.0188	0.0000	0.0000	0.0000	0.9786	0.0003	0.0000	0.0000	0.0000	0.0023
0.0000	0.0000	0.9810	0.0000	0.0000	0.0000	0.0189	0.0000	0.0000	0.0000	0.0000	0.0001
0.0000	0.0000	0.0000	0.0000	0.0000	0.0000	0.0000	0.0000	1.0000	0.0000	0.0000	0.0000
0.0000	0.0000	0.0000	0.0000	1.0000	0.0000	0.0000	0.0000	0.0000	0.0000	0.0000	0.0000
0.0000	0.0000	1.0000	0.0000	0.0000	0.0000	0.0000	0.0000	0.0000	0.0000	0.0000	0.0000
0.9984	0.0000	0.0000	0.0000	0.0000	0.0000	0.0000	0.0000	0.0016	0.0000	0.0000	0.0000
0.0001	0.0000	0.0000	0.0000	0.0000	0.0000	0.0000	0.0000	0.9998	0.0001	0.0000	0.0000
0.0000	0.0000	0.0000	0.0000	0.0000	0.0000	0.0000	0.0000	0.9998	0.0001	0.0000	0.0000
0.0000	0.0000	0.0000	0.0000	0.0000	0.0000	0.0000	0.0000	0.0000	0.9627	0.0020	0.0353
0.0000	0.0000	0.0010	0.0000	0.0000	0.0000	0.4027	0.0605	0.0000	0.0003	0.0000	0.5355
0.8085	0.0898	0.0002	0.0000	0.0000	0.0939	0.0008	0.0001	0.0000	0.0000	0.0000	0.0066
0.0000	0.0000	0.0000	0.0000	0.0000	0.0013	0.8805	0.0001	0.0000	0.0001	0.0000	0.1181
0.0000	0.0000	0.0000	0.0000	0.0000	0.0000	0.0000	0.0000	1.0000	0.0000	0.0000	0.0000
0.0000	0.0000	0.0000	0.0000	0.0000	0.0000	0.0007	0.9993	0.0000	0.0000	0.0000	0.0000
0.0000	0.0000	0.0000	0.0003	0.0000	0.0000	0.0000	0.0000	0.0005	0.9993	0.0000	0.0000
0.0000	0.0000	0.0000	0.0000	0.0000	0.0000	0.0000	0.0000	1.0000	0.0000	0.0000	0.0000
0.0000	0.0000	0.0000	0.0000	0.0000	0.0000	0.0000	0.0000	0.0000	0.0000	1.0000	0.0000
0.0000	0.5352	0.3511	0.0000	0.0000	0.0000	0.0767	0.0006	0.0000	0.0000	0.0000	0.0364
0.0000	0.0009	0.9989	0.0000	0.0000	0.0002	0.0000	0.0000	0.0000	0.0000	0.0000	0.0000
0.0000	0.0000	0.9990	0.0000	0.0000	0.0010	0.0000	0.0000	0.0000	0.0000	0.0000	0.0000
0.0000	0.0000	0.0420	0.0000	0.0000	0.0000	0.9579	0.0000	0.0000	0.0000	0.0000	0.0001
1.0000	0.0000	0.0000	0.0000	0.0000	0.0000	0.0000	0.0000	0.0000	0.0000	0.0000	0.0000
0.9998	0.0000	0.0000	0.0000	0.0000	0.0000	0.0000	0.0000	0.0001	0.0001	0.0000	0.0000
0.0013	0.0000	0.0000	0.0000	0.0000	0.0000	0.0000	0.0000	0.9985	0.0002	0.0000	0.0000
0.9997	0.0000	0.0000	0.0000	0.0000	0.0000	0.0000	0.0000	0.0000	0.0000	0.0003	0.0000
0.0000	0.1027	0.8491	0.0000	0.0000	0.0472	0.0002	0.0007	0.0000	0.0000	0.0000	0.0000
0.0000	0.1380	0.8565	0.0000	0.0000	0.0048	0.0001	0.0006	0.0000	0.0000	0.0000	0.0000
0.0000	0.6304	0.0000	0.0000	0.0000	0.0062	0.0283	0.3305	0.0000	0.0000	0.0000	0.0045
1.0000	0.0000	0.0000	0.0000	0.0000	0.0000	0.0000	0.0000	0.0000	0.0000	0.0000	0.0000
1.0000	0.0000	0.0000	0.0000	0.0000	0.0000	0.0000	0.0000	0.0000	0.0000	0.0000	0.0000
0.0000	0.0000	0.0006	0.0000	0.0000	0.9930	0.0000	0.0000	0.0000	0.0064	0.0000	0.0000
0.0000	0.0000	0.0000	0.0000	0.0000	0.5279	0.0000	0.0000	0.0000	0.4719	0.0000	0.0002
0.0000	0.1046	0.4824	0.0000	0.0000	0.4075	0.0054	0.0000	0.0000	0.0000	0.0000	0.0001
0.0000	0.0000	0.0000	0.0000	0.0000	0.0000	0.0000	1.0000	0.0000	0.0000	0.0000	0.0000
0.0007	0.0002	0.0000	0.0000	0.0000	0.6750	0.3204	0.0001	0.0000	0.0001	0.0000	0.0033
0.0000	0.0000	0.0000	0.0000	0.0000	0.0000	0.0000	0.0000	0.0000	0.0000	1.0000	0.0000
0.0000	0.0007	0.1344	0.0000	0.0000	0.2153	0.6193	0.0030	0.0000	0.0000	0.0000	0.0272
0.0000	0.0000	0.9714	0.0000	0.0000	0.0253	0.0008	0.0000	0.0000	0.0000	0.0000	0.0025
0.6735	0.0000	0.0012	0.0000	0.0000	0.0000	0.1170	0.0000	0.0000	0.0451	0.0040	0.1594
0.0000	0.0000	0.0093	0.0000	0.0000	0.0000	0.2580	0.0017	0.0000	0.0005	0.0000	0.7305
0.0000	0.0000	0.0000	0.0000	0.0000	0.0000	0.0000	0.0000	1.0000	0.0000	0.0000	0.0000
0.0000	0.0780	0.0007	0.0000	0.0000	0.0135	0.3372	0.5673	0.0000	0.0007	0.0000	0.0026
0.0000	0.0000	0.0000	0.0000	0.0000	0.0000	0.8835	0.0024	0.0000	0.0000	0.0000	0.1141
0.0154	0.0000	0.0000	0.0000	0.0000	0.0000	0.3302	0.0235	0.0000	0.6138	0.0002	0.0170
0.0000	0.0000	0.0000	0.0000	0.0000	0.0000	0.0000	0.0000	0.0000	0.0000	1.0000	0.0000
0.0000	0.0000	0.0027	0.0000	0.0000	0.1131	0.7611	0.0066	0.0000	0.0003	0.0000	0.1161
0.0000	0.0001	0.0006	0.0000	0.0000	0.0009	0.9878	0.0060	0.0000	0.0002	0.0000	0.0042
0.0187	0.0000	0.0000	0.0000	0.0000	0.0000	0.0000	0.0000	0.9813	0.0000	0.0000	0.0000
0.0000	0.0479	0.9139	0.0000	0.0000	0.0379	0.0001	0.0002	0.0000	0.0000	0.0000	0.0000
0.0000	0.0000	0.0002	0.0000	0.0000	0.0001	0.2592	0.7380	0.0000	0.0000	0.0000	0.0026
0.0000	0.0000	0.0000	0.0000	1.0000	0.0000	0.0000	0.0000	0.0000	0.0000	0.0000	0.0000
0.0000	0.0000	0.0002	0.0000	0.0000	0.9998	0.0000	0.0000	0.0000	0.0000	0.0000	0.0000
0.0000	0.0000	0.0000	0.0000	0.0000	0.0000	0.9767	0.0232	0.0000	0.0000	0.0001	0.0000
0.0000	0.0000	0.0000	0.0000	0.0000	0.0000	0.1645	0.8339	0.0000	0.0000	0.0000	0.0016
0.0000	0.0000	1.0000	0.0000	0.0000	0.0000	0.0000	0.0000	0.0000	0.0000	0.0000	0.0000
0.0000	0.0000	0.0000	0.0000	0.0000	0.0000	0.0000	0.0000	0.0000	0.0000	0.0001	0.9999
0.0000	0.0000	0.9315	0.0000	0.0000	0.0053	0.0558	0.0039	0.0000	0.0000	0.0000	0.0035
0.0000	0.0000	0.0000	0.0000	0.0000	0.0000	0.0000	0.0000	0.0000	1.0000	0.0000	0.0000
0.0000	0.0000	0.0000	0.0000	0.0000	0.9999	0.0000	0.0000	0.0000	0.0001	0.0000	0.0000
0.0000	0.0000	0.0004	0.0000	0.0000	0.0000	0.5527	0.0321	0.0000	0.0002	0.0000	0.4146
0.0000	0.0000	0.0000	0.0000	0.0000	0.0000	0.1163	0.0000	0.0000	0.0000	0.0000	0.8837
0.0000	0.0000	0.0000	0.0000	0.0000	0.0000	0.0000	0.0000	1.0000	0.0000	0.0000	0.0000
0.0000	0.0000	0.0001	0.0181	0.0000	0.0000	0.0000	0.0000	0.0000	0.9495	0.0323	0.0000
0.0000	0.0000	0.0001	0.0000	0.0000	0.0000	0.4010	0.0000	0.1162	0.0000	0.0000	0.4827
0.0001	0.0000	0.0007	0.0000	0.0000	0.0028	0.8891	0.0004	0.0000	0.0000	0.0000	0.1069
0.0000	0.0000	0.0000	0.0000	0.0000	0.0000	0.0003	0.0000	0.0000	0.0000	0.0000	0.9997
1.0000	0.0000	0.0000	0.0000	0.0000	0.0000	0.0000	0.0000	0.0000	0.0000	0.0000	0.0000
0.0000	0.0000	0.0000	0.0000	0.0000	0.0000	0.0322	0.9535	0.0000	0.0000	0.0000	0.0143
0.0000	0.0000	0.0000	0.0000	0.0000	0.0000	0.0000	0.0000	0.0000	0.9876	0.0124	0.0000
0.0000	0.0000	0.0000	0.0000	0.0000	0.0000	0.0000	0.0000	0.0000	1.0000	0.0000	0.0000
0.0000	0.0000	0.9998	0.0000	0.0000	0.0000	0.0000	0.0002	0.0000	0.0000	0.0000	0.0000
0.9939	0.0000	0.0000	0.0000	0.0000	0.0053	0.0000	0.0000	0.0000	0.0008	0.0000	0.0000
0.0073	0.0000	0.9257	0.0000	0.0000	0.0000	0.0540	0.0123	0.0000	0.0000	0.0000	0.0007
0.0000	0.0000	0.0000	0.0000	0.0000	0.0000	0.0000	1.0000	0.0000	0.0000	0.0000	0.0000
0.0000	0.0000	0.0000	0.0000	0.0000	0.0000	0.0000	0.0000	0.0000	0.9996	0.0004	0.0000
0.0002	0.0000	0.0009	0.0000	0.0000	0.9626	0.0001	0.0000	0.0000	0.0309	0.0000	0.0053
0.0000	0.0000	0.0000	0.0000	0.0000	0.3980	0.0000	0.0000	0.0000	0.0221	0.5798	0.0000
0.0000	0.0000	0.0000	0.0000	0.0000	0.0000	0.0000	0.0000	0.0000	0.9999	0.0000	0.0000
0.0000	0.0000	0.0000	0.0000	0.0000	0.0000	0.0000	0.0000	0.0000	0.0000	0.0000	1.0000
0.0000	0.0000	0.0006	0.0000	0.0000	0.0003	0.0000	0.0000	0.0000	0.0000	0.0000	0.9991
0.0000	0.0000	0.9988	0.0000	0.0000	0.0012	0.0000	0.0000	0.0000	0.0000	0.0000	0.0000
0.0000	0.0000	0.9988	0.0000	0.0000	0.0012	0.0000	0.0000	0.0000	0.0000	0.0000	0.0000
0.0000	0.0000	0.9996	0.0000	0.0000	0.0004	0.0000	0.0000	0.0000	0.0000	0.0000	0.0000
0.0000	0.0000	0.0000	0.0000	0.0000	0.0000	0.0000	0.0000	0.0000	0.0000	0.0000	1.0000
0.0000	0.0000	0.8213	0.0000	0.0000	0.0000	0.0001	0.0000	0.0000	0.0000	0.0000	0.1786
0.0000	0.0000	1.0000	0.0000	0.0000	0.0000	0.0000	0.0000	0.0000	0.0000	0.0000	0.0000
0.0000	0.0000	0.0000	0.0000	0.0000	0.0000	0.0000	0.0000	0.0000	0.0000	0.0000	1.0000
0.0000	0.0000	0.0000	0.0000	0.0000	0.0000	0.0000	0.0000	0.0000	0.0000	0.0000	1.0000
0.0000	0.0000	0.9995	0.0000	0.0000	0.0000	0.0000	0.0000	0.0000	0.0000	0.0000	0.0005
0.0000	0.0000	0.0000	0.0000	0.0000	0.0000	0.0000	0.0000	0.0000	0.0000	0.0000	1.0000
0.0000	0.0000	0.9999	0.0000	0.0000	0.0000	0.0000	0.0000	0.0000	0.0000	0.0000	0.0001
0.0000	0.0000	0.0000	0.0000	0.0000	0.0000	0.0000	0.0000	0.0000	0.0000	0.0000	1.0000
0.0000	0.0000	0.0000	0.0000	0.0000	0.0000	0.0000	0.0000	0.0000	0.0000	0.0000	1.0000
0.0000	0.0000	0.9998	0.0000	0.0000	0.0001	0.0000	0.0000	0.0000	0.0000	0.0000	0.0000
0.0000	0.0000	0.9998	0.0000	0.0000	0.0002	0.0000	0.0000	0.0000	0.0000	0.0000	0.0000
0.0000	0.0000	1.0000	0.0000	0.0000	0.0000	0.0000	0.0000	0.0000	0.0000	0.0000	0.0000
0.0000	0.0000	0.0001	0.0000	0.0000	0.0000	0.0000	0.0000	0.0000	0.0000	0.0000	0.9999
0.0000	0.0000	0.0001	0.0000	0.0000	0.0000	0.0000	0.0000	0.0000	0.0000	0.0000	0.9999
0.0000	0.0000	0.0256	0.0000	0.0000	0.0000	0.1007	0.0000	0.0000	0.0000	0.0000	0.8737
0.0000	0.0000	0.9986	0.0000	0.0000	0.0000	0.0000	0.0000	0.0000	0.0000	0.0000	0.0013
0.0000	0.0000	1.0000	0.0000	0.0000	0.0000	0.0000	0.0000	0.0000	0.0000	0.0000	0.0000
0.0000	0.0000	0.0000	0.0000	0.0000	0.0000	1.0000	0.0000	0.0000	0.0000	0.0000	0.0000
0.0000	0.0000	0.0000	0.0000	0.0000	0.0000	0.0000	0.0000	1.0000	0.0000	0.0000	0.0000
0.0000	0.0000	0.0001	0.0000	0.0000	0.0000	0.9999	0.0000	0.0000	0.0000	0.0000	0.0000
0.0000	0.0000	0.0000	0.0000	0.0000	0.0000	0.0000	0.0000	1.0000	0.0000	0.0000	0.0000
0.0000	0.0000	0.0000	0.0000	0.0000	0.0000	0.9881	0.0000	0.0119	0.0000	0.0000	0.0000
0.0000	0.0000	0.0000	0.0000	0.0000	0.0000	0.0000	0.0000	1.0000	0.0000	0.0000	0.0000
0.0000	0.0000	0.0000	0.0000	0.0000	0.0000	1.0000	0.0000	0.0000	0.0000	0.0000	0.0000
0.0000	0.0000	0.0000	0.0000	0.0000	0.0000	0.0000	0.0000	1.0000	0.0000	0.0000	0.0000
0.0000	0.0000	0.9949	0.0000	0.0000	0.0000	0.0050	0.0000	0.0000	0.0000	0.0000	0.0000
0.0000	0.0000	0.0833	0.0000	0.0000	0.0000	0.9167	0.0000	0.0000	0.0000	0.0000	0.0000
0.0000	0.0000	0.0003	0.0000	0.0000	0.0000	0.9997	0.0000	0.0000	0.0000	0.0000	0.0000
0.0000	0.0000	0.0000	0.0000	0.0000	0.0000	0.0251	0.0000	0.9749	0.0000	0.0000	0.0000
0.0000	0.0000	0.0171	0.0000	0.0000	0.0000	0.9829	0.0000	0.0000	0.0000	0.0000	0.0000
0.0000	0.0000	0.0000	0.0000	0.0000	0.0000	0.0000	0.0000	1.0000	0.0000	0.0000	0.0000
0.0000	0.0000	0.0000	0.0000	0.0000	0.0000	0.0000	0.0000	1.0000	0.0000	0.0000	0.0000
0.0000	0.0000	0.0014	0.0000	0.0000	0.0000	0.9986	0.0000	0.0000	0.0000	0.0000	0.0000
0.0000	0.0000	0.0000	0.0000	0.0000	0.0000	0.0000	0.0000	1.0000	0.0000	0.0000	0.0000
0.0000	0.0000	0.0000	0.0000	0.0000	0.0000	0.0000	0.0000	1.0000	0.0000	0.0000	0.0000
0.0000	0.0000	0.9887	0.0000	0.0000	0.0000	0.0113	0.0000	0.0000	0.0000	0.0000	0.0000
0.0000	0.0000	0.0001	0.0000	0.0000	0.0000	0.9999	0.0000	0.0000	0.0000	0.0000	0.0000
0.0000	0.0000	0.0000	0.0000	0.0000	0.0000	0.0000	0.0000	1.0000	0.0000	0.0000	0.0000
0.0000	0.0000	0.9967	0.0000	0.0000	0.0000	0.0033	0.0000	0.0000	0.0000	0.0000	0.0000
0.0000	0.0000	0.1339	0.0000	0.0000	0.0266	0.8395	0.0000	0.0000	0.0000	0.0000	0.0000
