0.0128	0.0002	0.0001	0.0000	0.0000	0.0000	0.6466	0.0042	0.0000	0.0112	0.0021	0.3228
0.0000	0.0000	0.0000	0.0000	0.0000	0.0000	0.0000	0.0000	1.0000	0.0000	0.0000	0.0000
0.0000	0.0369	0.6445	0.0000	0.0000	0.0040	0.1950	0.1134	0.0000	0.0000	0.0000	0.0062
0.0001	0.0002	0.0217	0.0000	0.0000	0.0019	0.7010	0.0248	0.0000	0.0022	0.0001	0.2480
0.5352	0.0000	0.0000	0.0000	0.0000	0.0000	0.0000	0.0000	0.4648	0.0000	0.0000	0.0000
0.0000	0.0138	0.7359	0.0000	0.0000	0.0038	0.1460	0.0914	0.0000	0.0000	0.0000	0.0091
0.0000	0.0000	0.0000	0.0000	0.0282	0.0030	0.2997	0.0137	0.0000	0.2290	0.0000	0.4264
0.1064	0.0000	0.0000	0.0000	0.0000	0.0000	0.0000	0.0000	0.0000	0.0002	0.8689	0.0245
0.0000	0.0205	0.4944	0.0000	0.0000	0.4815	0.0022	0.0004	0.0000	0.0000	0.0000	0.0010
0.0000	0.0002	0.2499	0.0000	0.0000	0.0026	0.6565	0.0244	0.0000	0.0002	0.0000	0.0662
0.0000	0.0011	0.9333	0.0000	0.0000	0.0013	0.0538	0.0017	0.0000	0.0000	0.0000	0.0088
0.0000	0.0000	0.0000	0.0000	0.0000	0.0000	0.0000	0.0000	1.0000	0.0000	0.0000	0.0000
0.0000	0.0000	0.0000	0.0000	1.0000	0.0000	0.0000	0.0000	0.0000	0.0000	0.0000	0.0000
0.0000	0.0000	1.0000	0.0000	0.0000	0.0000	0.0000	0.0000	0.0000	0.0000	0.0000	0.0000
0.9454	0.0000	0.0000	0.0000	0.0000	0.0000	0.0000	0.0000	0.0545	0.0001	0.0000	0.0000
0.0055	0.0000	0.0000	0.0000	0.0000	0.0241	0.0000	0.0000	0.9418	0.0286	0.0000	0.0000
0.0033	0.0000	0.0000	0.0000	0.0000	0.0004	0.0000	0.0000	0.9812	0.0152	0.0000	0.0000
0.0000	0.0000	0.0000	0.0000	0.0000	0.0000	0.0001	0.0002	0.0000	0.4231	0.0122	0.5643
0.0000	0.0000	0.0246	0.0000	0.0000	0.0000	0.6199	0.0370	0.0000	0.0022	0.0001	0.3162
0.5906	0.1481	0.0051	0.0000	0.0000	0.2001	0.0005	0.0001	0.0000	0.0000	0.0000	0.0554
0.0001	0.0000	0.0001	0.0000	0.0000	0.0130	0.1385	0.0011	0.0000	0.0021	0.0000	0.8451
0.0000	0.0000	0.0000	0.0000	0.0000	0.0000	0.0000	0.0000	1.0000	0.0000	0.0000	0.0000
0.0000	0.0000	0.0000	0.0000	0.0000	0.0000	0.0045	0.9953	0.0000	0.0000	0.0000	0.0001
0.0001	0.0000	0.0000	0.8610	0.0000	0.0002	0.0001	0.0000	0.0065	0.1272	0.0034	0.0015
0.0001	0.0000	0.0000	0.0400	0.0000	0.0650	0.0000	0.0000	0.8949	0.0000	0.0000	0.0000
0.0000	0.0000	0.0000	0.0000	0.0000	0.0000	0.0000	0.0000	0.0000	0.0000	1.0000	0.0000
0.0000	0.9713	0.0022	0.0000	0.0000	0.0000	0.0114	0.0008	0.0000	0.0000	0.0000	0.0143
0.0000	0.0371	0.9609	0.0000	0.0000	0.0019	0.0001	0.0000	0.0000	0.0000	0.0000	0.0001
0.0000	0.0000	0.9935	0.0000	0.0000	0.0064	0.0000	0.0000	0.0000	0.0000	0.0000	0.0001
0.0000	0.0000	0.0000	0.0023	0.0000	0.0000	0.9637	0.0083	0.0105	0.0125	0.0000	0.0028
0.9995	0.0000	0.0000	0.0000	0.0000	0.0000	0.0000	0.0000	0.0005	0.0000	0.0000	0.0000
0.9903	0.0000	0.0000	0.0000	0.0000	0.0000	0.0000	0.0000	0.0020	0.0077	0.0000	0.0000
0.0214	0.0000	0.0000	0.0000	0.0000	0.0000	0.0000	0.0000	0.9760	0.0027	0.0000	0.0000
0.9891	0.0000	0.0000	0.0000	0.0000	0.0000	0.0000	0.0000	0.0090	0.0017	0.0001	0.0000
0.0000	0.2348	0.7566	0.0000	0.0000	0.0079	0.0002	0.0005	0.0000	0.0000	0.0000	0.0000
0.0000	0.3556	0.6416	0.0000	0.0000	0.0022	0.0001	0.0004	0.0000	0.0000	0.0000	0.0000
0.0000	0.8047	0.0307	0.0000	0.0000	0.0536	0.0226	0.0786	0.0000	0.0001	0.0000	0.0097
0.9943	0.0000	0.0000	0.0001	0.0000	0.0000	0.0000	0.0000	0.0000	0.0057	0.0000	0.0000
0.9951	0.0000	0.0000	0.0000	0.0000	0.0000	0.0000	0.0000	0.0000	0.0048	0.0000	0.0000
0.0101	0.0000	0.0518	0.0000	0.0000	0.8114	0.0022	0.0087	0.0000	0.1027	0.0011	0.0120
0.0365	0.0000	0.0012	0.0000	0.0000	0.3171	0.0000	0.0000	0.0000	0.6319	0.0018	0.0115
0.0000	0.7033	0.2742	0.0000	0.0000	0.0198	0.0021	0.0005	0.0000	0.0000	0.0000	0.0001
0.0000	0.0000	0.0000	0.0000	0.0000	0.0000	0.0000	1.0000	0.0000	0.0000	0.0000	0.0000
0.1292	0.0088	0.0020	0.0000	0.0000	0.0892	0.6543	0.0265	0.0000	0.0048	0.0001	0.0849
0.0000	0.0000	0.0000	0.0000	0.0000	0.0000	0.0000	0.0000	0.0000	0.0000	1.0000	0.0000
0.0007	0.0343	0.1681	0.0000	0.0000	0.0588	0.6188	0.0520	0.0000	0.0001	0.0000	0.0672
0.0038	0.0127	0.7785	0.0000	0.0000	0.0499	0.1133	0.0139	0.0000	0.0014	0.0000	0.0265
0.9935	0.0000	0.0000	0.0000	0.0000	0.0000	0.0013	0.0000	0.0000	0.0021	0.0001	0.0030
0.0023	0.0000	0.0128	0.0000	0.0000	0.0000	0.3968	0.0815	0.0000	0.0233	0.0001	0.4832
0.0000	0.0000	0.0000	0.0000	0.0000	0.0000	0.0000	0.0000	1.0000	0.0000	0.0000	0.0000
0.0003	0.5326	0.0156	0.0000	0.0000	0.0037	0.0708	0.3698	0.0000	0.0015	0.0000	0.0056
0.0000	0.0000	0.0019	0.0000	0.0000	0.0016	0.7974	0.0621	0.0000	0.0003	0.0003	0.1365
0.0865	0.0003	0.0002	0.0000	0.0000	0.0000	0.2783	0.1040	0.0000	0.4561	0.0016	0.0731
0.0000	0.0000	0.0000	0.0000	0.0000	0.0000	0.0000	0.0000	0.0000	0.0004	0.9996	0.0000
0.0011	0.0490	0.0753	0.0000	0.0000	0.0051	0.4818	0.0925	0.0000	0.0034	0.0004	0.2912
0.0107	0.5310	0.0123	0.0000	0.0000	0.0000	0.2442	0.1672	0.0000	0.0058	0.0000	0.0287
0.3099	0.0000	0.0000	0.0000	0.0000	0.0000	0.0000	0.0000	0.6900	0.0000	0.0000	0.0000
0.0000	0.2121	0.7793	0.0000	0.0000	0.0080	0.0002	0.0004	0.0000	0.0000	0.0000	0.0000
0.0001	0.0000	0.8053	0.0000	0.0000	0.0001	0.0871	0.1013	0.0000	0.0001	0.0000	0.0059
0.0000	0.0000	0.0000	0.0000	1.0000	0.0000	0.0000	0.0000	0.0000	0.0000	0.0000	0.0000
0.0000	0.0011	0.1130	0.0000	0.0000	0.8849	0.0008	0.0000	0.0000	0.0000	0.0000	0.0003
0.0006	0.0000	0.0017	0.0000	0.0000	0.0000	0.8830	0.1143	0.0000	0.0001	0.0001	0.0003
0.0008	0.0000	0.0000	0.0000	0.0000	0.0000	0.8373	0.0890	0.0000	0.0000	0.0713	0.0017
0.0000	0.0000	1.0000	0.0000	0.0000	0.0000	0.0000	0.0000	0.0000	0.0000	0.0000	0.0000
0.0000	0.0000	0.0000	0.0000	0.0000	0.0000	0.0009	0.0000	0.0000	0.0001	0.0006	0.9984
0.0000	0.0024	0.8803	0.0000	0.0000	0.0022	0.0917	0.0136	0.0000	0.0000	0.0000	0.0098
0.0000	0.0000	0.0000	0.0000	0.0000	0.0000	0.0000	0.0002	0.0001	0.9971	0.0006	0.0021
0.0001	0.0028	0.0000	0.0000	0.0000	0.9941	0.0000	0.0004	0.0000	0.0026	0.0000	0.0000
0.0000	0.0000	0.0047	0.0000	0.0000	0.0000	0.5676	0.0235	0.0000	0.0013	0.0001	0.4028
0.0000	0.0000	0.0011	0.0000	0.0000	0.0037	0.2251	0.0012	0.0000	0.0001	0.0000	0.7688
0.0000	0.0000	0.0000	0.0000	0.0000	0.0000	0.0000	0.0000	0.9999	0.0000	0.0000	0.0001
0.0001	0.0000	0.0003	0.7009	0.0000	0.0008	0.0005	0.0000	0.1541	0.1383	0.0051	0.0000
0.0048	0.0000	0.0053	0.0000	0.0000	0.0127	0.0314	0.0000	0.0275	0.0000	0.0001	0.9182
0.0028	0.0009	0.0130	0.0000	0.0000	0.0274	0.0835	0.0020	0.0000	0.0000	0.0000	0.8704
0.0000	0.0000	0.0000	0.0000	0.0000	0.0000	0.2902	0.0001	0.0000	0.0001	0.0004	0.7091
0.9227	0.0000	0.0000	0.0000	0.0000	0.0000	0.0000	0.0000	0.0756	0.0017	0.0000	0.0000
0.0000	0.0000	0.0068	0.0000	0.0000	0.0000	0.3194	0.6210	0.0000	0.0002	0.0000	0.0526
0.0000	0.0000	0.0000	0.0010	0.0000	0.0000	0.0000	0.0000	0.0000	0.8881	0.1098	0.0010
0.0000	0.0000	0.0000	0.0007	0.0000	0.0000	0.0000	0.0000	0.0000	0.9992	0.0002	0.0000
0.0000	0.0000	0.9982	0.0000	0.0000	0.0000	0.0004	0.0013	0.0000	0.0000	0.0000	0.0001
0.8565	0.0000	0.0000	0.0000	0.0000	0.0378	0.0000	0.0000	0.0000	0.1056	0.0000	0.0000
0.0302	0.0000	0.8030	0.0000	0.0000	0.0000	0.0653	0.0901	0.0000	0.0000	0.0000	0.0114
0.0000	0.0000	0.0000	0.0000	0.0000	0.0000	0.0011	0.9967	0.0000	0.0000	0.0000	0.0022
0.0001	0.0000	0.0000	0.1996	0.0000	0.0000	0.0000	0.0000	0.0000	0.7995	0.0008	0.0000
0.0145	0.0000	0.0518	0.0000	0.0000	0.6020	0.0070	0.0010	0.0000	0.1956	0.0006	0.1274
0.0084	0.0000	0.0000	0.0009	0.0000	0.1248	0.0000	0.0000	0.0000	0.8012	0.0647	0.0000
0.0005	0.0000	0.0000	0.0000	0.0000	0.0000	0.0000	0.0000	0.0000	0.9982	0.0002	0.0011
0.0000	0.0000	0.0000	0.0000	0.0000	0.0000	0.0000	0.0000	0.0000	0.0000	0.0000	1.0000
0.0000	0.0000	0.0210	0.0000	0.0000	0.0134	0.0000	0.0000	0.0000	0.0000	0.0000	0.9656
0.0001	0.0000	0.9913	0.0000	0.0000	0.0085	0.0000	0.0000	0.0001	0.0000	0.0000	0.0000
0.0001	0.0000	0.9921	0.0000	0.0000	0.0077	0.0000	0.0000	0.0001	0.0000	0.0000	0.0000
0.0001	0.0000	0.9938	0.0000	0.0000	0.0060	0.0000	0.0000	0.0001	0.0000	0.0000	0.0000
0.0000	0.0000	0.0019	0.0000	0.0000	0.0000	0.0005	0.0000	0.0000	0.0000	0.0000	0.9977
0.0001	0.0000	0.6202	0.0000	0.0000	0.0000	0.0000	0.0000	0.0000	0.0000	0.0000	0.3797
0.0000	0.0000	0.9999	0.0000	0.0000	0.0000	0.0000	0.0000	0.0000	0.0000	0.0000	0.0001
0.0000	0.0000	0.0005	0.0000	0.0000	0.0000	0.0001	0.0000	0.0000	0.0000	0.0000	0.9994
0.0000	0.0000	0.0058	0.0000	0.0000	0.0000	0.0004	0.0000	0.0000	0.0000	0.0002	0.9937
0.0000	0.0000	0.9955	0.0000	0.0000	0.0037	0.0000	0.0000	0.0000	0.0000	0.0000	0.0007
0.0000	0.0000	0.0002	0.0000	0.0000	0.0002	0.0000	0.0000	0.0000	0.0000	0.0000	0.9996
0.0000	0.0000	0.9944	0.0000	0.0000	0.0022	0.0000	0.0000	0.0000	0.0000	0.0000	0.0033
0.0000	0.0000	0.0098	0.0000	0.0000	0.1113	0.0000	0.0000	0.0010	0.0000	0.0000	0.8779
0.0000	0.0000	0.0016	0.0000	0.0000	0.0129	0.0000	0.0000	0.0002	0.0000	0.0000	0.9853
0.0001	0.0000	0.9956	0.0000	0.0000	0.0043	0.0000	0.0000	0.0000	0.0000	0.0000	0.0001
0.0001	0.0000	0.9915	0.0000	0.0000	0.0082	0.0000	0.0000	0.0001	0.0000	0.0000	0.0001
0.0001	0.0000	0.9951	0.0000	0.0000	0.0047	0.0000	0.0000	0.0000	0.0000	0.0000	0.0001
0.0000	0.0000	0.0000	0.0000	0.0000	0.0000	0.0000	0.0000	0.0000	0.0000	0.0000	1.0000
0.0000	0.0000	0.0007	0.0000	0.0000	0.0000	0.0029	0.0000	0.0000	0.0000	0.0000	0.9964
0.0000	0.0000	0.2092	0.0000	0.0000	0.0000	0.0034	0.0000	0.0000	0.0000	0.0000	0.7874
0.0000	0.0000	0.9969	0.0000	0.0000	0.0015	0.0000	0.0000	0.0000	0.0000	0.0000	0.0015
0.0001	0.0000	0.9989	0.0000	0.0000	0.0009	0.0000	0.0000	0.0000	0.0000	0.0000	0.0000
0.0000	0.0000	0.0027	0.0000	0.0000	0.0001	0.9972	0.0000	0.0000	0.0000	0.0000	0.0000
0.0000	0.0000	0.0000	0.0000	0.0000	0.0000	0.0000	0.0000	1.0000	0.0000	0.0000	0.0000
0.0000	0.0000	0.0347	0.0000	0.0000	0.0000	0.9653	0.0000	0.0000	0.0000	0.0000	0.0000
0.0000	0.0000	0.0000	0.0000	0.0000	0.0000	0.0000	0.0000	1.0000	0.0000	0.0000	0.0000
0.0000	0.0000	0.0000	0.0000	0.0000	0.0000	1.0000	0.0000	0.0000	0.0000	0.0000	0.0000
0.0000	0.0000	0.0000	0.0000	0.0000	0.0000	0.0000	0.0000	1.0000	0.0000	0.0000	0.0000
0.0000	0.0000	0.0000	0.0000	0.0000	0.0000	0.9999	0.0000	0.0000	0.0000	0.0000	0.0001
0.0000	0.0000	0.0000	0.0000	0.0000	0.0000	0.0000	0.0000	1.0000	0.0000	0.0000	0.0000
0.0000	0.0000	0.9790	0.0000	0.0000	0.0002	0.0208	0.0000	0.0000	0.0000	0.0000	0.0000
0.0000	0.0000	0.3749	0.0000	0.0000	0.0000	0.6250	0.0000	0.0000	0.0000	0.0000	0.0000
0.0000	0.0000	0.0092	0.0000	0.0000	0.0000	0.9908	0.0000	0.0000	0.0000	0.0000	0.0000
0.0000	0.0000	0.0000	0.0000	0.0000	0.0000	0.0435	0.0000	0.9565	0.0000	0.0000	0.0000
0.0000	0.0000	0.0346	0.0000	0.0000	0.0000	0.9654	0.0000	0.0000	0.0000	0.0000	0.0000
0.0000	0.0000	0.0000	0.0000	0.0000	0.0000	0.0000	0.0000	1.0000	0.0000	0.0000	0.0000
0.0000	0.0000	0.0000	0.0000	0.0000	0.0000	0.0000	0.0000	1.0000	0.0000	0.0000	0.0000
0.0000	0.0000	0.0268	0.0000	0.0000	0.0000	0.9732	0.0000	0.0000	0.0000	0.0000	0.0000
0.0000	0.0000	0.0000	0.0000	0.0000	0.0000	0.0000	0.0000	1.0000	0.0000	0.0000	0.0000
0.0000	0.0000	0.0000	0.0000	0.0000	0.0000	0.0000	0.0000	1.0000	0.0000	0.0000	0.0000
0.0000	0.0000	0.8449	0.0000	0.0000	0.0000	0.1551	0.0000	0.0000	0.0000	0.0000	0.0000
0.0000	0.0000	0.0007	0.0000	0.0000	0.0000	0.9993	0.0000	0.0000	0.0000	0.0000	0.0000
0.0000	0.0000	0.0000	0.0000	0.0000	0.0000	0.0000	0.0000	1.0000	0.0000	0.0000	0.0000
0.0000	0.0000	0.1241	0.0000	0.0000	0.0002	0.8757	0.0000	0.0000	0.0000	0.0000	0.0000
0.0000	0.0000	0.0423	0.0000	0.0000	0.0037	0.9540	0.0000	0.0000	0.0000	0.0000	0.0000
