0.0025	0.0000	0.0000	0.0000	0.0000	0.0000	0.0700	0.0001	0.0000	0.0007	0.0002	0.9265
0.0000	0.0000	0.0000	0.0000	0.0000	0.0000	0.0000	0.0000	1.0000	0.0000	0.0000	0.0000
0.0000	0.0000	0.7266	0.0000	0.0000	0.0000	0.2491	0.0177	0.0000	0.0000	0.0000	0.0065
0.0000	0.0000	0.0001	0.0000	0.0000	0.0000	0.0844	0.0009	0.0000	0.0000	0.0000	0.9145
0.0364	0.0000	0.0000	0.0000	0.0000	0.0000	0.0000	0.0000	0.9636	0.0000	0.0000	0.0000
0.0000	0.0012	0.4802	0.0000	0.0000	0.0000	0.1830	0.2008	0.0000	0.0000	0.0000	0.1348
0.0000	0.0000	0.0000	0.0000	0.0010	0.0200	0.0851	0.0001	0.0000	0.0026	0.0000	0.8912
0.0051	0.0000	0.0000	0.0000	0.0000	0.0000	0.0000	0.0000	0.0000	0.0000	0.9944	0.0005
0.0000	0.0036	0.8935	0.0000	0.0000	0.1025	0.0004	0.0000	0.0000	0.0000	0.0000	0.0001
0.0000	0.0000	0.2792	0.0000	0.0000	0.0000	0.5966	0.0023	0.0000	0.0000	0.0000	0.1219
0.0000	0.0000	0.9646	0.0000	0.0000	0.0000	0.0281	0.0000	0.0000	0.0000	0.0000	0.0073
0.0000	0.0000	0.0000	0.0000	0.0000	0.0000	0.0000	0.0000	1.0000	0.0000	0.0000	0.0000
0.0000	0.0000	0.0000	0.0000	1.0000	0.0000	0.0000	0.0000	0.0000	0.0000	0.0000	0.0000
0.0000	0.0000	0.9998	0.0000	0.0000	0.0000	0.0000	0.0002	0.0000	0.0000	0.0000	0.0000
0.9826	0.0000	0.0000	0.0000	0.0000	0.0000	0.0000	0.0000	0.0173	0.0000	0.0001	0.0000
0.0000	0.0000	0.0000	0.0000	0.0000	0.0000	0.0000	0.0000	1.0000	0.0000	0.0000	0.0000
0.0000	0.0000	0.0000	0.0000	0.0000	0.0000	0.0000	0.0000	1.0000	0.0000	0.0000	0.0000
0.0000	0.0000	0.0000	0.0000	0.0000	0.0000	0.0000	0.0002	0.0000	0.7117	0.1398	0.1483
0.0000	0.0000	0.0014	0.0000	0.0000	0.0000	0.0343	0.0157	0.0000	0.0003	0.0000	0.9483
0.9262	0.0320	0.0020	0.0000	0.0000	0.0140	0.0000	0.0001	0.0000	0.0000	0.0000	0.0255
0.0000	0.0000	0.0000	0.0000	0.0000	0.0004	0.7523	0.0039	0.0000	0.0019	0.0000	0.2415
0.0000	0.0000	0.0000	0.0000	0.0000	0.0000	0.0000	0.0000	1.0000	0.0000	0.0000	0.0000
0.0000	0.0000	0.0000	0.0000	0.0000	0.0000	0.0001	0.9999	0.0000	0.0000	0.0000	0.0000
0.0000	0.0000	0.0000	0.9086	0.0000	0.0000	0.0003	0.0000	0.0005	0.0901	0.0003	0.0001
0.0000	0.0000	0.0000	0.1231	0.0000	0.0000	0.0000	0.0000	0.8769	0.0000	0.0000	0.0000
0.0000	0.0000	0.0000	0.0000	0.0000	0.0000	0.0000	0.0000	0.0000	0.0000	1.0000	0.0000
0.0000	0.8572	0.1018	0.0000	0.0000	0.0000	0.0336	0.0006	0.0000	0.0000	0.0000	0.0068
0.0000	0.0003	0.9996	0.0000	0.0000	0.0000	0.0000	0.0000	0.0000	0.0000	0.0000	0.0000
0.0000	0.0000	1.0000	0.0000	0.0000	0.0000	0.0000	0.0000	0.0000	0.0000	0.0000	0.0000
0.0000	0.0000	0.3208	0.0154	0.0000	0.0000	0.6526	0.0031	0.0006	0.0034	0.0040	0.0001
0.9999	0.0000	0.0000	0.0000	0.0000	0.0000	0.0000	0.0000	0.0001	0.0000	0.0000	0.0000
0.9962	0.0000	0.0000	0.0000	0.0000	0.0000	0.0000	0.0000	0.0037	0.0000	0.0000	0.0000
0.0000	0.0000	0.0000	0.0000	0.0000	0.0000	0.0000	0.0000	1.0000	0.0000	0.0000	0.0000
0.9926	0.0000	0.0000	0.0000	0.0000	0.0000	0.0000	0.0000	0.0033	0.0020	0.0019	0.0001
0.0000	0.0473	0.9511	0.0000	0.0000	0.0014	0.0001	0.0000	0.0000	0.0000	0.0000	0.0000
0.0000	0.1327	0.8670	0.0000	0.0000	0.0003	0.0000	0.0001	0.0000	0.0000	0.0000	0.0000
0.0000	0.8515	0.0000	0.0000	0.0000	0.0004	0.0177	0.0789	0.0000	0.0000	0.0000	0.0515
0.0873	0.0000	0.0000	0.0021	0.0000	0.0000	0.0000	0.0000	0.0000	0.9079	0.0027	0.0000
0.9925	0.0000	0.0000	0.0000	0.0000	0.0000	0.0000	0.0000	0.0000	0.0075	0.0000	0.0000
0.0002	0.0000	0.0080	0.0000	0.0000	0.0689	0.0014	0.0046	0.0000	0.9149	0.0015	0.0007
0.0000	0.0000	0.0000	0.0000	0.0000	0.0017	0.0000	0.0000	0.0000	0.9980	0.0000	0.0003
0.0000	0.3359	0.6505	0.0000	0.0000	0.0122	0.0013	0.0000	0.0000	0.0000	0.0000	0.0000
0.0000	0.0000	0.0000	0.0000	0.0000	0.0000	0.0000	1.0000	0.0000	0.0000	0.0000	0.0000
0.0234	0.0311	0.0004	0.0000	0.0000	0.3253	0.5561	0.0012	0.0000	0.0238	0.0000	0.0387
0.0000	0.0000	0.0000	0.0000	0.0000	0.0000	0.0000	0.0000	0.0000	0.0000	1.0000	0.0000
0.0000	0.0032	0.6565	0.0000	0.0000	0.0291	0.2844	0.0028	0.0000	0.0001	0.0000	0.0238
0.0000	0.0001	0.9968	0.0000	0.0000	0.0017	0.0008	0.0000	0.0000	0.0001	0.0000	0.0005
0.9910	0.0000	0.0001	0.0000	0.0000	0.0000	0.0004	0.0000	0.0000	0.0019	0.0002	0.0063
0.0000	0.0000	0.0070	0.0000	0.0000	0.0000	0.2822	0.0021	0.0000	0.0000	0.0000	0.7086
0.0000	0.0000	0.0000	0.0000	0.0000	0.0000	0.0000	0.0000	1.0000	0.0000	0.0000	0.0000
0.0002	0.0397	0.0055	0.0000	0.0000	0.0022	0.4343	0.4769	0.0000	0.0008	0.0000	0.0404
0.0000	0.0000	0.0000	0.0000	0.0000	0.0000	0.0591	0.0143	0.0000	0.0000	0.0000	0.9266
0.0294	0.0000	0.0000	0.0000	0.0000	0.0000	0.1369	0.0614	0.0000	0.6315	0.0031	0.1376
0.0000	0.0000	0.0000	0.0000	0.0000	0.0000	0.0000	0.0000	0.0000	0.0005	0.9995	0.0000
0.0000	0.0000	0.0059	0.0000	0.0000	0.0007	0.5154	0.0052	0.0000	0.0001	0.0000	0.4726
0.0040	0.0014	0.0023	0.0000	0.0000	0.0000	0.7795	0.0666	0.0000	0.0040	0.0000	0.1422
0.0192	0.0000	0.0000	0.0000	0.0000	0.0000	0.0000	0.0000	0.9808	0.0000	0.0000	0.0000
0.0000	0.0278	0.9714	0.0000	0.0000	0.0008	0.0000	0.0000	0.0000	0.0000	0.0000	0.0000
0.0000	0.0000	0.0215	0.0000	0.0000	0.0000	0.0967	0.8621	0.0000	0.0000	0.0000	0.0197
0.0000	0.0000	0.0000	0.0000	1.0000	0.0000	0.0000	0.0000	0.0000	0.0000	0.0000	0.0000
0.0000	0.0001	0.3057	0.0000	0.0000	0.6942	0.0001	0.0000	0.0000	0.0000	0.0000	0.0000
0.0000	0.0000	0.0000	0.0000	0.0000	0.0000	0.8622	0.1287	0.0000	0.0000	0.0017	0.0073
0.0000	0.0000	0.0000	0.0000	0.0000	0.0000	0.0001	0.9999	0.0000	0.0000	0.0000	0.0000
0.0000	0.0000	1.0000	0.0000	0.0000	0.0000	0.0000	0.0000	0.0000	0.0000	0.0000	0.0000
0.0000	0.0000	0.0000	0.0000	0.0000	0.0000	0.0000	0.0000	0.0000	0.0000	0.0001	0.9999
0.0000	0.0000	0.9702	0.0000	0.0000	0.0001	0.0192	0.0005	0.0000	0.0000	0.0000	0.0100
0.0000	0.0000	0.0000	0.0000	0.0000	0.0000	0.0000	0.0000	0.0000	0.9838	0.0160	0.0001
0.0000	0.0000	0.0000	0.0000	0.0000	0.9992	0.0000	0.0000	0.0000	0.0008	0.0000	0.0000
0.0000	0.0000	0.0007	0.0000	0.0000	0.0000	0.0203	0.0007	0.0000	0.0001	0.0000	0.9781
0.0000	0.0000	0.0000	0.0000	0.0000	0.0000	0.2103	0.0008	0.0000	0.0000	0.0000	0.7889
0.0000	0.0000	0.0000	0.0000	0.0000	0.0000	0.0000	0.0000	1.0000	0.0000	0.0000	0.0000
0.0000	0.0000	0.0000	0.9970	0.0000	0.0000	0.0000	0.0000	0.0000	0.0014	0.0016	0.0000
0.0001	0.0000	0.0001	0.0000	0.0000	0.0000	0.0836	0.0000	0.6258	0.0000	0.0001	0.2902
0.0114	0.0018	0.0266	0.0026	0.0000	0.0001	0.6485	0.0071	0.0000	0.0000	0.0000	0.3020
0.0000	0.0000	0.0000	0.0000	0.0000	0.0000	0.0001	0.0000	0.0000	0.0000	0.0000	0.9999
0.9996	0.0000	0.0000	0.0000	0.0000	0.0000	0.0000	0.0000	0.0004	0.0000	0.0000	0.0000
0.0000	0.0000	0.0522	0.0000	0.0000	0.0000	0.2780	0.2761	0.0000	0.0000	0.0000	0.3937
0.0000	0.0000	0.0000	0.0000	0.0000	0.0000	0.0000	0.0000	0.0000	0.9157	0.0843	0.0000
0.0000	0.0000	0.0000	0.0003	0.0000	0.0000	0.0000	0.0001	0.0000	0.9983	0.0014	0.0000
0.0000	0.0000	0.9996	0.0000	0.0000	0.0000	0.0003	0.0001	0.0000	0.0000	0.0000	0.0000
0.9984	0.0000	0.0000	0.0000	0.0000	0.0012	0.0000	0.0000	0.0000	0.0004	0.0000	0.0000
0.1829	0.0000	0.1861	0.0000	0.0000	0.0000	0.6197	0.0033	0.0000	0.0000	0.0000	0.0080
0.0000	0.0000	0.0000	0.0000	0.0000	0.0000	0.0000	0.9999	0.0000	0.0000	0.0000	0.0001
0.0000	0.0000	0.0000	0.0048	0.0000	0.0000	0.0000	0.0000	0.0000	0.9915	0.0036	0.0000
0.0023	0.0000	0.0139	0.0000	0.0000	0.0157	0.0053	0.0001	0.0000	0.9284	0.0001	0.0343
0.0000	0.0000	0.0000	0.6020	0.0000	0.0977	0.0000	0.0000	0.0000	0.0890	0.2113	0.0000
0.0000	0.0000	0.0000	0.0000	0.0000	0.0000	0.0000	0.0000	0.0000	0.9998	0.0001	0.0002
0.0000	0.0000	0.0000	0.0000	0.0000	0.0000	0.0000	0.0000	0.0000	0.0000	0.0000	1.0000
0.0000	0.0000	0.0058	0.0000	0.0000	0.0000	0.0000	0.0000	0.0000	0.0000	0.0000	0.9942
0.0000	0.0000	0.9999	0.0000	0.0000	0.0000	0.0000	0.0000	0.0000	0.0000	0.0000	0.0000
0.0000	0.0000	0.9999	0.0000	0.0000	0.0000	0.0000	0.0000	0.0000	0.0000	0.0000	0.0000
0.0000	0.0000	0.9999	0.0000	0.0000	0.0000	0.0000	0.0000	0.0000	0.0000	0.0000	0.0000
0.0000	0.0000	0.0000	0.0000	0.0000	0.0000	0.0000	0.0000	0.0000	0.0000	0.0000	1.0000
0.0002	0.0000	0.2159	0.0000	0.0000	0.0000	0.0000	0.0000	0.0003	0.0000	0.0000	0.7836
0.0000	0.0000	1.0000	0.0000	0.0000	0.0000	0.0000	0.0000	0.0000	0.0000	0.0000	0.0000
0.0000	0.0000	0.0000	0.0000	0.0000	0.0000	0.0000	0.0000	0.0000	0.0000	0.0000	1.0000
0.0000	0.0000	0.0000	0.0000	0.0000	0.0000	0.0000	0.0000	0.0000	0.0000	0.0000	1.0000
0.0000	0.0000	0.9971	0.0000	0.0000	0.0000	0.0000	0.0000	0.0000	0.0000	0.0000	0.0028
0.0000	0.0000	0.0000	0.0000	0.0000	0.0000	0.0000	0.0000	0.0000	0.0000	0.0000	1.0000
0.0000	0.0000	0.9960	0.0000	0.0000	0.0000	0.0000	0.0000	0.0001	0.0000	0.0000	0.0039
0.0000	0.0000	0.0050	0.0000	0.0000	0.0000	0.0000	0.0000	0.0004	0.0000	0.0000	0.9946
0.0000	0.0000	0.0001	0.0000	0.0000	0.0000	0.0000	0.0000	0.0000	0.0000	0.0000	0.9999
0.0000	0.0000	0.9999	0.0000	0.0000	0.0000	0.0000	0.0000	0.0000	0.0000	0.0000	0.0000
0.0000	0.0000	1.0000	0.0000	0.0000	0.0000	0.0000	0.0000	0.0000	0.0000	0.0000	0.0000
0.0000	0.0000	0.9999	0.0000	0.0000	0.0000	0.0000	0.0000	0.0000	0.0000	0.0000	0.0000
0.0000	0.0000	0.0003	0.0000	0.0000	0.0000	0.0000	0.0000	0.0000	0.0000	0.0000	0.9997
0.0000	0.0000	0.0000	0.0000	0.0000	0.0000	0.0000	0.0000	0.0000	0.0000	0.0000	1.0000
0.0000	0.0000	0.1015	0.0000	0.0000	0.0000	0.0090	0.0000	0.0000	0.0000	0.0000	0.8894
0.0003	0.0000	0.9792	0.0000	0.0000	0.0000	0.0000	0.0000	0.0000	0.0000	0.0000	0.0205
0.0000	0.0000	1.0000	0.0000	0.0000	0.0000	0.0000	0.0000	0.0000	0.0000	0.0000	0.0000
0.0000	0.0000	0.0000	0.0000	0.0000	0.0000	0.9999	0.0000	0.0000	0.0000	0.0000	0.0000
0.0000	0.0000	0.0000	0.0000	0.0000	0.0000	0.0000	0.0000	1.0000	0.0000	0.0000	0.0000
0.0000	0.0000	0.0001	0.0000	0.0000	0.0000	0.9999	0.0000	0.0000	0.0000	0.0000	0.0000
0.0000	0.0000	0.0000	0.0000	0.0000	0.0000	0.0000	0.0000	1.0000	0.0000	0.0000	0.0000
0.0000	0.0000	0.0000	0.0000	0.0000	0.0000	0.9719	0.0000	0.0281	0.0000	0.0000	0.0000
0.0000	0.0000	0.0000	0.0000	0.0000	0.0000	0.0000	0.0000	1.0000	0.0000	0.0000	0.0000
0.0000	0.0000	0.0000	0.0000	0.0000	0.0000	1.0000	0.0000	0.0000	0.0000	0.0000	0.0000
0.0000	0.0000	0.0000	0.0000	0.0000	0.0000	0.0000	0.0000	1.0000	0.0000	0.0000	0.0000
0.0000	0.0000	0.9945	0.0000	0.0000	0.0000	0.0055	0.0000	0.0000	0.0000	0.0000	0.0000
0.0000	0.0000	0.2684	0.0000	0.0000	0.0000	0.7316	0.0000	0.0000	0.0000	0.0000	0.0000
0.0000	0.0000	0.0002	0.0000	0.0000	0.0000	0.9998	0.0000	0.0000	0.0000	0.0000	0.0000
0.0000	0.0000	0.0000	0.0000	0.0000	0.0000	0.0000	0.0000	1.0000	0.0000	0.0000	0.0000
0.0000	0.0000	0.0002	0.0000	0.0000	0.0000	0.9998	0.0000	0.0000	0.0000	0.0000	0.0000
0.0000	0.0000	0.0000	0.0000	0.0000	0.0000	0.0000	0.0000	1.0000	0.0000	0.0000	0.0000
0.0000	0.0000	0.0000	0.0000	0.0000	0.0000	0.0000	0.0000	1.0000	0.0000	0.0000	0.0000
0.0000	0.0000	0.0160	0.0000	0.0000	0.0000	0.9840	0.0000	0.0000	0.0000	0.0000	0.0000
0.0000	0.0000	0.0000	0.0000	0.0000	0.0000	0.0000	0.0000	1.0000	0.0000	0.0000	0.0000
0.0000	0.0000	0.0000	0.0000	0.0000	0.0000	0.0000	0.0000	1.0000	0.0000	0.0000	0.0000
0.0000	0.0000	0.9881	0.0000	0.0000	0.0000	0.0119	0.0000	0.0000	0.0000	0.0000	0.0000
0.0000	0.0000	0.0024	0.0000	0.0000	0.0000	0.9976	0.0000	0.0000	0.0000	0.0000	0.0000
0.0000	0.0000	0.0000	0.0000	0.0000	0.0000	0.0000	0.0000	1.0000	0.0000	0.0000	0.0000
0.0000	0.0000	0.3276	0.0000	0.0000	0.0000	0.6724	0.0000	0.0000	0.0000	0.0000	0.0000
0.0000	0.0000	0.0477	0.0000	0.0000	0.0012	0.9512	0.0000	0.0000	0.0000	0.0000	0.0000
