0.0002	0.0000	0.0000	0.0000	0.0000	0.0000	0.0842	0.0000	0.0000	0.0008	0.0001	0.9147
0.0000	0.0000	0.0000	0.0000	0.0000	0.0000	0.0000	0.0000	1.0000	0.0000	0.0000	0.0000
0.0000	0.0001	0.4853	0.0000	0.0000	0.0148	0.3038	0.0055	0.0000	0.0000	0.0000	0.1906
0.0000	0.0000	0.0000	0.0000	0.0000	0.0001	0.0367	0.0000	0.0000	0.0000	0.0000	0.9632
0.1476	0.0000	0.0000	0.0000	0.0000	0.0000	0.0000	0.0000	0.8524	0.0000	0.0000	0.0000
0.0000	0.0001	0.0775	0.0000	0.0000	0.0024	0.2247	0.0056	0.0000	0.0000	0.0000	0.6898
0.0000	0.0000	0.0000	0.0000	0.0000	0.0002	0.0038	0.0000	0.0000	0.0002	0.0000	0.9958
0.0002	0.0000	0.0000	0.0000	0.0000	0.0000	0.0000	0.0000	0.0000	0.0000	0.9960	0.0038
0.0000	0.0000	0.0353	0.0000	0.0000	0.9644	0.0000	0.0000	0.0000	0.0000	0.0000	0.0002
0.0000	0.0000	0.0049	0.0000	0.0000	0.0000	0.1258	0.0001	0.0000	0.0000	0.0000	0.8691
0.0000	0.0000	0.3364	0.0000	0.0000	0.0006	0.1078	0.0000	0.0000	0.0000	0.0000	0.5552
0.0000	0.0000	0.0000	0.0000	0.0000	0.0000	0.0000	0.0000	1.0000	0.0000	0.0000	0.0000
0.0000	0.0000	0.0000	0.0000	0.9969	0.0000	0.0000	0.0000	0.0000	0.0031	0.0000	0.0000
0.0000	0.0000	1.0000	0.0000	0.0000	0.0000	0.0000	0.0000	0.0000	0.0000	0.0000	0.0000
0.9833	0.0000	0.0000	0.0000	0.0000	0.0000	0.0000	0.0000	0.0164	0.0000	0.0002	0.0000
0.0002	0.0000	0.0000	0.0000	0.0000	0.0000	0.0000	0.0000	0.9998	0.0001	0.0000	0.0000
0.0002	0.0000	0.0000	0.0000	0.0000	0.0000	0.0000	0.0000	0.9996	0.0002	0.0000	0.0000
0.0000	0.0000	0.0000	0.0000	0.0000	0.0000	0.0000	0.0000	0.0000	0.3649	0.0009	0.6342
0.0000	0.0000	0.0004	0.0000	0.0000	0.0000	0.1471	0.0001	0.0000	0.0000	0.0000	0.8524
0.2639	0.5298	0.0011	0.0000	0.0000	0.1622	0.0020	0.0000	0.0000	0.0000	0.0000	0.0411
0.0000	0.0000	0.0000	0.0000	0.0000	0.0033	0.2721	0.0000	0.0000	0.0006	0.0000	0.7241
0.0000	0.0000	0.0000	0.1198	0.0000	0.0000	0.0000	0.0000	0.8802	0.0000	0.0000	0.0000
0.0000	0.0000	0.0000	0.0000	0.0000	0.0000	0.0020	0.9980	0.0000	0.0000	0.0000	0.0000
0.0000	0.0000	0.0000	0.9772	0.0000	0.0000	0.0000	0.0000	0.0000	0.0228	0.0000	0.0000
0.0000	0.0000	0.0000	0.8861	0.0000	0.0000	0.0000	0.0000	0.1139	0.0000	0.0000	0.0000
0.0000	0.0000	0.0000	0.0000	0.0000	0.0000	0.0000	0.0000	0.0000	0.0000	1.0000	0.0000
0.0000	0.1286	0.0129	0.0000	0.0000	0.0000	0.7264	0.0001	0.0000	0.0000	0.0000	0.1320
0.0000	0.0003	0.9915	0.0000	0.0000	0.0074	0.0003	0.0000	0.0000	0.0000	0.0000	0.0005
0.0000	0.0000	0.9868	0.0000	0.0000	0.0131	0.0000	0.0000	0.0000	0.0000	0.0000	0.0002
0.0000	0.0000	0.0000	0.2198	0.0000	0.0000	0.7691	0.0001	0.0000	0.0111	0.0000	0.0000
1.0000	0.0000	0.0000	0.0000	0.0000	0.0000	0.0000	0.0000	0.0000	0.0000	0.0000	0.0000
0.9972	0.0000	0.0000	0.0000	0.0000	0.0000	0.0000	0.0000	0.0001	0.0027	0.0000	0.0000
0.0003	0.0000	0.0000	0.0000	0.0000	0.0000	0.0000	0.0000	0.9994	0.0003	0.0000	0.0000
0.9999	0.0000	0.0000	0.0000	0.0000	0.0000	0.0000	0.0000	0.0001	0.0000	0.0001	0.0000
0.0000	0.0189	0.6280	0.0000	0.0000	0.3522	0.0005	0.0000	0.0000	0.0000	0.0000	0.0004
0.0000	0.0505	0.9171	0.0000	0.0000	0.0318	0.0003	0.0000	0.0000	0.0000	0.0000	0.0003
0.0000	0.2650	0.0000	0.0000	0.0000	0.1292	0.1020	0.0200	0.0000	0.0000	0.0000	0.4838
0.8058	0.0000	0.0000	0.0120	0.0000	0.0000	0.0000	0.0000	0.0000	0.1821	0.0000	0.0000
0.9991	0.0000	0.0000	0.0000	0.0000	0.0000	0.0000	0.0000	0.0000	0.0009	0.0000	0.0000
0.0000	0.0000	0.0000	0.0000	0.0000	0.9930	0.0000	0.0000	0.0000	0.0069	0.0000	0.0000
0.0000	0.0000	0.0000	0.0000	0.0000	0.5745	0.0000	0.0000	0.0000	0.4252	0.0000	0.0003
0.0000	0.0331	0.1295	0.0000	0.0000	0.8335	0.0020	0.0000	0.0000	0.0000	0.0000	0.0019
0.0000	0.0000	0.0000	0.0000	0.0000	0.0000	0.0000	1.0000	0.0000	0.0000	0.0000	0.0000
0.0037	0.0001	0.0001	0.0000	0.0000	0.6649	0.2650	0.0000	0.0000	0.0012	0.0000	0.0649
0.0000	0.0000	0.0000	0.0000	0.0000	0.0000	0.0000	0.0000	0.0000	0.0000	1.0000	0.0000
0.0000	0.0000	0.0375	0.0000	0.0000	0.4430	0.4166	0.0000	0.0000	0.0000	0.0000	0.1028
0.0001	0.0000	0.7259	0.0000	0.0000	0.2269	0.0215	0.0000	0.0000	0.0008	0.0000	0.0247
0.9801	0.0000	0.0000	0.0000	0.0000	0.0000	0.0002	0.0000	0.0000	0.0147	0.0006	0.0043
0.0000	0.0000	0.0004	0.0000	0.0000	0.0000	0.0335	0.0003	0.0000	0.0002	0.0000	0.9657
0.0000	0.0000	0.0000	0.0000	0.0000	0.0000	0.0000	0.0000	1.0000	0.0000	0.0000	0.0000
0.0000	0.0189	0.0005	0.0000	0.0000	0.0688	0.5024	0.0527	0.0000	0.0012	0.0000	0.3556
0.0000	0.0000	0.0000	0.0000	0.0000	0.0000	0.1399	0.0002	0.0000	0.0000	0.0000	0.8599
0.0013	0.0000	0.0000	0.0000	0.0000	0.0000	0.1390	0.0305	0.0000	0.4492	0.0002	0.3798
0.0000	0.0000	0.0000	0.0000	0.0000	0.0000	0.0000	0.0000	0.0000	0.0000	1.0000	0.0000
0.0000	0.0000	0.0005	0.0000	0.0000	0.0577	0.1691	0.0007	0.0000	0.0000	0.0000	0.7719
0.0002	0.0001	0.0004	0.0000	0.0000	0.0014	0.6967	0.0253	0.0000	0.0018	0.0000	0.2742
0.0478	0.0000	0.0000	0.0000	0.0000	0.0000	0.0000	0.0000	0.9521	0.0000	0.0000	0.0000
0.0000	0.0075	0.7398	0.0000	0.0000	0.2522	0.0002	0.0000	0.0000	0.0000	0.0000	0.0003
0.0000	0.0000	0.0194	0.0000	0.0000	0.0001	0.7565	0.0209	0.0000	0.0000	0.0000	0.2030
0.0000	0.0000	0.0000	0.0000	1.0000	0.0000	0.0000	0.0000	0.0000	0.0000	0.0000	0.0000
0.0000	0.0000	0.0010	0.0000	0.0000	0.9990	0.0000	0.0000	0.0000	0.0000	0.0000	0.0000
0.0000	0.0000	0.0000	0.0000	0.0000	0.0000	0.9980	0.0006	0.0000	0.0000	0.0000	0.0013
0.0000	0.0000	0.0000	0.0000	0.0000	0.0000	0.0092	0.9906	0.0000	0.0000	0.0000	0.0002
0.0000	0.0000	1.0000	0.0000	0.0000	0.0000	0.0000	0.0000	0.0000	0.0000	0.0000	0.0000
0.0000	0.0000	0.0000	0.0000	0.0000	0.0000	0.0000	0.0000	0.0000	0.0000	0.0000	1.0000
0.0000	0.0000	0.5801	0.0000	0.0000	0.0585	0.1471	0.0001	0.0000	0.0000	0.0000	0.2142
0.0000	0.0000	0.0000	0.0000	0.0000	0.0000	0.0000	0.0000	0.0000	1.0000	0.0000	0.0000
0.0000	0.0000	0.0000	0.0000	0.0000	1.0000	0.0000	0.0000	0.0000	0.0000	0.0000	0.0000
0.0000	0.0000	0.0000	0.0000	0.0000	0.0000	0.0266	0.0000	0.0000	0.0000	0.0000	0.9734
0.0000	0.0000	0.0000	0.0000	0.0000	0.0000	0.3694	0.0000	0.0000	0.0000	0.0000	0.6305
0.0000	0.0000	0.0000	0.0000	0.0000	0.0000	0.0000	0.0000	1.0000	0.0000	0.0000	0.0000
0.0000	0.0000	0.0000	0.9978	0.0000	0.0000	0.0000	0.0000	0.0000	0.0021	0.0000	0.0000
0.0003	0.0000	0.0010	0.0000	0.0000	0.0001	0.1228	0.0000	0.0214	0.0000	0.0000	0.8543
0.0009	0.0000	0.0031	0.0000	0.0000	0.0078	0.5289	0.0009	0.0000	0.0000	0.0000	0.4584
0.0000	0.0000	0.0000	0.0000	0.0000	0.0000	0.0000	0.0000	0.0000	0.0000	0.0000	1.0000
0.9913	0.0000	0.0000	0.0000	0.0000	0.0000	0.0000	0.0000	0.0085	0.0002	0.0000	0.0000
0.0000	0.0000	0.0003	0.0000	0.0000	0.0000	0.0488	0.0383	0.0000	0.0000	0.0000	0.9126
0.0000	0.0000	0.0000	0.0001	0.0000	0.0000	0.0000	0.0000	0.0000	0.9974	0.0025	0.0000
0.0000	0.0000	0.0000	0.0000	0.0000	0.0000	0.0000	0.0000	0.0000	1.0000	0.0000	0.0000
0.0000	0.0000	0.9955	0.0000	0.0000	0.0000	0.0010	0.0000	0.0000	0.0000	0.0000	0.0035
0.6818	0.0000	0.0000	0.0000	0.0000	0.2993	0.0000	0.0000	0.0000	0.0190	0.0000	0.0000
0.0012	0.0000	0.2369	0.0000	0.0000	0.0000	0.4301	0.0011	0.0000	0.0000	0.0000	0.3306
0.0000	0.0000	0.0000	0.0000	0.0000	0.0000	0.0000	1.0000	0.0000	0.0000	0.0000	0.0000
0.0000	0.0000	0.0000	0.2220	0.0000	0.0000	0.0000	0.0000	0.0000	0.7780	0.0000	0.0000
0.0000	0.0000	0.0002	0.0000	0.0000	0.9384	0.0000	0.0000	0.0000	0.0449	0.0000	0.0165
0.0000	0.0000	0.0000	0.0008	0.0000	0.8279	0.0000	0.0000	0.0000	0.1708	0.0005	0.0000
0.0000	0.0000	0.0000	0.0000	0.0000	0.0000	0.0000	0.0000	0.0000	1.0000	0.0000	0.0000
0.0000	0.0000	0.0000	0.0000	0.0000	0.0000	0.0000	0.0000	0.0000	0.0000	0.0000	1.0000
0.0000	0.0000	0.0037	0.0000	0.0000	0.0015	0.0000	0.0000	0.0000	0.0000	0.0000	0.9948
0.0001	0.0000	0.9948	0.0000	0.0000	0.0051	0.0000	0.0000	0.0000	0.0000	0.0000	0.0000
0.0001	0.0000	0.9933	0.0000	0.0000	0.0066	0.0000	0.0000	0.0000	0.0000	0.0000	0.0000
0.0001	0.0000	0.9977	0.0000	0.0000	0.0023	0.0000	0.0000	0.0000	0.0000	0.0000	0.0000
0.0000	0.0000	0.0000	0.0000	0.0000	0.0000	0.0000	0.0000	0.0000	0.0000	0.0000	1.0000
0.0030	0.0000	0.2250	0.0000	0.0000	0.0000	0.0000	0.0000	0.0000	0.0000	0.0000	0.7720
0.0000	0.0000	1.0000	0.0000	0.0000	0.0000	0.0000	0.0000	0.0000	0.0000	0.0000	0.0000
0.0000	0.0000	0.0000	0.0000	0.0000	0.0000	0.0000	0.0000	0.0000	0.0000	0.0000	1.0000
0.0000	0.0000	0.0000	0.0000	0.0000	0.0000	0.0000	0.0000	0.0000	0.0000	0.0000	1.0000
0.0000	0.0000	0.9961	0.0000	0.0000	0.0015	0.0000	0.0000	0.0000	0.0000	0.0000	0.0024
0.0000	0.0000	0.0000	0.0000	0.0000	0.0000	0.0000	0.0000	0.0000	0.0000	0.0000	1.0000
0.0001	0.0000	0.9940	0.0000	0.0000	0.0000	0.0000	0.0000	0.0000	0.0000	0.0000	0.0059
0.0000	0.0000	0.0004	0.0000	0.0000	0.0000	0.0000	0.0000	0.0000	0.0000	0.0000	0.9996
0.0000	0.0000	0.0000	0.0000	0.0000	0.0000	0.0000	0.0000	0.0000	0.0000	0.0000	1.0000
0.0000	0.0000	0.9992	0.0000	0.0000	0.0008	0.0000	0.0000	0.0000	0.0000	0.0000	0.0000
0.0000	0.0000	0.9994	0.0000	0.0000	0.0005	0.0000	0.0000	0.0000	0.0000	0.0000	0.0000
0.0000	0.0000	0.9999	0.0000	0.0000	0.0000	0.0000	0.0000	0.0000	0.0000	0.0000	0.0000
0.0000	0.0000	0.0000	0.0000	0.0000	0.0000	0.0000	0.0000	0.0000	0.0000	0.0000	1.0000
0.0000	0.0000	0.0000	0.0000	0.0000	0.0000	0.0000	0.0000	0.0000	0.0000	0.0000	1.0000
0.0000	0.0000	0.0137	0.0000	0.0000	0.0000	0.0481	0.0000	0.0000	0.0000	0.0000	0.9382
0.0000	0.0000	0.9913	0.0000	0.0000	0.0011	0.0000	0.0000	0.0000	0.0000	0.0000	0.0076
0.0000	0.0000	1.0000	0.0000	0.0000	0.0000	0.0000	0.0000	0.0000	0.0000	0.0000	0.0000
0.0000	0.0000	0.0000	0.0000	0.0000	0.0001	0.9999	0.0000	0.0000	0.0000	0.0000	0.0000
0.0000	0.0000	0.0000	0.0000	0.0000	0.0000	0.0000	0.0000	1.0000	0.0000	0.0000	0.0000
0.0000	0.0000	0.0002	0.0000	0.0000	0.0000	0.9998	0.0000	0.0000	0.0000	0.0000	0.0000
0.0000	0.0000	0.0000	0.0000	0.0000	0.0000	0.0000	0.0000	1.0000	0.0000	0.0000	0.0000
0.0000	0.0000	0.0000	0.0000	0.0000	0.0000	1.0000	0.0000	0.0000	0.0000	0.0000	0.0000
0.0000	0.0000	0.0000	0.0000	0.0000	0.0000	0.0000	0.0000	1.0000	0.0000	0.0000	0.0000
0.0000	0.0000	0.0000	0.0000	0.0000	0.0000	1.0000	0.0000	0.0000	0.0000	0.0000	0.0000
0.0000	0.0000	0.0000	0.0000	0.0000	0.0000	0.0000	0.0000	1.0000	0.0000	0.0000	0.0000
0.0000	0.0000	0.9973	0.0000	0.0000	0.0000	0.0027	0.0000	0.0000	0.0000	0.0000	0.0000
0.0000	0.0000	0.2461	0.0000	0.0000	0.0000	0.7539	0.0000	0.0000	0.0000	0.0000	0.0000
0.0000	0.0000	0.0001	0.0000	0.0000	0.0000	0.9999	0.0000	0.0000	0.0000	0.0000	0.0000
0.0000	0.0000	0.0000	0.0000	0.0000	0.0000	0.0050	0.0000	0.9950	0.0000	0.0000	0.0000
0.0000	0.0000	0.0014	0.0000	0.0000	0.0000	0.9986	0.0000	0.0000	0.0000	0.0000	0.0000
0.0000	0.0000	0.0000	0.0000	0.0000	0.0000	0.0000	0.0000	1.0000	0.0000	0.0000	0.0000
0.0000	0.0000	0.0000	0.0000	0.0000	0.0000	0.0000	0.0000	1.0000	0.0000	0.0000	0.0000
0.0000	0.0000	0.0516	0.0000	0.0000	0.0000	0.9484	0.0000	0.0000	0.0000	0.0000	0.0000
0.0000	0.0000	0.0000	0.0000	0.0000	0.0000	0.0000	0.0000	1.0000	0.0000	0.0000	0.0000
0.0000	0.0000	0.0000	0.0000	0.0000	0.0000	0.0000	0.0000	1.0000	0.0000	0.0000	0.0000
0.0000	0.0000	0.9607	0.0000	0.0000	0.0000	0.0393	0.0000	0.0000	0.0000	0.0000	0.0000
0.0000	0.0000	0.0001	0.0000	0.0000	0.0000	0.9999	0.0000	0.0000	0.0000	0.0000	0.0000
0.0000	0.0000	0.0000	0.0000	0.0000	0.0000	0.0000	0.0000	1.0000	0.0000	0.0000	0.0000
0.0000	0.0000	0.6485	0.0000	0.0000	0.0000	0.3515	0.0000	0.0000	0.0000	0.0000	0.0000
0.0000	0.0000	0.0468	0.0000	0.0000	0.0089	0.9443	0.0000	0.0000	0.0000	0.0000	0.0000
