0.0169	0.0000	0.0000	0.0000	0.0000	0.0000	0.0289	0.0005	0.0000	0.0033	0.0014	0.9490
0.0000	0.0000	0.0000	0.0000	0.0000	0.0000	0.0000	0.0000	0.9999	0.0001	0.0000	0.0000
0.0000	0.0003	0.3097	0.0000	0.0000	0.0003	0.0265	0.5839	0.0000	0.0000	0.0000	0.0792
0.0000	0.0000	0.0001	0.0000	0.0000	0.0006	0.0210	0.0087	0.0000	0.0000	0.0000	0.9695
0.7103	0.0000	0.0000	0.0000	0.0000	0.0000	0.0000	0.0000	0.2897	0.0000	0.0000	0.0000
0.0000	0.0014	0.1014	0.0000	0.0000	0.0006	0.0238	0.6120	0.0000	0.0000	0.0000	0.2608
0.0000	0.0000	0.0000	0.0000	0.0000	0.0278	0.0299	0.0002	0.0000	0.0530	0.0000	0.8892
0.0066	0.0000	0.0000	0.0000	0.0000	0.0000	0.0000	0.0000	0.0000	0.0000	0.9832	0.0102
0.0000	0.0000	0.0097	0.0000	0.0000	0.9897	0.0000	0.0000	0.0000	0.0000	0.0000	0.0005
0.0000	0.0000	0.0533	0.0000	0.0000	0.0000	0.1107	0.0126	0.0000	0.0000	0.0000	0.8233
0.0000	0.0001	0.6245	0.0000	0.0000	0.0002	0.0356	0.0009	0.0000	0.0000	0.0000	0.3386
0.0000	0.0000	0.0000	0.0000	0.0000	0.0000	0.0000	0.0000	1.0000	0.0000	0.0000	0.0000
0.0000	0.0000	0.0000	0.0000	0.9997	0.0000	0.0000	0.0000	0.0000	0.0003	0.0000	0.0000
0.0000	0.0000	1.0000	0.0000	0.0000	0.0000	0.0000	0.0000	0.0000	0.0000	0.0000	0.0000
0.9997	0.0000	0.0000	0.0000	0.0000	0.0000	0.0000	0.0000	0.0003	0.0000	0.0000	0.0000
0.0004	0.0000	0.0000	0.0000	0.0000	0.0123	0.0000	0.0000	0.9590	0.0284	0.0000	0.0000
0.0003	0.0000	0.0000	0.0000	0.0000	0.0004	0.0000	0.0000	0.9757	0.0236	0.0000	0.0000
0.0000	0.0000	0.0000	0.0000	0.0000	0.0000	0.0000	0.0005	0.0000	0.9783	0.0003	0.0209
0.0000	0.0000	0.0003	0.0000	0.0000	0.0000	0.0278	0.0303	0.0000	0.0013	0.0000	0.9403
0.6705	0.2392	0.0003	0.0000	0.0000	0.0785	0.0000	0.0000	0.0000	0.0000	0.0000	0.0115
0.0000	0.0000	0.0000	0.0000	0.0000	0.0407	0.1547	0.0013	0.0000	0.0018	0.0000	0.8015
0.0000	0.0000	0.0000	0.0000	0.0000	0.0000	0.0000	0.0000	1.0000	0.0000	0.0000	0.0000
0.0000	0.0000	0.0000	0.0001	0.0000	0.0000	0.0001	0.9998	0.0000	0.0000	0.0000	0.0000
0.0000	0.0000	0.0000	0.9817	0.0000	0.0000	0.0000	0.0000	0.0002	0.0173	0.0001	0.0007
0.0000	0.0000	0.0000	0.0028	0.0000	0.0000	0.0000	0.0000	0.9972	0.0000	0.0000	0.0000
0.0000	0.0000	0.0000	0.0000	0.0000	0.0000	0.0000	0.0000	0.0000	0.0000	1.0000	0.0000
0.0000	0.8191	0.0410	0.0000	0.0000	0.0000	0.0157	0.0002	0.0000	0.0000	0.0000	0.1240
0.0000	0.0029	0.9956	0.0000	0.0000	0.0013	0.0000	0.0000	0.0000	0.0000	0.0000	0.0002
0.0000	0.0000	0.9856	0.0000	0.0000	0.0143	0.0000	0.0000	0.0000	0.0000	0.0000	0.0000
0.0000	0.0000	0.0002	0.5435	0.0000	0.0000	0.4039	0.0005	0.0000	0.0511	0.0004	0.0004
1.0000	0.0000	0.0000	0.0000	0.0000	0.0000	0.0000	0.0000	0.0000	0.0000	0.0000	0.0000
0.9983	0.0000	0.0000	0.0000	0.0000	0.0000	0.0000	0.0000	0.0002	0.0014	0.0000	0.0000
0.0017	0.0000	0.0000	0.0000	0.0000	0.0000	0.0000	0.0000	0.9973	0.0010	0.0000	0.0000
0.9997	0.0000	0.0000	0.0000	0.0000	0.0000	0.0000	0.0000	0.0002	0.0000	0.0001	0.0000
0.0000	0.1159	0.7819	0.0000	0.0000	0.0979	0.0000	0.0041	0.0000	0.0000	0.0000	0.0002
0.0000	0.2984	0.6780	0.0000	0.0000	0.0143	0.0000	0.0091	0.0000	0.0000	0.0000	0.0002
0.0000	0.1910	0.0001	0.0000	0.0000	0.0054	0.0005	0.7617	0.0000	0.0000	0.0000	0.0411
0.1746	0.0000	0.0000	0.0370	0.0000	0.0000	0.0000	0.0000	0.0000	0.7879	0.0005	0.0000
0.9900	0.0000	0.0000	0.0000	0.0000	0.0000	0.0000	0.0000	0.0000	0.0100	0.0000	0.0000
0.0001	0.0000	0.0002	0.0000	0.0000	0.9619	0.0000	0.0005	0.0000	0.0370	0.0001	0.0001
0.0004	0.0000	0.0000	0.0000	0.0000	0.1636	0.0000	0.0000	0.0000	0.8357	0.0001	0.0002
0.0000	0.2314	0.2269	0.0000	0.0000	0.5396	0.0005	0.0002	0.0000	0.0000	0.0000	0.0015
0.0000	0.0000	0.0000	0.0000	0.0000	0.0000	0.0000	1.0000	0.0000	0.0000	0.0000	0.0000
0.0137	0.0040	0.0000	0.0000	0.0000	0.9336	0.0411	0.0004	0.0000	0.0012	0.0000	0.0059
0.0000	0.0000	0.0000	0.0000	0.0000	0.0000	0.0000	0.0000	0.0000	0.0000	1.0000	0.0000
0.0000	0.0106	0.1069	0.0000	0.0000	0.6367	0.1742	0.0049	0.0000	0.0001	0.0000	0.0666
0.0000	0.0009	0.9264	0.0000	0.0000	0.0616	0.0026	0.0004	0.0000	0.0003	0.0000	0.0077
0.9997	0.0000	0.0000	0.0000	0.0000	0.0000	0.0000	0.0000	0.0000	0.0000	0.0002	0.0002
0.0033	0.0000	0.0000	0.0000	0.0000	0.0000	0.0330	0.0050	0.0000	0.0006	0.0000	0.9581
0.0000	0.0000	0.0000	0.0000	0.0000	0.0000	0.0000	0.0000	1.0000	0.0000	0.0000	0.0000
0.0001	0.0410	0.0006	0.0000	0.0000	0.0015	0.0046	0.9322	0.0000	0.0010	0.0000	0.0190
0.0000	0.0000	0.0000	0.0000	0.0000	0.0000	0.2227	0.0597	0.0000	0.0000	0.0000	0.7175
0.0817	0.0000	0.0000	0.0000	0.0000	0.0000	0.0078	0.0953	0.0000	0.7317	0.0002	0.0833
0.0000	0.0000	0.0000	0.0000	0.0000	0.0000	0.0000	0.0000	0.0000	0.0003	0.9997	0.0000
0.0001	0.0001	0.0004	0.0000	0.0000	0.0036	0.0535	0.0465	0.0000	0.0049	0.0000	0.8909
0.0195	0.0084	0.0001	0.0000	0.0000	0.0000	0.0722	0.6363	0.0000	0.0137	0.0000	0.2499
0.4589	0.0000	0.0000	0.0000	0.0000	0.0000	0.0000	0.0000	0.5411	0.0000	0.0000	0.0000
0.0000	0.0746	0.8355	0.0000	0.0000	0.0869	0.0000	0.0028	0.0000	0.0000	0.0000	0.0002
0.0000	0.0000	0.0241	0.0000	0.0000	0.0000	0.0386	0.8756	0.0000	0.0000	0.0000	0.0616
0.0000	0.0000	0.0000	0.0000	1.0000	0.0000	0.0000	0.0000	0.0000	0.0000	0.0000	0.0000
0.0000	0.0000	0.0007	0.0000	0.0000	0.9993	0.0000	0.0000	0.0000	0.0000	0.0000	0.0000
0.0000	0.0000	0.0002	0.0000	0.0000	0.0000	0.9097	0.0855	0.0000	0.0000	0.0021	0.0026
0.0000	0.0000	0.0000	0.0000	0.0000	0.0000	0.0156	0.9844	0.0000	0.0000	0.0000	0.0000
0.0000	0.0000	1.0000	0.0000	0.0000	0.0000	0.0000	0.0000	0.0000	0.0000	0.0000	0.0000
0.0000	0.0000	0.0000	0.0000	0.0000	0.0000	0.0000	0.0000	0.0000	0.0001	0.0001	0.9999
0.0000	0.0004	0.8443	0.0000	0.0000	0.0480	0.0105	0.0303	0.0000	0.0000	0.0000	0.0665
0.0000	0.0000	0.0000	0.0000	0.0000	0.0000	0.0000	0.0000	0.0000	1.0000	0.0000	0.0000
0.0000	0.0000	0.0000	0.0000	0.0000	0.9997	0.0000	0.0000	0.0000	0.0003	0.0000	0.0000
0.0000	0.0000	0.0012	0.0000	0.0000	0.0000	0.0124	0.0246	0.0000	0.0004	0.0000	0.9614
0.0000	0.0000	0.0000	0.0000	0.0000	0.0001	0.0449	0.0001	0.0000	0.0000	0.0000	0.9549
0.0000	0.0000	0.0000	0.0000	0.0000	0.0000	0.0000	0.0000	0.9981	0.0019	0.0000	0.0000
0.0001	0.0000	0.0000	0.9950	0.0000	0.0000	0.0000	0.0000	0.0000	0.0043	0.0007	0.0000
0.0019	0.0000	0.0002	0.0000	0.0000	0.0013	0.0098	0.0000	0.1131	0.0000	0.0001	0.8735
0.0067	0.0007	0.0020	0.0014	0.0000	0.0396	0.1605	0.0012	0.0000	0.0000	0.0000	0.7879
0.0000	0.0000	0.0000	0.0000	0.0000	0.0000	0.0000	0.0000	0.0000	0.0000	0.0000	1.0000
0.9995	0.0000	0.0000	0.0000	0.0000	0.0000	0.0000	0.0000	0.0005	0.0000	0.0000	0.0000
0.0000	0.0000	0.0000	0.0000	0.0000	0.0000	0.0031	0.6463	0.0000	0.0000	0.0000	0.3506
0.0000	0.0000	0.0000	0.0000	0.0000	0.0000	0.0000	0.0000	0.0000	0.9977	0.0023	0.0000
0.0000	0.0000	0.0000	0.0000	0.0000	0.0000	0.0000	0.0001	0.0000	0.9999	0.0000	0.0000
0.0000	0.0000	0.9982	0.0000	0.0000	0.0000	0.0000	0.0014	0.0000	0.0000	0.0000	0.0003
0.9934	0.0000	0.0000	0.0000	0.0000	0.0013	0.0000	0.0000	0.0000	0.0053	0.0000	0.0000
0.3046	0.0000	0.5492	0.0000	0.0000	0.0000	0.0094	0.0521	0.0000	0.0000	0.0000	0.0847
0.0000	0.0000	0.0000	0.0000	0.0000	0.0000	0.0000	1.0000	0.0000	0.0000	0.0000	0.0000
0.0000	0.0000	0.0000	0.0522	0.0000	0.0006	0.0000	0.0000	0.0000	0.9453	0.0019	0.0000
0.0003	0.0000	0.0003	0.0000	0.0000	0.9100	0.0000	0.0000	0.0000	0.0796	0.0000	0.0097
0.0000	0.0000	0.0000	0.5489	0.0000	0.3757	0.0000	0.0000	0.0000	0.0430	0.0325	0.0000
0.0000	0.0000	0.0000	0.0000	0.0000	0.0000	0.0000	0.0000	0.0000	0.9997	0.0001	0.0001
0.0000	0.0000	0.0000	0.0000	0.0000	0.0000	0.0000	0.0000	0.0000	0.0000	0.0000	1.0000
0.0000	0.0000	0.0041	0.0000	0.0000	0.0018	0.0000	0.0000	0.0002	0.0000	0.0000	0.9938
0.0005	0.0000	0.9747	0.0000	0.0000	0.0245	0.0000	0.0000	0.0002	0.0000	0.0000	0.0000
0.0004	0.0000	0.9685	0.0000	0.0000	0.0307	0.0000	0.0000	0.0004	0.0000	0.0000	0.0000
0.0004	0.0000	0.9879	0.0000	0.0000	0.0113	0.0000	0.0000	0.0003	0.0000	0.0000	0.0000
0.0000	0.0000	0.0000	0.0000	0.0000	0.0000	0.0000	0.0000	0.0000	0.0000	0.0000	1.0000
0.0093	0.0000	0.1960	0.0000	0.0000	0.0000	0.0000	0.0000	0.0078	0.0000	0.0000	0.7868
0.0000	0.0000	1.0000	0.0000	0.0000	0.0000	0.0000	0.0000	0.0000	0.0000	0.0000	0.0000
0.0000	0.0000	0.0000	0.0000	0.0000	0.0000	0.0000	0.0000	0.0000	0.0000	0.0000	1.0000
0.0000	0.0000	0.0000	0.0000	0.0000	0.0000	0.0000	0.0000	0.0000	0.0000	0.0000	1.0000
0.0000	0.0000	0.9988	0.0000	0.0000	0.0003	0.0000	0.0000	0.0000	0.0000	0.0000	0.0009
0.0000	0.0000	0.0000	0.0000	0.0000	0.0000	0.0000	0.0000	0.0000	0.0000	0.0000	1.0000
0.0003	0.0000	0.9983	0.0000	0.0000	0.0000	0.0000	0.0000	0.0001	0.0000	0.0000	0.0013
0.0000	0.0000	0.0041	0.0000	0.0000	0.0000	0.0000	0.0000	0.0005	0.0000	0.0000	0.9954
0.0000	0.0000	0.0001	0.0000	0.0000	0.0000	0.0000	0.0000	0.0000	0.0000	0.0000	0.9999
0.0002	0.0000	0.9980	0.0000	0.0000	0.0017	0.0000	0.0000	0.0001	0.0000	0.0000	0.0000
0.0001	0.0000	0.9986	0.0000	0.0000	0.0011	0.0000	0.0000	0.0002	0.0000	0.0000	0.0000
0.0002	0.0000	0.9997	0.0000	0.0000	0.0000	0.0000	0.0000	0.0000	0.0000	0.0000	0.0000
0.0000	0.0000	0.0006	0.0000	0.0000	0.0000	0.0000	0.0000	0.0000	0.0000	0.0000	0.9994
0.0000	0.0000	0.0000	0.0000	0.0000	0.0000	0.0000	0.0000	0.0000	0.0000	0.0000	1.0000
0.0001	0.0000	0.0290	0.0000	0.0000	0.0000	0.0016	0.0000	0.0004	0.0000	0.0000	0.9689
0.0001	0.0000	0.9980	0.0000	0.0000	0.0002	0.0000	0.0000	0.0000	0.0000	0.0000	0.0018
0.0001	0.0000	0.9999	0.0000	0.0000	0.0000	0.0000	0.0000	0.0000	0.0000	0.0000	0.0000
0.0000	0.0000	0.0001	0.0000	0.0000	0.0002	0.9997	0.0000	0.0000	0.0000	0.0000	0.0000
0.0000	0.0000	0.0000	0.0000	0.0000	0.0000	0.0000	0.0000	1.0000	0.0000	0.0000	0.0000
0.0000	0.0000	0.0000	0.0000	0.0000	0.0000	1.0000	0.0000	0.0000	0.0000	0.0000	0.0000
0.0000	0.0000	0.0000	0.0000	0.0000	0.0000	0.0000	0.0000	1.0000	0.0000	0.0000	0.0000
0.0000	0.0000	0.0000	0.0000	0.0000	0.0000	1.0000	0.0000	0.0000	0.0000	0.0000	0.0000
0.0000	0.0000	0.0000	0.0000	0.0000	0.0000	0.0000	0.0000	1.0000	0.0000	0.0000	0.0000
0.0000	0.0000	0.0000	0.0000	0.0000	0.0000	1.0000	0.0000	0.0000	0.0000	0.0000	0.0000
0.0000	0.0000	0.0000	0.0000	0.0000	0.0000	0.0000	0.0000	1.0000	0.0000	0.0000	0.0000
0.0000	0.0000	0.9984	0.0000	0.0000	0.0001	0.0015	0.0000	0.0000	0.0000	0.0000	0.0000
0.0000	0.0000	0.2480	0.0000	0.0000	0.0000	0.7520	0.0000	0.0000	0.0000	0.0000	0.0000
0.0000	0.0000	0.0001	0.0000	0.0000	0.0000	0.9999	0.0000	0.0000	0.0000	0.0000	0.0000
0.0000	0.0000	0.0000	0.0000	0.0000	0.0000	0.0002	0.0000	0.9998	0.0000	0.0000	0.0000
0.0000	0.0000	0.0003	0.0000	0.0000	0.0000	0.9997	0.0000	0.0000	0.0000	0.0000	0.0000
0.0000	0.0000	0.0000	0.0000	0.0000	0.0000	0.0000	0.0000	1.0000	0.0000	0.0000	0.0000
0.0000	0.0000	0.0000	0.0000	0.0000	0.0000	0.0000	0.0000	1.0000	0.0000	0.0000	0.0000
0.0000	0.0000	0.0448	0.0000	0.0000	0.0000	0.9552	0.0000	0.0000	0.0000	0.0000	0.0000
0.0000	0.0000	0.0000	0.0000	0.0000	0.0000	0.0000	0.0000	1.0000	0.0000	0.0000	0.0000
0.0000	0.0000	0.0000	0.0000	0.0000	0.0000	0.0000	0.0000	1.0000	0.0000	0.0000	0.0000
0.0000	0.0000	0.9403	0.0000	0.0000	0.0000	0.0597	0.0000	0.0000	0.0000	0.0000	0.0000
0.0000	0.0000	0.0002	0.0000	0.0000	0.0000	0.9998	0.0000	0.0000	0.0000	0.0000	0.0000
0.0000	0.0000	0.0000	0.0000	0.0000	0.0000	0.0000	0.0000	1.0000	0.0000	0.0000	0.0000
0.0000	0.0000	0.5364	0.0000	0.0000	0.0000	0.4636	0.0000	0.0000	0.0000	0.0000	0.0000
0.0000	0.0000	0.0180	0.0000	0.0000	0.0054	0.9766	0.0000	0.0000	0.0000	0.0000	0.0000
