0.0098	0.0000	0.0000	0.0000	0.0000	0.0000	0.1308	0.0004	0.0000	0.0004	0.0003	0.8583
0.0000	0.0000	0.0000	0.0000	0.0000	0.0000	0.0000	0.0000	1.0000	0.0000	0.0000	0.0000
0.0000	0.0012	0.3302	0.0000	0.0000	0.0258	0.5311	0.1046	0.0000	0.0000	0.0000	0.0069
0.0000	0.0000	0.0000	0.0000	0.0000	0.0000	0.1077	0.0007	0.0000	0.0000	0.0000	0.8915
0.7977	0.0000	0.0000	0.0000	0.0000	0.0000	0.0000	0.0000	0.2023	0.0000	0.0000	0.0000
0.0000	0.0006	0.1604	0.0000	0.0000	0.0116	0.5985	0.1388	0.0000	0.0000	0.0000	0.0901
0.0000	0.0000	0.0000	0.0000	0.0001	0.0215	0.9735	0.0000	0.0000	0.0004	0.0000	0.0046
0.0055	0.0000	0.0000	0.0000	0.0000	0.0000	0.0000	0.0000	0.0000	0.0000	0.9925	0.0020
0.0000	0.0000	0.0222	0.0000	0.0000	0.9778	0.0000	0.0000	0.0000	0.0000	0.0000	0.0000
0.0000	0.0000	0.0208	0.0000	0.0000	0.0000	0.8951	0.0019	0.0000	0.0000	0.0000	0.0822
0.0000	0.0000	0.9784	0.0000	0.0000	0.0000	0.0172	0.0000	0.0000	0.0000	0.0000	0.0043
0.0000	0.0000	0.0000	0.0000	0.0000	0.0000	0.0000	0.0000	1.0000	0.0000	0.0000	0.0000
0.0000	0.0000	0.0000	0.0000	1.0000	0.0000	0.0000	0.0000	0.0000	0.0000	0.0000	0.0000
0.0000	0.0000	1.0000	0.0000	0.0000	0.0000	0.0000	0.0000	0.0000	0.0000	0.0000	0.0000
0.9985	0.0000	0.0000	0.0000	0.0000	0.0000	0.0000	0.0000	0.0015	0.0000	0.0000	0.0000
0.0002	0.0000	0.0000	0.0000	0.0000	0.1533	0.0000	0.0000	0.8462	0.0003	0.0000	0.0000
0.0001	0.0000	0.0000	0.0000	0.0000	0.0085	0.0000	0.0000	0.9858	0.0057	0.0000	0.0000
0.0000	0.0000	0.0000	0.0000	0.0000	0.0000	0.0000	0.0000	0.0000	0.9898	0.0025	0.0077
0.0000	0.0000	0.0011	0.0000	0.0000	0.0000	0.0579	0.0696	0.0000	0.0005	0.0000	0.8708
0.9720	0.0032	0.0000	0.0000	0.0000	0.0212	0.0001	0.0004	0.0000	0.0000	0.0000	0.0030
0.0002	0.0000	0.0000	0.0000	0.0000	0.0141	0.7788	0.0021	0.0000	0.0001	0.0000	0.2047
0.0000	0.0000	0.0000	0.0000	0.0000	0.0000	0.0000	0.0000	1.0000	0.0000	0.0000	0.0000
0.0000	0.0000	0.0000	0.0000	0.0000	0.0000	0.0000	1.0000	0.0000	0.0000	0.0000	0.0000
0.0000	0.0000	0.0000	0.0003	0.0000	0.0000	0.0000	0.0000	0.0028	0.9969	0.0000	0.0000
0.0000	0.0000	0.0000	0.0014	0.0000	0.0000	0.0000	0.0000	0.9986	0.0000	0.0000	0.0000
0.0000	0.0000	0.0000	0.0000	0.0000	0.0000	0.0000	0.0000	0.0000	0.0000	1.0000	0.0000
0.0000	0.9652	0.0018	0.0000	0.0000	0.0000	0.0322	0.0000	0.0000	0.0000	0.0000	0.0008
0.0000	0.0007	0.9970	0.0000	0.0000	0.0020	0.0003	0.0000	0.0000	0.0000	0.0000	0.0000
0.0000	0.0000	0.9998	0.0000	0.0000	0.0001	0.0000	0.0000	0.0000	0.0000	0.0000	0.0000
0.0000	0.0000	0.0021	0.0000	0.0000	0.0000	0.9900	0.0075	0.0000	0.0001	0.0000	0.0003
1.0000	0.0000	0.0000	0.0000	0.0000	0.0000	0.0000	0.0000	0.0000	0.0000	0.0000	0.0000
1.0000	0.0000	0.0000	0.0000	0.0000	0.0000	0.0000	0.0000	0.0000	0.0000	0.0000	0.0000
0.0004	0.0000	0.0000	0.0000	0.0000	0.0000	0.0000	0.0000	0.9877	0.0119	0.0000	0.0000
0.9983	0.0000	0.0000	0.0000	0.0000	0.0000	0.0000	0.0000	0.0004	0.0007	0.0005	0.0001
0.0000	0.0555	0.6055	0.0000	0.0000	0.3386	0.0003	0.0000	0.0000	0.0000	0.0000	0.0000
0.0000	0.2690	0.6888	0.0000	0.0000	0.0421	0.0000	0.0000	0.0000	0.0000	0.0000	0.0000
0.0000	0.6264	0.0000	0.0000	0.0000	0.0125	0.0071	0.3372	0.0000	0.0000	0.0000	0.0167
0.9933	0.0000	0.0000	0.0000	0.0000	0.0000	0.0000	0.0000	0.0000	0.0067	0.0000	0.0000
0.9993	0.0000	0.0000	0.0000	0.0000	0.0000	0.0000	0.0000	0.0000	0.0007	0.0000	0.0000
0.0000	0.0000	0.0001	0.0000	0.0000	0.9940	0.0000	0.0002	0.0000	0.0057	0.0000	0.0000
0.0003	0.0000	0.0000	0.0000	0.0000	0.5781	0.0000	0.0000	0.0000	0.4214	0.0000	0.0001
0.0000	0.3837	0.0764	0.0000	0.0000	0.5380	0.0018	0.0000	0.0000	0.0000	0.0000	0.0000
0.0000	0.0000	0.0000	0.0000	0.0000	0.0000	0.0000	1.0000	0.0000	0.0000	0.0000	0.0000
0.0013	0.0001	0.0000	0.0000	0.0000	0.9840	0.0145	0.0000	0.0000	0.0000	0.0000	0.0001
0.0000	0.0000	0.0000	0.0000	0.0000	0.0000	0.0000	0.0000	0.0000	0.0000	1.0000	0.0000
0.0000	0.0016	0.0318	0.0000	0.0000	0.8544	0.1116	0.0000	0.0000	0.0000	0.0000	0.0006
0.0000	0.0002	0.1098	0.0000	0.0000	0.8893	0.0005	0.0000	0.0000	0.0000	0.0000	0.0001
0.9382	0.0000	0.0000	0.0000	0.0000	0.0000	0.0008	0.0000	0.0000	0.0394	0.0024	0.0191
0.0000	0.0000	0.0209	0.0000	0.0000	0.0000	0.3361	0.0001	0.0000	0.0002	0.0000	0.6426
0.0000	0.0000	0.0000	0.0000	0.0000	0.0000	0.0000	0.0000	1.0000	0.0000	0.0000	0.0000
0.0012	0.0890	0.0012	0.0000	0.0000	0.1210	0.1744	0.5995	0.0000	0.0000	0.0000	0.0137
0.0000	0.0000	0.0000	0.0000	0.0000	0.0001	0.0683	0.0027	0.0000	0.0000	0.0000	0.9289
0.0043	0.0000	0.0000	0.0000	0.0000	0.0000	0.1021	0.4100	0.0000	0.4632	0.0043	0.0160
0.0000	0.0000	0.0000	0.0000	0.0000	0.0000	0.0000	0.0000	0.0000	0.0000	1.0000	0.0000
0.0000	0.0000	0.0252	0.0000	0.0000	0.2384	0.1843	0.0007	0.0000	0.0000	0.0001	0.5513
0.0461	0.0156	0.0069	0.0000	0.0000	0.0254	0.7672	0.0987	0.0000	0.0002	0.0000	0.0399
0.5407	0.0000	0.0000	0.0000	0.0000	0.0000	0.0000	0.0000	0.4593	0.0000	0.0000	0.0000
0.0000	0.0698	0.6493	0.0000	0.0000	0.2806	0.0002	0.0000	0.0000	0.0000	0.0000	0.0000
0.0000	0.0000	0.0021	0.0000	0.0000	0.0001	0.0563	0.9409	0.0000	0.0000	0.0000	0.0005
0.0000	0.0000	0.0000	0.0000	1.0000	0.0000	0.0000	0.0000	0.0000	0.0000	0.0000	0.0000
0.0000	0.0000	0.0003	0.0000	0.0000	0.9997	0.0000	0.0000	0.0000	0.0000	0.0000	0.0000
0.0000	0.0000	0.0000	0.0000	0.0000	0.0000	0.9301	0.0698	0.0000	0.0000	0.0001	0.0000
0.0000	0.0000	0.0000	0.0000	0.0000	0.0000	0.0900	0.9092	0.0000	0.0001	0.0000	0.0006
0.0000	0.0000	1.0000	0.0000	0.0000	0.0000	0.0000	0.0000	0.0000	0.0000	0.0000	0.0000
0.0000	0.0000	0.0000	0.0000	0.0000	0.0000	0.0001	0.0000	0.0000	0.0001	0.0003	0.9996
0.0000	0.0000	0.6732	0.0000	0.0000	0.0410	0.2559	0.0028	0.0000	0.0000	0.0000	0.0271
0.0000	0.0000	0.0000	0.0000	0.0000	0.0000	0.0000	0.0000	0.0000	1.0000	0.0000	0.0000
0.0000	0.0000	0.0000	0.0000	0.0000	1.0000	0.0000	0.0000	0.0000	0.0000	0.0000	0.0000
0.0000	0.0000	0.0000	0.0000	0.0000	0.0000	0.4330	0.0010	0.0000	0.0001	0.0000	0.5658
0.0000	0.0000	0.0000	0.0000	0.0000	0.0001	0.1347	0.0096	0.0000	0.0000	0.0000	0.8555
0.0000	0.0000	0.0000	0.0000	0.0000	0.0000	0.0000	0.0000	1.0000	0.0000	0.0000	0.0000
0.0272	0.0000	0.0000	0.5579	0.0000	0.0000	0.0000	0.0118	0.0000	0.3291	0.0740	0.0000
0.0000	0.0000	0.0007	0.0000	0.0000	0.0001	0.2623	0.0002	0.0174	0.0000	0.0001	0.7191
0.0040	0.0000	0.0270	0.0000	0.0000	0.0093	0.9205	0.0143	0.0000	0.0000	0.0000	0.0248
0.0000	0.0000	0.0000	0.0000	0.0000	0.0000	0.0005	0.0000	0.0000	0.0000	0.0000	0.9995
0.9997	0.0000	0.0000	0.0000	0.0000	0.0000	0.0000	0.0000	0.0001	0.0002	0.0000	0.0000
0.0000	0.0000	0.0166	0.0000	0.0000	0.0000	0.7407	0.1755	0.0000	0.0000	0.0000	0.0672
0.0000	0.0000	0.0000	0.0000	0.0000	0.0000	0.0000	0.0000	0.0000	0.9988	0.0012	0.0000
0.0000	0.0000	0.0000	0.0000	0.0000	0.0000	0.0000	0.0001	0.0000	0.9999	0.0000	0.0000
0.0000	0.0000	0.9981	0.0000	0.0000	0.0000	0.0016	0.0002	0.0000	0.0000	0.0000	0.0001
0.6100	0.0000	0.0000	0.0000	0.0000	0.3900	0.0000	0.0000	0.0000	0.0000	0.0000	0.0000
0.2835	0.0000	0.2846	0.0000	0.0000	0.0000	0.3322	0.0636	0.0000	0.0000	0.0000	0.0361
0.0000	0.0000	0.0000	0.0000	0.0000	0.0000	0.0001	0.9999	0.0000	0.0000	0.0000	0.0000
0.0000	0.0000	0.0000	0.0000	0.0000	0.0000	0.0000	0.0000	0.0000	1.0000	0.0000	0.0000
0.0936	0.0000	0.0012	0.0000	0.0000	0.8537	0.0003	0.0000	0.0000	0.0497	0.0001	0.0015
0.0000	0.0000	0.0000	0.0003	0.0000	0.8261	0.0000	0.0000	0.0000	0.1239	0.0496	0.0000
0.0000	0.0000	0.0000	0.0000	0.0000	0.0000	0.0000	0.0000	0.0000	1.0000	0.0000	0.0000
0.0000	0.0000	0.0000	0.0000	0.0000	0.0000	0.0000	0.0000	0.0000	0.0000	0.0000	1.0000
0.0000	0.0000	0.0099	0.0000	0.0000	0.0000	0.0000	0.0000	0.0000	0.0000	0.0000	0.9901
0.0000	0.0000	1.0000	0.0000	0.0000	0.0000	0.0000	0.0000	0.0000	0.0000	0.0000	0.0000
0.0000	0.0000	1.0000	0.0000	0.0000	0.0000	0.0000	0.0000	0.0000	0.0000	0.0000	0.0000
0.0000	0.0000	1.0000	0.0000	0.0000	0.0000	0.0000	0.0000	0.0000	0.0000	0.0000	0.0000
0.0000	0.0000	0.0007	0.0000	0.0000	0.0000	0.0000	0.0000	0.0000	0.0000	0.0000	0.9993
0.0000	0.0000	0.8407	0.0000	0.0000	0.0000	0.0000	0.0000	0.0000	0.0000	0.0000	0.1593
0.0000	0.0000	1.0000	0.0000	0.0000	0.0000	0.0000	0.0000	0.0000	0.0000	0.0000	0.0000
0.0000	0.0000	0.0000	0.0000	0.0000	0.0000	0.0000	0.0000	0.0000	0.0000	0.0000	1.0000
0.0000	0.0000	0.0000	0.0000	0.0000	0.0000	0.0000	0.0000	0.0000	0.0000	0.0000	1.0000
0.0000	0.0000	0.9993	0.0000	0.0000	0.0000	0.0000	0.0000	0.0000	0.0000	0.0000	0.0007
0.0000	0.0000	0.0000	0.0000	0.0000	0.0000	0.0000	0.0000	0.0000	0.0000	0.0000	1.0000
0.0000	0.0000	0.9998	0.0000	0.0000	0.0000	0.0000	0.0000	0.0000	0.0000	0.0000	0.0002
0.0000	0.0000	0.0078	0.0000	0.0000	0.0000	0.0000	0.0000	0.0000	0.0000	0.0000	0.9922
0.0000	0.0000	0.0000	0.0000	0.0000	0.0000	0.0000	0.0000	0.0000	0.0000	0.0000	1.0000
0.0000	0.0000	1.0000	0.0000	0.0000	0.0000	0.0000	0.0000	0.0000	0.0000	0.0000	0.0000
0.0000	0.0000	1.0000	0.0000	0.0000	0.0000	0.0000	0.0000	0.0000	0.0000	0.0000	0.0000
0.0000	0.0000	1.0000	0.0000	0.0000	0.0000	0.0000	0.0000	0.0000	0.0000	0.0000	0.0000
0.0000	0.0000	0.0000	0.0000	0.0000	0.0000	0.0000	0.0000	0.0000	0.0000	0.0000	1.0000
0.0000	0.0000	0.0000	0.0000	0.0000	0.0000	0.0000	0.0000	0.0000	0.0000	0.0000	1.0000
0.0000	0.0000	0.9698	0.0000	0.0000	0.0000	0.0004	0.0000	0.0000	0.0000	0.0000	0.0298
0.0009	0.0000	0.9554	0.0000	0.0000	0.0000	0.0000	0.0000	0.0000	0.0000	0.0000	0.0437
0.0000	0.0000	1.0000	0.0000	0.0000	0.0000	0.0000	0.0000	0.0000	0.0000	0.0000	0.0000
0.0000	0.0000	0.0000	0.0000	0.0000	0.0000	1.0000	0.0000	0.0000	0.0000	0.0000	0.0000
0.0000	0.0000	0.0000	0.0000	0.0000	0.0000	0.0000	0.0000	1.0000	0.0000	0.0000	0.0000
0.0000	0.0000	0.0020	0.0000	0.0000	0.0000	0.9980	0.0000	0.0000	0.0000	0.0000	0.0000
0.0000	0.0000	0.0000	0.0000	0.0000	0.0000	0.0000	0.0000	1.0000	0.0000	0.0000	0.0000
0.0000	0.0000	0.0000	0.0000	0.0000	0.0000	0.7554	0.0000	0.2446	0.0000	0.0000	0.0000
0.0000	0.0000	0.0000	0.0000	0.0000	0.0000	0.0000	0.0000	1.0000	0.0000	0.0000	0.0000
0.0000	0.0000	0.0000	0.0000	0.0000	0.0000	1.0000	0.0000	0.0000	0.0000	0.0000	0.0000
0.0000	0.0000	0.0000	0.0000	0.0000	0.0000	0.0000	0.0000	1.0000	0.0000	0.0000	0.0000
0.0000	0.0000	0.9991	0.0000	0.0000	0.0000	0.0009	0.0000	0.0000	0.0000	0.0000	0.0000
0.0000	0.0000	0.4742	0.0000	0.0000	0.0001	0.5257	0.0000	0.0000	0.0000	0.0000	0.0000
0.0000	0.0000	0.0001	0.0000	0.0000	0.0000	0.9999	0.0000	0.0000	0.0000	0.0000	0.0000
0.0000	0.0000	0.0000	0.0000	0.0000	0.0000	0.0010	0.0000	0.9990	0.0000	0.0000	0.0000
0.0000	0.0000	0.0003	0.0000	0.0000	0.0000	0.9997	0.0000	0.0000	0.0000	0.0000	0.0000
0.0000	0.0000	0.0000	0.0000	0.0000	0.0000	0.0000	0.0000	1.0000	0.0000	0.0000	0.0000
0.0000	0.0000	0.0000	0.0000	0.0000	0.0000	0.0000	0.0000	1.0000	0.0000	0.0000	0.0000
0.0000	0.0000	0.5455	0.0000	0.0000	0.0000	0.4545	0.0000	0.0000	0.0000	0.0000	0.0000
0.0000	0.0000	0.0000	0.0000	0.0000	0.0000	0.0000	0.0000	1.0000	0.0000	0.0000	0.0000
0.0000	0.0000	0.0000	0.0000	0.0000	0.0000	0.0000	0.0000	1.0000	0.0000	0.0000	0.0000
0.0000	0.0000	0.9972	0.0000	0.0000	0.0000	0.0028	0.0000	0.0000	0.0000	0.0000	0.0000
0.0000	0.0000	0.0001	0.0000	0.0000	0.0000	0.9999	0.0000	0.0000	0.0000	0.0000	0.0000
0.0000	0.0000	0.0000	0.0000	0.0000	0.0000	0.0000	0.0000	1.0000	0.0000	0.0000	0.0000
0.0000	0.0000	0.6452	0.0000	0.0000	0.0000	0.3548	0.0000	0.0000	0.0000	0.0000	0.0000
0.0000	0.0000	0.4698	0.0000	0.0000	0.0002	0.5301	0.0000	0.0000	0.0000	0.0000	0.0000
