0.0218	0.0000	0.0000	0.0000	0.0000	0.0000	0.4102	0.0000	0.0000	0.0013	0.0004	0.5664
0.0000	0.0000	0.0000	0.0000	0.0000	0.0000	0.0000	0.0000	0.0008	0.0382	0.9609	0.0000
0.0000	0.0000	0.9701	0.0000	0.0000	0.0000	0.0278	0.0021	0.0000	0.0000	0.0000	0.0000
0.0000	0.0000	0.0000	0.0000	0.0000	0.0010	0.4757	0.0029	0.0000	0.0000	0.0000	0.5204
0.4726	0.0000	0.0000	0.0000	0.0000	0.0000	0.0000	0.0000	0.5274	0.0000	0.0000	0.0000
0.0000	0.0005	0.9002	0.0000	0.0000	0.0005	0.0032	0.0947	0.0000	0.0000	0.0000	0.0010
0.0000	0.0000	0.0000	0.0000	0.0071	0.0001	0.0000	0.0000	0.0000	0.0000	0.0000	0.9927
0.0000	0.0000	0.0000	0.0000	0.0000	0.0000	0.0000	0.0000	0.0000	0.0000	1.0000	0.0000
0.0000	0.0001	0.0088	0.0000	0.0000	0.9911	0.0000	0.0000	0.0000	0.0000	0.0000	0.0000
0.0000	0.0000	0.0210	0.0000	0.0000	0.0001	0.4238	0.0265	0.0000	0.0000	0.0000	0.5286
0.0000	0.0000	0.9360	0.0000	0.0000	0.0000	0.0559	0.0000	0.0000	0.0000	0.0000	0.0080
0.0000	0.0000	0.0000	0.0000	0.0000	0.0000	0.0000	0.0000	1.0000	0.0000	0.0000	0.0000
0.0000	0.0000	0.0000	0.0000	0.9897	0.0000	0.0000	0.0000	0.0000	0.0103	0.0000	0.0000
0.0000	0.0000	1.0000	0.0000	0.0000	0.0000	0.0000	0.0000	0.0000	0.0000	0.0000	0.0000
0.9977	0.0000	0.0000	0.0000	0.0000	0.0000	0.0000	0.0000	0.0023	0.0000	0.0000	0.0000
0.0000	0.0000	0.0000	0.0000	0.0000	0.0000	0.0000	0.0000	1.0000	0.0000	0.0000	0.0000
0.0000	0.0000	0.0000	0.0000	0.0000	0.0000	0.0000	0.0000	1.0000	0.0000	0.0000	0.0000
0.0000	0.0000	0.0000	0.0000	0.0000	0.0000	0.0000	0.0000	0.0000	0.5303	0.0004	0.4693
0.0000	0.0000	0.0010	0.0000	0.0000	0.0000	0.7038	0.0035	0.0000	0.0000	0.0000	0.2917
0.9966	0.0016	0.0000	0.0000	0.0000	0.0017	0.0000	0.0000	0.0000	0.0000	0.0000	0.0000
0.0000	0.0000	0.0000	0.0000	0.0000	0.0064	0.0000	0.0000	0.0000	0.0000	0.0000	0.9936
0.0000	0.0000	0.0000	0.0004	0.0000	0.8957	0.0000	0.0000	0.1040	0.0000	0.0000	0.0000
0.0000	0.0000	0.0000	0.0012	0.0000	0.0000	0.0000	0.9988	0.0000	0.0000	0.0000	0.0000
0.0000	0.0000	0.0000	0.9994	0.0000	0.0003	0.0000	0.0000	0.0000	0.0003	0.0000	0.0000
0.0000	0.0000	0.0000	0.0000	0.0000	1.0000	0.0000	0.0000	0.0000	0.0000	0.0000	0.0000
0.0000	0.0000	0.0000	0.0000	0.0000	0.0000	0.0000	0.0000	0.0000	0.0000	1.0000	0.0000
0.0000	0.9910	0.0054	0.0000	0.0000	0.0000	0.0000	0.0000	0.0000	0.0000	0.0000	0.0035
0.0000	0.0001	0.9993	0.0000	0.0000	0.0005	0.0000	0.0000	0.0000	0.0000	0.0000	0.0000
0.0000	0.0000	0.7772	0.0000	0.0000	0.2228	0.0000	0.0000	0.0000	0.0000	0.0000	0.0000
0.0000	0.0000	0.0000	0.9955	0.0002	0.0000	0.0001	0.0000	0.0043	0.0000	0.0000	0.0000
1.0000	0.0000	0.0000	0.0000	0.0000	0.0000	0.0000	0.0000	0.0000	0.0000	0.0000	0.0000
0.9478	0.0000	0.0000	0.0000	0.0000	0.0000	0.0000	0.0000	0.0519	0.0003	0.0000	0.0000
0.0000	0.0000	0.0000	0.0000	0.0000	0.0000	0.0000	0.0000	1.0000	0.0000	0.0000	0.0000
0.9974	0.0000	0.0000	0.0000	0.0000	0.0000	0.0000	0.0000	0.0025	0.0000	0.0000	0.0000
0.0000	0.0210	0.9619	0.0000	0.0000	0.0171	0.0000	0.0000	0.0000	0.0000	0.0000	0.0000
0.0000	0.1244	0.8751	0.0000	0.0000	0.0005	0.0000	0.0000	0.0000	0.0000	0.0000	0.0000
0.0000	0.8530	0.0000	0.0000	0.0000	0.1417	0.0000	0.0053	0.0000	0.0000	0.0000	0.0000
0.9163	0.0000	0.0000	0.0037	0.0000	0.0000	0.0000	0.0000	0.0000	0.0800	0.0000	0.0000
0.1812	0.0000	0.0000	0.0004	0.0000	0.0000	0.0000	0.0000	0.0000	0.8183	0.0000	0.0000
0.0000	0.0000	0.0000	0.0000	0.0000	0.9996	0.0000	0.0001	0.0000	0.0003	0.0000	0.0000
0.0012	0.0000	0.0000	0.0000	0.0000	0.7588	0.0000	0.0000	0.0000	0.2401	0.0000	0.0000
0.0000	0.2009	0.3391	0.0000	0.0000	0.4600	0.0000	0.0000	0.0000	0.0000	0.0000	0.0000
0.0000	0.0000	0.0000	0.0000	0.0000	0.0000	0.0000	1.0000	0.0000	0.0000	0.0000	0.0000
0.5122	0.0000	0.0000	0.0000	0.0000	0.0215	0.4564	0.0003	0.0000	0.0000	0.0000	0.0096
0.0000	0.0000	0.0000	0.0000	0.0000	0.0000	0.0000	0.0000	0.0000	0.0000	1.0000	0.0000
0.0000	0.0000	0.1987	0.0000	0.0000	0.7539	0.0375	0.0024	0.0000	0.0000	0.0000	0.0075
0.0008	0.0000	0.8631	0.0000	0.0000	0.1302	0.0014	0.0005	0.0000	0.0000	0.0000	0.0040
1.0000	0.0000	0.0000	0.0000	0.0000	0.0000	0.0000	0.0000	0.0000	0.0000	0.0000	0.0000
0.0001	0.0000	0.0000	0.0000	0.0000	0.0000	0.9249	0.0000	0.0000	0.0000	0.0000	0.0750
0.0000	0.0000	0.0000	0.0000	0.0000	0.0000	0.0000	0.0000	0.0002	0.0003	0.9995	0.0000
0.0000	0.1015	0.0000	0.0000	0.0000	0.0018	0.0143	0.8817	0.0000	0.0000	0.0000	0.0007
0.0000	0.0000	0.0000	0.0000	0.0000	0.0000	0.2130	0.0569	0.0000	0.0000	0.0000	0.7301
0.0308	0.0000	0.0000	0.0000	0.0000	0.0000	0.0182	0.0073	0.0000	0.9392	0.0000	0.0045
0.0000	0.0000	0.0000	0.0000	0.0000	0.0000	0.0000	0.0000	0.0000	0.0000	1.0000	0.0000
0.0000	0.0000	0.0009	0.0000	0.0000	0.0001	0.4310	0.0028	0.0000	0.0000	0.0000	0.5652
0.0166	0.0032	0.0000	0.0000	0.0000	0.0000	0.9664	0.0080	0.0000	0.0000	0.0000	0.0058
0.0588	0.0000	0.0000	0.0000	0.0000	0.0000	0.0000	0.0000	0.9412	0.0000	0.0000	0.0000
0.0000	0.0105	0.9814	0.0000	0.0000	0.0082	0.0000	0.0000	0.0000	0.0000	0.0000	0.0000
0.0000	0.0000	0.8016	0.0000	0.0000	0.0001	0.0027	0.1937	0.0000	0.0000	0.0000	0.0020
0.0000	0.0000	0.0000	0.0000	1.0000	0.0000	0.0000	0.0000	0.0000	0.0000	0.0000	0.0000
0.0000	0.0000	0.0001	0.0000	0.0000	0.9999	0.0000	0.0000	0.0000	0.0000	0.0000	0.0000
0.0000	0.0000	0.0002	0.0000	0.0000	0.0000	0.8866	0.1132	0.0000	0.0000	0.0000	0.0000
0.0043	0.0000	0.0000	0.0000	0.0000	0.0000	0.9940	0.0017	0.0000	0.0000	0.0000	0.0000
0.0000	0.0000	1.0000	0.0000	0.0000	0.0000	0.0000	0.0000	0.0000	0.0000	0.0000	0.0000
0.0000	0.0000	0.0000	0.0000	0.0000	0.0000	0.0001	0.0000	0.0000	0.0000	0.0013	0.9986
0.0000	0.0000	0.9689	0.0000	0.0000	0.0270	0.0041	0.0000	0.0000	0.0000	0.0000	0.0000
0.0000	0.0000	0.0000	0.0000	0.0000	0.0000	0.0000	0.0000	0.0000	0.9989	0.0002	0.0008
0.0000	0.0000	0.0000	0.0000	0.0000	1.0000	0.0000	0.0000	0.0000	0.0000	0.0000	0.0000
0.0000	0.0000	0.0000	0.0000	0.0000	0.0000	0.3805	0.0000	0.0000	0.0000	0.0000	0.6194
0.0000	0.0000	0.0001	0.0000	0.0000	0.0000	0.0000	0.0000	0.0000	0.0000	0.0000	0.9999
0.0000	0.0000	0.0000	0.0000	0.0000	0.0000	0.0000	0.0000	0.1424	0.8573	0.0002	0.0000
0.0000	0.0000	0.0000	0.9975	0.0000	0.0000	0.0000	0.0000	0.0000	0.0025	0.0000	0.0000
0.0028	0.0000	0.0010	0.0000	0.0000	0.0009	0.0000	0.0000	0.3073	0.0000	0.0000	0.6880
0.0043	0.0000	0.0018	0.0000	0.0000	0.0001	0.0000	0.0000	0.0000	0.0000	0.0000	0.9938
0.0000	0.0000	0.0000	0.0000	0.0000	0.0000	0.0000	0.0000	0.0000	0.0001	0.0000	0.9999
0.4285	0.0000	0.0000	0.0000	0.0000	0.0000	0.0000	0.0000	0.5715	0.0000	0.0000	0.0000
0.0000	0.0000	0.0004	0.0000	0.0000	0.0000	0.0066	0.9406	0.0000	0.0000	0.0000	0.0525
0.0000	0.0000	0.0000	0.0000	0.0000	0.0000	0.0000	0.0000	0.0000	0.9913	0.0087	0.0000
0.0000	0.0000	0.0000	0.0000	0.0000	0.0000	0.0000	0.0000	0.0000	1.0000	0.0000	0.0000
0.0000	0.0000	1.0000	0.0000	0.0000	0.0000	0.0000	0.0000	0.0000	0.0000	0.0000	0.0000
0.8082	0.0000	0.0000	0.0000	0.0000	0.0000	0.0000	0.0000	0.0000	0.1917	0.0000	0.0000
0.0000	0.0000	0.9393	0.0000	0.0000	0.0000	0.0134	0.0472	0.0000	0.0000	0.0000	0.0002
0.0000	0.0000	0.0000	0.0000	0.0000	0.0000	0.0000	1.0000	0.0000	0.0000	0.0000	0.0000
0.0000	0.0000	0.0000	0.2265	0.0000	0.2225	0.0000	0.0000	0.0000	0.5510	0.0000	0.0000
0.0000	0.0000	0.0000	0.0000	0.0000	0.9995	0.0000	0.0000	0.0000	0.0005	0.0000	0.0000
0.0000	0.0000	0.0000	0.0000	0.0000	1.0000	0.0000	0.0000	0.0000	0.0000	0.0000	0.0000
0.0000	0.0000	0.0000	0.0000	0.0000	0.0000	0.0000	0.0000	0.0000	1.0000	0.0000	0.0000
0.0000	0.0000	0.0000	0.0000	0.0000	0.0000	0.0000	0.0000	0.0000	0.0000	0.0000	1.0000
0.0000	0.0000	0.2046	0.0000	0.0000	0.0002	0.0000	0.0000	0.0000	0.0000	0.0000	0.7951
0.0000	0.0000	0.9987	0.0000	0.0000	0.0013	0.0000	0.0000	0.0000	0.0000	0.0000	0.0000
0.0000	0.0000	0.9988	0.0000	0.0000	0.0012	0.0000	0.0000	0.0000	0.0000	0.0000	0.0000
0.0000	0.0000	0.9996	0.0000	0.0000	0.0004	0.0000	0.0000	0.0000	0.0000	0.0000	0.0000
0.0000	0.0000	0.0000	0.0000	0.0000	0.0000	0.0000	0.0000	0.0000	0.0000	0.0000	1.0000
0.0000	0.0000	0.9994	0.0000	0.0000	0.0000	0.0000	0.0000	0.0000	0.0000	0.0000	0.0006
0.0000	0.0000	1.0000	0.0000	0.0000	0.0000	0.0000	0.0000	0.0000	0.0000	0.0000	0.0000
0.0000	0.0000	0.0000	0.0000	0.0000	0.0000	0.0000	0.0000	0.0000	0.0000	0.0000	1.0000
0.0000	0.0000	0.0000	0.0000	0.0000	0.0000	0.0000	0.0000	0.0000	0.0000	0.0000	1.0000
0.0000	0.0000	1.0000	0.0000	0.0000	0.0000	0.0000	0.0000	0.0000	0.0000	0.0000	0.0000
0.0000	0.0000	0.0000	0.0000	0.0000	0.0000	0.0000	0.0000	0.0000	0.0000	0.0000	1.0000
0.0000	0.0000	1.0000	0.0000	0.0000	0.0000	0.0000	0.0000	0.0000	0.0000	0.0000	0.0000
0.0000	0.0000	0.0056	0.0000	0.0000	0.0675	0.0000	0.0000	0.0000	0.0000	0.0000	0.9269
0.0000	0.0000	0.0000	0.0000	0.0000	0.0019	0.0000	0.0000	0.0000	0.0000	0.0000	0.9981
0.0000	0.0000	0.9998	0.0000	0.0000	0.0002	0.0000	0.0000	0.0000	0.0000	0.0000	0.0000
0.0000	0.0000	0.9999	0.0000	0.0000	0.0001	0.0000	0.0000	0.0000	0.0000	0.0000	0.0000
0.0000	0.0000	1.0000	0.0000	0.0000	0.0000	0.0000	0.0000	0.0000	0.0000	0.0000	0.0000
0.0000	0.0000	0.0000	0.0000	0.0000	0.0000	0.0000	0.0000	0.0000	0.0000	0.0000	1.0000
0.0000	0.0000	0.0000	0.0000	0.0000	0.0000	0.0000	0.0000	0.0000	0.0000	0.0000	1.0000
0.0000	0.0000	0.8665	0.0000	0.0000	0.0000	0.0000	0.0000	0.0000	0.0000	0.0000	0.1335
0.0000	0.0000	1.0000	0.0000	0.0000	0.0000	0.0000	0.0000	0.0000	0.0000	0.0000	0.0000
0.0000	0.0000	1.0000	0.0000	0.0000	0.0000	0.0000	0.0000	0.0000	0.0000	0.0000	0.0000
0.0000	0.0000	0.0001	0.0000	0.0000	0.0023	0.9976	0.0000	0.0000	0.0000	0.0000	0.0000
0.0000	0.0000	0.0000	0.0000	0.0000	0.0000	0.0000	0.0000	1.0000	0.0000	0.0000	0.0000
0.0000	0.0000	0.0526	0.0000	0.0000	0.0000	0.9474	0.0000	0.0000	0.0000	0.0000	0.0000
0.0000	0.0000	0.0000	0.0000	0.0000	0.0000	0.0000	0.0000	1.0000	0.0000	0.0000	0.0000
0.0000	0.0000	0.0000	0.0000	0.0000	0.0000	1.0000	0.0000	0.0000	0.0000	0.0000	0.0000
0.0000	0.0000	0.0000	0.0000	0.0000	0.0000	0.0000	0.0000	1.0000	0.0000	0.0000	0.0000
0.0000	0.0000	0.0000	0.0000	0.0000	0.0000	1.0000	0.0000	0.0000	0.0000	0.0000	0.0000
0.0000	0.0000	0.0000	0.0000	0.0000	0.0000	0.0000	0.0000	1.0000	0.0000	0.0000	0.0000
0.0000	0.0000	1.0000	0.0000	0.0000	0.0000	0.0000	0.0000	0.0000	0.0000	0.0000	0.0000
0.0000	0.0000	0.9982	0.0000	0.0000	0.0000	0.0018	0.0000	0.0000	0.0000	0.0000	0.0000
0.0000	0.0000	0.0866	0.0000	0.0000	0.0000	0.9134	0.0000	0.0000	0.0000	0.0000	0.0000
0.0000	0.0000	0.0000	0.0000	0.0000	0.0000	0.0000	0.0000	1.0000	0.0000	0.0000	0.0000
0.0000	0.0000	0.0092	0.0000	0.0000	0.0000	0.9908	0.0000	0.0000	0.0000	0.0000	0.0000
0.0000	0.0000	0.0000	0.0000	0.0000	0.0000	0.0000	0.0000	1.0000	0.0000	0.0000	0.0000
0.0000	0.0000	0.0000	0.0000	0.0000	0.0000	0.0000	0.0000	1.0000	0.0000	0.0000	0.0000
0.0000	0.0000	0.5650	0.0000	0.0000	0.0000	0.4350	0.0000	0.0000	0.0000	0.0000	0.0000
0.0000	0.0000	0.0000	0.0000	0.0000	0.0000	0.0000	0.0000	1.0000	0.0000	0.0000	0.0000
0.0000	0.0000	0.0000	0.0000	0.0000	0.0000	0.0000	0.0000	1.0000	0.0000	0.0000	0.0000
0.0000	0.0000	0.9999	0.0000	0.0000	0.0000	0.0001	0.0000	0.0000	0.0000	0.0000	0.0000
0.0000	0.0000	0.0062	0.0000	0.0000	0.0000	0.9937	0.0000	0.0000	0.0000	0.0000	0.0000
0.0000	0.0000	0.0000	0.0000	0.0000	0.0000	0.0000	0.0000	1.0000	0.0000	0.0000	0.0000
0.0000	0.0000	0.1876	0.0000	0.0000	0.0000	0.8124	0.0000	0.0000	0.0000	0.0000	0.0000
0.0000	0.0000	0.0609	0.0000	0.0000	0.0003	0.9389	0.0000	0.0000	0.0000	0.0000	0.0000
