0.0051	0.0000	0.0000	0.0000	0.0000	0.0000	0.3893	0.0001	0.0000	0.0007	0.0003	0.6046
0.0000	0.0000	0.0000	0.0000	0.0000	0.0000	0.0000	0.0000	1.0000	0.0000	0.0000	0.0000
0.0000	0.0056	0.2669	0.0000	0.0000	0.0254	0.4588	0.2322	0.0000	0.0000	0.0000	0.0111
0.0000	0.0000	0.0001	0.0000	0.0000	0.0052	0.7195	0.0059	0.0000	0.0000	0.0000	0.2693
0.3327	0.0000	0.0000	0.0000	0.0000	0.0000	0.0000	0.0000	0.6673	0.0000	0.0000	0.0000
0.0000	0.0097	0.1188	0.0000	0.0000	0.0397	0.5060	0.2986	0.0000	0.0000	0.0000	0.0272
0.0000	0.0000	0.0000	0.0000	0.0004	0.1161	0.0072	0.0000	0.0000	0.1677	0.0000	0.7086
0.0146	0.0000	0.0000	0.0000	0.0000	0.0000	0.0000	0.0000	0.0000	0.0000	0.9796	0.0058
0.0000	0.0000	0.0004	0.0000	0.0000	0.9996	0.0000	0.0000	0.0000	0.0000	0.0000	0.0000
0.0000	0.0000	0.0483	0.0000	0.0000	0.0013	0.8946	0.0005	0.0000	0.0000	0.0000	0.0553
0.0000	0.0002	0.7297	0.0000	0.0000	0.0130	0.2339	0.0001	0.0000	0.0000	0.0000	0.0231
0.0000	0.0000	0.0000	0.0000	0.0000	0.0000	0.0000	0.0000	1.0000	0.0000	0.0000	0.0000
0.0000	0.0000	0.0000	0.0000	1.0000	0.0000	0.0000	0.0000	0.0000	0.0000	0.0000	0.0000
0.0000	0.0000	1.0000	0.0000	0.0000	0.0000	0.0000	0.0000	0.0000	0.0000	0.0000	0.0000
0.9914	0.0000	0.0000	0.0000	0.0000	0.0000	0.0000	0.0000	0.0086	0.0000	0.0000	0.0000
0.0000	0.0000	0.0000	0.0000	0.0000	0.0030	0.0000	0.0000	0.9967	0.0002	0.0000	0.0000
0.0000	0.0000	0.0000	0.0000	0.0000	0.0003	0.0000	0.0000	0.9994	0.0003	0.0000	0.0000
0.0000	0.0000	0.0000	0.0000	0.0000	0.0000	0.0000	0.0006	0.0000	0.7094	0.0023	0.2878
0.0000	0.0000	0.0182	0.0000	0.0000	0.0000	0.6225	0.0347	0.0000	0.0004	0.0000	0.3242
0.2575	0.0955	0.0002	0.0000	0.0000	0.6281	0.0000	0.0001	0.0000	0.0000	0.0000	0.0186
0.0000	0.0000	0.0000	0.0000	0.0000	0.2365	0.0483	0.0002	0.0000	0.0009	0.0000	0.7141
0.0000	0.0000	0.0000	0.0000	0.0000	0.0000	0.0000	0.0000	1.0000	0.0000	0.0000	0.0000
0.0000	0.0000	0.0000	0.0000	0.0000	0.0000	0.0001	0.9999	0.0000	0.0000	0.0000	0.0000
0.0000	0.0000	0.0000	0.3196	0.0000	0.0000	0.0000	0.0000	0.0003	0.6799	0.0000	0.0002
0.0000	0.0000	0.0000	0.0014	0.0000	0.0001	0.0000	0.0000	0.9984	0.0000	0.0000	0.0000
0.0000	0.0000	0.0000	0.0000	0.0000	0.0000	0.0000	0.0000	0.0000	0.0000	1.0000	0.0000
0.0000	0.8801	0.0074	0.0000	0.0000	0.0001	0.0206	0.0005	0.0000	0.0000	0.0000	0.0914
0.0000	0.0113	0.9376	0.0000	0.0000	0.0507	0.0001	0.0002	0.0000	0.0000	0.0000	0.0002
0.0000	0.0000	0.9925	0.0000	0.0000	0.0074	0.0000	0.0000	0.0000	0.0000	0.0000	0.0001
0.0000	0.0000	0.0002	0.0041	0.0000	0.0000	0.9435	0.0004	0.0001	0.0516	0.0000	0.0001
1.0000	0.0000	0.0000	0.0000	0.0000	0.0000	0.0000	0.0000	0.0000	0.0000	0.0000	0.0000
0.9991	0.0000	0.0000	0.0000	0.0000	0.0000	0.0000	0.0000	0.0001	0.0008	0.0000	0.0000
0.0005	0.0000	0.0000	0.0000	0.0000	0.0000	0.0000	0.0000	0.9994	0.0001	0.0000	0.0000
0.9999	0.0000	0.0000	0.0000	0.0000	0.0000	0.0000	0.0000	0.0001	0.0000	0.0000	0.0000
0.0000	0.1987	0.0922	0.0000	0.0000	0.7083	0.0002	0.0007	0.0000	0.0000	0.0000	0.0000
0.0000	0.6885	0.1908	0.0000	0.0000	0.1190	0.0002	0.0015	0.0000	0.0000	0.0000	0.0000
0.0000	0.8156	0.0000	0.0000	0.0000	0.0796	0.0028	0.0997	0.0000	0.0000	0.0000	0.0023
1.0000	0.0000	0.0000	0.0000	0.0000	0.0000	0.0000	0.0000	0.0000	0.0000	0.0000	0.0000
1.0000	0.0000	0.0000	0.0000	0.0000	0.0000	0.0000	0.0000	0.0000	0.0000	0.0000	0.0000
0.0000	0.0000	0.0001	0.0000	0.0000	0.9977	0.0000	0.0000	0.0000	0.0023	0.0000	0.0000
0.0003	0.0000	0.0000	0.0000	0.0000	0.6603	0.0000	0.0000	0.0000	0.3392	0.0000	0.0001
0.0000	0.1959	0.0105	0.0000	0.0000	0.7931	0.0004	0.0000	0.0000	0.0000	0.0000	0.0000
0.0000	0.0000	0.0000	0.0000	0.0000	0.0000	0.0000	1.0000	0.0000	0.0000	0.0000	0.0000
0.0009	0.0001	0.0000	0.0000	0.0000	0.9834	0.0146	0.0000	0.0000	0.0000	0.0000	0.0009
0.0000	0.0000	0.0000	0.0000	0.0000	0.0000	0.0000	0.0000	0.0000	0.0000	1.0000	0.0000
0.0000	0.0004	0.0046	0.0000	0.0000	0.9408	0.0496	0.0001	0.0000	0.0000	0.0000	0.0045
0.0000	0.0001	0.1583	0.0000	0.0000	0.8379	0.0021	0.0000	0.0000	0.0000	0.0000	0.0015
0.9998	0.0000	0.0000	0.0000	0.0000	0.0000	0.0000	0.0000	0.0000	0.0000	0.0000	0.0002
0.0004	0.0000	0.0006	0.0000	0.0000	0.0000	0.1736	0.0053	0.0000	0.0004	0.0000	0.8197
0.0000	0.0000	0.0000	0.0000	0.0000	0.0000	0.0000	0.0000	1.0000	0.0000	0.0000	0.0000
0.0000	0.2878	0.0001	0.0000	0.0000	0.0123	0.0163	0.6816	0.0000	0.0001	0.0000	0.0018
0.0000	0.0000	0.0000	0.0000	0.0000	0.0009	0.8252	0.0324	0.0000	0.0000	0.0000	0.1415
0.0452	0.0000	0.0000	0.0000	0.0000	0.0000	0.0992	0.5476	0.0000	0.2740	0.0004	0.0336
0.0000	0.0000	0.0000	0.0000	0.0000	0.0000	0.0000	0.0000	0.0000	0.0000	1.0000	0.0000
0.0000	0.0008	0.0085	0.0000	0.0000	0.0418	0.3158	0.0124	0.0000	0.0001	0.0000	0.6206
0.0040	0.1071	0.0021	0.0000	0.0000	0.0002	0.6902	0.0844	0.0000	0.0008	0.0000	0.1112
0.0839	0.0000	0.0000	0.0000	0.0000	0.0000	0.0000	0.0000	0.9161	0.0000	0.0000	0.0000
0.0000	0.1404	0.1091	0.0000	0.0000	0.7500	0.0001	0.0003	0.0000	0.0000	0.0000	0.0000
0.0000	0.0000	0.0581	0.0000	0.0000	0.0003	0.2462	0.6929	0.0000	0.0000	0.0000	0.0025
0.0000	0.0000	0.0000	0.0000	0.9992	0.0000	0.0000	0.0000	0.0000	0.0008	0.0000	0.0000
0.0000	0.0000	0.0000	0.0000	0.0000	1.0000	0.0000	0.0000	0.0000	0.0000	0.0000	0.0000
0.0000	0.0000	0.0000	0.0000	0.0000	0.0000	0.9824	0.0176	0.0000	0.0000	0.0001	0.0000
0.0000	0.0000	0.0000	0.0000	0.0000	0.0000	0.0105	0.9893	0.0000	0.0000	0.0002	0.0000
0.0000	0.0000	1.0000	0.0000	0.0000	0.0000	0.0000	0.0000	0.0000	0.0000	0.0000	0.0000
0.0000	0.0000	0.0000	0.0000	0.0000	0.0000	0.0000	0.0000	0.0000	0.0000	0.0000	1.0000
0.0000	0.0002	0.8712	0.0000	0.0000	0.0384	0.0811	0.0044	0.0000	0.0000	0.0000	0.0047
0.0000	0.0000	0.0000	0.0000	0.0000	0.0000	0.0000	0.0000	0.0000	1.0000	0.0000	0.0000
0.0000	0.0000	0.0000	0.0000	0.0000	1.0000	0.0000	0.0000	0.0000	0.0000	0.0000	0.0000
0.0000	0.0000	0.0002	0.0000	0.0000	0.0000	0.2106	0.0259	0.0000	0.0001	0.0000	0.7632
0.0000	0.0000	0.0000	0.0000	0.0000	0.0009	0.0170	0.0001	0.0000	0.0000	0.0000	0.9820
0.0000	0.0000	0.0000	0.0000	0.0000	0.0000	0.0000	0.0000	1.0000	0.0000	0.0000	0.0000
0.0000	0.0000	0.0001	0.9924	0.0000	0.0000	0.0000	0.0000	0.0001	0.0073	0.0001	0.0000
0.0053	0.0000	0.0174	0.0000	0.0000	0.0311	0.0094	0.0000	0.1725	0.0000	0.0000	0.7643
0.0011	0.0000	0.0117	0.0000	0.0000	0.4512	0.0395	0.0006	0.0000	0.0000	0.0000	0.4958
0.0000	0.0000	0.0000	0.0000	0.0000	0.0000	0.0000	0.0000	0.0000	0.0000	0.0000	1.0000
0.9999	0.0000	0.0000	0.0000	0.0000	0.0000	0.0000	0.0000	0.0001	0.0000	0.0000	0.0000
0.0000	0.0000	0.0020	0.0000	0.0000	0.0000	0.1561	0.5084	0.0000	0.0000	0.0000	0.3335
0.0000	0.0000	0.0000	0.0000	0.0000	0.0000	0.0000	0.0000	0.0000	0.9937	0.0063	0.0000
0.0000	0.0000	0.0000	0.0000	0.0000	0.0000	0.0000	0.0000	0.0000	1.0000	0.0000	0.0000
0.0000	0.0000	0.9982	0.0000	0.0000	0.0000	0.0007	0.0011	0.0000	0.0000	0.0000	0.0000
0.8419	0.0000	0.0000	0.0000	0.0000	0.1535	0.0000	0.0000	0.0000	0.0046	0.0000	0.0000
0.0275	0.0000	0.8583	0.0000	0.0000	0.0000	0.0775	0.0329	0.0000	0.0000	0.0000	0.0039
0.0000	0.0000	0.0000	0.0000	0.0000	0.0000	0.0000	1.0000	0.0000	0.0000	0.0000	0.0000
0.0000	0.0000	0.0000	0.0001	0.0000	0.0000	0.0000	0.0000	0.0000	0.9996	0.0003	0.0000
0.0001	0.0000	0.0003	0.0000	0.0000	0.9841	0.0000	0.0000	0.0000	0.0145	0.0000	0.0010
0.0000	0.0000	0.0000	0.0003	0.0000	0.9058	0.0000	0.0000	0.0000	0.0368	0.0571	0.0000
0.0000	0.0000	0.0000	0.0000	0.0000	0.0000	0.0000	0.0000	0.0000	0.9999	0.0000	0.0001
0.0000	0.0000	0.0000	0.0000	0.0000	0.0000	0.0000	0.0000	0.0000	0.0000	0.0000	1.0000
0.0000	0.0000	0.0004	0.0000	0.0000	0.0004	0.0000	0.0000	0.0000	0.0000	0.0000	0.9991
0.0001	0.0000	0.9953	0.0000	0.0000	0.0042	0.0000	0.0000	0.0004	0.0000	0.0000	0.0000
0.0001	0.0000	0.9955	0.0000	0.0000	0.0040	0.0000	0.0000	0.0005	0.0000	0.0000	0.0000
0.0001	0.0000	0.9965	0.0000	0.0000	0.0029	0.0000	0.0000	0.0005	0.0000	0.0000	0.0000
0.0000	0.0000	0.0000	0.0000	0.0000	0.0000	0.0000	0.0000	0.0000	0.0000	0.0000	1.0000
0.0012	0.0000	0.3710	0.0000	0.0000	0.0000	0.0000	0.0000	0.0000	0.0000	0.0000	0.6278
0.0000	0.0000	1.0000	0.0000	0.0000	0.0000	0.0000	0.0000	0.0000	0.0000	0.0000	0.0000
0.0000	0.0000	0.0000	0.0000	0.0000	0.0000	0.0000	0.0000	0.0000	0.0000	0.0000	1.0000
0.0000	0.0000	0.0000	0.0000	0.0000	0.0000	0.0000	0.0000	0.0000	0.0000	0.0000	1.0000
0.0000	0.0000	0.9958	0.0000	0.0000	0.0005	0.0000	0.0000	0.0000	0.0000	0.0000	0.0037
0.0000	0.0000	0.0000	0.0000	0.0000	0.0000	0.0000	0.0000	0.0000	0.0000	0.0000	1.0000
0.0000	0.0000	0.9980	0.0000	0.0000	0.0000	0.0000	0.0000	0.0001	0.0000	0.0000	0.0019
0.0000	0.0000	0.0001	0.0000	0.0000	0.0006	0.0000	0.0000	0.0004	0.0000	0.0000	0.9989
0.0000	0.0000	0.0000	0.0000	0.0000	0.0000	0.0000	0.0000	0.0001	0.0000	0.0000	0.9999
0.0001	0.0000	0.9973	0.0000	0.0000	0.0022	0.0000	0.0000	0.0004	0.0000	0.0000	0.0000
0.0000	0.0000	0.9977	0.0000	0.0000	0.0019	0.0000	0.0000	0.0003	0.0000	0.0000	0.0000
0.0000	0.0000	0.9997	0.0000	0.0000	0.0001	0.0000	0.0000	0.0001	0.0000	0.0000	0.0000
0.0000	0.0000	0.0000	0.0000	0.0000	0.0000	0.0000	0.0000	0.0000	0.0000	0.0000	1.0000
0.0000	0.0000	0.0000	0.0000	0.0000	0.0000	0.0000	0.0000	0.0000	0.0000	0.0000	1.0000
0.0000	0.0000	0.0005	0.0000	0.0000	0.0000	0.0000	0.0000	0.0000	0.0000	0.0000	0.9995
0.0003	0.0000	0.9857	0.0000	0.0000	0.0002	0.0000	0.0000	0.0000	0.0000	0.0000	0.0138
0.0000	0.0000	0.9999	0.0000	0.0000	0.0000	0.0000	0.0000	0.0001	0.0000	0.0000	0.0000
0.0000	0.0000	0.0001	0.0000	0.0000	0.0012	0.9987	0.0000	0.0000	0.0000	0.0000	0.0000
0.0000	0.0000	0.0000	0.0000	0.0000	0.0000	0.0000	0.0000	1.0000	0.0000	0.0000	0.0000
0.0000	0.0000	0.0003	0.0000	0.0000	0.0000	0.9997	0.0000	0.0000	0.0000	0.0000	0.0000
0.0000	0.0000	0.0000	0.0000	0.0000	0.0000	0.0000	0.0000	1.0000	0.0000	0.0000	0.0000
0.0000	0.0000	0.0000	0.0000	0.0000	0.0000	1.0000	0.0000	0.0000	0.0000	0.0000	0.0000
0.0000	0.0000	0.0000	0.0000	0.0000	0.0000	0.0000	0.0000	1.0000	0.0000	0.0000	0.0000
0.0000	0.0000	0.0000	0.0000	0.0000	0.0000	1.0000	0.0000	0.0000	0.0000	0.0000	0.0000
0.0000	0.0000	0.0000	0.0000	0.0000	0.0000	0.0000	0.0000	1.0000	0.0000	0.0000	0.0000
0.0000	0.0000	0.9856	0.0000	0.0000	0.0003	0.0141	0.0000	0.0000	0.0000	0.0000	0.0000
0.0000	0.0000	0.5069	0.0000	0.0000	0.0000	0.4931	0.0000	0.0000	0.0000	0.0000	0.0000
0.0000	0.0000	0.0020	0.0000	0.0000	0.0000	0.9980	0.0000	0.0000	0.0000	0.0000	0.0000
0.0000	0.0000	0.0000	0.0000	0.0000	0.0000	0.0001	0.0000	0.9999	0.0000	0.0000	0.0000
0.0000	0.0000	0.0026	0.0000	0.0000	0.0000	0.9974	0.0000	0.0000	0.0000	0.0000	0.0000
0.0000	0.0000	0.0000	0.0000	0.0000	0.0000	0.0000	0.0000	1.0000	0.0000	0.0000	0.0000
0.0000	0.0000	0.0000	0.0000	0.0000	0.0000	0.0000	0.0000	1.0000	0.0000	0.0000	0.0000
0.0000	0.0000	0.0197	0.0000	0.0000	0.0000	0.9803	0.0000	0.0000	0.0000	0.0000	0.0000
0.0000	0.0000	0.0000	0.0000	0.0000	0.0000	0.0000	0.0000	1.0000	0.0000	0.0000	0.0000
0.0000	0.0000	0.0000	0.0000	0.0000	0.0000	0.0000	0.0000	1.0000	0.0000	0.0000	0.0000
0.0000	0.0000	0.9736	0.0000	0.0000	0.0000	0.0264	0.0000	0.0000	0.0000	0.0000	0.0000
0.0000	0.0000	0.0001	0.0000	0.0000	0.0000	0.9999	0.0000	0.0000	0.0000	0.0000	0.0000
0.0000	0.0000	0.0000	0.0000	0.0000	0.0000	0.0000	0.0000	1.0000	0.0000	0.0000	0.0000
0.0000	0.0000	0.0690	0.0000	0.0000	0.0000	0.9309	0.0000	0.0000	0.0000	0.0000	0.0000
0.0000	0.0000	0.0452	0.0000	0.0000	0.0059	0.9490	0.0000	0.0000	0.0000	0.0000	0.0000
