0.0159	0.0000	0.0000	0.0000	0.0000	0.0000	0.0443	0.0000	0.0341	0.0011	0.0103	0.8943
0.0000	0.0000	0.0000	0.0000	0.0000	0.0000	0.0000	0.0000	0.0000	0.9986	0.0000	0.0013
0.0000	0.0000	0.0000	0.0000	0.0000	0.0000	0.0000	0.0000	0.0000	0.9914	0.0001	0.0086
0.0018	0.0000	0.0000	0.0008	0.0001	0.0002	0.0000	0.0000	0.0003	0.9509	0.0200	0.0259
0.0000	0.0001	0.7663	0.0000	0.0000	0.0000	0.2333	0.0000	0.0000	0.0000	0.0000	0.0002
0.0000	0.0000	0.0000	0.0000	0.0000	0.0000	0.0953	0.0341	0.0000	0.0000	0.0004	0.8700
0.9535	0.0001	0.0006	0.0000	0.0000	0.0451	0.0002	0.0004	0.0000	0.0000	0.0001	0.0000
0.0008	0.0000	0.0066	0.0000	0.0000	0.0002	0.2988	0.1629	0.0004	0.0002	0.0008	0.5292
0.1794	0.0000	0.0000	0.0000	0.0000	0.0000	0.0000	0.0000	0.8206	0.0000	0.0000	0.0000
0.0001	0.0087	0.1526	0.0000	0.0000	0.0013	0.0793	0.7535	0.0000	0.0000	0.0000	0.0045
0.0365	0.0000	0.0000	0.0030	0.0000	0.0005	0.0000	0.0000	0.0044	0.9533	0.0016	0.0008
0.0000	0.0000	0.0001	0.0000	0.9998	0.0000	0.0000	0.0000	0.0000	0.0000	0.0000	0.0000
0.0001	0.0005	0.1653	0.0000	0.0000	0.0001	0.7655	0.0608	0.0000	0.0000	0.0000	0.0077
0.9096	0.0000	0.0002	0.0001	0.0001	0.0000	0.0006	0.0000	0.0475	0.0350	0.0027	0.0042
0.2213	0.0000	0.0014	0.0003	0.0000	0.0018	0.3504	0.0157	0.0407	0.0304	0.0128	0.3250
0.0004	0.0000	0.0000	0.0002	0.0000	0.0000	0.0000	0.0000	0.0003	0.9831	0.0047	0.0113
0.0000	0.0000	0.0000	0.0000	1.0000	0.0000	0.0000	0.0000	0.0000	0.0000	0.0000	0.0000
0.0001	0.4089	0.4256	0.0000	0.0000	0.1138	0.0017	0.0499	0.0000	0.0000	0.0000	0.0001
0.0078	0.0000	0.0062	0.0000	0.0001	0.0012	0.0881	0.0279	0.0015	0.0067	0.0010	0.8595
0.9616	0.0000	0.0000	0.0001	0.0000	0.0000	0.0000	0.0000	0.0308	0.0002	0.0071	0.0000
0.0001	0.0002	0.0037	0.0000	0.0000	0.0002	0.0647	0.9216	0.0000	0.0000	0.0001	0.0094
0.0000	0.0000	0.0000	0.0000	0.0000	0.0000	0.0000	0.0000	0.0000	0.9973	0.0013	0.0013
0.0000	0.3675	0.1742	0.0000	0.0000	0.0382	0.0010	0.4191	0.0000	0.0000	0.0000	0.0000
0.0002	0.0000	0.0031	0.0000	0.0000	0.0000	0.9265	0.0413	0.0001	0.0000	0.0001	0.0287
0.9526	0.0000	0.0002	0.0034	0.0001	0.0324	0.0000	0.0000	0.0038	0.0065	0.0009	0.0002
0.0007	0.0000	0.0006	0.0000	0.0000	0.0004	0.0095	0.0603	0.0001	0.0092	0.0014	0.9177
0.0000	0.0000	0.0000	0.0000	0.0000	0.0000	0.0000	0.0000	1.0000	0.0000	0.0000	0.0000
0.0013	0.0000	0.0000	0.0063	0.0000	0.0000	0.0000	0.0000	0.0022	0.9786	0.0083	0.0032
0.0459	0.0000	0.0000	0.0000	0.0000	0.9540	0.0000	0.0000	0.0000	0.0000	0.0000	0.0000
0.9986	0.0000	0.0000	0.0000	0.0000	0.0000	0.0000	0.0000	0.0013	0.0000	0.0001	0.0000
0.0015	0.0000	0.0001	0.0007	0.0001	0.0008	0.0023	0.0161	0.0005	0.4048	0.0136	0.5595
0.0551	0.0059	0.0530	0.0021	0.0010	0.1422	0.1352	0.4061	0.0029	0.0071	0.0092	0.1802
0.0006	0.0000	0.0000	0.0000	0.0000	0.0000	0.0000	0.0000	0.9994	0.0000	0.0000	0.0000
0.0000	0.4108	0.3280	0.0000	0.0000	0.2589	0.0001	0.0021	0.0000	0.0000	0.0000	0.0000
0.0000	0.0000	0.0000	0.9997	0.0001	0.0000	0.0000	0.0000	0.0000	0.0000	0.0002	0.0000
0.0005	0.0000	0.0000	0.0000	0.0000	0.0000	0.0000	0.0000	0.7058	0.2935	0.0001	0.0002
0.0000	0.4662	0.2704	0.0000	0.0000	0.2605	0.0001	0.0027	0.0000	0.0000	0.0000	0.0000
0.0001	0.3110	0.3357	0.0000	0.0000	0.1094	0.0050	0.2383	0.0000	0.0000	0.0000	0.0004
0.9999	0.0000	0.0000	0.0000	0.0000	0.0000	0.0000	0.0000	0.0001	0.0000	0.0000	0.0000
0.0002	0.0401	0.0747	0.0000	0.0002	0.0455	0.0043	0.8014	0.0000	0.0001	0.0000	0.0334
0.0000	0.0000	0.0000	0.0000	0.0000	0.0000	0.0000	0.0000	1.0000	0.0000	0.0000	0.0000
0.0000	0.4183	0.2185	0.0000	0.0000	0.3600	0.0001	0.0031	0.0000	0.0000	0.0000	0.0000
0.0031	0.0000	0.0000	0.0049	0.0000	0.0000	0.0000	0.0000	0.0028	0.9823	0.0058	0.0010
0.0000	0.0000	0.0000	0.0000	0.0000	0.0000	0.0000	0.0000	0.0000	0.0102	0.9898	0.0001
0.0001	0.0171	0.0072	0.0000	0.0000	0.9755	0.0000	0.0001	0.0000	0.0000	0.0000	0.0000
0.0001	0.3734	0.3755	0.0000	0.0001	0.0706	0.0031	0.1763	0.0000	0.0000	0.0000	0.0009
0.0003	0.2248	0.2778	0.0000	0.0004	0.1744	0.0035	0.3050	0.0000	0.0000	0.0000	0.0138
0.0299	0.0000	0.0000	0.0000	0.0000	0.0000	0.0000	0.0000	0.9697	0.0000	0.0000	0.0004
0.0151	0.0000	0.0000	0.0000	0.0000	0.0000	0.1183	0.0000	0.8657	0.0000	0.0001	0.0007
0.0000	0.0000	0.0000	0.0000	0.0000	0.0000	0.0000	0.0000	0.0001	0.9996	0.0000	0.0003
0.0000	0.0000	0.0000	0.0000	0.0000	0.0000	0.0000	0.0000	0.0000	0.9917	0.0002	0.0081
0.0002	0.0000	0.0002	0.0000	0.0000	0.0000	0.0836	0.7570	0.0000	0.0000	0.0002	0.1587
0.0408	0.0000	0.0007	0.0007	0.0001	0.0054	0.0123	0.0062	0.0108	0.2168	0.0126	0.6936
0.0000	0.0000	0.0000	0.0000	0.0000	0.0000	0.0000	0.0000	0.0000	0.0000	1.0000	0.0000
0.0001	0.3579	0.4703	0.0000	0.0000	0.1563	0.0007	0.0146	0.0000	0.0000	0.0000	0.0001
0.0350	0.0327	0.3164	0.0001	0.0003	0.5840	0.0086	0.0127	0.0002	0.0001	0.0000	0.0098
0.0004	0.0000	0.0008	0.0000	0.0000	0.0002	0.0807	0.1333	0.0002	0.0007	0.0005	0.7832
0.0001	0.0001	0.0253	0.0000	0.0000	0.0000	0.5638	0.4019	0.0000	0.0000	0.0000	0.0088
0.0001	0.0000	0.0003	0.0000	0.0000	0.0000	0.9811	0.0037	0.0001	0.0000	0.0001	0.0145
0.0000	0.0000	0.0000	0.0000	0.0000	0.0000	0.0000	0.0000	0.0000	0.0000	0.0000	1.0000
0.3929	0.0000	0.0043	0.0002	0.0001	0.0005	0.5155	0.0059	0.0247	0.0024	0.0133	0.0402
0.6172	0.0000	0.0024	0.0000	0.0000	0.0001	0.2775	0.0001	0.0797	0.0013	0.0018	0.0198
0.7718	0.0000	0.0001	0.0002	0.0000	0.0000	0.1441	0.0001	0.0521	0.0007	0.0291	0.0017
0.0000	0.0000	0.0000	0.0000	0.0000	0.0000	0.0010	0.0000	0.0000	0.0000	0.0000	0.9989
0.0001	0.2151	0.6737	0.0000	0.0000	0.0456	0.0065	0.0587	0.0000	0.0000	0.0000	0.0002
0.0003	0.1568	0.6422	0.0000	0.0001	0.0496	0.0155	0.1341	0.0000	0.0000	0.0000	0.0014
0.0000	0.0000	0.0000	0.0000	0.0000	0.0000	0.0000	0.0000	0.0000	0.9852	0.0018	0.0130
0.0015	0.0000	0.0009	0.0000	0.0001	0.0005	0.0038	0.0045	0.0004	0.0226	0.0012	0.9644
0.0000	0.0012	0.0068	0.0000	0.0000	0.0007	0.0009	0.9349	0.0000	0.0000	0.0000	0.0555
0.0002	0.0408	0.9268	0.0000	0.0003	0.0010	0.0116	0.0165	0.0000	0.0000	0.0000	0.0028
0.0002	0.0489	0.0316	0.0000	0.0000	0.9190	0.0000	0.0003	0.0000	0.0000	0.0000	0.0000
0.0176	0.0000	0.0001	0.0003	0.0000	0.0014	0.0016	0.0007	0.0050	0.3920	0.0035	0.5778
0.0000	0.0001	0.0722	0.0000	0.0000	0.0000	0.8105	0.1039	0.0000	0.0000	0.0000	0.0132
0.0000	0.0000	0.0000	0.0000	0.0000	0.0000	0.0000	0.0000	1.0000	0.0000	0.0000	0.0000
0.0000	0.0000	0.0024	0.0000	0.0000	0.0000	0.9636	0.0032	0.0000	0.0000	0.0000	0.0307
0.0000	0.0000	0.0000	0.0000	0.0000	0.0000	0.0000	0.0000	0.0000	0.9997	0.0001	0.0001
0.0000	0.0069	0.9901	0.0000	0.0000	0.0000	0.0025	0.0005	0.0000	0.0000	0.0000	0.0000
0.5761	0.0000	0.0001	0.0013	0.0000	0.4105	0.0004	0.0000	0.0093	0.0022	0.0000	0.0001
0.0000	0.0001	0.9608	0.0000	0.0000	0.0000	0.0390	0.0001	0.0000	0.0000	0.0000	0.0000
0.8998	0.0000	0.0000	0.0086	0.0000	0.0000	0.0000	0.0000	0.0516	0.0364	0.0037	0.0000
0.0031	0.0002	0.0067	0.0001	0.0002	0.0018	0.0420	0.1154	0.0004	0.0063	0.0019	0.8220
0.1066	0.0000	0.0000	0.5958	0.0012	0.0048	0.0001	0.0000	0.0189	0.1666	0.1054	0.0005
0.0038	0.0000	0.0000	0.0000	0.0000	0.0000	0.6681	0.0000	0.1669	0.0009	0.0106	0.1498
0.0000	0.0000	0.0000	0.0000	0.0000	0.0000	0.0000	0.0000	0.0000	0.1310	0.8687	0.0003
0.0000	0.0110	0.1151	0.0000	0.0000	0.0001	0.0071	0.8667	0.0000	0.0000	0.0000	0.0001
0.0001	0.0052	0.1113	0.0000	0.0000	0.0007	0.1014	0.7596	0.0000	0.0000	0.0000	0.0217
0.0000	0.0000	0.0000	0.0000	0.0000	0.0000	0.0000	0.0000	0.0000	0.0026	0.0000	0.9974
0.0000	0.0000	0.0000	0.0000	0.0000	0.0000	0.0000	0.0000	0.0000	0.0000	0.0000	1.0000
0.0000	0.0000	0.0000	0.0000	0.0000	0.0000	0.0000	0.0000	0.0000	0.0000	0.0000	1.0000
0.0000	0.0000	1.0000	0.0000	0.0000	0.0000	0.0000	0.0000	0.0000	0.0000	0.0000	0.0000
0.0000	0.0000	1.0000	0.0000	0.0000	0.0000	0.0000	0.0000	0.0000	0.0000	0.0000	0.0000
0.0000	0.0000	1.0000	0.0000	0.0000	0.0000	0.0000	0.0000	0.0000	0.0000	0.0000	0.0000
0.0000	0.0000	0.9997	0.0000	0.0000	0.0000	0.0000	0.0000	0.0000	0.0000	0.0000	0.0003
0.0000	0.0000	0.0000	0.0000	0.0000	0.0000	0.0000	0.0000	0.0000	0.0000	0.0000	1.0000
0.0000	0.0000	1.0000	0.0000	0.0000	0.0000	0.0000	0.0000	0.0000	0.0000	0.0000	0.0000
0.0000	0.0000	1.0000	0.0000	0.0000	0.0000	0.0000	0.0000	0.0000	0.0000	0.0000	0.0000
0.0000	0.0000	0.0000	0.0000	0.0000	0.0000	0.0000	0.0000	0.0000	0.0000	0.0000	1.0000
0.0000	0.0000	0.0000	0.0000	0.0000	0.0000	0.0000	0.0000	0.0000	0.0000	0.0000	1.0000
0.0000	0.0000	0.0000	0.0000	0.0000	0.0000	0.0000	0.0000	0.0000	0.0000	0.0000	1.0000
0.0000	0.0000	0.9990	0.0000	0.0000	0.0000	0.0000	0.0000	0.0000	0.0000	0.0000	0.0010
0.0000	0.0000	1.0000	0.0000	0.0000	0.0000	0.0000	0.0000	0.0000	0.0000	0.0000	0.0000
0.0000	0.0000	0.9999	0.0000	0.0000	0.0000	0.0000	0.0000	0.0000	0.0000	0.0000	0.0001
0.0000	0.0000	1.0000	0.0000	0.0000	0.0000	0.0000	0.0000	0.0000	0.0000	0.0000	0.0000
0.0000	0.0000	0.0000	0.0000	0.0000	0.0000	0.0000	0.0000	0.0000	0.0000	0.0000	1.0000
0.0000	0.0000	1.0000	0.0000	0.0000	0.0000	0.0000	0.0000	0.0000	0.0000	0.0000	0.0000
0.0000	0.0000	1.0000	0.0000	0.0000	0.0000	0.0000	0.0000	0.0000	0.0000	0.0000	0.0000
0.0000	0.0000	0.0000	0.0000	0.0000	0.0000	0.0000	0.0000	1.0000	0.0000	0.0000	0.0000
0.0000	0.0000	0.0000	0.0000	0.0000	0.0000	0.9969	0.0000	0.0031	0.0000	0.0000	0.0000
0.0000	0.0000	0.0000	0.0000	0.0000	0.0000	0.0000	0.0000	1.0000	0.0000	0.0000	0.0000
0.0000	0.0000	0.0000	0.0000	0.0000	0.0000	0.0000	0.0000	1.0000	0.0000	0.0000	0.0000
0.0000	0.0000	0.0000	0.0000	0.0000	0.0000	0.9861	0.0000	0.0139	0.0000	0.0000	0.0000
0.0000	0.0000	0.0000	0.0000	0.0000	0.0000	0.0000	0.0000	1.0000	0.0000	0.0000	0.0000
0.0000	0.0000	0.0000	0.0000	0.0000	0.0000	0.0000	0.0000	1.0000	0.0000	0.0000	0.0000
0.0000	0.0002	0.9997	0.0000	0.0000	0.0000	0.0001	0.0000	0.0000	0.0000	0.0000	0.0000
0.0000	0.0003	0.9992	0.0000	0.0000	0.0000	0.0005	0.0000	0.0000	0.0000	0.0000	0.0000
0.0001	0.0000	0.0002	0.0000	0.0000	0.0000	0.9985	0.0000	0.0011	0.0000	0.0000	0.0000
0.0001	0.0000	0.0010	0.0000	0.0000	0.0000	0.9980	0.0000	0.0008	0.0000	0.0000	0.0000
0.0000	0.0000	0.0000	0.0000	0.0000	0.0000	0.0000	0.0000	1.0000	0.0000	0.0000	0.0000
0.0000	0.0000	0.0000	0.0000	0.0000	0.0000	0.0000	0.0000	1.0000	0.0000	0.0000	0.0000
0.0000	0.0000	0.0000	0.0000	0.0000	0.0000	0.0000	0.0000	1.0000	0.0000	0.0000	0.0000
0.0000	0.0002	0.9997	0.0000	0.0000	0.0000	0.0001	0.0000	0.0000	0.0000	0.0000	0.0000
0.0000	0.0000	0.0000	0.0000	0.0000	0.0000	0.9999	0.0000	0.0001	0.0000	0.0000	0.0000
0.0000	0.0000	0.0000	0.0000	0.0000	0.0000	0.0000	0.0000	1.0000	0.0000	0.0000	0.0000
0.0000	0.0003	0.9997	0.0000	0.0000	0.0000	0.0000	0.0000	0.0000	0.0000	0.0000	0.0000
0.0000	0.0000	0.0000	0.0000	0.0000	0.0000	1.0000	0.0000	0.0000	0.0000	0.0000	0.0000
0.0000	0.0000	0.0038	0.0000	0.0000	0.0000	0.9961	0.0000	0.0000	0.0000	0.0000	0.0000
0.0000	0.0000	0.0000	0.0000	0.0000	0.0000	0.9874	0.0000	0.0126	0.0000	0.0000	0.0000
0.0000	0.0000	0.0000	0.0000	0.0000	0.0000	0.0000	0.0000	1.0000	0.0000	0.0000	0.0000
0.0000	0.0003	0.9996	0.0000	0.0000	0.0000	0.0001	0.0000	0.0000	0.0000	0.0000	0.0000
0.0006	0.0000	0.0000	0.0000	0.0000	0.0000	0.6860	0.0000	0.3134	0.0000	0.0000	0.0000
0.0000	0.0000	0.0000	0.0000	0.0000	0.0000	0.0000	0.0000	1.0000	0.0000	0.0000	0.0000
0.0000	0.0000	0.0000	0.0000	0.0000	0.0000	0.0000	0.0000	1.0000	0.0000	0.0000	0.0000
0.0000	0.0000	0.0000	0.0000	0.0000	0.0000	0.9850	0.0000	0.0149	0.0000	0.0000	0.0000
