0.0000	0.0000	0.0005	0.0000	0.0000	0.0000	0.0768	0.0000	0.0000	0.0003	0.0108	0.9115
0.0000	0.0000	0.0000	0.0000	0.0000	0.0000	0.0000	0.0000	0.0000	0.9999	0.0000	0.0001
0.0000	0.0000	0.0000	0.0000	0.0000	0.0000	0.0000	0.0000	0.0000	0.9930	0.0003	0.0067
0.0003	0.0000	0.0000	0.0004	0.0000	0.0000	0.0000	0.0000	0.0000	0.9893	0.0069	0.0032
0.0000	0.0000	0.0143	0.0000	0.0000	0.0000	0.9857	0.0000	0.0000	0.0000	0.0000	0.0000
0.0000	0.0000	0.0001	0.0000	0.0000	0.0000	0.4980	0.0073	0.0000	0.0000	0.0000	0.4946
0.9115	0.0074	0.0000	0.0000	0.0001	0.0810	0.0000	0.0000	0.0000	0.0000	0.0000	0.0000
0.0000	0.0000	0.0024	0.0000	0.0000	0.0000	0.5010	0.0139	0.0000	0.0003	0.0000	0.4823
0.5438	0.0000	0.0000	0.0000	0.0000	0.0000	0.0000	0.0000	0.4561	0.0000	0.0000	0.0000
0.0000	0.0000	0.0143	0.0000	0.0000	0.0000	0.0208	0.9640	0.0000	0.0000	0.0000	0.0009
0.5560	0.0000	0.0000	0.0095	0.0001	0.0077	0.0000	0.0000	0.0005	0.4253	0.0008	0.0000
0.0000	0.0000	0.0000	0.0002	0.9992	0.0004	0.0000	0.0000	0.0000	0.0001	0.0000	0.0000
0.0000	0.0000	0.0607	0.0000	0.0000	0.0000	0.9362	0.0005	0.0000	0.0000	0.0000	0.0026
0.9324	0.0000	0.0003	0.0000	0.0000	0.0000	0.0006	0.0000	0.0032	0.0623	0.0001	0.0011
0.0040	0.0000	0.0029	0.0000	0.0000	0.0000	0.5719	0.0031	0.0003	0.1730	0.0001	0.2446
0.0000	0.0000	0.0000	0.0000	0.0000	0.0000	0.0000	0.0000	0.0000	0.9941	0.0001	0.0058
0.0000	0.0000	0.0000	0.0004	0.9996	0.0000	0.0000	0.0000	0.0000	0.0000	0.0000	0.0000
0.0000	0.4173	0.2791	0.0000	0.0000	0.0226	0.0004	0.2806	0.0000	0.0000	0.0000	0.0000
0.0001	0.0000	0.0054	0.0000	0.0000	0.0000	0.0730	0.0006	0.0000	0.0263	0.0000	0.8945
0.9946	0.0000	0.0000	0.0000	0.0000	0.0000	0.0000	0.0000	0.0002	0.0000	0.0052	0.0000
0.0000	0.0000	0.0001	0.0000	0.0000	0.0000	0.0010	0.9987	0.0000	0.0000	0.0000	0.0002
0.0000	0.0000	0.0000	0.0000	0.0000	0.0000	0.0000	0.0000	0.0000	1.0000	0.0000	0.0000
0.0000	0.9975	0.0001	0.0000	0.0000	0.0007	0.0000	0.0017	0.0000	0.0000	0.0000	0.0000
0.0000	0.0000	0.0005	0.0000	0.0000	0.0000	0.9654	0.0105	0.0000	0.0000	0.0000	0.0235
0.9726	0.0000	0.0000	0.0000	0.0001	0.0267	0.0000	0.0000	0.0000	0.0005	0.0000	0.0000
0.0000	0.0000	0.0003	0.0000	0.0000	0.0000	0.0064	0.0925	0.0000	0.0396	0.0002	0.8610
0.0000	0.0000	0.0000	0.0000	0.0000	0.0000	0.0000	0.0000	0.9990	0.0010	0.0000	0.0000
0.0000	0.0000	0.0000	0.0002	0.0000	0.0000	0.0000	0.0000	0.0000	0.9997	0.0000	0.0000
0.0018	0.0000	0.0000	0.0000	0.0000	0.9982	0.0000	0.0000	0.0000	0.0000	0.0000	0.0000
1.0000	0.0000	0.0000	0.0000	0.0000	0.0000	0.0000	0.0000	0.0000	0.0000	0.0000	0.0000
0.0000	0.0000	0.0000	0.0004	0.0000	0.0000	0.0171	0.0225	0.0000	0.1638	0.0042	0.7921
0.0017	0.0003	0.0028	0.0002	0.0002	0.0003	0.0087	0.9623	0.0000	0.0010	0.0015	0.0210
0.0001	0.0000	0.0000	0.0000	0.0000	0.0000	0.0000	0.0000	0.9999	0.0000	0.0000	0.0000
0.0000	0.6157	0.2968	0.0000	0.0000	0.0861	0.0000	0.0013	0.0000	0.0000	0.0000	0.0000
0.0000	0.0000	0.0000	0.9996	0.0004	0.0000	0.0000	0.0000	0.0000	0.0000	0.0000	0.0000
0.0000	0.0000	0.0000	0.0000	0.0000	0.0000	0.0001	0.0000	0.0216	0.9729	0.0053	0.0002
0.0000	0.9699	0.0164	0.0000	0.0000	0.0133	0.0000	0.0004	0.0000	0.0000	0.0000	0.0000
0.0000	0.4496	0.0095	0.0000	0.0000	0.0036	0.0001	0.5372	0.0000	0.0000	0.0000	0.0000
1.0000	0.0000	0.0000	0.0000	0.0000	0.0000	0.0000	0.0000	0.0000	0.0000	0.0000	0.0000
0.0000	0.0017	0.0005	0.0000	0.0000	0.0003	0.0001	0.9964	0.0000	0.0000	0.0000	0.0011
0.0000	0.0000	0.0000	0.0000	0.0000	0.0000	0.0000	0.0000	1.0000	0.0000	0.0000	0.0000
0.0000	0.8769	0.0154	0.0000	0.0000	0.1062	0.0000	0.0015	0.0000	0.0000	0.0000	0.0000
0.0000	0.0000	0.0000	0.0094	0.0000	0.0000	0.0000	0.0000	0.0001	0.9894	0.0010	0.0000
0.0000	0.0000	0.0000	0.0000	0.0000	0.0000	0.0000	0.0000	0.0000	0.0000	1.0000	0.0000
0.0000	0.0001	0.0000	0.0000	0.0000	0.9999	0.0000	0.0000	0.0000	0.0000	0.0000	0.0000
0.0000	0.4432	0.0178	0.0000	0.0000	0.0132	0.0000	0.5254	0.0000	0.0000	0.0000	0.0002
0.0011	0.1526	0.0283	0.0000	0.0008	0.1576	0.0002	0.6530	0.0000	0.0001	0.0000	0.0063
0.0002	0.0000	0.0147	0.0000	0.0000	0.0000	0.0030	0.0000	0.0000	0.0000	0.2165	0.7656
0.0000	0.0000	0.0808	0.0000	0.0000	0.0000	0.9103	0.0000	0.0000	0.0000	0.0005	0.0084
0.0000	0.0000	0.0000	0.0000	0.0000	0.0000	0.0000	0.0000	0.0000	1.0000	0.0000	0.0000
0.0000	0.0000	0.0000	0.0000	0.0000	0.0000	0.0000	0.0000	0.0000	0.9948	0.0012	0.0040
0.0000	0.0000	0.0000	0.0000	0.0000	0.0000	0.0865	0.8836	0.0000	0.0002	0.0000	0.0297
0.0141	0.0000	0.0009	0.0004	0.0000	0.0004	0.0160	0.0045	0.0002	0.6813	0.0050	0.2773
0.0000	0.0000	0.0000	0.0000	0.0000	0.0000	0.0000	0.0000	0.0000	0.0000	1.0000	0.0000
0.0000	0.9683	0.0252	0.0000	0.0000	0.0025	0.0000	0.0039	0.0000	0.0000	0.0000	0.0000
0.0136	0.6988	0.1439	0.0000	0.0004	0.0815	0.0002	0.0595	0.0000	0.0000	0.0000	0.0021
0.0000	0.0000	0.0010	0.0000	0.0000	0.0000	0.2044	0.1511	0.0000	0.0021	0.0001	0.6414
0.0000	0.0000	0.0030	0.0000	0.0000	0.0000	0.6898	0.3045	0.0000	0.0000	0.0000	0.0027
0.0000	0.0000	0.0001	0.0000	0.0000	0.0000	0.9931	0.0022	0.0000	0.0000	0.0001	0.0045
0.0000	0.0000	0.0000	0.0000	0.0000	0.0000	0.0000	0.0000	0.0000	0.0000	0.0000	1.0000
0.0602	0.0000	0.0063	0.0000	0.0000	0.0000	0.8595	0.0036	0.0006	0.0207	0.0042	0.0449
0.1960	0.0000	0.0111	0.0000	0.0000	0.0000	0.7586	0.0002	0.0019	0.0196	0.0003	0.0122
0.4168	0.0000	0.0002	0.0003	0.0000	0.0000	0.5376	0.0005	0.0040	0.0098	0.0300	0.0008
0.0000	0.0000	0.0000	0.0000	0.0000	0.0000	0.0512	0.0000	0.0002	0.0001	0.0002	0.9482
0.0001	0.0511	0.7128	0.0000	0.0000	0.0077	0.0046	0.2235	0.0000	0.0000	0.0000	0.0001
0.0001	0.0010	0.7535	0.0000	0.0000	0.0034	0.0288	0.2098	0.0000	0.0000	0.0000	0.0033
0.0000	0.0000	0.0000	0.0000	0.0000	0.0000	0.0000	0.0000	0.0000	0.9999	0.0000	0.0001
0.0000	0.0000	0.0011	0.0000	0.0000	0.0000	0.0005	0.0003	0.0000	0.0136	0.0000	0.9845
0.0000	0.0000	0.0000	0.0000	0.0000	0.0000	0.0000	0.9999	0.0000	0.0000	0.0000	0.0001
0.0001	0.1698	0.8001	0.0000	0.0000	0.0001	0.0003	0.0265	0.0000	0.0000	0.0000	0.0030
0.0000	0.0001	0.0002	0.0000	0.0000	0.9998	0.0000	0.0000	0.0000	0.0000	0.0000	0.0000
0.0016	0.0000	0.0004	0.0000	0.0000	0.0010	0.0004	0.0010	0.0000	0.6089	0.0003	0.3864
0.0000	0.0000	0.0003	0.0000	0.0000	0.0000	0.9976	0.0017	0.0000	0.0000	0.0000	0.0004
0.0000	0.0000	0.0000	0.0000	0.0000	0.0000	0.0001	0.0000	0.9997	0.0001	0.0000	0.0000
0.0000	0.0000	0.0012	0.0000	0.0000	0.0000	0.9174	0.0685	0.0000	0.0000	0.0000	0.0128
0.0000	0.0000	0.0000	0.0000	0.0000	0.0000	0.0000	0.0000	0.0000	1.0000	0.0000	0.0000
0.0000	0.0000	0.9974	0.0000	0.0000	0.0000	0.0026	0.0001	0.0000	0.0000	0.0000	0.0000
0.1026	0.0000	0.0000	0.0000	0.0000	0.8967	0.0000	0.0000	0.0000	0.0006	0.0000	0.0000
0.0000	0.0000	0.1919	0.0000	0.0000	0.0000	0.8081	0.0000	0.0000	0.0000	0.0000	0.0000
0.0416	0.0000	0.0000	0.2594	0.0000	0.0000	0.0000	0.0000	0.0119	0.5747	0.1124	0.0000
0.0001	0.0000	0.0022	0.0000	0.0000	0.0000	0.0566	0.0143	0.0000	0.0289	0.0001	0.8978
0.0030	0.0000	0.0000	0.7301	0.0006	0.0001	0.0000	0.0000	0.0003	0.2557	0.0102	0.0000
0.0000	0.0000	0.0000	0.0000	0.0000	0.0000	0.9998	0.0000	0.0000	0.0000	0.0000	0.0002
0.0000	0.0000	0.0000	0.0000	0.0000	0.0000	0.0000	0.0000	0.0000	0.0000	1.0000	0.0000
0.0000	0.0000	0.0636	0.0000	0.0000	0.0000	0.0011	0.9354	0.0000	0.0000	0.0000	0.0000
0.0000	0.0000	0.0333	0.0000	0.0000	0.0000	0.0135	0.9023	0.0000	0.0000	0.0000	0.0510
0.0000	0.0000	0.0000	0.0000	0.0000	0.0000	0.0000	0.0000	0.0000	0.0000	0.0000	1.0000
0.0000	0.0000	0.0000	0.0000	0.0000	0.0000	0.0000	0.0000	0.0000	0.0000	0.0000	1.0000
0.0000	0.0000	0.0000	0.0000	0.0000	0.0000	0.0000	0.0000	0.0000	0.0000	0.0000	1.0000
0.0000	0.0000	1.0000	0.0000	0.0000	0.0000	0.0000	0.0000	0.0000	0.0000	0.0000	0.0000
0.0000	0.0000	1.0000	0.0000	0.0000	0.0000	0.0000	0.0000	0.0000	0.0000	0.0000	0.0000
0.0000	0.0000	1.0000	0.0000	0.0000	0.0000	0.0000	0.0000	0.0000	0.0000	0.0000	0.0000
0.0000	0.0000	0.9994	0.0000	0.0000	0.0000	0.0000	0.0000	0.0000	0.0000	0.0000	0.0006
0.0000	0.0000	0.0000	0.0000	0.0000	0.0000	0.0000	0.0000	0.0000	0.0000	0.0000	1.0000
0.0000	0.0000	0.9996	0.0000	0.0000	0.0000	0.0000	0.0000	0.0000	0.0000	0.0000	0.0004
0.0000	0.0000	0.9978	0.0000	0.0000	0.0000	0.0000	0.0000	0.0000	0.0000	0.0000	0.0022
0.0000	0.0000	0.0000	0.0000	0.0000	0.0000	0.0000	0.0000	0.0000	0.0000	0.0000	1.0000
0.0000	0.0000	0.0000	0.0000	0.0000	0.0000	0.0000	0.0000	0.0000	0.0000	0.0000	1.0000
0.0000	0.0000	0.0000	0.0000	0.0000	0.0000	0.0000	0.0000	0.0000	0.0000	0.0000	1.0000
0.0000	0.0000	0.9919	0.0000	0.0000	0.0000	0.0000	0.0000	0.0000	0.0000	0.0000	0.0081
0.0000	0.0000	1.0000	0.0000	0.0000	0.0000	0.0000	0.0000	0.0000	0.0000	0.0000	0.0000
0.0000	0.0000	0.9998	0.0000	0.0000	0.0000	0.0000	0.0000	0.0000	0.0000	0.0000	0.0002
0.0000	0.0000	1.0000	0.0000	0.0000	0.0000	0.0000	0.0000	0.0000	0.0000	0.0000	0.0000
0.0000	0.0000	0.0000	0.0000	0.0000	0.0000	0.0000	0.0000	0.0000	0.0000	0.0000	1.0000
0.0000	0.0000	1.0000	0.0000	0.0000	0.0000	0.0000	0.0000	0.0000	0.0000	0.0000	0.0000
0.0000	0.0000	1.0000	0.0000	0.0000	0.0000	0.0000	0.0000	0.0000	0.0000	0.0000	0.0000
0.0000	0.0000	0.0000	0.0000	0.0000	0.0000	0.0000	0.0000	1.0000	0.0000	0.0000	0.0000
0.0000	0.0000	0.0000	0.0000	0.0000	0.0000	1.0000	0.0000	0.0000	0.0000	0.0000	0.0000
0.0000	0.0000	0.0000	0.0000	0.0000	0.0000	0.0000	0.0000	1.0000	0.0000	0.0000	0.0000
0.0000	0.0000	0.0000	0.0000	0.0000	0.0000	0.0000	0.0000	1.0000	0.0000	0.0000	0.0000
0.0000	0.0000	0.0000	0.0000	0.0000	0.0000	1.0000	0.0000	0.0000	0.0000	0.0000	0.0000
0.0000	0.0000	0.0000	0.0000	0.0000	0.0000	0.0000	0.0000	1.0000	0.0000	0.0000	0.0000
0.0000	0.0000	0.0000	0.0000	0.0000	0.0000	0.0000	0.0000	1.0000	0.0000	0.0000	0.0000
0.0000	0.0000	0.9997	0.0000	0.0000	0.0000	0.0003	0.0000	0.0000	0.0000	0.0000	0.0000
0.0000	0.0000	0.9911	0.0000	0.0000	0.0000	0.0089	0.0000	0.0000	0.0000	0.0000	0.0000
0.0000	0.0000	0.0000	0.0000	0.0000	0.0000	1.0000	0.0000	0.0000	0.0000	0.0000	0.0000
0.0000	0.0000	0.0000	0.0000	0.0000	0.0000	1.0000	0.0000	0.0000	0.0000	0.0000	0.0000
0.0000	0.0000	0.0000	0.0000	0.0000	0.0000	0.0000	0.0000	1.0000	0.0000	0.0000	0.0000
0.0000	0.0000	0.0000	0.0000	0.0000	0.0000	0.0014	0.0000	0.9986	0.0000	0.0000	0.0000
0.0000	0.0000	0.0000	0.0000	0.0000	0.0000	0.0130	0.0000	0.9870	0.0000	0.0000	0.0000
0.0000	0.0000	0.9999	0.0000	0.0000	0.0000	0.0001	0.0000	0.0000	0.0000	0.0000	0.0000
0.0000	0.0000	0.0000	0.0000	0.0000	0.0000	1.0000	0.0000	0.0000	0.0000	0.0000	0.0000
0.0000	0.0000	0.0000	0.0000	0.0000	0.0000	0.0000	0.0000	1.0000	0.0000	0.0000	0.0000
0.0000	0.0000	1.0000	0.0000	0.0000	0.0000	0.0000	0.0000	0.0000	0.0000	0.0000	0.0000
0.0000	0.0000	0.0000	0.0000	0.0000	0.0000	1.0000	0.0000	0.0000	0.0000	0.0000	0.0000
0.0000	0.0000	0.0001	0.0000	0.0000	0.0000	0.9999	0.0000	0.0000	0.0000	0.0000	0.0000
0.0000	0.0000	0.0000	0.0000	0.0000	0.0000	1.0000	0.0000	0.0000	0.0000	0.0000	0.0000
0.0000	0.0000	0.0000	0.0000	0.0000	0.0000	0.0000	0.0000	1.0000	0.0000	0.0000	0.0000
0.0000	0.0000	0.9997	0.0000	0.0000	0.0000	0.0003	0.0000	0.0000	0.0000	0.0000	0.0000
0.0000	0.0000	0.0000	0.0000	0.0000	0.0000	1.0000	0.0000	0.0000	0.0000	0.0000	0.0000
0.0000	0.0000	0.0000	0.0000	0.0000	0.0000	0.0000	0.0000	1.0000	0.0000	0.0000	0.0000
0.0000	0.0000	0.0000	0.0000	0.0000	0.0000	0.0003	0.0000	0.9997	0.0000	0.0000	0.0000
0.0000	0.0000	0.0000	0.0000	0.0000	0.0000	1.0000	0.0000	0.0000	0.0000	0.0000	0.0000
