0.0000	0.0000	0.0000	0.0000	0.0000	0.0000	0.0091	0.0000	0.0000	0.0001	0.0002	0.9907
0.0000	0.0000	0.0000	0.0000	0.0000	0.0000	0.0000	0.0000	0.0994	0.9006	0.0000	0.0000
0.0000	0.0000	0.0000	0.0000	0.0000	0.0000	0.0000	0.0000	0.0002	0.9711	0.0002	0.0286
0.0001	0.0000	0.0000	0.0055	0.0001	0.0000	0.0001	0.0000	0.0000	0.9909	0.0020	0.0012
0.0000	0.0000	0.0000	0.0000	0.0000	0.0000	1.0000	0.0000	0.0000	0.0000	0.0000	0.0000
0.0000	0.0000	0.0000	0.0000	0.0000	0.0000	0.8390	0.0009	0.0000	0.0000	0.0000	0.1601
0.2299	0.0000	0.0000	0.0000	0.0000	0.7701	0.0000	0.0000	0.0000	0.0000	0.0000	0.0000
0.0000	0.0000	0.0000	0.0000	0.0000	0.0000	0.7829	0.0165	0.0000	0.0000	0.0000	0.2005
0.0595	0.0000	0.0000	0.0000	0.0000	0.0000	0.0001	0.0000	0.9398	0.0006	0.0000	0.0000
0.0000	0.0000	0.0718	0.0000	0.0000	0.0000	0.1646	0.7600	0.0000	0.0000	0.0000	0.0036
0.0634	0.0000	0.0000	0.0262	0.0007	0.0150	0.0005	0.0000	0.0006	0.8935	0.0001	0.0000
0.0000	0.0000	0.0000	0.0000	0.9997	0.0002	0.0000	0.0001	0.0000	0.0000	0.0000	0.0000
0.0000	0.0000	0.0032	0.0000	0.0000	0.0000	0.9961	0.0004	0.0000	0.0000	0.0000	0.0003
0.0721	0.0000	0.0000	0.0000	0.0000	0.0000	0.0002	0.0000	0.7339	0.1931	0.0006	0.0000
0.0000	0.0000	0.0000	0.0000	0.0000	0.0000	0.9164	0.0000	0.0001	0.0814	0.0000	0.0021
0.0000	0.0000	0.0000	0.0001	0.0000	0.0000	0.0000	0.0000	0.0000	0.9997	0.0001	0.0001
0.0000	0.0000	0.0000	0.0000	0.9995	0.0004	0.0000	0.0001	0.0000	0.0000	0.0000	0.0000
0.0000	0.5637	0.3600	0.0000	0.0000	0.0004	0.0006	0.0753	0.0000	0.0000	0.0000	0.0000
0.0000	0.0000	0.0000	0.0000	0.0000	0.0000	0.7421	0.0011	0.0000	0.0416	0.0000	0.2152
0.9366	0.0000	0.0000	0.0060	0.0000	0.0000	0.0000	0.0000	0.0136	0.0066	0.0371	0.0000
0.0000	0.0000	0.0004	0.0000	0.0000	0.0000	0.0025	0.9963	0.0000	0.0000	0.0000	0.0008
0.0000	0.0000	0.0000	0.0001	0.0000	0.0000	0.0000	0.0000	0.0000	0.9999	0.0000	0.0000
0.0000	0.9976	0.0003	0.0000	0.0000	0.0001	0.0000	0.0020	0.0000	0.0000	0.0000	0.0000
0.0000	0.0000	0.0000	0.0000	0.0000	0.0000	0.9455	0.0119	0.0000	0.0001	0.0000	0.0424
0.9560	0.0000	0.0000	0.0017	0.0000	0.0111	0.0000	0.0000	0.0000	0.0032	0.0280	0.0000
0.0002	0.0000	0.0000	0.0006	0.0283	0.0005	0.0137	0.0239	0.0000	0.5186	0.0029	0.4113
0.0000	0.0000	0.0000	0.0000	0.0000	0.0000	0.0000	0.0000	1.0000	0.0000	0.0000	0.0000
0.0000	0.0000	0.0000	0.0012	0.0000	0.0000	0.0000	0.0000	0.0004	0.9985	0.0000	0.0000
0.0260	0.0000	0.0000	0.0000	0.0000	0.9740	0.0000	0.0000	0.0000	0.0000	0.0000	0.0000
0.9981	0.0000	0.0000	0.0000	0.0000	0.0018	0.0000	0.0000	0.0000	0.0000	0.0001	0.0000
0.0000	0.0000	0.0000	0.0000	0.0000	0.0000	0.5422	0.0026	0.0000	0.2415	0.0000	0.2137
0.0001	0.0002	0.0034	0.0000	0.0062	0.0002	0.0181	0.9229	0.0000	0.0003	0.0001	0.0484
0.0000	0.0000	0.0000	0.0000	0.0000	0.0000	0.0000	0.0000	1.0000	0.0000	0.0000	0.0000
0.0000	0.2360	0.7637	0.0000	0.0000	0.0001	0.0000	0.0002	0.0000	0.0000	0.0000	0.0000
0.0000	0.0000	0.0000	0.9999	0.0000	0.0000	0.0000	0.0000	0.0000	0.0000	0.0000	0.0000
0.0000	0.0000	0.0000	0.0000	0.0000	0.0000	0.0000	0.0000	0.8977	0.1023	0.0000	0.0000
0.0000	0.8245	0.1752	0.0000	0.0000	0.0001	0.0000	0.0002	0.0000	0.0000	0.0000	0.0000
0.0000	0.7604	0.0408	0.0000	0.0001	0.0004	0.0002	0.1980	0.0000	0.0000	0.0000	0.0000
1.0000	0.0000	0.0000	0.0000	0.0000	0.0000	0.0000	0.0000	0.0000	0.0000	0.0000	0.0000
0.0001	0.0019	0.0003	0.0000	0.5469	0.0071	0.0002	0.4398	0.0000	0.0002	0.0000	0.0034
0.0000	0.0000	0.0000	0.0000	0.0000	0.0000	0.0000	0.0000	1.0000	0.0000	0.0000	0.0000
0.0000	0.9349	0.0625	0.0000	0.0000	0.0016	0.0000	0.0009	0.0000	0.0000	0.0000	0.0000
0.0003	0.0000	0.0000	0.6042	0.0000	0.0000	0.0000	0.0000	0.0003	0.3942	0.0010	0.0000
0.0000	0.0000	0.0000	0.0000	0.0000	0.0000	0.0000	0.0000	0.0000	0.0000	1.0000	0.0000
0.0001	0.0002	0.0001	0.0000	0.0002	0.9994	0.0000	0.0000	0.0000	0.0000	0.0000	0.0000
0.0000	0.7510	0.0160	0.0000	0.0012	0.0023	0.0001	0.2292	0.0000	0.0000	0.0000	0.0002
0.0005	0.2047	0.0058	0.0000	0.3426	0.1105	0.0002	0.3317	0.0000	0.0001	0.0000	0.0039
0.0000	0.0000	0.0000	0.0000	0.0000	0.0000	0.0000	0.0000	0.0000	0.0000	0.0167	0.9832
0.0000	0.0000	0.0000	0.0000	0.0000	0.0000	0.9598	0.0000	0.0000	0.0000	0.0000	0.0402
0.0000	0.0000	0.0000	0.0000	0.0000	0.0000	0.0000	0.0000	0.4792	0.5208	0.0000	0.0000
0.0000	0.0000	0.0000	0.0000	0.0000	0.0000	0.0000	0.0000	0.0002	0.9856	0.0003	0.0140
0.0000	0.0000	0.0000	0.0000	0.0000	0.0000	0.8337	0.1599	0.0000	0.0000	0.0000	0.0064
0.0046	0.0000	0.0000	0.0002	0.0016	0.0017	0.0313	0.0019	0.0002	0.8030	0.0031	0.1525
0.0000	0.0000	0.0000	0.0000	0.0000	0.0000	0.0000	0.0000	0.0000	0.0000	1.0000	0.0000
0.0000	0.9400	0.0591	0.0000	0.0000	0.0001	0.0000	0.0008	0.0000	0.0000	0.0000	0.0000
0.0003	0.8257	0.1626	0.0000	0.0001	0.0028	0.0003	0.0066	0.0000	0.0000	0.0000	0.0017
0.0000	0.0000	0.0000	0.0000	0.0000	0.0000	0.6919	0.0216	0.0000	0.0002	0.0000	0.2863
0.0000	0.0000	0.0009	0.0000	0.0000	0.0000	0.8218	0.1767	0.0000	0.0000	0.0000	0.0007
0.0000	0.0000	0.0000	0.0000	0.0000	0.0000	0.9999	0.0001	0.0000	0.0000	0.0000	0.0000
0.0000	0.0000	0.0000	0.0000	0.0000	0.0000	0.0000	0.0000	0.0000	0.0000	0.0000	1.0000
0.0010	0.0000	0.0000	0.0000	0.0000	0.0000	0.8405	0.0000	0.0029	0.1547	0.0000	0.0007
0.0016	0.0000	0.0000	0.0000	0.0000	0.0000	0.9453	0.0000	0.0188	0.0343	0.0000	0.0000
0.0604	0.0000	0.0000	0.0005	0.0000	0.0000	0.3278	0.0000	0.0305	0.5755	0.0047	0.0006
0.0000	0.0000	0.0000	0.0000	0.0000	0.0000	0.0000	0.0000	0.0000	0.0000	0.0000	0.9999
0.0000	0.0318	0.9348	0.0000	0.0000	0.0001	0.0040	0.0292	0.0000	0.0000	0.0000	0.0001
0.0000	0.0015	0.8892	0.0000	0.0000	0.0006	0.0335	0.0725	0.0000	0.0000	0.0000	0.0027
0.0000	0.0000	0.0000	0.0000	0.0000	0.0000	0.0000	0.0000	0.0000	1.0000	0.0000	0.0000
0.0017	0.0000	0.0000	0.0001	0.0015	0.0015	0.0109	0.0004	0.0001	0.6992	0.0020	0.2827
0.0000	0.0000	0.0000	0.0001	0.6620	0.0000	0.0001	0.3284	0.0000	0.0003	0.0001	0.0090
0.0005	0.8583	0.1318	0.0000	0.0005	0.0048	0.0003	0.0027	0.0000	0.0000	0.0000	0.0011
0.0001	0.0003	0.0007	0.0000	0.0000	0.9989	0.0000	0.0000	0.0000	0.0000	0.0000	0.0000
0.0023	0.0000	0.0000	0.0133	0.0001	0.0002	0.0000	0.0000	0.0002	0.9799	0.0035	0.0005
0.0000	0.0000	0.0000	0.0000	0.0000	0.0000	1.0000	0.0000	0.0000	0.0000	0.0000	0.0000
0.0000	0.0000	0.0000	0.0000	0.0000	0.0000	0.0000	0.0000	1.0000	0.0000	0.0000	0.0000
0.0000	0.0000	0.0000	0.0000	0.0000	0.0000	0.9999	0.0000	0.0000	0.0000	0.0000	0.0001
0.0000	0.0000	0.0000	0.0004	0.0000	0.0000	0.0000	0.0000	0.0000	0.9996	0.0000	0.0000
0.0000	0.0000	0.9843	0.0000	0.0000	0.0000	0.0157	0.0000	0.0000	0.0000	0.0000	0.0000
0.1429	0.0000	0.0000	0.0000	0.0001	0.7742	0.0392	0.0000	0.0035	0.0402	0.0000	0.0000
0.0000	0.0000	0.0000	0.0000	0.0000	0.0000	1.0000	0.0000	0.0000	0.0000	0.0000	0.0000
0.3343	0.0000	0.0000	0.1561	0.0000	0.0000	0.0000	0.0000	0.1031	0.4060	0.0005	0.0000
0.0002	0.0000	0.0000	0.0001	0.0021	0.0002	0.1665	0.0206	0.0000	0.5513	0.0003	0.2587
0.0011	0.0000	0.0000	0.9692	0.0000	0.0000	0.0000	0.0000	0.0000	0.0273	0.0023	0.0000
0.0000	0.0000	0.0000	0.0000	0.0000	0.0000	0.9977	0.0000	0.0000	0.0022	0.0000	0.0000
0.0000	0.0000	0.0000	0.0001	0.0000	0.0000	0.0000	0.0000	0.0000	0.0000	0.9999	0.0000
0.0000	0.1641	0.8219	0.0000	0.0000	0.0000	0.0000	0.0139	0.0000	0.0000	0.0000	0.0000
0.0000	0.0000	0.0043	0.0000	0.0000	0.0000	0.0125	0.9774	0.0000	0.0000	0.0000	0.0058
0.0000	0.0000	0.0000	0.0000	0.0000	0.0000	0.0000	0.0000	0.0009	0.9042	0.0000	0.0949
0.0000	0.0000	0.0000	0.0000	0.0000	0.0000	0.0000	0.0000	0.0000	0.0000	0.0000	1.0000
0.0000	0.0000	0.0000	0.0000	0.0000	0.0000	0.0000	0.0000	0.0000	0.0114	0.0001	0.9884
0.0000	0.0030	0.9970	0.0000	0.0000	0.0000	0.0000	0.0000	0.0000	0.0000	0.0000	0.0000
0.0000	0.0004	0.9996	0.0000	0.0000	0.0000	0.0000	0.0000	0.0000	0.0000	0.0000	0.0000
0.0000	0.0000	1.0000	0.0000	0.0000	0.0000	0.0000	0.0000	0.0000	0.0000	0.0000	0.0000
0.0000	0.0000	1.0000	0.0000	0.0000	0.0000	0.0000	0.0000	0.0000	0.0000	0.0000	0.0000
0.0000	0.0000	0.0000	0.0000	0.0000	0.0000	0.0000	0.0000	0.0000	0.0129	0.0001	0.9870
0.0000	0.0000	0.9999	0.0000	0.0000	0.0000	0.0001	0.0000	0.0000	0.0000	0.0000	0.0000
0.0000	0.0000	1.0000	0.0000	0.0000	0.0000	0.0000	0.0000	0.0000	0.0000	0.0000	0.0000
0.0000	0.0000	0.0000	0.0000	0.0000	0.0000	0.0000	0.0000	0.0000	0.0002	0.0000	0.9998
0.0000	0.0000	0.0000	0.0000	0.0000	0.0000	0.0000	0.0000	0.0000	0.0001	0.0000	0.9999
0.0000	0.0000	0.0000	0.0000	0.0000	0.0000	0.0000	0.0000	0.0000	0.0063	0.0000	0.9937
0.0000	0.0000	0.9916	0.0000	0.0000	0.0000	0.0001	0.0000	0.0000	0.0000	0.0000	0.0083
0.0000	0.0000	1.0000	0.0000	0.0000	0.0000	0.0000	0.0000	0.0000	0.0000	0.0000	0.0000
0.0000	0.0000	1.0000	0.0000	0.0000	0.0000	0.0000	0.0000	0.0000	0.0000	0.0000	0.0000
0.0000	0.0000	1.0000	0.0000	0.0000	0.0000	0.0000	0.0000	0.0000	0.0000	0.0000	0.0000
0.0000	0.0000	0.0000	0.0000	0.0000	0.0000	0.0000	0.0000	0.0001	0.0841	0.0000	0.9158
0.0000	0.0000	1.0000	0.0000	0.0000	0.0000	0.0000	0.0000	0.0000	0.0000	0.0000	0.0000
0.0000	0.0000	1.0000	0.0000	0.0000	0.0000	0.0000	0.0000	0.0000	0.0000	0.0000	0.0000
0.0000	0.0000	0.0000	0.0000	0.0000	0.0000	0.0000	0.0000	1.0000	0.0000	0.0000	0.0000
0.0000	0.0000	0.0000	0.0000	0.0000	0.0000	0.9973	0.0000	0.0027	0.0000	0.0000	0.0000
0.0000	0.0000	0.0000	0.0000	0.0000	0.0000	0.0000	0.0000	1.0000	0.0000	0.0000	0.0000
0.0000	0.0000	0.0000	0.0000	0.0000	0.0000	0.0000	0.0000	1.0000	0.0000	0.0000	0.0000
0.0000	0.0000	0.0000	0.0000	0.0000	0.0000	0.2645	0.0000	0.7355	0.0000	0.0000	0.0000
0.0000	0.0000	0.0000	0.0000	0.0000	0.0000	0.0000	0.0000	1.0000	0.0000	0.0000	0.0000
0.0000	0.0000	0.0000	0.0000	0.0000	0.0000	0.0000	0.0000	1.0000	0.0000	0.0000	0.0000
0.0000	0.0000	0.9999	0.0000	0.0000	0.0000	0.0001	0.0000	0.0000	0.0000	0.0000	0.0000
0.0000	0.0000	0.9997	0.0000	0.0000	0.0000	0.0003	0.0000	0.0000	0.0000	0.0000	0.0000
0.0000	0.0000	0.0000	0.0000	0.0000	0.0000	1.0000	0.0000	0.0000	0.0000	0.0000	0.0000
0.0000	0.0000	0.0000	0.0000	0.0000	0.0000	1.0000	0.0000	0.0000	0.0000	0.0000	0.0000
0.0000	0.0000	0.0000	0.0000	0.0000	0.0000	0.0000	0.0000	1.0000	0.0000	0.0000	0.0000
0.0000	0.0000	0.0000	0.0000	0.0000	0.0000	0.0000	0.0000	1.0000	0.0000	0.0000	0.0000
0.0000	0.0000	0.0000	0.0000	0.0000	0.0000	0.0000	0.0000	1.0000	0.0000	0.0000	0.0000
0.0000	0.0000	1.0000	0.0000	0.0000	0.0000	0.0000	0.0000	0.0000	0.0000	0.0000	0.0000
0.0000	0.0000	0.0000	0.0000	0.0000	0.0000	1.0000	0.0000	0.0000	0.0000	0.0000	0.0000
0.0000	0.0000	0.0000	0.0000	0.0000	0.0000	0.0000	0.0000	1.0000	0.0000	0.0000	0.0000
0.0000	0.0000	1.0000	0.0000	0.0000	0.0000	0.0000	0.0000	0.0000	0.0000	0.0000	0.0000
0.0000	0.0000	0.0000	0.0000	0.0000	0.0000	1.0000	0.0000	0.0000	0.0000	0.0000	0.0000
0.0000	0.0000	0.0000	0.0000	0.0000	0.0000	1.0000	0.0000	0.0000	0.0000	0.0000	0.0000
0.0000	0.0000	0.0000	0.0000	0.0000	0.0000	1.0000	0.0000	0.0000	0.0000	0.0000	0.0000
0.0000	0.0000	0.0000	0.0000	0.0000	0.0000	0.0000	0.0000	1.0000	0.0000	0.0000	0.0000
0.0000	0.0000	1.0000	0.0000	0.0000	0.0000	0.0000	0.0000	0.0000	0.0000	0.0000	0.0000
0.0000	0.0000	0.0000	0.0000	0.0000	0.0000	0.9541	0.0000	0.0459	0.0000	0.0000	0.0000
0.0000	0.0000	0.0000	0.0000	0.0000	0.0000	0.0000	0.0000	1.0000	0.0000	0.0000	0.0000
0.0000	0.0000	0.0000	0.0000	0.0000	0.0000	0.0000	0.0000	1.0000	0.0000	0.0000	0.0000
0.0000	0.0000	0.0000	0.0000	0.0000	0.0000	0.9565	0.0000	0.0435	0.0000	0.0000	0.0000
