0.0292	0.0000	0.0000	0.0000	0.0000	0.0000	0.0081	0.0000	0.8379	0.0969	0.0269	0.0011
0.0008	0.0000	0.0000	0.0004	0.0002	0.0000	0.0000	0.0000	0.0003	0.9597	0.0078	0.0306
0.0002	0.0000	0.0000	0.0000	0.0000	0.0000	0.0007	0.0001	0.0007	0.2488	0.0011	0.7485
0.0000	0.0000	0.0000	0.0000	0.0000	0.0000	0.0000	0.0000	0.9998	0.0002	0.0000	0.0000
0.0007	0.1639	0.3248	0.0000	0.0000	0.2319	0.1365	0.1418	0.0000	0.0000	0.0000	0.0004
0.0000	0.0000	0.0000	0.0000	0.0000	0.0000	0.9999	0.0001	0.0000	0.0000	0.0000	0.0000
0.0013	0.0000	0.0000	0.0003	0.0001	0.0000	0.0001	0.0000	0.0049	0.9746	0.0095	0.0093
0.2218	0.0000	0.0000	0.0000	0.0000	0.0002	0.5453	0.0010	0.2218	0.0063	0.0031	0.0004
0.6417	0.0001	0.0103	0.0000	0.0000	0.0049	0.2995	0.0088	0.0322	0.0000	0.0002	0.0023
0.8894	0.0003	0.0074	0.0000	0.0000	0.0358	0.0536	0.0059	0.0073	0.0000	0.0001	0.0001
0.0039	0.0000	0.0002	0.0000	0.0000	0.0001	0.9847	0.0084	0.0012	0.0001	0.0000	0.0014
0.9013	0.0000	0.0002	0.0000	0.0000	0.0008	0.0327	0.0020	0.0619	0.0003	0.0002	0.0008
0.0004	0.0000	0.0000	0.0000	0.0000	0.0000	0.0001	0.0000	0.0028	0.9330	0.0006	0.0630
0.0000	0.0000	0.0000	0.0001	0.9990	0.0000	0.0000	0.0000	0.0000	0.0000	0.0009	0.0000
0.0000	0.5774	0.4015	0.0000	0.0000	0.0180	0.0008	0.0020	0.0000	0.0000	0.0000	0.0001
0.0029	0.0106	0.0162	0.0000	0.0001	0.9682	0.0011	0.0006	0.0000	0.0000	0.0000	0.0000
0.9127	0.0000	0.0000	0.0001	0.0000	0.0002	0.0001	0.0000	0.0748	0.0029	0.0091	0.0000
0.0001	0.0000	0.0000	0.0418	0.0006	0.0000	0.0000	0.0000	0.0000	0.0001	0.9573	0.0000
0.0069	0.1247	0.0640	0.0002	0.0001	0.4672	0.0212	0.3147	0.0000	0.0001	0.0000	0.0008
0.0004	0.0035	0.0986	0.0000	0.0000	0.0057	0.8850	0.0046	0.0002	0.0000	0.0001	0.0019
0.0000	0.0000	0.0000	0.0000	0.0000	0.0000	0.0000	0.0000	1.0000	0.0000	0.0000	0.0000
0.0000	0.0000	0.0002	0.0000	0.0000	0.0000	0.3677	0.6208	0.0000	0.0000	0.0000	0.0112
0.0002	0.0000	0.0000	0.0009	0.0000	0.0000	0.0000	0.0000	0.0008	0.9941	0.0013	0.0026
0.0001	0.2701	0.2274	0.0000	0.0001	0.5003	0.0014	0.0006	0.0000	0.0000	0.0000	0.0000
0.8090	0.0000	0.0000	0.0056	0.0000	0.1838	0.0000	0.0000	0.0002	0.0005	0.0009	0.0000
0.0010	0.0000	0.0000	0.0000	0.0000	0.0000	0.7538	0.0572	0.0015	0.0125	0.0000	0.1740
0.9981	0.0000	0.0000	0.0000	0.0000	0.0001	0.0000	0.0000	0.0017	0.0000	0.0001	0.0000
0.0012	0.0000	0.0000	0.0008	0.0001	0.0001	0.0137	0.0149	0.0011	0.6007	0.0014	0.3661
0.0332	0.0001	0.0003	0.0072	0.0014	0.0093	0.0292	0.0901	0.0071	0.5617	0.0083	0.2520
0.0005	0.0000	0.0000	0.0000	0.0000	0.0000	0.0000	0.0000	0.9994	0.0000	0.0000	0.0000
0.0000	0.4199	0.4080	0.0000	0.0000	0.1689	0.0024	0.0008	0.0000	0.0000	0.0000	0.0000
0.0000	0.0000	0.0000	0.0000	0.0000	0.0000	0.0468	0.9522	0.0000	0.0000	0.0000	0.0009
0.0000	0.0000	0.0000	0.0000	0.0000	0.0000	0.0000	0.0000	0.0008	0.9992	0.0000	0.0001
0.0000	0.0000	0.0000	0.0000	0.0000	0.0000	0.0209	0.9790	0.0000	0.0000	0.0000	0.0001
0.0042	0.0099	0.0572	0.0008	0.0051	0.0093	0.4343	0.1210	0.0013	0.0059	0.0058	0.3454
0.0000	0.0000	0.0000	0.0000	0.0000	0.0000	0.0000	0.0000	1.0000	0.0000	0.0000	0.0000
0.0001	0.3085	0.4687	0.0000	0.0001	0.2085	0.0121	0.0018	0.0000	0.0000	0.0000	0.0001
0.0010	0.0000	0.0007	0.0000	0.0000	0.0001	0.9946	0.0004	0.0012	0.0001	0.0002	0.0017
0.0015	0.0192	0.0248	0.0000	0.0001	0.9524	0.0012	0.0006	0.0000	0.0000	0.0000	0.0000
0.0987	0.0000	0.0000	0.0000	0.0000	0.0000	0.0000	0.0000	0.0122	0.8811	0.0066	0.0015
0.0000	0.0000	0.0000	0.0000	0.0000	0.0000	0.0000	0.0000	0.9999	0.0001	0.0000	0.0000
0.0000	0.3864	0.3283	0.0000	0.0000	0.2812	0.0027	0.0013	0.0000	0.0000	0.0000	0.0000
0.0067	0.0249	0.0110	0.0004	0.0002	0.8725	0.0036	0.0790	0.0000	0.0004	0.0001	0.0011
0.0006	0.0000	0.0000	0.0001	0.0000	0.0000	0.0180	0.0313	0.0003	0.0923	0.0004	0.8569
0.9403	0.0000	0.0000	0.0000	0.0000	0.0585	0.0000	0.0000	0.0011	0.0000	0.0000	0.0000
0.0738	0.0000	0.0000	0.0000	0.0000	0.0000	0.0003	0.0000	0.9254	0.0005	0.0000	0.0000
0.0001	0.0001	0.0009	0.0000	0.0000	0.0001	0.4547	0.5032	0.0000	0.0001	0.0000	0.0410
0.0001	0.0000	0.0000	0.0001	0.0000	0.0000	0.0000	0.0000	0.0001	0.9981	0.0002	0.0015
0.0000	0.0000	0.0000	0.0001	0.9950	0.0000	0.0000	0.0000	0.0000	0.0007	0.0036	0.0006
0.1856	0.0000	0.0000	0.0079	0.0007	0.0023	0.0013	0.0001	0.0335	0.4766	0.2888	0.0033
0.0000	0.0438	0.0332	0.0000	0.0000	0.9227	0.0001	0.0002	0.0000	0.0000	0.0000	0.0000
0.0000	0.3987	0.3476	0.0000	0.0000	0.2520	0.0012	0.0004	0.0000	0.0000	0.0000	0.0000
0.0000	0.0000	0.0006	0.0000	0.0000	0.0000	0.9956	0.0028	0.0000	0.0000	0.0000	0.0009
0.0006	0.2240	0.7059	0.0000	0.0001	0.0273	0.0181	0.0220	0.0000	0.0000	0.0000	0.0020
0.0042	0.0000	0.0008	0.0000	0.0000	0.0002	0.9591	0.0350	0.0002	0.0000	0.0000	0.0005
0.6600	0.0000	0.0000	0.0000	0.0000	0.0000	0.0601	0.0000	0.2707	0.0086	0.0006	0.0000
0.0000	0.0000	0.0000	0.0000	0.0000	0.0000	0.0032	0.0000	0.0000	0.0000	0.0005	0.9962
0.0002	0.0000	0.0000	0.1661	0.0003	0.0000	0.0000	0.0000	0.0000	0.0000	0.8334	0.0000
0.0003	0.1442	0.5987	0.0000	0.0002	0.0433	0.1939	0.0154	0.0001	0.0000	0.0001	0.0037
0.0000	0.0000	0.0000	0.0000	0.0000	0.0000	0.0000	0.0000	0.0002	0.9979	0.0017	0.0003
0.0070	0.0034	0.0050	0.0003	0.0001	0.9803	0.0018	0.0015	0.0002	0.0002	0.0002	0.0000
0.0095	0.0041	0.0089	0.0001	0.0001	0.9630	0.0093	0.0041	0.0005	0.0002	0.0001	0.0002
0.0001	0.0004	0.0342	0.0000	0.0001	0.0001	0.8011	0.0027	0.0002	0.0001	0.0007	0.1603
0.0000	0.0000	0.0001	0.0000	0.0000	0.0000	0.9986	0.0000	0.0000	0.0000	0.0000	0.0012
0.0069	0.0000	0.0000	0.0001	0.0000	0.0000	0.0070	0.0000	0.2363	0.7238	0.0022	0.0237
0.0000	0.0000	0.0000	0.0000	0.0000	0.0000	0.0000	0.0000	0.0000	0.0000	1.0000	0.0000
0.0005	0.0415	0.5861	0.0000	0.0006	0.0127	0.3372	0.0049	0.0002	0.0000	0.0005	0.0158
0.0021	0.0002	0.0018	0.0000	0.0000	0.0032	0.6946	0.2936	0.0003	0.0003	0.0000	0.0038
0.0046	0.0000	0.0000	0.0000	0.0000	0.0000	0.0000	0.0000	0.9941	0.0013	0.0000	0.0000
0.0001	0.0072	0.0195	0.0000	0.0000	0.0023	0.1925	0.7701	0.0000	0.0000	0.0000	0.0083
0.0000	0.1832	0.5227	0.0000	0.0000	0.2888	0.0047	0.0005	0.0000	0.0000	0.0000	0.0000
1.0000	0.0000	0.0000	0.0000	0.0000	0.0000	0.0000	0.0000	0.0000	0.0000	0.0000	0.0000
0.0000	0.0000	0.0000	0.0000	0.0000	0.0000	0.0000	0.0000	1.0000	0.0000	0.0000	0.0000
0.0000	0.0000	0.0000	0.0000	0.0000	0.0000	0.0000	0.0000	1.0000	0.0000	0.0000	0.0000
0.4190	0.0000	0.0000	0.0388	0.0004	0.0011	0.0001	0.0000	0.0101	0.4214	0.1085	0.0007
0.0002	0.0000	0.0000	0.0000	0.0000	0.0000	0.0000	0.0000	0.0012	0.9921	0.0002	0.0062
0.0001	0.3221	0.4331	0.0000	0.0000	0.2273	0.0124	0.0050	0.0000	0.0000	0.0000	0.0001
0.0000	0.0000	0.0000	0.0000	0.0000	0.0000	0.0000	0.0000	0.0000	0.0000	0.0000	1.0000
0.0000	0.0000	0.0000	0.0000	0.0000	0.0000	0.0000	0.0000	0.0000	0.0069	0.0000	0.9931
0.0000	0.0000	1.0000	0.0000	0.0000	0.0000	0.0000	0.0000	0.0000	0.0000	0.0000	0.0000
0.0000	0.0000	0.0000	0.0000	0.0000	0.0000	0.0000	0.0000	0.0000	0.0000	0.0000	1.0000
0.0000	0.0000	0.0000	0.0000	0.0000	0.0000	0.0000	0.0000	0.0000	0.0000	0.0000	1.0000
0.0000	0.0000	0.0000	0.0000	0.0000	0.0000	0.0000	0.0000	0.0000	0.0000	0.0000	1.0000
0.0000	0.0000	0.0000	0.0000	0.0000	0.0000	0.0000	0.0000	0.0000	0.0000	0.0000	1.0000
0.0000	0.0000	0.0000	0.0000	0.0000	0.0000	0.0000	0.0000	0.0000	0.0000	0.0000	1.0000
0.0000	0.0000	0.0000	0.0000	0.0000	0.0000	0.0000	0.0000	0.0000	0.0000	0.0000	1.0000
0.0000	0.0000	1.0000	0.0000	0.0000	0.0000	0.0000	0.0000	0.0000	0.0000	0.0000	0.0000
0.0000	0.0000	0.0000	0.0000	0.0000	0.0000	0.0000	0.0000	0.0000	0.0000	0.0000	1.0000
0.0000	0.0000	1.0000	0.0000	0.0000	0.0000	0.0000	0.0000	0.0000	0.0000	0.0000	0.0000
0.0000	0.0000	0.0000	0.0000	0.0000	0.0000	0.0000	0.0000	0.0000	0.0001	0.0000	0.9999
0.0000	0.0000	0.0000	0.0000	0.0000	0.0000	0.0000	0.0000	0.0000	0.0000	0.0000	1.0000
0.0000	0.0005	0.9994	0.0000	0.0000	0.0000	0.0000	0.0000	0.0000	0.0000	0.0000	0.0000
0.0000	0.0000	0.0000	0.0000	0.0000	0.0000	0.0000	0.0000	0.0000	0.0000	0.0000	1.0000
0.0000	0.0000	0.0000	0.0000	0.0000	0.0000	0.0000	0.0000	0.0000	0.0000	0.0000	1.0000
0.0000	0.0000	1.0000	0.0000	0.0000	0.0000	0.0000	0.0000	0.0000	0.0000	0.0000	0.0000
0.0000	0.0000	1.0000	0.0000	0.0000	0.0000	0.0000	0.0000	0.0000	0.0000	0.0000	0.0000
0.0000	0.0000	0.0000	0.0000	0.0000	0.0000	0.0000	0.0000	0.0000	0.0000	0.0000	1.0000
0.0000	0.0000	1.0000	0.0000	0.0000	0.0000	0.0000	0.0000	0.0000	0.0000	0.0000	0.0000
0.0000	0.0000	1.0000	0.0000	0.0000	0.0000	0.0000	0.0000	0.0000	0.0000	0.0000	0.0000
0.0000	0.0000	1.0000	0.0000	0.0000	0.0000	0.0000	0.0000	0.0000	0.0000	0.0000	0.0000
0.0000	0.0000	0.0000	0.0000	0.0000	0.0000	0.0000	0.0000	1.0000	0.0000	0.0000	0.0000
0.0003	0.0000	0.0000	0.0000	0.0000	0.0000	0.9973	0.0000	0.0024	0.0000	0.0000	0.0000
0.0001	0.0000	0.0000	0.0000	0.0000	0.0000	0.9990	0.0008	0.0000	0.0000	0.0000	0.0000
0.0000	0.0000	0.0000	0.0000	0.0000	0.0000	0.0000	0.0000	1.0000	0.0000	0.0000	0.0000
0.0000	0.0000	0.0000	0.0000	0.0000	0.0000	0.9891	0.0000	0.0109	0.0000	0.0000	0.0000
0.0000	0.0000	0.0000	0.0000	0.0000	0.0000	0.0000	0.0000	1.0000	0.0000	0.0000	0.0000
0.0000	0.0000	1.0000	0.0000	0.0000	0.0000	0.0000	0.0000	0.0000	0.0000	0.0000	0.0000
0.0000	0.0000	0.0017	0.0000	0.0000	0.0000	0.9983	0.0000	0.0000	0.0000	0.0000	0.0000
0.0000	0.0000	0.0000	0.0000	0.0000	0.0000	0.0000	0.0000	1.0000	0.0000	0.0000	0.0000
0.0000	0.0000	0.0000	0.0000	0.0000	0.0000	1.0000	0.0000	0.0000	0.0000	0.0000	0.0000
0.0000	0.0000	0.0000	0.0000	0.0000	0.0000	0.0000	0.0000	1.0000	0.0000	0.0000	0.0000
0.0000	0.0007	0.9985	0.0000	0.0000	0.0002	0.0006	0.0000	0.0000	0.0000	0.0000	0.0000
0.0000	0.0000	0.0000	0.0000	0.0000	0.0000	0.0000	0.0000	1.0000	0.0000	0.0000	0.0000
0.0000	0.0000	0.0000	0.0000	0.0000	0.0000	1.0000	0.0000	0.0000	0.0000	0.0000	0.0000
0.0000	0.0000	0.0000	0.0000	0.0000	0.0000	1.0000	0.0000	0.0000	0.0000	0.0000	0.0000
0.0000	0.0000	0.0000	0.0000	0.0000	0.0000	1.0000	0.0000	0.0000	0.0000	0.0000	0.0000
0.0000	0.0000	0.0000	0.0000	0.0000	0.0000	0.0000	0.0000	1.0000	0.0000	0.0000	0.0000
0.0000	0.0011	0.9988	0.0000	0.0000	0.0000	0.0000	0.0000	0.0000	0.0000	0.0000	0.0000
0.0000	0.0000	0.1191	0.0000	0.0000	0.0005	0.8803	0.0000	0.0000	0.0000	0.0000	0.0000
0.0000	0.0000	0.0000	0.0000	0.0000	0.0000	0.0000	0.0000	1.0000	0.0000	0.0000	0.0000
0.0000	0.0000	0.0005	0.0000	0.0000	0.0000	0.9995	0.0000	0.0000	0.0000	0.0000	0.0000
0.0000	0.0000	0.0041	0.0000	0.0000	0.0000	0.9959	0.0000	0.0000	0.0000	0.0000	0.0000
0.0000	0.0000	0.0000	0.0000	0.0000	0.0000	0.0000	0.0000	1.0000	0.0000	0.0000	0.0000
0.0000	0.0001	0.8452	0.0000	0.0000	0.0000	0.1546	0.0000	0.0000	0.0000	0.0000	0.0000
0.0000	0.0000	0.0000	0.0000	0.0000	0.0000	1.0000	0.0000	0.0000	0.0000	0.0000	0.0000
0.0000	0.0000	0.0000	0.0000	0.0000	0.0000	0.0000	0.0000	1.0000	0.0000	0.0000	0.0000
0.0000	0.0008	0.9989	0.0000	0.0000	0.0001	0.0002	0.0000	0.0000	0.0000	0.0000	0.0000
0.0000	0.0000	0.0000	0.0000	0.0000	0.0000	0.9991	0.0000	0.0009	0.0000	0.0000	0.0000
0.0000	0.0000	0.0001	0.0000	0.0000	0.0000	0.9992	0.0007	0.0000	0.0000	0.0000	0.0000
0.0000	0.0000	0.0000	0.0000	0.0000	0.0000	0.0000	0.0000	1.0000	0.0000	0.0000	0.0000
0.0000	0.0000	0.0000	0.0000	0.0000	0.0000	0.9999	0.0000	0.0001	0.0000	0.0000	0.0000
0.0000	0.0000	0.0000	0.0000	0.0000	0.0000	0.0000	0.0000	1.0000	0.0000	0.0000	0.0000
0.0000	0.0075	0.9912	0.0000	0.0000	0.0012	0.0001	0.0000	0.0000	0.0000	0.0000	0.0000
