0.0057	0.0000	0.0000	0.0005	0.0000	0.0000	0.0001	0.0000	0.0179	0.9707	0.0050	0.0001
0.0000	0.0202	0.0116	0.0000	0.0000	0.0001	0.0101	0.9558	0.0000	0.0000	0.0000	0.0022
0.0059	0.0000	0.0000	0.0028	0.0000	0.0000	0.0000	0.0000	0.0007	0.9850	0.0038	0.0018
0.1067	0.0000	0.0000	0.0047	0.0004	0.0000	0.0004	0.0000	0.0013	0.6722	0.1841	0.0301
0.0000	0.0000	0.0000	0.0000	0.0000	0.0000	0.0002	0.9991	0.0000	0.0000	0.0000	0.0006
0.0008	0.0001	0.0020	0.0000	0.0000	0.0000	0.0799	0.0204	0.0000	0.0031	0.0002	0.8934
0.0000	0.4349	0.5044	0.0000	0.0000	0.0599	0.0004	0.0005	0.0000	0.0000	0.0000	0.0000
0.0000	0.0000	0.0000	0.0000	0.0000	0.0000	0.0005	0.9992	0.0000	0.0000	0.0000	0.0003
0.0333	0.0000	0.0000	0.0008	0.0000	0.0000	0.0000	0.0000	0.0012	0.9623	0.0012	0.0012
0.0000	0.0000	0.0000	0.0000	0.0000	0.0000	0.0000	0.0000	0.0000	0.9998	0.0000	0.0002
0.1020	0.0000	0.0000	0.0000	0.0000	0.0001	0.0019	0.0003	0.0000	0.0145	0.8427	0.0386
0.9974	0.0000	0.0000	0.0000	0.0000	0.0010	0.0002	0.0000	0.0003	0.0007	0.0002	0.0001
0.0001	0.0019	0.0024	0.0000	0.0000	0.0001	0.0344	0.9359	0.0000	0.0000	0.0000	0.0253
0.0001	0.5101	0.4450	0.0000	0.0000	0.0315	0.0024	0.0107	0.0000	0.0000	0.0000	0.0002
0.0002	0.0588	0.0259	0.0000	0.0000	0.0026	0.0521	0.8583	0.0000	0.0000	0.0000	0.0021
0.0001	0.0000	0.0000	0.0000	0.0000	0.0000	0.0053	0.0000	0.0000	0.0176	0.0005	0.9765
0.0002	0.0000	0.0000	0.0000	0.0000	0.0000	0.0017	0.0000	0.0000	0.0765	0.0006	0.9210
0.0018	0.0030	0.0061	0.0000	0.0000	0.0004	0.1520	0.7486	0.0000	0.0003	0.0009	0.0871
0.0015	0.1953	0.2953	0.0000	0.0001	0.0131	0.0784	0.4019	0.0000	0.0000	0.0001	0.0143
0.0015	0.3391	0.0940	0.0000	0.0000	0.0191	0.0150	0.5304	0.0000	0.0000	0.0001	0.0009
0.1182	0.0035	0.0094	0.0001	0.0002	0.8528	0.0145	0.0003	0.0004	0.0003	0.0003	0.0001
0.0129	0.0108	0.0781	0.0000	0.0002	0.0034	0.3327	0.2689	0.0000	0.0008	0.0024	0.2897
0.0063	0.1248	0.5136	0.0000	0.0002	0.0359	0.2219	0.0834	0.0000	0.0000	0.0002	0.0137
0.9962	0.0000	0.0000	0.0000	0.0000	0.0017	0.0001	0.0000	0.0003	0.0010	0.0008	0.0000
0.0000	0.0000	0.0000	0.0000	0.0000	0.0000	0.0000	0.0000	0.9999	0.0000	0.0000	0.0000
0.0029	0.2779	0.2115	0.0000	0.0001	0.0404	0.0226	0.4260	0.0000	0.0000	0.0002	0.0184
0.0000	0.0000	0.0000	0.0000	0.0000	0.0000	0.0002	0.9998	0.0000	0.0000	0.0000	0.0000
0.0010	0.0000	0.0000	0.0000	0.0087	0.0000	0.0000	0.0000	0.0000	0.0009	0.0583	0.9312
0.0049	0.3624	0.2874	0.0000	0.0003	0.2821	0.0155	0.0441	0.0000	0.0000	0.0001	0.0032
0.0000	0.0000	0.0000	0.0000	0.0000	0.0000	0.5808	0.4152	0.0000	0.0000	0.0000	0.0040
0.1468	0.0065	0.0277	0.0006	0.0051	0.0326	0.0956	0.0944	0.0003	0.0375	0.0745	0.4783
0.0000	0.4787	0.4660	0.0000	0.0000	0.0542	0.0004	0.0007	0.0000	0.0000	0.0000	0.0000
0.0000	0.0000	0.0000	1.0000	0.0000	0.0000	0.0000	0.0000	0.0000	0.0000	0.0000	0.0000
0.0060	0.0000	0.0000	0.0000	0.0000	0.0000	0.0000	0.0000	0.0000	0.0493	0.9379	0.0068
0.0000	0.0000	0.0000	0.0000	0.0000	0.0000	0.0096	0.9677	0.0000	0.0000	0.0000	0.0227
0.0274	0.0086	0.0406	0.0000	0.0013	0.0056	0.0912	0.2273	0.0000	0.0038	0.0114	0.5828
0.0000	0.0000	0.0000	0.0000	0.0000	0.0000	0.0000	0.0000	1.0000	0.0000	0.0000	0.0000
0.0002	0.3470	0.5657	0.0000	0.0000	0.0834	0.0024	0.0012	0.0000	0.0000	0.0000	0.0000
0.0255	0.0002	0.0044	0.0000	0.0000	0.0025	0.9583	0.0016	0.0008	0.0012	0.0004	0.0052
0.0320	0.0000	0.0000	0.4563	0.0007	0.0000	0.0000	0.0000	0.0021	0.5046	0.0037	0.0006
0.0141	0.0000	0.0000	0.0203	0.0001	0.0000	0.0000	0.0000	0.0007	0.9606	0.0028	0.0015
0.9997	0.0000	0.0000	0.0000	0.0000	0.0000	0.0000	0.0000	0.0000	0.0001	0.0001	0.0000
0.0023	0.0002	0.0021	0.0000	0.0000	0.0001	0.0379	0.2665	0.0000	0.0005	0.0005	0.6899
0.0351	0.0000	0.0000	0.0031	0.0000	0.0000	0.0002	0.0000	0.0343	0.8734	0.0539	0.0001
0.4758	0.0000	0.0010	0.0022	0.0048	0.0039	0.0052	0.0003	0.0025	0.1497	0.0515	0.3030
0.0347	0.0920	0.1560	0.0000	0.0004	0.7025	0.0056	0.0074	0.0000	0.0000	0.0002	0.0011
0.0020	0.0001	0.0012	0.0000	0.0000	0.0000	0.0135	0.1064	0.0000	0.0013	0.0016	0.8739
1.0000	0.0000	0.0000	0.0000	0.0000	0.0000	0.0000	0.0000	0.0000	0.0000	0.0000	0.0000
0.2256	0.0000	0.0000	0.0000	0.0000	0.0000	0.0000	0.0000	0.7741	0.0002	0.0000	0.0000
0.0001	0.0044	0.0303	0.0000	0.0000	0.0002	0.4024	0.5221	0.0000	0.0000	0.0000	0.0405
0.0046	0.0000	0.0000	0.0022	0.0001	0.0000	0.0001	0.0000	0.0003	0.9655	0.0067	0.0204
0.0000	0.0000	0.0000	0.0000	0.0000	0.0000	0.0000	0.0000	0.0000	0.9999	0.0000	0.0001
0.0001	0.4280	0.4830	0.0000	0.0000	0.0880	0.0005	0.0005	0.0000	0.0000	0.0000	0.0000
0.0002	0.0906	0.0752	0.0000	0.0000	0.8339	0.0001	0.0000	0.0000	0.0000	0.0000	0.0000
0.0000	0.4526	0.4576	0.0000	0.0000	0.0893	0.0003	0.0003	0.0000	0.0000	0.0000	0.0000
0.0000	0.0216	0.0027	0.0000	0.0000	0.0003	0.0076	0.9673	0.0000	0.0000	0.0000	0.0005
0.1095	0.0005	0.0007	0.0000	0.0000	0.0054	0.6656	0.1605	0.0000	0.0103	0.0221	0.0254
0.0000	0.0000	0.0000	0.0000	0.0000	0.0000	0.0000	0.0000	1.0000	0.0000	0.0000	0.0000
0.0600	0.1048	0.7272	0.0000	0.0009	0.0642	0.0123	0.0114	0.0000	0.0001	0.0001	0.0190
0.0312	0.0009	0.0026	0.0000	0.0000	0.0014	0.6966	0.2101	0.0000	0.0028	0.0026	0.0519
0.0183	0.0270	0.0395	0.0000	0.0001	0.0137	0.2133	0.6298	0.0000	0.0005	0.0022	0.0557
0.0000	0.0000	0.0000	0.0000	0.0000	0.0000	0.0001	0.0000	0.0000	0.0006	0.0000	0.9993
0.0306	0.0000	0.0000	0.0000	0.0000	0.0000	0.0000	0.0000	0.9690	0.0003	0.0000	0.0000
0.0013	0.0000	0.0000	0.0011	0.0000	0.0000	0.0000	0.0000	0.0000	0.7925	0.2031	0.0021
0.1437	0.0037	0.0133	0.0002	0.0002	0.7821	0.0539	0.0004	0.0013	0.0007	0.0004	0.0002
0.0020	0.0000	0.0007	0.0000	0.0001	0.0000	0.0131	0.0033	0.0000	0.0069	0.0003	0.9735
0.0010	0.0000	0.0000	0.0000	0.0000	0.0000	0.0009	0.0000	0.8667	0.1314	0.0000	0.0000
0.0000	0.0003	0.0003	0.0000	0.0000	0.0000	0.0016	0.7315	0.0000	0.0001	0.0004	0.2657
0.0178	0.0000	0.0000	0.0003	0.0371	0.0000	0.0000	0.0000	0.0000	0.0038	0.2154	0.7257
0.0033	0.1212	0.2708	0.0000	0.0001	0.6023	0.0012	0.0008	0.0000	0.0000	0.0000	0.0002
0.8715	0.0000	0.0000	0.0000	0.0000	0.0000	0.0000	0.0000	0.1284	0.0000	0.0000	0.0000
0.0000	0.0000	0.0000	0.0000	0.0000	0.0000	0.8319	0.0785	0.0000	0.0041	0.0019	0.0836
0.5848	0.0000	0.0000	0.0000	0.0000	0.0000	0.0000	0.0000	0.4101	0.0051	0.0000	0.0000
0.0001	0.3530	0.5795	0.0000	0.0000	0.0646	0.0009	0.0018	0.0000	0.0000	0.0000	0.0000
0.0048	0.0000	0.0003	0.0000	0.0000	0.0000	0.0144	0.0137	0.0000	0.0019	0.0016	0.9632
0.0002	0.2885	0.5701	0.0000	0.0000	0.1400	0.0007	0.0006	0.0000	0.0000	0.0000	0.0000
0.8205	0.0000	0.0000	0.0000	0.0000	0.1786	0.0002	0.0000	0.0005	0.0001	0.0001	0.0000
0.9681	0.0000	0.0000	0.0144	0.0000	0.0000	0.0000	0.0000	0.0057	0.0116	0.0002	0.0000
1.0000	0.0000	0.0000	0.0000	0.0000	0.0000	0.0000	0.0000	0.0000	0.0000	0.0000	0.0000
0.0026	0.0000	0.0012	0.0000	0.0000	0.0000	0.6227	0.0166	0.0000	0.0029	0.0002	0.3537
0.3390	0.0000	0.0000	0.2275	0.0034	0.0001	0.0000	0.0000	0.0093	0.3582	0.0589	0.0035
0.0127	0.0000	0.0000	0.0001	0.0000	0.0000	0.0165	0.0000	0.0006	0.8216	0.0095	0.1392
0.0000	0.4761	0.5064	0.0000	0.0000	0.0061	0.0023	0.0090	0.0000	0.0000	0.0000	0.0000
0.0000	0.1987	0.3664	0.0000	0.0000	0.0000	0.0006	0.4342	0.0000	0.0000	0.0000	0.0001
0.0002	0.0048	0.0446	0.0000	0.0000	0.0003	0.8464	0.0976	0.0000	0.0000	0.0000	0.0062
0.0000	0.0000	0.0000	0.0000	0.0000	0.0000	0.0000	0.0000	0.0000	0.0000	0.0000	1.0000
0.0000	0.0000	1.0000	0.0000	0.0000	0.0000	0.0000	0.0000	0.0000	0.0000	0.0000	0.0000
0.0000	0.0000	1.0000	0.0000	0.0000	0.0000	0.0000	0.0000	0.0000	0.0000	0.0000	0.0000
0.0000	0.0000	0.9980	0.0000	0.0000	0.0000	0.0000	0.0000	0.0000	0.0000	0.0000	0.0020
0.0000	0.0000	0.0000	0.0000	0.0000	0.0000	0.0000	0.0000	0.0000	0.0000	0.0000	1.0000
0.0000	0.0000	1.0000	0.0000	0.0000	0.0000	0.0000	0.0000	0.0000	0.0000	0.0000	0.0000
0.0000	0.0000	1.0000	0.0000	0.0000	0.0000	0.0000	0.0000	0.0000	0.0000	0.0000	0.0000
0.0000	0.0000	0.0000	0.0000	0.0000	0.0000	0.0000	0.0000	0.0000	0.0000	0.0000	1.0000
0.0000	0.0000	0.0000	0.0000	0.0000	0.0000	0.0000	0.0000	0.0000	0.0000	0.0000	1.0000
0.0000	0.0000	1.0000	0.0000	0.0000	0.0000	0.0000	0.0000	0.0000	0.0000	0.0000	0.0000
0.0000	0.0000	1.0000	0.0000	0.0000	0.0000	0.0000	0.0000	0.0000	0.0000	0.0000	0.0000
0.0000	0.0000	0.0000	0.0000	0.0000	0.0000	0.0000	0.0000	0.0000	0.0000	0.0000	1.0000
0.0000	0.0000	1.0000	0.0000	0.0000	0.0000	0.0000	0.0000	0.0000	0.0000	0.0000	0.0000
0.0000	0.0000	1.0000	0.0000	0.0000	0.0000	0.0000	0.0000	0.0000	0.0000	0.0000	0.0000
0.0000	0.0000	0.0000	0.0000	0.0000	0.0000	0.0000	0.0000	0.0000	0.0000	0.0000	1.0000
0.0000	0.0000	0.0000	0.0000	0.0000	0.0000	0.0000	0.0000	0.0000	0.0000	0.0000	1.0000
0.0000	0.0000	0.0000	0.0000	0.0000	0.0000	0.0000	0.0000	0.0000	0.0000	0.0000	1.0000
0.0000	0.0000	0.0000	0.0000	0.0000	0.0000	0.0000	0.0000	0.0000	0.0000	0.0000	1.0000
0.0000	0.0000	1.0000	0.0000	0.0000	0.0000	0.0000	0.0000	0.0000	0.0000	0.0000	0.0000
0.0000	0.0000	1.0000	0.0000	0.0000	0.0000	0.0000	0.0000	0.0000	0.0000	0.0000	0.0000
0.0000	0.0000	0.0000	0.0000	0.0000	0.0000	0.0000	0.0000	0.0000	0.0000	0.0000	1.0000
0.0000	0.0000	0.0000	0.0000	0.0000	0.0000	0.0000	0.0000	1.0000	0.0000	0.0000	0.0000
0.0000	0.0001	0.9999	0.0000	0.0000	0.0000	0.0000	0.0000	0.0000	0.0000	0.0000	0.0000
0.0000	0.0000	0.0000	0.0000	0.0000	0.0000	0.0000	0.0000	1.0000	0.0000	0.0000	0.0000
0.0034	0.0004	0.0063	0.0000	0.0000	0.0156	0.9734	0.0008	0.0000	0.0000	0.0000	0.0001
0.0024	0.0000	0.0000	0.0000	0.0000	0.0001	0.9966	0.0000	0.0000	0.0006	0.0002	0.0000
0.0000	0.0000	0.0000	0.0000	0.0000	0.0000	0.0000	0.0000	1.0000	0.0000	0.0000	0.0000
0.0000	0.0000	0.0000	0.0000	0.0000	0.0000	0.0000	0.0000	1.0000	0.0000	0.0000	0.0000
0.0000	0.0000	0.0000	0.0000	0.0000	0.0000	1.0000	0.0000	0.0000	0.0000	0.0000	0.0000
0.0000	0.0000	0.0000	0.0000	0.0000	0.0000	0.0000	0.0000	1.0000	0.0000	0.0000	0.0000
0.0000	0.0002	0.9996	0.0000	0.0000	0.0000	0.0002	0.0000	0.0000	0.0000	0.0000	0.0000
0.0000	0.0000	0.0000	0.0000	0.0000	0.0000	0.9997	0.0000	0.0000	0.0003	0.0000	0.0000
0.0000	0.0000	0.0000	0.0000	0.0000	0.0000	0.0000	0.0000	0.9999	0.0000	0.0000	0.0000
0.0000	0.0000	0.0000	0.0000	0.0000	0.0000	1.0000	0.0000	0.0000	0.0000	0.0000	0.0000
0.0000	0.0000	0.0002	0.0000	0.0000	0.0000	0.9997	0.0001	0.0000	0.0000	0.0000	0.0000
0.0000	0.0009	0.9954	0.0000	0.0000	0.0010	0.0026	0.0000	0.0000	0.0000	0.0000	0.0000
0.0000	0.0004	0.9989	0.0000	0.0000	0.0003	0.0004	0.0000	0.0000	0.0000	0.0000	0.0000
0.0000	0.0000	0.0000	0.0000	0.0000	0.0000	0.0000	0.0000	1.0000	0.0000	0.0000	0.0000
0.0000	0.0000	0.0009	0.0000	0.0000	0.0001	0.9988	0.0001	0.0000	0.0000	0.0000	0.0000
0.0000	0.0000	0.0000	0.0000	0.0000	0.0000	0.0000	0.0000	1.0000	0.0000	0.0000	0.0000
0.0000	0.0000	0.0000	0.0000	0.0000	0.0000	0.9999	0.0000	0.0001	0.0000	0.0000	0.0000
0.0002	0.0000	0.0000	0.0000	0.0000	0.0000	0.9972	0.0000	0.0025	0.0000	0.0000	0.0000
0.0000	0.0000	0.0000	0.0000	0.0000	0.0000	0.0000	0.0000	1.0000	0.0000	0.0000	0.0000
0.0000	0.0000	0.0000	0.0000	0.0000	0.0000	0.0000	0.0000	1.0000	0.0000	0.0000	0.0000
0.0000	0.0000	0.0000	0.0000	0.0000	0.0000	0.0000	0.0000	1.0000	0.0000	0.0000	0.0000
0.0000	0.0000	0.0000	0.0000	0.0000	0.0000	0.0000	0.0000	1.0000	0.0000	0.0000	0.0000
0.0000	0.0001	0.9999	0.0000	0.0000	0.0000	0.0000	0.0000	0.0000	0.0000	0.0000	0.0000
0.0007	0.0000	0.0006	0.0000	0.0000	0.0021	0.9966	0.0000	0.0000	0.0000	0.0000	0.0000
