0.0000	0.0000	0.0000	0.0000	0.0000	0.0000	0.0002	0.0000	0.8991	0.1007	0.0000	0.0000
0.0000	0.0003	0.0041	0.0000	0.0000	0.0000	0.0004	0.9952	0.0000	0.0000	0.0000	0.0001
0.0012	0.0000	0.0000	0.0110	0.0000	0.0000	0.0000	0.0000	0.0064	0.9810	0.0003	0.0000
0.0065	0.0000	0.0000	0.0011	0.0000	0.0000	0.0001	0.0000	0.0006	0.9646	0.0264	0.0007
0.0000	0.0000	0.0003	0.0000	0.0000	0.0000	0.0000	0.9989	0.0000	0.0000	0.0000	0.0008
0.0000	0.0000	0.0003	0.0000	0.0000	0.0000	0.5186	0.0036	0.0000	0.0001	0.0000	0.4774
0.0000	0.2639	0.7219	0.0000	0.0000	0.0137	0.0003	0.0001	0.0000	0.0000	0.0000	0.0000
0.0000	0.0000	0.0000	0.0000	0.0000	0.0000	0.0000	0.9963	0.0000	0.0000	0.0000	0.0037
0.1323	0.0000	0.0000	0.0278	0.0001	0.0000	0.0000	0.0000	0.0023	0.8327	0.0046	0.0002
0.0000	0.0000	0.0000	0.0000	0.0000	0.0000	0.0000	0.0000	0.0000	0.9992	0.0000	0.0008
0.0126	0.0000	0.0000	0.0000	0.0000	0.0000	0.0008	0.0000	0.0000	0.0027	0.9837	0.0002
0.9576	0.0000	0.0000	0.0000	0.0000	0.0036	0.0357	0.0000	0.0005	0.0015	0.0001	0.0011
0.0000	0.0000	0.0004	0.0000	0.0000	0.0000	0.0262	0.9257	0.0000	0.0000	0.0000	0.0477
0.0000	0.0572	0.8444	0.0000	0.0000	0.0012	0.0132	0.0838	0.0000	0.0000	0.0000	0.0001
0.0000	0.0001	0.0060	0.0000	0.0000	0.0001	0.0717	0.9212	0.0000	0.0000	0.0000	0.0009
0.0000	0.0000	0.0000	0.0000	0.0000	0.0000	0.0439	0.0000	0.0000	0.0211	0.0000	0.9350
0.0000	0.0000	0.0000	0.0000	0.0000	0.0000	0.0061	0.0000	0.0000	0.0426	0.0000	0.9512
0.0000	0.0000	0.0001	0.0000	0.0000	0.0000	0.0411	0.9419	0.0000	0.0000	0.0000	0.0169
0.0000	0.0008	0.0219	0.0000	0.0000	0.0001	0.0291	0.9463	0.0000	0.0000	0.0000	0.0018
0.0000	0.9265	0.0030	0.0000	0.0000	0.0032	0.0001	0.0671	0.0000	0.0000	0.0000	0.0000
0.0142	0.0000	0.0000	0.0000	0.0000	0.9551	0.0307	0.0000	0.0000	0.0000	0.0000	0.0000
0.0000	0.0000	0.0039	0.0000	0.0000	0.0000	0.8143	0.1169	0.0000	0.0000	0.0000	0.0649
0.0000	0.0000	0.0482	0.0000	0.0000	0.0003	0.9115	0.0387	0.0000	0.0000	0.0000	0.0013
0.9638	0.0000	0.0000	0.0010	0.0001	0.0344	0.0005	0.0000	0.0000	0.0001	0.0003	0.0000
0.0000	0.0000	0.0000	0.0000	0.0000	0.0000	0.0000	0.0000	0.9998	0.0002	0.0000	0.0000
0.0002	0.0026	0.0564	0.0000	0.0000	0.0055	0.1188	0.7912	0.0000	0.0000	0.0000	0.0252
0.0000	0.0000	0.0000	0.0000	0.0000	0.0000	0.0000	0.9999	0.0000	0.0000	0.0000	0.0000
0.0000	0.0000	0.0000	0.0000	0.0000	0.0000	0.0000	0.0000	0.0000	0.0000	0.0000	1.0000
0.0022	0.0231	0.0215	0.0000	0.0000	0.7753	0.1161	0.0596	0.0000	0.0000	0.0000	0.0021
0.0000	0.0000	0.0000	0.0000	0.0000	0.0000	0.9483	0.0062	0.0000	0.0001	0.0000	0.0454
0.0410	0.0000	0.0007	0.0000	0.0000	0.0033	0.7476	0.0758	0.0000	0.0014	0.0053	0.1248
0.0000	0.4671	0.5193	0.0000	0.0000	0.0132	0.0003	0.0002	0.0000	0.0000	0.0000	0.0000
0.0000	0.0000	0.0000	0.9999	0.0001	0.0000	0.0000	0.0000	0.0000	0.0000	0.0001	0.0000
0.0000	0.0000	0.0000	0.0000	0.0000	0.0000	0.0000	0.0000	0.0000	0.0016	0.9976	0.0007
0.0000	0.0000	0.0000	0.0000	0.0000	0.0000	0.7775	0.0701	0.0000	0.0000	0.0000	0.1524
0.0111	0.0000	0.0003	0.0000	0.0000	0.0006	0.4054	0.2104	0.0000	0.0032	0.0110	0.3579
0.0000	0.0000	0.0000	0.0000	0.0000	0.0000	0.0000	0.0000	1.0000	0.0000	0.0000	0.0000
0.0000	0.1984	0.6848	0.0000	0.0000	0.1061	0.0093	0.0014	0.0000	0.0000	0.0000	0.0000
0.0046	0.0000	0.0000	0.0000	0.0000	0.0028	0.9895	0.0016	0.0000	0.0001	0.0002	0.0012
0.0015	0.0000	0.0000	0.0908	0.0000	0.0000	0.0000	0.0000	0.0012	0.9047	0.0018	0.0000
0.0001	0.0000	0.0000	0.0008	0.0000	0.0000	0.0000	0.0000	0.0005	0.9985	0.0001	0.0000
0.9989	0.0000	0.0000	0.0000	0.0000	0.0000	0.0000	0.0000	0.0010	0.0000	0.0000	0.0000
0.0000	0.0000	0.0008	0.0000	0.0000	0.0000	0.3976	0.3479	0.0000	0.0000	0.0000	0.2536
0.0000	0.0000	0.0000	0.0000	0.0000	0.0000	0.0001	0.0000	0.9809	0.0189	0.0000	0.0000
0.1879	0.0000	0.0000	0.0000	0.0005	0.0001	0.1714	0.0001	0.0004	0.0751	0.0035	0.5610
0.0015	0.0029	0.0119	0.0000	0.0000	0.9522	0.0295	0.0019	0.0000	0.0000	0.0000	0.0000
0.0001	0.0000	0.0001	0.0000	0.0000	0.0000	0.0239	0.3425	0.0000	0.0001	0.0002	0.6331
1.0000	0.0000	0.0000	0.0000	0.0000	0.0000	0.0000	0.0000	0.0000	0.0000	0.0000	0.0000
0.0064	0.0000	0.0000	0.0000	0.0000	0.0000	0.0000	0.0000	0.9935	0.0000	0.0000	0.0000
0.0000	0.0000	0.0120	0.0000	0.0000	0.0000	0.8848	0.0952	0.0000	0.0000	0.0000	0.0080
0.0005	0.0000	0.0000	0.0003	0.0000	0.0000	0.0000	0.0000	0.0000	0.9782	0.0163	0.0047
0.0000	0.0000	0.0000	0.0000	0.0000	0.0000	0.0000	0.0000	0.0000	0.9998	0.0000	0.0002
0.0000	0.4293	0.5313	0.0000	0.0000	0.0390	0.0003	0.0001	0.0000	0.0000	0.0000	0.0000
0.0000	0.0016	0.0009	0.0000	0.0000	0.9975	0.0000	0.0000	0.0000	0.0000	0.0000	0.0000
0.0000	0.5150	0.4469	0.0000	0.0000	0.0380	0.0001	0.0000	0.0000	0.0000	0.0000	0.0000
0.0000	0.0273	0.0010	0.0000	0.0000	0.0002	0.0007	0.9703	0.0000	0.0000	0.0000	0.0006
0.0108	0.0000	0.0000	0.0000	0.0000	0.0000	0.9810	0.0029	0.0000	0.0012	0.0023	0.0017
0.0000	0.0000	0.0000	0.0000	0.0000	0.0000	0.0000	0.0000	1.0000	0.0000	0.0000	0.0000
0.0276	0.0128	0.4782	0.0000	0.0001	0.0398	0.0579	0.1307	0.0000	0.0001	0.0000	0.2528
0.0016	0.0000	0.0001	0.0000	0.0000	0.0000	0.8431	0.1029	0.0000	0.0004	0.0002	0.0517
0.0010	0.0000	0.0024	0.0000	0.0000	0.0007	0.3787	0.5939	0.0000	0.0000	0.0001	0.0233
0.0000	0.0000	0.0000	0.0000	0.0000	0.0000	0.0033	0.0000	0.0000	0.0005	0.0000	0.9962
0.0000	0.0000	0.0000	0.0000	0.0000	0.0000	0.0000	0.0000	0.9999	0.0000	0.0000	0.0000
0.0000	0.0000	0.0000	0.0001	0.0000	0.0000	0.0000	0.0000	0.0000	0.7551	0.2446	0.0002
0.0160	0.0000	0.0000	0.0000	0.0000	0.4808	0.5030	0.0000	0.0002	0.0000	0.0000	0.0000
0.0000	0.0000	0.0000	0.0000	0.0000	0.0000	0.1298	0.0005	0.0000	0.0025	0.0000	0.8672
0.0000	0.0000	0.0000	0.0000	0.0000	0.0000	0.0117	0.0000	0.8943	0.0940	0.0000	0.0000
0.0000	0.0000	0.0000	0.0000	0.0000	0.0000	0.0010	0.7723	0.0000	0.0000	0.0002	0.2265
0.0000	0.0000	0.0000	0.0000	0.0000	0.0000	0.0000	0.0000	0.0000	0.0006	0.0000	0.9994
0.0001	0.0027	0.0444	0.0000	0.0000	0.9413	0.0113	0.0001	0.0000	0.0000	0.0000	0.0000
0.0513	0.0000	0.0000	0.0000	0.0000	0.0000	0.0000	0.0000	0.9487	0.0000	0.0000	0.0000
0.0000	0.0000	0.0000	0.0000	0.0000	0.0000	0.2198	0.4586	0.0000	0.0031	0.2653	0.0533
0.0225	0.0000	0.0000	0.0000	0.0000	0.0000	0.0000	0.0000	0.9772	0.0002	0.0000	0.0000
0.0000	0.0394	0.9442	0.0000	0.0000	0.0137	0.0022	0.0004	0.0000	0.0000	0.0000	0.0000
0.0075	0.0000	0.0010	0.0000	0.0000	0.0001	0.5686	0.1163	0.0000	0.0001	0.0003	0.3061
0.0000	0.0444	0.7187	0.0000	0.0000	0.2340	0.0029	0.0001	0.0000	0.0000	0.0000	0.0000
0.4797	0.0000	0.0000	0.0000	0.0000	0.5038	0.0104	0.0000	0.0060	0.0000	0.0000	0.0000
0.7170	0.0000	0.0000	0.1711	0.0001	0.0000	0.0000	0.0000	0.0148	0.0951	0.0018	0.0000
0.9999	0.0000	0.0000	0.0000	0.0000	0.0000	0.0000	0.0000	0.0000	0.0000	0.0001	0.0000
0.0000	0.0000	0.0000	0.0000	0.0000	0.0000	0.9523	0.0001	0.0000	0.0003	0.0000	0.0473
0.0424	0.0000	0.0000	0.4083	0.0002	0.0000	0.0000	0.0000	0.0051	0.5192	0.0248	0.0000
0.0001	0.0000	0.0000	0.0000	0.0000	0.0000	0.4360	0.0000	0.0002	0.3879	0.0003	0.1756
0.0000	0.3028	0.6757	0.0000	0.0000	0.0001	0.0003	0.0212	0.0000	0.0000	0.0000	0.0000
0.0000	0.0000	0.9941	0.0000	0.0000	0.0000	0.0000	0.0059	0.0000	0.0000	0.0000	0.0000
0.0000	0.0000	0.0131	0.0000	0.0000	0.0000	0.8624	0.1217	0.0000	0.0000	0.0000	0.0028
0.0000	0.0000	0.0001	0.0000	0.0000	0.0000	0.0000	0.0000	0.0000	0.0000	0.0000	0.9999
0.0000	0.0000	1.0000	0.0000	0.0000	0.0000	0.0000	0.0000	0.0000	0.0000	0.0000	0.0000
0.0000	0.0000	1.0000	0.0000	0.0000	0.0000	0.0000	0.0000	0.0000	0.0000	0.0000	0.0000
0.0000	0.0000	0.9994	0.0000	0.0000	0.0000	0.0000	0.0000	0.0000	0.0000	0.0000	0.0006
0.0000	0.0000	0.0000	0.0000	0.0000	0.0000	0.0000	0.0000	0.0000	0.0000	0.0000	1.0000
0.0000	0.0000	1.0000	0.0000	0.0000	0.0000	0.0000	0.0000	0.0000	0.0000	0.0000	0.0000
0.0000	0.0000	1.0000	0.0000	0.0000	0.0000	0.0000	0.0000	0.0000	0.0000	0.0000	0.0000
0.0000	0.0000	0.0000	0.0000	0.0000	0.0000	0.0000	0.0000	0.0000	0.0000	0.0000	1.0000
0.0000	0.0000	0.0000	0.0000	0.0000	0.0000	0.0000	0.0000	0.0000	0.0000	0.0000	1.0000
0.0000	0.0000	1.0000	0.0000	0.0000	0.0000	0.0000	0.0000	0.0000	0.0000	0.0000	0.0000
0.0000	0.0000	1.0000	0.0000	0.0000	0.0000	0.0000	0.0000	0.0000	0.0000	0.0000	0.0000
0.0000	0.0000	0.0000	0.0000	0.0000	0.0000	0.0000	0.0000	0.0000	0.0000	0.0000	1.0000
0.0000	0.0000	1.0000	0.0000	0.0000	0.0000	0.0000	0.0000	0.0000	0.0000	0.0000	0.0000
0.0000	0.0000	1.0000	0.0000	0.0000	0.0000	0.0000	0.0000	0.0000	0.0000	0.0000	0.0000
0.0000	0.0000	0.0000	0.0000	0.0000	0.0000	0.0000	0.0000	0.0000	0.0000	0.0000	1.0000
0.0000	0.0000	0.0000	0.0000	0.0000	0.0000	0.0000	0.0000	0.0000	0.0000	0.0000	1.0000
0.0000	0.0000	0.0000	0.0000	0.0000	0.0000	0.0000	0.0000	0.0000	0.0000	0.0000	1.0000
0.0000	0.0000	0.0000	0.0000	0.0000	0.0000	0.0000	0.0000	0.0000	0.0000	0.0000	1.0000
0.0000	0.0000	1.0000	0.0000	0.0000	0.0000	0.0000	0.0000	0.0000	0.0000	0.0000	0.0000
0.0000	0.0000	1.0000	0.0000	0.0000	0.0000	0.0000	0.0000	0.0000	0.0000	0.0000	0.0000
0.0000	0.0000	0.0000	0.0000	0.0000	0.0000	0.0000	0.0000	0.0000	0.0000	0.0000	1.0000
0.0000	0.0000	0.0000	0.0000	0.0000	0.0000	0.0000	0.0000	1.0000	0.0000	0.0000	0.0000
0.0000	0.0000	1.0000	0.0000	0.0000	0.0000	0.0000	0.0000	0.0000	0.0000	0.0000	0.0000
0.0000	0.0000	0.0000	0.0000	0.0000	0.0000	0.0000	0.0000	1.0000	0.0000	0.0000	0.0000
0.0000	0.0000	0.0002	0.0000	0.0000	0.0062	0.9936	0.0000	0.0000	0.0000	0.0000	0.0000
0.0000	0.0000	0.0000	0.0000	0.0000	0.0000	1.0000	0.0000	0.0000	0.0000	0.0000	0.0000
0.0000	0.0000	0.0000	0.0000	0.0000	0.0000	0.0000	0.0000	1.0000	0.0000	0.0000	0.0000
0.0000	0.0000	0.0000	0.0000	0.0000	0.0000	0.0000	0.0000	1.0000	0.0000	0.0000	0.0000
0.0000	0.0000	0.0000	0.0000	0.0000	0.0000	1.0000	0.0000	0.0000	0.0000	0.0000	0.0000
0.0000	0.0000	0.0000	0.0000	0.0000	0.0000	0.0000	0.0000	1.0000	0.0000	0.0000	0.0000
0.0000	0.0000	0.9991	0.0000	0.0000	0.0002	0.0007	0.0000	0.0000	0.0000	0.0000	0.0000
0.0000	0.0000	0.0000	0.0000	0.0000	0.0000	1.0000	0.0000	0.0000	0.0000	0.0000	0.0000
0.0000	0.0000	0.0000	0.0000	0.0000	0.0000	0.0000	0.0000	1.0000	0.0000	0.0000	0.0000
0.0000	0.0000	0.0000	0.0000	0.0000	0.0000	0.9999	0.0000	0.0001	0.0000	0.0000	0.0000
0.0000	0.0000	0.0001	0.0000	0.0000	0.0005	0.9994	0.0000	0.0000	0.0000	0.0000	0.0000
0.0000	0.0000	0.8610	0.0000	0.0000	0.0053	0.1337	0.0000	0.0000	0.0000	0.0000	0.0000
0.0000	0.0000	0.9811	0.0000	0.0000	0.0003	0.0186	0.0000	0.0000	0.0000	0.0000	0.0000
0.0000	0.0000	0.0000	0.0000	0.0000	0.0000	0.0000	0.0000	1.0000	0.0000	0.0000	0.0000
0.0000	0.0000	0.0000	0.0000	0.0000	0.0000	1.0000	0.0000	0.0000	0.0000	0.0000	0.0000
0.0000	0.0000	0.0000	0.0000	0.0000	0.0000	0.0000	0.0000	1.0000	0.0000	0.0000	0.0000
0.0000	0.0000	0.0000	0.0000	0.0000	0.0000	1.0000	0.0000	0.0000	0.0000	0.0000	0.0000
0.0000	0.0000	0.0000	0.0000	0.0000	0.0000	1.0000	0.0000	0.0000	0.0000	0.0000	0.0000
0.0000	0.0000	0.0000	0.0000	0.0000	0.0000	0.0000	0.0000	1.0000	0.0000	0.0000	0.0000
0.0000	0.0000	0.0000	0.0000	0.0000	0.0000	0.0000	0.0000	1.0000	0.0000	0.0000	0.0000
0.0000	0.0000	0.0000	0.0000	0.0000	0.0000	0.0000	0.0000	1.0000	0.0000	0.0000	0.0000
0.0000	0.0000	0.0000	0.0000	0.0000	0.0000	0.0000	0.0000	1.0000	0.0000	0.0000	0.0000
0.0000	0.0000	1.0000	0.0000	0.0000	0.0000	0.0000	0.0000	0.0000	0.0000	0.0000	0.0000
0.0000	0.0000	0.0000	0.0000	0.0000	0.0005	0.9995	0.0000	0.0000	0.0000	0.0000	0.0000
