0.0235	0.0000	0.0000	0.0000	0.0000	0.0000	0.0121	0.0003	0.0039	0.3396	0.0000	0.6207
0.0000	0.0000	0.0000	0.0000	0.0000	0.0000	0.6001	0.0164	0.0001	0.0036	0.0000	0.3796
0.0001	0.0000	0.0001	0.0001	0.0000	0.0000	0.0536	0.0360	0.0000	0.0020	0.0000	0.9081
0.0916	0.0000	0.0000	0.0000	0.0000	0.0000	0.0001	0.0000	0.9081	0.0001	0.0000	0.0000
0.0000	0.4660	0.3669	0.0000	0.0000	0.1639	0.0024	0.0007	0.0000	0.0000	0.0000	0.0000
0.2197	0.0000	0.0000	0.0543	0.0001	0.0001	0.1401	0.0051	0.0769	0.0889	0.4126	0.0021
0.0000	0.0000	0.0018	0.0000	0.0000	0.0000	0.8671	0.1054	0.0000	0.0000	0.0000	0.0256
0.0000	0.0000	0.0000	0.0000	0.0000	0.0000	0.0000	0.0000	0.0000	0.0000	0.0000	1.0000
0.0000	0.0000	0.0000	0.0000	0.0000	0.0000	0.0000	0.0000	1.0000	0.0000	0.0000	0.0000
0.0052	0.0004	0.0054	0.0001	0.0000	0.0003	0.0698	0.8460	0.0000	0.0002	0.0000	0.0726
0.9986	0.0000	0.0000	0.0000	0.0000	0.0000	0.0000	0.0000	0.0014	0.0000	0.0000	0.0000
0.0002	0.4394	0.4530	0.0000	0.0001	0.0955	0.0017	0.0099	0.0000	0.0000	0.0000	0.0002
0.0003	0.0006	0.0059	0.0000	0.0000	0.0002	0.0061	0.7868	0.0000	0.0000	0.0000	0.2001
0.0001	0.0000	0.0004	0.0000	0.0000	0.0000	0.0024	0.0516	0.0000	0.0002	0.0000	0.9451
0.9682	0.0000	0.0000	0.0000	0.0000	0.0000	0.0000	0.0000	0.0098	0.0019	0.0201	0.0000
0.0000	0.0000	0.0000	0.0000	0.0000	0.0000	0.1694	0.0000	0.0001	0.0222	0.0000	0.8083
0.0000	0.0000	0.0000	0.0000	0.0000	0.0000	0.0756	0.0000	0.0004	0.2341	0.0000	0.6899
0.0002	0.0000	0.0000	0.0000	0.0000	0.0000	0.0000	0.0000	0.9997	0.0000	0.0000	0.0000
0.0002	0.1838	0.3924	0.0000	0.0000	0.0192	0.2957	0.1080	0.0000	0.0000	0.0000	0.0007
0.0005	0.0259	0.0830	0.0005	0.0000	0.0036	0.3574	0.5179	0.0000	0.0000	0.0000	0.0112
0.0006	0.5338	0.2754	0.0002	0.0002	0.0432	0.0299	0.1164	0.0000	0.0000	0.0000	0.0003
0.0038	0.0050	0.0084	0.0001	0.0002	0.9378	0.0427	0.0014	0.0001	0.0001	0.0000	0.0003
0.3325	0.0000	0.0000	0.0015	0.0003	0.0077	0.0063	0.0001	0.0447	0.5965	0.0035	0.0068
0.0935	0.0000	0.0000	0.0043	0.0004	0.0067	0.0073	0.0000	0.0242	0.8511	0.0045	0.0077
0.0000	0.0002	0.0006	0.0000	0.0000	0.0000	0.0961	0.9023	0.0000	0.0000	0.0000	0.0007
0.0000	0.0000	0.0000	0.0000	0.0000	0.0000	0.0000	0.0000	1.0000	0.0000	0.0000	0.0000
0.0037	0.0000	0.0000	0.0147	0.0001	0.0000	0.0000	0.0000	0.0001	0.9786	0.0027	0.0001
0.0000	0.0000	0.0001	0.0000	0.0000	0.0000	0.3777	0.6223	0.0000	0.0000	0.0000	0.0000
0.0004	0.0000	0.0000	0.0011	0.0000	0.0000	0.0001	0.0000	0.0004	0.9949	0.0002	0.0029
0.8349	0.0000	0.0000	0.0000	0.0002	0.0709	0.0000	0.0000	0.0001	0.0936	0.0000	0.0002
0.0000	0.0001	0.0007	0.0000	0.0000	0.0000	0.0256	0.9707	0.0000	0.0000	0.0000	0.0029
0.0002	0.0000	0.0000	0.0000	0.0000	0.0000	0.0000	0.0000	0.0129	0.9868	0.0000	0.0000
0.0000	0.0000	0.0000	0.0000	0.0000	0.0000	0.0000	0.0000	0.0001	0.9998	0.0001	0.0000
0.0000	0.5042	0.4438	0.0000	0.0000	0.0458	0.0037	0.0024	0.0000	0.0000	0.0000	0.0000
0.0014	0.2713	0.3055	0.0002	0.0010	0.3583	0.0376	0.0231	0.0000	0.0000	0.0000	0.0017
0.0000	0.0000	0.0000	0.0000	0.0000	0.0000	0.0088	0.9906	0.0000	0.0000	0.0000	0.0006
0.9999	0.0000	0.0000	0.0000	0.0000	0.0000	0.0000	0.0000	0.0000	0.0000	0.0000	0.0000
0.0008	0.0079	0.0148	0.0340	0.0002	0.0031	0.1839	0.6624	0.0000	0.0010	0.0001	0.0918
0.0000	0.0000	0.0000	0.0000	0.0000	0.0000	0.0000	0.0000	1.0000	0.0000	0.0000	0.0000
0.0000	0.5115	0.3602	0.0000	0.0001	0.1179	0.0078	0.0025	0.0000	0.0000	0.0000	0.0000
0.0000	0.0000	0.0000	0.0000	0.0000	0.0000	0.0038	0.9962	0.0000	0.0000	0.0000	0.0000
0.0000	0.0000	0.0000	0.0000	0.0000	0.0000	0.0000	0.0000	0.0000	0.0000	1.0000	0.0000
0.9920	0.0000	0.0000	0.0000	0.0000	0.0012	0.0002	0.0000	0.0065	0.0000	0.0000	0.0000
0.0025	0.0000	0.0000	0.0001	0.0000	0.0000	0.8492	0.0345	0.0016	0.0052	0.0000	0.1070
0.0001	0.3788	0.3311	0.0000	0.0001	0.2863	0.0026	0.0011	0.0000	0.0000	0.0000	0.0000
0.0019	0.0428	0.1109	0.0007	0.0001	0.0333	0.4569	0.3404	0.0000	0.0001	0.0000	0.0130
0.0001	0.0000	0.0000	0.0000	0.0000	0.0000	0.3693	0.1035	0.0000	0.0009	0.0000	0.5262
0.0001	0.0000	0.0000	0.5926	0.3218	0.0000	0.0000	0.0000	0.0000	0.0002	0.0852	0.0000
0.0034	0.0427	0.0704	0.0001	0.0005	0.8666	0.0049	0.0085	0.0000	0.0000	0.0000	0.0029
0.9430	0.0000	0.0000	0.0000	0.0000	0.0528	0.0001	0.0000	0.0040	0.0000	0.0000	0.0000
0.0000	0.0000	0.0000	0.0000	0.9999	0.0000	0.0000	0.0000	0.0000	0.0000	0.0000	0.0000
0.0000	0.4323	0.3626	0.0000	0.0000	0.2017	0.0024	0.0009	0.0000	0.0000	0.0000	0.0000
0.0000	0.0323	0.0138	0.0000	0.0000	0.9538	0.0000	0.0000	0.0000	0.0000	0.0000	0.0000
0.0000	0.4245	0.3093	0.0000	0.0000	0.2644	0.0013	0.0004	0.0000	0.0000	0.0000	0.0000
0.0000	0.0000	0.0000	0.0000	0.0000	0.0000	0.0000	0.0000	1.0000	0.0000	0.0000	0.0000
0.0808	0.0000	0.0016	0.0001	0.0000	0.0001	0.4370	0.4694	0.0008	0.0003	0.0000	0.0098
0.0000	0.0000	0.0000	0.0000	0.0000	0.0000	0.0000	0.0000	0.0000	0.0184	0.0000	0.9816
0.0000	0.0000	0.0000	0.0000	0.0000	0.0000	0.0000	0.0000	0.0001	0.9810	0.0000	0.0188
0.4045	0.0000	0.0000	0.0003	0.0000	0.0000	0.0203	0.0000	0.3348	0.2338	0.0061	0.0002
0.0295	0.0009	0.0079	0.0004	0.0000	0.0031	0.1745	0.7215	0.0001	0.0007	0.0000	0.0613
0.9856	0.0000	0.0000	0.0000	0.0000	0.0000	0.0000	0.0000	0.0099	0.0012	0.0033	0.0000
0.0000	0.0000	0.0000	0.0000	0.0000	0.0000	0.0000	0.0000	0.0000	0.0001	0.0000	0.9999
0.0000	0.0000	0.0000	0.0000	0.0000	0.0000	0.0000	0.0000	0.9999	0.0000	0.0000	0.0000
0.0000	0.0000	0.0000	0.9985	0.0004	0.0000	0.0000	0.0000	0.0000	0.0000	0.0010	0.0000
0.0000	0.1709	0.3165	0.0000	0.0000	0.0023	0.0344	0.4749	0.0000	0.0000	0.0000	0.0009
0.0016	0.0000	0.0000	0.0000	0.0000	0.0000	0.0275	0.0000	0.0282	0.9146	0.0000	0.0280
0.0034	0.0034	0.0070	0.0001	0.0003	0.9509	0.0333	0.0009	0.0001	0.0001	0.0000	0.0005
0.0001	0.0001	0.0037	0.0001	0.0000	0.0001	0.4422	0.1485	0.0000	0.0004	0.0000	0.4049
0.0000	0.0000	0.0003	0.0003	0.0000	0.0000	0.7745	0.2029	0.0000	0.0001	0.0000	0.0218
0.0002	0.0736	0.4117	0.0000	0.0000	0.0030	0.4111	0.0998	0.0000	0.0000	0.0000	0.0006
0.0010	0.0262	0.0516	0.0000	0.0015	0.9175	0.0004	0.0005	0.0000	0.0000	0.0000	0.0013
0.5893	0.0001	0.0020	0.0019	0.0024	0.2405	0.0031	0.0016	0.0015	0.0913	0.0004	0.0659
0.5750	0.0000	0.0000	0.0000	0.0000	0.0000	0.0001	0.0000	0.4248	0.0001	0.0000	0.0000
0.0000	0.0000	0.0000	0.0000	0.0000	0.0000	0.9999	0.0000	0.0001	0.0000	0.0000	0.0000
0.0001	0.0000	0.0000	0.0000	0.0000	0.0000	0.0001	0.0000	0.9997	0.0001	0.0000	0.0000
0.0000	0.0000	0.0000	0.9994	0.0000	0.0000	0.0000	0.0000	0.0000	0.0003	0.0003	0.0000
0.0000	0.0114	0.0649	0.0000	0.0000	0.0004	0.3435	0.5791	0.0000	0.0000	0.0000	0.0008
0.0005	0.0000	0.0000	0.0021	0.0000	0.0000	0.0000	0.0000	0.0000	0.0142	0.9832	0.0000
0.4273	0.0000	0.0000	0.0312	0.0002	0.0000	0.0000	0.0000	0.0017	0.4949	0.0443	0.0003
0.0053	0.0000	0.0000	0.0003	0.0000	0.0000	0.1772	0.0014	0.0205	0.5947	0.0001	0.2005
0.0001	0.0000	0.0000	0.0001	0.0000	0.0000	0.0012	0.0000	0.0003	0.8762	0.0000	0.1220
0.0000	0.0000	0.0000	0.0000	0.0000	0.0000	0.0000	0.0000	0.0000	0.0000	0.0000	1.0000
0.0000	0.0000	0.0000	0.0000	0.0000	0.0000	0.0000	0.0000	0.0000	0.0000	0.0000	1.0000
0.0000	0.0000	1.0000	0.0000	0.0000	0.0000	0.0000	0.0000	0.0000	0.0000	0.0000	0.0000
0.0000	0.0000	1.0000	0.0000	0.0000	0.0000	0.0000	0.0000	0.0000	0.0000	0.0000	0.0000
0.0000	0.0000	0.0000	0.0000	0.0000	0.0000	0.0000	0.0000	0.0000	0.0000	0.0000	1.0000
0.0000	0.0000	1.0000	0.0000	0.0000	0.0000	0.0000	0.0000	0.0000	0.0000	0.0000	0.0000
0.0000	0.0000	0.0000	0.0000	0.0000	0.0000	0.0000	0.0000	0.0000	0.0000	0.0000	1.0000
0.0000	0.0000	1.0000	0.0000	0.0000	0.0000	0.0000	0.0000	0.0000	0.0000	0.0000	0.0000
0.0000	0.0000	1.0000	0.0000	0.0000	0.0000	0.0000	0.0000	0.0000	0.0000	0.0000	0.0000
0.0000	0.0000	0.0000	0.0000	0.0000	0.0000	0.0000	0.0000	0.0000	0.0000	0.0000	1.0000
0.0000	0.0000	1.0000	0.0000	0.0000	0.0000	0.0000	0.0000	0.0000	0.0000	0.0000	0.0000
0.0000	0.0000	0.0000	0.0000	0.0000	0.0000	0.0000	0.0000	0.0000	0.0000	0.0000	1.0000
0.0000	0.0000	0.0000	0.0000	0.0000	0.0000	0.0000	0.0000	0.0000	0.0000	0.0000	1.0000
0.0000	0.0000	1.0000	0.0000	0.0000	0.0000	0.0000	0.0000	0.0000	0.0000	0.0000	0.0000
0.0000	0.0000	0.0002	0.0000	0.0000	0.0000	0.0000	0.0000	0.0000	0.0000	0.0000	0.9998
0.0000	0.0000	0.0000	0.0000	0.0000	0.0000	0.0000	0.0000	0.0000	0.0000	0.0000	1.0000
0.0000	0.0000	0.7109	0.0000	0.0000	0.0000	0.0000	0.0000	0.0000	0.0000	0.0000	0.2891
0.0000	0.0000	0.1842	0.0000	0.0000	0.0000	0.0000	0.0002	0.0000	0.0000	0.0000	0.8156
0.0000	0.0000	0.9564	0.0000	0.0000	0.0000	0.0000	0.0000	0.0000	0.0000	0.0000	0.0436
0.0000	0.0000	1.0000	0.0000	0.0000	0.0000	0.0000	0.0000	0.0000	0.0000	0.0000	0.0000
0.0000	0.0000	1.0000	0.0000	0.0000	0.0000	0.0000	0.0000	0.0000	0.0000	0.0000	0.0000
0.0000	0.0000	0.0000	0.0000	0.0000	0.0000	0.9999	0.0000	0.0000	0.0000	0.0000	0.0000
0.0000	0.0000	0.0000	0.0000	0.0000	0.0000	0.0000	0.0000	1.0000	0.0000	0.0000	0.0000
0.0000	0.0013	0.9985	0.0000	0.0000	0.0002	0.0000	0.0000	0.0000	0.0000	0.0000	0.0000
0.0000	0.0000	0.0000	0.0000	0.0000	0.0000	1.0000	0.0000	0.0000	0.0000	0.0000	0.0000
0.0000	0.0000	0.0000	0.0000	0.0000	0.0000	0.0000	0.0000	1.0000	0.0000	0.0000	0.0000
0.0000	0.0010	0.9983	0.0000	0.0000	0.0003	0.0004	0.0000	0.0000	0.0000	0.0000	0.0000
0.0000	0.0000	0.0000	0.0000	0.0000	0.0000	1.0000	0.0000	0.0000	0.0000	0.0000	0.0000
0.0000	0.0000	0.0000	0.0000	0.0000	0.0000	1.0000	0.0000	0.0000	0.0000	0.0000	0.0000
0.0000	0.0000	0.0000	0.0000	0.0000	0.0000	0.0000	0.0000	1.0000	0.0000	0.0000	0.0000
0.0000	0.0000	0.0000	0.0000	0.0000	0.0000	1.0000	0.0000	0.0000	0.0000	0.0000	0.0000
0.0000	0.0000	0.0000	0.0000	0.0000	0.0000	0.0015	0.0000	0.9985	0.0000	0.0000	0.0000
0.0000	0.0000	0.0000	0.0000	0.0000	0.0000	0.0135	0.0000	0.9865	0.0000	0.0000	0.0000
0.0000	0.0000	0.0000	0.0000	0.0000	0.0000	0.0000	0.0000	1.0000	0.0000	0.0000	0.0000
0.0000	0.0000	0.0000	0.0000	0.0000	0.0000	0.0000	0.0000	1.0000	0.0000	0.0000	0.0000
0.0000	0.0000	0.0000	0.0000	0.0000	0.0000	0.0000	0.0000	1.0000	0.0000	0.0000	0.0000
0.0000	0.0027	0.9965	0.0000	0.0000	0.0006	0.0001	0.0000	0.0000	0.0000	0.0000	0.0000
0.0000	0.0015	0.2526	0.0000	0.0000	0.0046	0.7412	0.0001	0.0000	0.0000	0.0000	0.0000
0.0000	0.0013	0.9985	0.0000	0.0000	0.0002	0.0000	0.0000	0.0000	0.0000	0.0000	0.0000
0.0000	0.0017	0.4476	0.0000	0.0000	0.0064	0.5442	0.0000	0.0000	0.0000	0.0000	0.0000
0.0000	0.0000	0.0000	0.0000	0.0000	0.0000	0.0000	0.0000	1.0000	0.0000	0.0000	0.0000
0.0000	0.0000	0.0000	0.0000	0.0000	0.0000	0.0000	0.0000	1.0000	0.0000	0.0000	0.0000
0.0000	0.0000	0.0000	0.0000	0.0000	0.0000	0.0000	0.0000	1.0000	0.0000	0.0000	0.0000
0.0000	0.0000	0.0003	0.0000	0.0000	0.0000	0.9997	0.0000	0.0000	0.0000	0.0000	0.0000
0.0000	0.0000	0.0000	0.0000	0.0000	0.0000	0.0000	0.0000	1.0000	0.0000	0.0000	0.0000
0.0000	0.0000	0.0000	0.0000	0.0000	0.0000	0.9969	0.0000	0.0031	0.0000	0.0000	0.0000
0.0000	0.0000	0.0000	0.0000	0.0000	0.0000	1.0000	0.0000	0.0000	0.0000	0.0000	0.0000
0.0000	0.0000	0.0000	0.0000	0.0000	0.0000	1.0000	0.0000	0.0000	0.0000	0.0000	0.0000
0.0000	0.0000	0.0000	0.0000	0.0000	0.0000	0.0000	0.0000	1.0000	0.0000	0.0000	0.0000
0.0000	0.0000	0.0000	0.0000	0.0000	0.0000	1.0000	0.0000	0.0000	0.0000	0.0000	0.0000
0.0000	0.0000	0.0000	0.0000	0.0000	0.0000	1.0000	0.0000	0.0000	0.0000	0.0000	0.0000
0.0000	0.0000	0.0000	0.0000	0.0000	0.0000	0.9999	0.0000	0.0000	0.0000	0.0000	0.0000
