0.1020	0.0000	0.0000	0.0000	0.0000	0.0000	0.0063	0.0002	0.0070	0.1424	0.0000	0.7421
0.0000	0.0000	0.0000	0.0000	0.0000	0.0000	0.9256	0.0024	0.0001	0.0002	0.0000	0.0717
0.0000	0.0000	0.0002	0.0000	0.0000	0.0000	0.3784	0.0017	0.0000	0.0001	0.0000	0.6196
0.0087	0.0000	0.0000	0.0000	0.0000	0.0000	0.0000	0.0000	0.9912	0.0001	0.0000	0.0000
0.0000	0.0683	0.9158	0.0000	0.0000	0.0152	0.0007	0.0000	0.0000	0.0000	0.0000	0.0000
0.5273	0.0000	0.0000	0.0000	0.0000	0.0000	0.0000	0.0000	0.0039	0.4410	0.0034	0.0244
0.0000	0.0000	0.0001	0.0000	0.0000	0.0000	0.9996	0.0000	0.0000	0.0000	0.0000	0.0003
0.0000	0.0000	0.0000	0.0000	0.0000	0.0000	0.0000	0.0000	0.0000	0.0000	0.0000	1.0000
0.0000	0.0000	0.0000	0.0000	0.0000	0.0000	0.0000	0.0000	1.0000	0.0000	0.0000	0.0000
0.0038	0.0000	0.0007	0.0000	0.0000	0.0000	0.0949	0.8850	0.0000	0.0002	0.0000	0.0155
0.9995	0.0000	0.0000	0.0000	0.0000	0.0000	0.0000	0.0000	0.0004	0.0000	0.0000	0.0000
0.0000	0.9956	0.0044	0.0000	0.0000	0.0000	0.0000	0.0000	0.0000	0.0000	0.0000	0.0000
0.0000	0.0000	0.0000	0.0000	0.0000	0.0000	0.0000	0.9990	0.0000	0.0000	0.0000	0.0009
0.0002	0.0000	0.0005	0.0000	0.0000	0.0000	0.0225	0.0150	0.0000	0.0001	0.0000	0.9618
0.9883	0.0000	0.0000	0.0000	0.0000	0.0000	0.0000	0.0000	0.0005	0.0014	0.0098	0.0000
0.0000	0.0000	0.0000	0.0000	0.0000	0.0000	0.8219	0.0000	0.0304	0.0002	0.0000	0.1474
0.0000	0.0000	0.0000	0.0000	0.0000	0.0000	0.4888	0.0000	0.0445	0.0751	0.0000	0.3917
0.0002	0.0000	0.0000	0.0000	0.0000	0.0000	0.0007	0.0000	0.9990	0.0001	0.0000	0.0000
0.0000	0.0000	0.0288	0.0000	0.0000	0.0029	0.9012	0.0670	0.0000	0.0000	0.0000	0.0001
0.0000	0.0000	0.0128	0.0000	0.0000	0.0000	0.0458	0.9328	0.0000	0.0000	0.0000	0.0086
0.0000	0.9979	0.0005	0.0000	0.0000	0.0010	0.0000	0.0005	0.0000	0.0000	0.0000	0.0000
0.0000	0.0000	0.0000	0.0000	0.0000	0.9983	0.0016	0.0000	0.0000	0.0000	0.0000	0.0000
0.0091	0.0000	0.0000	0.0634	0.0006	0.8978	0.0000	0.0000	0.0000	0.0286	0.0004	0.0001
0.0004	0.0000	0.0000	0.0339	0.0001	0.9461	0.0000	0.0000	0.0000	0.0194	0.0001	0.0000
0.0000	0.0000	0.0003	0.0000	0.0000	0.0000	0.0002	0.9982	0.0000	0.0000	0.0000	0.0013
0.0000	0.0000	0.0000	0.0000	0.0000	0.0000	0.0002	0.0000	0.9997	0.0000	0.0000	0.0000
0.0000	0.0000	0.0000	0.9821	0.0005	0.0086	0.0000	0.0000	0.0000	0.0010	0.0078	0.0000
0.0000	0.0000	0.0188	0.0000	0.0000	0.0000	0.9791	0.0014	0.0000	0.0000	0.0000	0.0007
0.0000	0.0000	0.0000	0.0000	0.0000	0.0000	0.0000	0.0000	0.0000	0.9989	0.0000	0.0011
0.0001	0.0000	0.0000	0.0000	0.0000	0.9999	0.0000	0.0000	0.0000	0.0000	0.0000	0.0000
0.0000	0.0000	0.0011	0.0000	0.0000	0.0000	0.4250	0.5669	0.0000	0.0000	0.0000	0.0070
0.0000	0.0000	0.0000	0.0000	0.0000	0.0000	0.0000	0.0000	0.9985	0.0014	0.0000	0.0000
0.0001	0.0000	0.0000	0.0000	0.0000	0.0000	0.0000	0.0000	0.0018	0.9981	0.0000	0.0001
0.0000	0.4862	0.5128	0.0000	0.0000	0.0009	0.0001	0.0001	0.0000	0.0000	0.0000	0.0000
0.0001	0.0002	0.2732	0.0000	0.0000	0.1526	0.5564	0.0141	0.0000	0.0001	0.0000	0.0032
0.0000	0.0000	0.0000	0.0000	0.0000	0.0000	0.9932	0.0043	0.0000	0.0000	0.0000	0.0026
0.9999	0.0000	0.0000	0.0000	0.0000	0.0000	0.0000	0.0000	0.0000	0.0000	0.0001	0.0000
0.0001	0.0005	0.0007	0.0227	0.0001	0.0197	0.0024	0.9302	0.0000	0.0034	0.0000	0.0202
0.0000	0.0000	0.0000	0.0000	0.0000	0.0000	0.0006	0.0000	0.9982	0.0013	0.0000	0.0000
0.0000	0.7656	0.2047	0.0000	0.0000	0.0291	0.0003	0.0003	0.0000	0.0000	0.0000	0.0000
0.0000	0.0000	0.0000	0.0000	0.0000	0.0000	0.0000	1.0000	0.0000	0.0000	0.0000	0.0000
0.0000	0.0000	0.0000	0.0000	0.0000	0.0000	0.0000	0.0000	0.0000	0.0000	1.0000	0.0000
0.9965	0.0000	0.0000	0.0000	0.0000	0.0000	0.0000	0.0000	0.0027	0.0009	0.0000	0.0000
0.0122	0.0000	0.0000	0.0000	0.0000	0.0000	0.1804	0.2794	0.0007	0.0172	0.0000	0.5101
0.0000	0.3783	0.5667	0.0000	0.0000	0.0542	0.0005	0.0002	0.0000	0.0000	0.0000	0.0000
0.0001	0.0004	0.0194	0.0001	0.0000	0.0131	0.0280	0.9350	0.0000	0.0001	0.0000	0.0038
0.0000	0.0000	0.0000	0.0000	0.0000	0.0000	0.5336	0.2078	0.0000	0.0000	0.0000	0.2585
0.0000	0.0000	0.0000	0.8945	0.0354	0.0030	0.0000	0.0000	0.0000	0.0071	0.0600	0.0000
0.0004	0.0017	0.0014	0.0069	0.0001	0.9677	0.0005	0.0212	0.0000	0.0001	0.0000	0.0001
0.0069	0.0000	0.0000	0.0000	0.0000	0.9930	0.0000	0.0000	0.0000	0.0001	0.0000	0.0000
0.0000	0.0000	0.0000	0.0013	0.9938	0.0000	0.0000	0.0000	0.0000	0.0007	0.0003	0.0039
0.0000	0.1721	0.8064	0.0000	0.0000	0.0210	0.0005	0.0000	0.0000	0.0000	0.0000	0.0000
0.0000	0.0002	0.0001	0.0000	0.0000	0.9997	0.0000	0.0000	0.0000	0.0000	0.0000	0.0000
0.0000	0.0994	0.8393	0.0000	0.0000	0.0607	0.0006	0.0000	0.0000	0.0000	0.0000	0.0000
0.0000	0.0000	0.0000	0.0000	0.0000	0.0000	0.0001	0.0000	0.9999	0.0000	0.0000	0.0000
0.0653	0.0000	0.0002	0.0000	0.0000	0.0000	0.7626	0.1698	0.0003	0.0005	0.0000	0.0012
0.0000	0.0000	0.0000	0.0000	0.0000	0.0000	0.0000	0.0000	0.0000	0.0011	0.0000	0.9989
0.0000	0.0000	0.0000	0.0000	0.0000	0.0000	0.0004	0.0000	0.0013	0.7920	0.0000	0.2062
0.1204	0.0000	0.0000	0.0000	0.0000	0.0054	0.6637	0.0000	0.0938	0.1168	0.0000	0.0000
0.0093	0.0000	0.0002	0.0000	0.0000	0.0010	0.4133	0.5739	0.0000	0.0012	0.0000	0.0010
0.9978	0.0000	0.0000	0.0000	0.0000	0.0000	0.0000	0.0000	0.0002	0.0002	0.0018	0.0000
0.0000	0.0000	0.0000	0.0000	0.0000	0.0000	0.0004	0.0000	0.0000	0.0000	0.0000	0.9996
0.0000	0.0000	0.0000	0.0000	0.0000	0.0000	0.0012	0.0000	0.9988	0.0000	0.0000	0.0000
0.0000	0.0000	0.0000	0.9999	0.0000	0.0001	0.0000	0.0000	0.0000	0.0000	0.0000	0.0000
0.0000	0.0076	0.0612	0.0000	0.0000	0.0000	0.0002	0.9305	0.0000	0.0000	0.0000	0.0004
0.0017	0.0000	0.0000	0.0000	0.0000	0.0000	0.0101	0.0000	0.8403	0.1465	0.0000	0.0014
0.0000	0.0000	0.0000	0.0000	0.0000	0.9900	0.0098	0.0000	0.0000	0.0001	0.0000	0.0000
0.0000	0.0000	0.0042	0.0000	0.0000	0.0000	0.5951	0.0091	0.0000	0.0000	0.0000	0.3916
0.0000	0.0000	0.0021	0.0000	0.0000	0.0000	0.5683	0.0408	0.0000	0.0015	0.0000	0.3872
0.0000	0.0150	0.9675	0.0000	0.0001	0.0002	0.0018	0.0088	0.0000	0.0000	0.0000	0.0066
0.0000	0.0035	0.0050	0.0005	0.0003	0.9906	0.0001	0.0000	0.0000	0.0000	0.0000	0.0000
0.0019	0.0000	0.0000	0.0024	0.0000	0.9941	0.0000	0.0000	0.0000	0.0015	0.0000	0.0000
0.0059	0.0000	0.0000	0.0000	0.0000	0.0000	0.0000	0.0000	0.9941	0.0000	0.0000	0.0000
0.0000	0.0000	0.0000	0.0000	0.0000	0.0000	0.9991	0.0000	0.0009	0.0000	0.0000	0.0000
0.0000	0.0000	0.0000	0.0000	0.0000	0.0000	0.0000	0.0000	1.0000	0.0000	0.0000	0.0000
0.0000	0.0000	0.0000	0.9988	0.0000	0.0000	0.0000	0.0000	0.0000	0.0004	0.0008	0.0000
0.0000	0.0000	0.0035	0.0000	0.0000	0.0000	0.9899	0.0061	0.0000	0.0000	0.0000	0.0005
0.0001	0.0000	0.0000	0.0051	0.0000	0.0000	0.0000	0.0000	0.0000	0.0046	0.9902	0.0000
0.8926	0.0000	0.0000	0.0020	0.0000	0.0000	0.0000	0.0000	0.0000	0.0150	0.0872	0.0032
0.0007	0.0000	0.0000	0.0000	0.0000	0.0000	0.6712	0.0000	0.0955	0.0490	0.0000	0.1836
0.0000	0.0000	0.0000	0.0000	0.0000	0.0000	0.0003	0.0000	0.0000	0.8891	0.0000	0.1106
0.0000	0.0000	0.0000	0.0000	0.0000	0.0000	0.0000	0.0000	0.0000	0.0000	0.0000	1.0000
0.0000	0.0000	0.0000	0.0000	0.0000	0.0000	0.0000	0.0000	0.0000	0.0000	0.0000	1.0000
0.0000	0.0000	1.0000	0.0000	0.0000	0.0000	0.0000	0.0000	0.0000	0.0000	0.0000	0.0000
0.0000	0.0000	1.0000	0.0000	0.0000	0.0000	0.0000	0.0000	0.0000	0.0000	0.0000	0.0000
0.0000	0.0000	0.0001	0.0000	0.0000	0.0000	0.0000	0.0000	0.0000	0.0000	0.0000	0.9999
0.0000	0.0000	1.0000	0.0000	0.0000	0.0000	0.0000	0.0000	0.0000	0.0000	0.0000	0.0000
0.0000	0.0000	0.0000	0.0000	0.0000	0.0000	0.0000	0.0000	0.0000	0.0000	0.0000	1.0000
0.0000	0.0000	1.0000	0.0000	0.0000	0.0000	0.0000	0.0000	0.0000	0.0000	0.0000	0.0000
0.0000	0.0000	1.0000	0.0000	0.0000	0.0000	0.0000	0.0000	0.0000	0.0000	0.0000	0.0000
0.0000	0.0000	0.0000	0.0000	0.0000	0.0000	0.0000	0.0000	0.0000	0.0000	0.0000	1.0000
0.0000	0.0000	1.0000	0.0000	0.0000	0.0000	0.0000	0.0000	0.0000	0.0000	0.0000	0.0000
0.0000	0.0000	0.0942	0.0000	0.0000	0.0000	0.0000	0.0000	0.0000	0.0000	0.0000	0.9058
0.0000	0.0000	0.0000	0.0000	0.0000	0.0000	0.0000	0.0000	0.0000	0.0000	0.0000	1.0000
0.0000	0.0000	1.0000	0.0000	0.0000	0.0000	0.0000	0.0000	0.0000	0.0000	0.0000	0.0000
0.0000	0.0000	0.1373	0.0000	0.0000	0.0000	0.0000	0.0000	0.0000	0.0000	0.0000	0.8627
0.0000	0.0000	0.0000	0.0000	0.0000	0.0000	0.0000	0.0000	0.0000	0.0000	0.0000	1.0000
0.0000	0.0000	0.9535	0.0000	0.0000	0.0000	0.0000	0.0000	0.0000	0.0000	0.0000	0.0465
0.0000	0.0000	0.6576	0.0000	0.0000	0.0000	0.0000	0.0000	0.0000	0.0000	0.0000	0.3424
0.0000	0.0000	0.9911	0.0000	0.0000	0.0000	0.0000	0.0000	0.0000	0.0000	0.0000	0.0089
0.0000	0.0000	1.0000	0.0000	0.0000	0.0000	0.0000	0.0000	0.0000	0.0000	0.0000	0.0000
0.0000	0.0000	1.0000	0.0000	0.0000	0.0000	0.0000	0.0000	0.0000	0.0000	0.0000	0.0000
0.0000	0.0000	0.0001	0.0000	0.0000	0.0000	0.9999	0.0000	0.0000	0.0000	0.0000	0.0000
0.0000	0.0000	0.0000	0.0000	0.0000	0.0000	0.0000	0.0000	1.0000	0.0000	0.0000	0.0000
0.0000	0.0000	1.0000	0.0000	0.0000	0.0000	0.0000	0.0000	0.0000	0.0000	0.0000	0.0000
0.0000	0.0000	0.0000	0.0000	0.0000	0.0000	1.0000	0.0000	0.0000	0.0000	0.0000	0.0000
0.0000	0.0000	0.0000	0.0000	0.0000	0.0000	0.0001	0.0000	0.9999	0.0000	0.0000	0.0000
0.0000	0.0000	1.0000	0.0000	0.0000	0.0000	0.0000	0.0000	0.0000	0.0000	0.0000	0.0000
0.0000	0.0000	0.0000	0.0000	0.0000	0.0000	1.0000	0.0000	0.0000	0.0000	0.0000	0.0000
0.0000	0.0000	0.0000	0.0000	0.0000	0.0000	1.0000	0.0000	0.0000	0.0000	0.0000	0.0000
0.0000	0.0000	0.0000	0.0000	0.0000	0.0000	0.0000	0.0000	1.0000	0.0000	0.0000	0.0000
0.0000	0.0000	0.0000	0.0000	0.0000	0.0000	1.0000	0.0000	0.0000	0.0000	0.0000	0.0000
0.0000	0.0000	0.0000	0.0000	0.0000	0.0000	0.0007	0.0000	0.9993	0.0000	0.0000	0.0000
0.0000	0.0000	0.0000	0.0000	0.0000	0.0000	0.0074	0.0000	0.9926	0.0000	0.0000	0.0000
0.0000	0.0000	0.0000	0.0000	0.0000	0.0000	0.0002	0.0000	0.9998	0.0000	0.0000	0.0000
0.0000	0.0000	0.0000	0.0000	0.0000	0.0000	0.0000	0.0000	1.0000	0.0000	0.0000	0.0000
0.0000	0.0000	0.0000	0.0000	0.0000	0.0000	0.0000	0.0000	1.0000	0.0000	0.0000	0.0000
0.0000	0.0000	1.0000	0.0000	0.0000	0.0000	0.0000	0.0000	0.0000	0.0000	0.0000	0.0000
0.0000	0.0000	0.7888	0.0000	0.0000	0.0000	0.2111	0.0000	0.0000	0.0000	0.0000	0.0000
0.0000	0.0000	1.0000	0.0000	0.0000	0.0000	0.0000	0.0000	0.0000	0.0000	0.0000	0.0000
0.0000	0.0000	0.9321	0.0000	0.0000	0.0000	0.0679	0.0000	0.0000	0.0000	0.0000	0.0000
0.0000	0.0000	0.0000	0.0000	0.0000	0.0000	0.0002	0.0000	0.9998	0.0000	0.0000	0.0000
0.0000	0.0000	0.0000	0.0000	0.0000	0.0000	0.0000	0.0000	1.0000	0.0000	0.0000	0.0000
0.0000	0.0000	0.0000	0.0000	0.0000	0.0000	0.0000	0.0000	1.0000	0.0000	0.0000	0.0000
0.0000	0.0000	0.0003	0.0000	0.0000	0.0000	0.9997	0.0000	0.0000	0.0000	0.0000	0.0000
0.0000	0.0000	0.0000	0.0000	0.0000	0.0000	0.0000	0.0000	1.0000	0.0000	0.0000	0.0000
0.0000	0.0000	0.0000	0.0000	0.0000	0.0000	1.0000	0.0000	0.0000	0.0000	0.0000	0.0000
0.0000	0.0000	0.0000	0.0000	0.0000	0.0000	1.0000	0.0000	0.0000	0.0000	0.0000	0.0000
0.0000	0.0000	0.0008	0.0000	0.0000	0.0000	0.9992	0.0000	0.0000	0.0000	0.0000	0.0000
0.0000	0.0000	0.0000	0.0000	0.0000	0.0000	0.0000	0.0000	1.0000	0.0000	0.0000	0.0000
0.0000	0.0000	0.0000	0.0000	0.0000	0.0000	1.0000	0.0000	0.0000	0.0000	0.0000	0.0000
0.0000	0.0000	0.0000	0.0000	0.0000	0.0000	1.0000	0.0000	0.0000	0.0000	0.0000	0.0000
0.0000	0.0000	0.0000	0.0000	0.0000	0.0000	1.0000	0.0000	0.0000	0.0000	0.0000	0.0000
