0.0270	0.0000	0.0000	0.0000	0.0000	0.0000	0.2357	0.0307	0.0061	0.2416	0.0000	0.4589
0.0000	0.0000	0.0000	0.0000	0.0000	0.0000	0.0690	0.0219	0.0001	0.0038	0.0000	0.9053
0.0000	0.0000	0.0002	0.0000	0.0000	0.0000	0.0366	0.0174	0.0000	0.0002	0.0000	0.9457
0.0360	0.0000	0.0000	0.0000	0.0000	0.0000	0.0000	0.0000	0.9639	0.0002	0.0000	0.0000
0.0000	0.5896	0.3863	0.0000	0.0000	0.0238	0.0003	0.0000	0.0000	0.0000	0.0000	0.0000
0.4869	0.0000	0.0000	0.0003	0.0000	0.0000	0.0006	0.0000	0.0224	0.2026	0.2851	0.0022
0.0000	0.0000	0.0036	0.0000	0.0000	0.0000	0.9269	0.0176	0.0000	0.0000	0.0000	0.0520
0.0000	0.0000	0.0000	0.0000	0.0000	0.0000	0.0000	0.0000	0.0000	0.0000	0.0000	1.0000
0.0000	0.0000	0.0000	0.0000	0.0000	0.0000	0.0000	0.0000	1.0000	0.0000	0.0000	0.0000
0.0015	0.0000	0.0012	0.0000	0.0000	0.0000	0.0195	0.9702	0.0000	0.0000	0.0000	0.0076
0.9997	0.0000	0.0000	0.0000	0.0000	0.0000	0.0000	0.0000	0.0003	0.0000	0.0000	0.0000
0.0000	0.9908	0.0080	0.0000	0.0000	0.0011	0.0000	0.0000	0.0000	0.0000	0.0000	0.0000
0.0000	0.0000	0.0003	0.0000	0.0000	0.0000	0.0004	0.9958	0.0000	0.0000	0.0000	0.0035
0.0000	0.0000	0.0014	0.0000	0.0000	0.0000	0.0016	0.0732	0.0000	0.0001	0.0000	0.9237
0.9619	0.0000	0.0000	0.0000	0.0000	0.0000	0.0000	0.0000	0.0019	0.0009	0.0353	0.0000
0.0000	0.0000	0.0000	0.0000	0.0000	0.0000	0.0223	0.0000	0.0017	0.0046	0.0000	0.9713
0.0000	0.0000	0.0000	0.0000	0.0000	0.0000	0.0208	0.0000	0.0040	0.1126	0.0000	0.8625
0.0010	0.0000	0.0000	0.0000	0.0000	0.0000	0.0007	0.0000	0.9983	0.0000	0.0000	0.0000
0.0000	0.0032	0.1624	0.0000	0.0000	0.0090	0.5285	0.2966	0.0000	0.0000	0.0000	0.0003
0.0000	0.0003	0.0244	0.0000	0.0000	0.0001	0.1047	0.8654	0.0000	0.0000	0.0000	0.0050
0.0000	0.9747	0.0029	0.0001	0.0000	0.0193	0.0005	0.0025	0.0000	0.0000	0.0000	0.0000
0.0001	0.0000	0.0000	0.0000	0.0000	0.9844	0.0154	0.0000	0.0000	0.0000	0.0000	0.0000
0.3510	0.0000	0.0000	0.1985	0.0001	0.4458	0.0009	0.0000	0.0000	0.0036	0.0000	0.0000
0.0974	0.0000	0.0000	0.2613	0.0001	0.6325	0.0011	0.0000	0.0000	0.0074	0.0000	0.0000
0.0000	0.0008	0.0050	0.0000	0.0000	0.0000	0.0060	0.9876	0.0000	0.0000	0.0000	0.0006
0.0000	0.0000	0.0000	0.0000	0.0000	0.0000	0.0000	0.0000	0.9999	0.0001	0.0000	0.0000
0.0098	0.0000	0.0000	0.9236	0.0006	0.0002	0.0000	0.0000	0.0000	0.0540	0.0118	0.0000
0.0000	0.0000	0.0059	0.0000	0.0000	0.0000	0.5387	0.4551	0.0000	0.0000	0.0000	0.0003
0.0000	0.0000	0.0000	0.0000	0.0000	0.0000	0.0000	0.0000	0.0000	0.9951	0.0001	0.0048
0.4938	0.0000	0.0000	0.0157	0.0002	0.4654	0.0000	0.0000	0.0001	0.0244	0.0004	0.0000
0.0000	0.0000	0.0006	0.0000	0.0000	0.0000	0.0296	0.9653	0.0000	0.0000	0.0000	0.0044
0.0001	0.0000	0.0000	0.0000	0.0000	0.0000	0.0000	0.0000	0.5794	0.4204	0.0000	0.0001
0.0000	0.0000	0.0000	0.0000	0.0000	0.0000	0.0000	0.0000	0.0003	0.9983	0.0011	0.0003
0.0000	0.8516	0.1450	0.0000	0.0000	0.0033	0.0001	0.0000	0.0000	0.0000	0.0000	0.0000
0.0002	0.0280	0.3018	0.0009	0.0002	0.4009	0.1974	0.0694	0.0000	0.0000	0.0000	0.0010
0.0000	0.0000	0.0000	0.0000	0.0000	0.0000	0.0657	0.7112	0.0000	0.0000	0.0000	0.2231
0.9998	0.0000	0.0000	0.0002	0.0000	0.0000	0.0000	0.0000	0.0000	0.0000	0.0001	0.0000
0.0019	0.0061	0.0142	0.2243	0.0009	0.1369	0.0310	0.5698	0.0000	0.0001	0.0000	0.0149
0.0000	0.0000	0.0000	0.0000	0.0000	0.0000	0.0000	0.0000	1.0000	0.0000	0.0000	0.0000
0.0000	0.8458	0.1048	0.0000	0.0000	0.0488	0.0005	0.0002	0.0000	0.0000	0.0000	0.0000
0.0000	0.0000	0.0001	0.0000	0.0000	0.0000	0.0002	0.9998	0.0000	0.0000	0.0000	0.0000
0.0000	0.0000	0.0000	0.0000	0.0000	0.0000	0.0000	0.0000	0.0000	0.0000	1.0000	0.0000
0.9986	0.0000	0.0000	0.0000	0.0000	0.0002	0.0008	0.0000	0.0004	0.0000	0.0000	0.0000
0.0008	0.0000	0.0000	0.0000	0.0000	0.0000	0.4068	0.5397	0.0001	0.0014	0.0000	0.0512
0.0000	0.7472	0.1898	0.0000	0.0000	0.0625	0.0004	0.0001	0.0000	0.0000	0.0000	0.0000
0.0002	0.0029	0.0194	0.0004	0.0000	0.0286	0.4945	0.4537	0.0000	0.0000	0.0000	0.0003
0.0000	0.0000	0.0000	0.0000	0.0000	0.0000	0.2060	0.5282	0.0000	0.0002	0.0000	0.2656
0.0000	0.0000	0.0000	0.9520	0.0416	0.0000	0.0000	0.0000	0.0000	0.0000	0.0064	0.0000
0.0001	0.0132	0.0034	0.0012	0.0000	0.9736	0.0023	0.0061	0.0000	0.0000	0.0000	0.0000
0.0488	0.0000	0.0000	0.0000	0.0000	0.9379	0.0133	0.0000	0.0000	0.0000	0.0000	0.0000
0.0000	0.0000	0.0000	0.0044	0.9795	0.0000	0.0000	0.0000	0.0000	0.0003	0.0040	0.0118
0.0000	0.7416	0.2246	0.0000	0.0000	0.0336	0.0002	0.0000	0.0000	0.0000	0.0000	0.0000
0.0000	0.0077	0.0002	0.0000	0.0000	0.9921	0.0000	0.0000	0.0000	0.0000	0.0000	0.0000
0.0000	0.7086	0.2377	0.0000	0.0000	0.0535	0.0002	0.0000	0.0000	0.0000	0.0000	0.0000
0.0000	0.0000	0.0000	0.0000	0.0000	0.0000	0.0000	0.0000	1.0000	0.0000	0.0000	0.0000
0.0706	0.0000	0.0010	0.0000	0.0000	0.0000	0.3455	0.5815	0.0002	0.0000	0.0000	0.0012
0.0000	0.0000	0.0000	0.0000	0.0000	0.0000	0.0000	0.0000	0.0000	0.0360	0.0000	0.9640
0.0000	0.0000	0.0000	0.0000	0.0000	0.0000	0.0000	0.0000	0.0003	0.8952	0.0000	0.1044
0.9698	0.0000	0.0000	0.0000	0.0000	0.0000	0.0027	0.0000	0.0150	0.0124	0.0000	0.0000
0.0100	0.0000	0.0008	0.0000	0.0000	0.0005	0.0815	0.9055	0.0000	0.0000	0.0000	0.0017
0.9939	0.0000	0.0000	0.0000	0.0000	0.0000	0.0000	0.0000	0.0009	0.0004	0.0048	0.0000
0.0000	0.0000	0.0000	0.0000	0.0000	0.0000	0.0001	0.0000	0.0000	0.0000	0.0000	0.9998
0.0002	0.0000	0.0000	0.0000	0.0000	0.0000	0.0033	0.0000	0.9965	0.0000	0.0000	0.0000
0.0000	0.0000	0.0000	0.9998	0.0002	0.0000	0.0000	0.0000	0.0000	0.0000	0.0001	0.0000
0.0000	0.5449	0.3548	0.0000	0.0000	0.0007	0.0043	0.0951	0.0000	0.0000	0.0000	0.0002
0.0004	0.0000	0.0000	0.0000	0.0000	0.0000	0.0810	0.0000	0.2430	0.6664	0.0000	0.0092
0.0004	0.0000	0.0000	0.0001	0.0000	0.9517	0.0478	0.0001	0.0000	0.0000	0.0000	0.0000
0.0000	0.0000	0.0032	0.0000	0.0000	0.0000	0.7426	0.0460	0.0000	0.0000	0.0000	0.2082
0.0000	0.0000	0.0099	0.0000	0.0000	0.0000	0.4629	0.2645	0.0000	0.0000	0.0000	0.2626
0.0000	0.1045	0.7961	0.0000	0.0000	0.0030	0.0611	0.0352	0.0000	0.0000	0.0000	0.0002
0.0000	0.0007	0.0043	0.0012	0.0003	0.9934	0.0001	0.0000	0.0000	0.0000	0.0000	0.0000
0.0519	0.0000	0.0004	0.0691	0.0002	0.8772	0.0003	0.0002	0.0000	0.0005	0.0000	0.0003
0.1410	0.0000	0.0000	0.0000	0.0000	0.0000	0.0000	0.0000	0.8587	0.0003	0.0000	0.0000
0.0000	0.0000	0.0000	0.0000	0.0000	0.0000	0.9999	0.0000	0.0001	0.0000	0.0000	0.0000
0.0000	0.0000	0.0000	0.0000	0.0000	0.0000	0.0000	0.0000	0.9999	0.0001	0.0000	0.0000
0.0000	0.0000	0.0000	0.9916	0.0000	0.0000	0.0000	0.0000	0.0000	0.0010	0.0073	0.0000
0.0000	0.0002	0.0395	0.0000	0.0000	0.0000	0.1667	0.7933	0.0000	0.0000	0.0000	0.0004
0.0005	0.0000	0.0000	0.0012	0.0000	0.0000	0.0000	0.0000	0.0000	0.0031	0.9953	0.0000
0.8147	0.0000	0.0000	0.0872	0.0000	0.0000	0.0000	0.0000	0.0000	0.0422	0.0558	0.0000
0.0000	0.0000	0.0000	0.0000	0.0000	0.0000	0.0144	0.0000	0.0061	0.3680	0.0000	0.6115
0.0000	0.0000	0.0000	0.0000	0.0000	0.0000	0.0000	0.0000	0.0001	0.9907	0.0000	0.0092
0.0000	0.0000	0.0001	0.0000	0.0000	0.0000	0.0000	0.0000	0.0000	0.0000	0.0000	0.9999
0.0000	0.0000	0.0000	0.0000	0.0000	0.0000	0.0000	0.0000	0.0000	0.0000	0.0000	1.0000
0.0000	0.0000	1.0000	0.0000	0.0000	0.0000	0.0000	0.0000	0.0000	0.0000	0.0000	0.0000
0.0000	0.0000	1.0000	0.0000	0.0000	0.0000	0.0000	0.0000	0.0000	0.0000	0.0000	0.0000
0.0000	0.0000	0.0008	0.0000	0.0000	0.0000	0.0000	0.0000	0.0000	0.0000	0.0000	0.9992
0.0000	0.0000	1.0000	0.0000	0.0000	0.0000	0.0000	0.0000	0.0000	0.0000	0.0000	0.0000
0.0000	0.0000	0.0000	0.0000	0.0000	0.0000	0.0000	0.0000	0.0000	0.0000	0.0000	1.0000
0.0000	0.0000	1.0000	0.0000	0.0000	0.0000	0.0000	0.0000	0.0000	0.0000	0.0000	0.0000
0.0000	0.0000	1.0000	0.0000	0.0000	0.0000	0.0000	0.0000	0.0000	0.0000	0.0000	0.0000
0.0000	0.0000	0.0000	0.0000	0.0000	0.0000	0.0000	0.0000	0.0000	0.0000	0.0000	1.0000
0.0000	0.0000	1.0000	0.0000	0.0000	0.0000	0.0000	0.0000	0.0000	0.0000	0.0000	0.0000
0.0000	0.0000	0.0717	0.0000	0.0000	0.0000	0.0000	0.0000	0.0000	0.0000	0.0000	0.9283
0.0000	0.0000	0.0000	0.0000	0.0000	0.0000	0.0000	0.0000	0.0000	0.0000	0.0000	1.0000
0.0000	0.0000	1.0000	0.0000	0.0000	0.0000	0.0000	0.0000	0.0000	0.0000	0.0000	0.0000
0.0000	0.0000	0.2199	0.0000	0.0000	0.0000	0.0000	0.0000	0.0000	0.0000	0.0000	0.7801
0.0000	0.0000	0.0000	0.0000	0.0000	0.0000	0.0000	0.0000	0.0000	0.0000	0.0000	1.0000
0.0000	0.0000	0.9991	0.0000	0.0000	0.0000	0.0000	0.0000	0.0000	0.0000	0.0000	0.0009
0.0000	0.0000	0.9992	0.0000	0.0000	0.0000	0.0000	0.0000	0.0000	0.0000	0.0000	0.0008
0.0000	0.0000	0.9990	0.0000	0.0000	0.0000	0.0000	0.0000	0.0000	0.0000	0.0000	0.0010
0.0000	0.0000	1.0000	0.0000	0.0000	0.0000	0.0000	0.0000	0.0000	0.0000	0.0000	0.0000
0.0000	0.0000	1.0000	0.0000	0.0000	0.0000	0.0000	0.0000	0.0000	0.0000	0.0000	0.0000
0.0000	0.0000	0.0009	0.0000	0.0000	0.0000	0.9991	0.0000	0.0000	0.0000	0.0000	0.0000
0.0000	0.0000	0.0000	0.0000	0.0000	0.0000	0.0000	0.0000	1.0000	0.0000	0.0000	0.0000
0.0000	0.0000	1.0000	0.0000	0.0000	0.0000	0.0000	0.0000	0.0000	0.0000	0.0000	0.0000
0.0000	0.0000	0.0000	0.0000	0.0000	0.0000	1.0000	0.0000	0.0000	0.0000	0.0000	0.0000
0.0000	0.0000	0.0000	0.0000	0.0000	0.0000	0.0000	0.0000	1.0000	0.0000	0.0000	0.0000
0.0000	0.0000	1.0000	0.0000	0.0000	0.0000	0.0000	0.0000	0.0000	0.0000	0.0000	0.0000
0.0000	0.0000	0.0000	0.0000	0.0000	0.0000	1.0000	0.0000	0.0000	0.0000	0.0000	0.0000
0.0000	0.0000	0.0004	0.0000	0.0000	0.0000	0.9996	0.0000	0.0000	0.0000	0.0000	0.0000
0.0000	0.0000	0.0000	0.0000	0.0000	0.0000	0.0000	0.0000	1.0000	0.0000	0.0000	0.0000
0.0000	0.0000	0.0000	0.0000	0.0000	0.0000	1.0000	0.0000	0.0000	0.0000	0.0000	0.0000
0.0000	0.0000	0.0000	0.0000	0.0000	0.0000	0.0009	0.0000	0.9991	0.0000	0.0000	0.0000
0.0000	0.0000	0.0000	0.0000	0.0000	0.0000	0.0023	0.0000	0.9977	0.0000	0.0000	0.0000
0.0000	0.0000	0.0000	0.0000	0.0000	0.0000	0.0001	0.0000	0.9999	0.0000	0.0000	0.0000
0.0000	0.0000	0.0000	0.0000	0.0000	0.0000	0.0000	0.0000	1.0000	0.0000	0.0000	0.0000
0.0000	0.0000	0.0000	0.0000	0.0000	0.0000	0.0000	0.0000	1.0000	0.0000	0.0000	0.0000
0.0000	0.0000	1.0000	0.0000	0.0000	0.0000	0.0000	0.0000	0.0000	0.0000	0.0000	0.0000
0.0000	0.0000	0.9235	0.0000	0.0000	0.0004	0.0760	0.0000	0.0000	0.0000	0.0000	0.0000
0.0000	0.0000	1.0000	0.0000	0.0000	0.0000	0.0000	0.0000	0.0000	0.0000	0.0000	0.0000
0.0000	0.0000	0.9792	0.0000	0.0000	0.0001	0.0207	0.0000	0.0000	0.0000	0.0000	0.0000
0.0000	0.0000	0.0000	0.0000	0.0000	0.0000	0.0001	0.0000	0.9999	0.0000	0.0000	0.0000
0.0000	0.0000	0.0000	0.0000	0.0000	0.0000	0.0000	0.0000	1.0000	0.0000	0.0000	0.0000
0.0000	0.0000	0.0000	0.0000	0.0000	0.0000	0.0000	0.0000	1.0000	0.0000	0.0000	0.0000
0.0000	0.0000	0.0007	0.0000	0.0000	0.0000	0.9993	0.0000	0.0000	0.0000	0.0000	0.0000
0.0000	0.0000	0.0000	0.0000	0.0000	0.0000	0.0000	0.0000	1.0000	0.0000	0.0000	0.0000
0.0000	0.0000	0.0000	0.0000	0.0000	0.0000	0.9998	0.0000	0.0002	0.0000	0.0000	0.0000
0.0000	0.0000	0.0000	0.0000	0.0000	0.0000	1.0000	0.0000	0.0000	0.0000	0.0000	0.0000
0.0000	0.0000	0.0005	0.0000	0.0000	0.0000	0.9995	0.0000	0.0000	0.0000	0.0000	0.0000
0.0000	0.0000	0.0000	0.0000	0.0000	0.0000	0.0000	0.0000	1.0000	0.0000	0.0000	0.0000
0.0000	0.0000	0.0000	0.0000	0.0000	0.0000	1.0000	0.0000	0.0000	0.0000	0.0000	0.0000
0.0000	0.0000	0.0005	0.0000	0.0000	0.0000	0.9995	0.0000	0.0000	0.0000	0.0000	0.0000
0.0000	0.0000	0.0001	0.0000	0.0000	0.0001	0.9998	0.0000	0.0000	0.0000	0.0000	0.0000
