0.0000	0.0082	0.0015	0.0000	0.0000	0.0000	0.0148	0.9754	0.0000	0.0000	0.0000	0.0001
0.0000	0.0000	0.0000	0.0000	0.0000	0.0000	1.0000	0.0000	0.0000	0.0000	0.0000	0.0000
0.0389	0.0000	0.0000	0.0066	0.0000	0.0000	0.0000	0.0000	0.0067	0.9269	0.0208	0.0001
0.0000	0.0000	1.0000	0.0000	0.0000	0.0000	0.0000	0.0000	0.0000	0.0000	0.0000	0.0000
0.0000	0.0000	0.0010	0.0000	0.0000	0.0000	0.9990	0.0000	0.0000	0.0000	0.0000	0.0000
0.0000	0.0000	0.0000	0.0000	0.0000	0.0000	0.1490	0.0004	0.0002	0.0007	0.0000	0.8497
0.9359	0.0001	0.0000	0.0008	0.0000	0.0461	0.0000	0.0164	0.0000	0.0000	0.0008	0.0000
0.9998	0.0000	0.0000	0.0000	0.0000	0.0001	0.0000	0.0000	0.0000	0.0000	0.0001	0.0000
0.0003	0.0000	0.0001	0.0000	0.0000	0.0000	0.2377	0.3814	0.0001	0.0018	0.0000	0.3787
0.0001	0.0000	0.0008	0.0000	0.0000	0.0000	0.4241	0.1304	0.0001	0.0004	0.0000	0.4441
0.5437	0.0000	0.0000	0.0062	0.0000	0.0000	0.0000	0.0000	0.0125	0.4301	0.0075	0.0000
0.9071	0.0000	0.0000	0.0003	0.0000	0.0000	0.0000	0.0006	0.0006	0.0010	0.0903	0.0000
0.0000	0.0134	0.8772	0.0000	0.0000	0.1090	0.0004	0.0000	0.0000	0.0000	0.0000	0.0000
0.0000	0.0000	0.0002	0.0000	0.0000	0.0000	0.9771	0.0048	0.0000	0.0000	0.0000	0.0179
0.0000	0.0000	0.0000	0.0000	0.0000	0.0000	0.0000	0.0000	1.0000	0.0000	0.0000	0.0000
0.0009	0.0000	0.0088	0.0000	0.0000	0.0000	0.6877	0.2274	0.0000	0.0001	0.0000	0.0750
0.0000	0.0000	0.0000	0.0009	0.9978	0.0000	0.0000	0.0000	0.0000	0.0013	0.0000	0.0000
0.0000	0.3586	0.6387	0.0000	0.0000	0.0005	0.0019	0.0004	0.0000	0.0000	0.0000	0.0000
0.0002	0.0000	0.0002	0.0001	0.0000	0.9995	0.0000	0.0000	0.0000	0.0000	0.0000	0.0000
0.0001	0.0000	0.0004	0.0000	0.0000	0.0001	0.0834	0.9159	0.0000	0.0000	0.0000	0.0001
0.9869	0.0000	0.0000	0.0000	0.0000	0.0000	0.0000	0.0000	0.0016	0.0002	0.0113	0.0000
0.0000	0.0000	0.0000	0.0000	0.0000	0.0000	0.0000	0.0000	0.0000	0.0028	0.0000	0.9972
0.0045	0.0000	0.0000	0.0000	0.0000	0.0000	0.0000	0.0000	0.9954	0.0000	0.0000	0.0000
0.0000	0.0000	0.0001	0.0000	0.0000	0.0000	0.0095	0.9899	0.0000	0.0000	0.0000	0.0005
0.0000	0.0000	0.0000	0.0000	0.0000	0.0000	0.0000	0.0000	0.0001	0.9193	0.0000	0.0806
0.0013	0.0000	0.0020	0.0002	0.0000	0.0002	0.0349	0.7559	0.0000	0.0013	0.0000	0.2042
0.0004	0.0000	0.3454	0.0001	0.0001	0.0094	0.1281	0.2292	0.0000	0.0001	0.0000	0.2871
0.0003	0.0265	0.6983	0.0000	0.0001	0.1037	0.0276	0.1393	0.0000	0.0000	0.0000	0.0042
0.8555	0.0000	0.0000	0.0089	0.0000	0.1275	0.0000	0.0000	0.0023	0.0058	0.0000	0.0000
0.0000	0.0000	0.0000	0.0002	0.0000	0.0000	0.0000	0.9992	0.0000	0.0000	0.0000	0.0006
1.0000	0.0000	0.0000	0.0000	0.0000	0.0000	0.0000	0.0000	0.0000	0.0000	0.0000	0.0000
0.0251	0.0000	0.0074	0.0016	0.0001	0.0050	0.1301	0.6476	0.0018	0.0083	0.0000	0.1731
0.0000	0.0887	0.7962	0.0000	0.0000	0.1145	0.0004	0.0001	0.0000	0.0000	0.0000	0.0000
0.0000	0.0000	0.0000	0.0008	0.0313	0.0000	0.0000	0.0000	0.0000	0.9370	0.0000	0.0309
0.0000	0.0004	0.0032	0.0000	0.0000	0.0000	0.8830	0.1132	0.0000	0.0000	0.0000	0.0001
0.0000	0.0000	0.0001	0.0000	0.0000	0.0000	0.6270	0.3728	0.0000	0.0000	0.0000	0.0000
0.0000	0.0000	0.0000	0.0000	0.0000	0.0000	0.0000	0.0000	0.0000	0.9996	0.0000	0.0004
0.0000	0.0000	0.0000	0.0000	0.0000	0.9999	0.0000	0.0000	0.0000	0.0000	0.0000	0.0000
0.9993	0.0000	0.0000	0.0002	0.0000	0.0000	0.0000	0.0000	0.0000	0.0005	0.0000	0.0000
0.0011	0.0002	0.0009	0.0010	0.0000	0.0108	0.0007	0.9835	0.0000	0.0000	0.0000	0.0018
0.0000	0.0000	0.0000	0.0000	0.0000	0.0000	0.0000	0.0000	0.9974	0.0026	0.0000	0.0000
0.0000	0.0000	0.0000	0.0000	0.0000	0.0000	0.0000	0.0000	0.0000	0.0000	1.0000	0.0000
0.0000	0.0000	0.0006	0.0000	0.0000	0.0000	0.0229	0.0000	0.1481	0.0028	0.0000	0.8256
0.0000	0.0000	0.0147	0.0000	0.0000	0.0000	0.2009	0.0000	0.0010	0.0000	0.0000	0.7833
0.0000	0.0000	0.0013	0.0000	0.0000	0.0000	0.6571	0.0092	0.0000	0.0000	0.0000	0.3324
0.0027	0.0000	0.0000	0.0000	0.0000	0.0000	0.1199	0.7154	0.0002	0.0116	0.0000	0.1502
0.0034	0.0000	0.0002	0.0010	0.0000	0.0001	0.0009	0.0005	0.0148	0.7963	0.0000	0.1829
0.0000	0.1130	0.8106	0.0000	0.0000	0.0665	0.0053	0.0046	0.0000	0.0000	0.0000	0.0001
0.0003	0.0000	0.4003	0.0000	0.0000	0.5790	0.0132	0.0040	0.0000	0.0000	0.0000	0.0032
0.0001	0.0000	0.0003	0.0000	0.0000	0.0000	0.1869	0.2541	0.0000	0.0006	0.0000	0.5581
0.9997	0.0000	0.0000	0.0000	0.0000	0.0001	0.0000	0.0000	0.0000	0.0000	0.0001	0.0000
0.0001	0.0000	0.0000	0.0004	0.0000	0.0002	0.0000	0.9993	0.0000	0.0000	0.0000	0.0000
0.0010	0.0000	0.0000	0.0000	0.0000	0.0000	0.0000	0.0000	0.9982	0.0008	0.0000	0.0000
0.0036	0.0000	0.0000	0.0103	0.0000	0.0000	0.0000	0.0000	0.0005	0.9833	0.0021	0.0001
0.0000	0.0153	0.8718	0.0000	0.0000	0.1123	0.0005	0.0000	0.0000	0.0000	0.0000	0.0000
0.0000	0.0002	0.0003	0.0000	0.0000	0.9995	0.0000	0.0000	0.0000	0.0000	0.0000	0.0000
0.0000	0.0000	0.0000	0.0000	0.0000	0.0000	0.7943	0.2020	0.0000	0.0000	0.0000	0.0037
0.0000	0.0000	0.0000	0.0000	0.0000	0.0000	0.0000	0.0000	1.0000	0.0000	0.0000	0.0000
0.0002	0.0000	0.0028	0.0000	0.0000	0.0000	0.9933	0.0002	0.0001	0.0000	0.0000	0.0034
0.2610	0.0000	0.0000	0.0000	0.0000	0.0000	0.0004	0.0000	0.0633	0.6749	0.0000	0.0002
0.0006	0.0000	0.0000	0.0000	0.0000	0.0000	0.0000	0.0000	0.9993	0.0001	0.0000	0.0000
0.0003	0.0000	0.0000	0.0000	0.0000	0.0000	0.0000	0.0000	0.9997	0.0000	0.0000	0.0000
0.0000	0.0000	0.0000	0.9970	0.0025	0.0000	0.0000	0.0000	0.0000	0.0000	0.0005	0.0000
0.0000	0.0001	0.9733	0.0000	0.0000	0.0002	0.0216	0.0006	0.0000	0.0000	0.0000	0.0043
0.0000	0.0000	0.0000	0.0000	0.0000	0.0000	0.0014	0.0000	0.0133	0.5750	0.0000	0.4103
0.0022	0.0000	0.0000	0.0005	0.0000	0.9972	0.0000	0.0001	0.0000	0.0000	0.0001	0.0000
0.0000	0.0000	0.2832	0.0000	0.0000	0.0000	0.4967	0.0007	0.0000	0.0000	0.0000	0.2194
0.0000	0.0000	0.0019	0.0000	0.0000	0.0000	0.0011	0.8871	0.0000	0.0000	0.0000	0.1099
0.0000	0.0000	0.0000	0.0000	0.0000	0.0000	0.0000	0.0000	0.0365	0.8857	0.0000	0.0778
0.9754	0.0000	0.0000	0.0012	0.0000	0.0160	0.0001	0.0000	0.0020	0.0050	0.0000	0.0001
0.0000	0.0024	0.6840	0.0000	0.0000	0.0000	0.0046	0.1487	0.0000	0.0000	0.0000	0.1602
0.0000	0.0000	0.0000	0.0027	0.0236	0.0000	0.0000	0.0000	0.0000	0.9700	0.0000	0.0037
0.0000	0.0000	0.0000	0.0000	0.0000	0.0000	0.0000	0.0000	0.0003	0.9997	0.0000	0.0000
0.0001	0.0000	0.0000	0.0079	0.0000	0.0000	0.0000	0.0000	0.0000	0.0000	0.9919	0.0000
0.0000	0.1897	0.7674	0.0000	0.0000	0.0008	0.0118	0.0295	0.0000	0.0000	0.0000	0.0009
0.0000	0.0000	0.0000	0.0000	0.0000	0.0000	0.0000	0.9996	0.0000	0.0000	0.0000	0.0003
0.0000	0.0000	0.0000	0.0000	0.0000	0.0000	0.1889	0.3428	0.0000	0.0000	0.0000	0.4682
0.0842	0.0000	0.0000	0.0997	0.0000	0.0000	0.0000	0.0000	0.0001	0.8157	0.0002	0.0000
0.0000	0.0000	0.0000	0.0000	0.0000	0.0000	0.0000	0.0000	1.0000	0.0000	0.0000	0.0000
0.0000	0.0000	0.0000	0.0000	0.0000	0.0000	0.0000	0.0000	0.0000	0.0011	0.0000	0.9989
0.0000	0.0000	0.0061	0.0000	0.0000	0.0000	0.9916	0.0002	0.0000	0.0000	0.0000	0.0022
0.0000	0.0000	0.0000	0.0000	0.0000	0.0000	0.0000	0.0000	0.0000	0.0707	0.0000	0.9293
0.0000	0.0000	1.0000	0.0000	0.0000	0.0000	0.0000	0.0000	0.0000	0.0000	0.0000	0.0000
0.0000	0.0000	0.0004	0.0000	0.0000	0.0000	0.0000	0.0000	0.0000	0.0000	0.0000	0.9996
0.0000	0.0000	0.0000	0.0000	0.0000	0.0000	0.0000	0.0000	0.0000	0.0000	0.0000	1.0000
0.0000	0.0000	1.0000	0.0000	0.0000	0.0000	0.0000	0.0000	0.0000	0.0000	0.0000	0.0000
0.0000	0.0000	1.0000	0.0000	0.0000	0.0000	0.0000	0.0000	0.0000	0.0000	0.0000	0.0000
0.0000	0.0000	0.0004	0.0000	0.0000	0.0000	0.0000	0.0000	0.0000	0.0000	0.0000	0.9996
0.0000	0.0000	1.0000	0.0000	0.0000	0.0000	0.0000	0.0000	0.0000	0.0000	0.0000	0.0000
0.0000	0.0000	0.0000	0.0000	0.0000	0.0000	0.0000	0.0000	0.0000	0.0000	0.0000	1.0000
0.0000	0.0000	0.0000	0.0000	0.0000	0.0000	0.0000	0.0000	0.0000	0.0000	0.0000	1.0000
0.0000	0.0000	1.0000	0.0000	0.0000	0.0000	0.0000	0.0000	0.0000	0.0000	0.0000	0.0000
0.0000	0.0000	0.0000	0.0000	0.0000	0.0000	0.0000	0.0000	0.0000	0.0001	0.0000	0.9999
0.0000	0.0000	0.0000	0.0000	0.0000	0.0000	0.0000	0.0000	0.0000	0.0000	0.0000	1.0000
0.0000	0.0000	0.9949	0.0000	0.0000	0.0000	0.0000	0.0000	0.0000	0.0000	0.0000	0.0051
0.0000	0.0000	0.0000	0.0000	0.0000	0.0000	0.0000	0.0000	0.0000	0.0000	0.0000	1.0000
0.0000	0.0000	0.0000	0.0000	0.0000	0.0000	0.0000	0.0000	0.0000	0.0000	0.0000	1.0000
0.0000	0.0000	0.0000	0.0000	0.0000	0.0000	0.0000	0.0000	0.0000	0.0000	0.0000	1.0000
0.0000	0.0000	1.0000	0.0000	0.0000	0.0000	0.0000	0.0000	0.0000	0.0000	0.0000	0.0000
0.0000	0.0000	0.0000	0.0000	0.0000	0.0000	0.0000	0.0000	0.0000	0.0000	0.0000	1.0000
0.0000	0.0000	1.0000	0.0000	0.0000	0.0000	0.0000	0.0000	0.0000	0.0000	0.0000	0.0000
0.0000	0.0000	0.0000	0.0000	0.0000	0.0000	0.0000	0.0000	1.0000	0.0000	0.0000	0.0000
0.0000	0.0000	0.9991	0.0000	0.0000	0.0000	0.0009	0.0000	0.0000	0.0000	0.0000	0.0000
0.0000	0.0000	0.0001	0.0000	0.0000	0.0000	0.9999	0.0000	0.0000	0.0000	0.0000	0.0000
0.0000	0.0000	0.0000	0.0000	0.0000	0.0000	0.0000	0.0000	1.0000	0.0000	0.0000	0.0000
0.0000	0.0000	0.0000	0.0000	0.0000	0.0000	0.0000	0.0000	1.0000	0.0000	0.0000	0.0000
0.0000	0.0000	0.9999	0.0000	0.0000	0.0000	0.0001	0.0000	0.0000	0.0000	0.0000	0.0000
0.0000	0.0000	0.0223	0.0000	0.0000	0.0000	0.9777	0.0000	0.0000	0.0000	0.0000	0.0000
0.0000	0.0000	0.0000	0.0000	0.0000	0.0000	1.0000	0.0000	0.0000	0.0000	0.0000	0.0000
0.0000	0.0000	0.0000	0.0000	0.0000	0.0000	0.0000	0.0000	1.0000	0.0000	0.0000	0.0000
0.0000	0.0000	0.9958	0.0000	0.0000	0.0000	0.0042	0.0000	0.0000	0.0000	0.0000	0.0000
0.0000	0.0000	0.6902	0.0000	0.0000	0.0000	0.3098	0.0000	0.0000	0.0000	0.0000	0.0000
0.0000	0.0000	0.0000	0.0000	0.0000	0.0000	0.0000	0.0000	1.0000	0.0000	0.0000	0.0000
0.0000	0.0000	0.0000	0.0000	0.0000	0.0000	0.0001	0.0000	0.9999	0.0000	0.0000	0.0000
0.0000	0.0000	0.9993	0.0000	0.0000	0.0000	0.0007	0.0000	0.0000	0.0000	0.0000	0.0000
0.0000	0.0000	0.0000	0.0000	0.0000	0.0000	1.0000	0.0000	0.0000	0.0000	0.0000	0.0000
0.0000	0.0000	0.0000	0.0000	0.0000	0.0000	0.0000	0.0000	1.0000	0.0000	0.0000	0.0000
0.0000	0.0000	0.0000	0.0000	0.0000	0.0000	0.0000	0.0000	1.0000	0.0000	0.0000	0.0000
0.0000	0.0000	0.0017	0.0000	0.0000	0.0000	0.9983	0.0000	0.0000	0.0000	0.0000	0.0000
0.0000	0.0000	0.0000	0.0000	0.0000	0.0000	0.0000	0.0000	1.0000	0.0000	0.0000	0.0000
0.0000	0.0000	0.0000	0.0000	0.0000	0.0000	0.0000	0.0000	1.0000	0.0000	0.0000	0.0000
0.0000	0.0000	0.0130	0.0000	0.0000	0.0000	0.9870	0.0000	0.0000	0.0000	0.0000	0.0000
0.0000	0.0000	0.0000	0.0000	0.0000	0.0000	1.0000	0.0000	0.0000	0.0000	0.0000	0.0000
0.0000	0.0000	0.0000	0.0000	0.0000	0.0000	0.0000	0.0000	1.0000	0.0000	0.0000	0.0000
0.0000	0.0000	0.0000	0.0000	0.0000	0.0000	1.0000	0.0000	0.0000	0.0000	0.0000	0.0000
0.0000	0.0000	0.0000	0.0000	0.0000	0.0000	0.0000	0.0000	1.0000	0.0000	0.0000	0.0000
0.0000	0.0000	0.9828	0.0000	0.0000	0.0000	0.0172	0.0000	0.0000	0.0000	0.0000	0.0000
0.0000	0.0000	0.9994	0.0000	0.0000	0.0000	0.0006	0.0000	0.0000	0.0000	0.0000	0.0000
0.0000	0.0000	0.0000	0.0000	0.0000	0.0000	1.0000	0.0000	0.0000	0.0000	0.0000	0.0000
0.0000	0.0000	0.0000	0.0000	0.0000	0.0000	1.0000	0.0000	0.0000	0.0000	0.0000	0.0000
0.0000	0.0000	0.0000	0.0000	0.0000	0.0000	0.0000	0.0000	1.0000	0.0000	0.0000	0.0000
0.0000	0.0000	0.9161	0.0000	0.0000	0.0000	0.0839	0.0000	0.0000	0.0000	0.0000	0.0000
0.0000	0.0000	0.0000	0.0000	0.0000	0.0000	1.0000	0.0000	0.0000	0.0000	0.0000	0.0000
