0.0003	0.0373	0.0288	0.0000	0.0000	0.0037	0.0384	0.8903	0.0000	0.0000	0.0000	0.0011
0.0000	0.0000	0.0000	0.0000	0.0000	0.0000	1.0000	0.0000	0.0000	0.0000	0.0000	0.0000
0.0145	0.0000	0.0000	0.0026	0.0001	0.0000	0.0001	0.0000	0.0445	0.9310	0.0066	0.0005
0.0000	0.0000	0.0002	0.0000	0.9998	0.0000	0.0000	0.0000	0.0000	0.0000	0.0000	0.0000
0.0000	0.0000	0.0016	0.0000	0.0000	0.0000	0.9984	0.0000	0.0000	0.0000	0.0000	0.0000
0.0013	0.0000	0.0002	0.0000	0.0000	0.0000	0.7484	0.0304	0.0016	0.0211	0.0000	0.1969
0.9820	0.0002	0.0001	0.0001	0.0000	0.0156	0.0000	0.0007	0.0000	0.0000	0.0014	0.0000
0.9998	0.0000	0.0000	0.0000	0.0000	0.0000	0.0000	0.0000	0.0001	0.0000	0.0000	0.0000
0.0160	0.0000	0.0017	0.0014	0.0001	0.0001	0.3483	0.4741	0.0015	0.0264	0.0000	0.1302
0.0074	0.0001	0.0033	0.0004	0.0001	0.0003	0.5438	0.3570	0.0015	0.0086	0.0000	0.0776
0.0224	0.0000	0.0000	0.0003	0.0000	0.0000	0.0002	0.0000	0.1840	0.7929	0.0001	0.0001
0.5867	0.0000	0.0000	0.0219	0.0003	0.0005	0.0022	0.0011	0.1189	0.0244	0.2440	0.0000
0.0001	0.0762	0.1377	0.0000	0.0000	0.7850	0.0007	0.0003	0.0000	0.0000	0.0000	0.0000
0.0001	0.0000	0.0011	0.0000	0.0000	0.0000	0.7790	0.2084	0.0000	0.0000	0.0000	0.0112
0.0000	0.0000	0.0000	0.0000	0.0000	0.0000	0.0000	0.0000	1.0000	0.0000	0.0000	0.0000
0.0193	0.0006	0.0080	0.0001	0.0000	0.0006	0.6804	0.2782	0.0007	0.0011	0.0000	0.0111
0.0000	0.0000	0.0000	0.0001	0.9994	0.0000	0.0000	0.0000	0.0000	0.0005	0.0000	0.0000
0.0001	0.4669	0.5007	0.0000	0.0000	0.0280	0.0033	0.0008	0.0000	0.0000	0.0000	0.0001
0.0013	0.0029	0.0068	0.0000	0.0000	0.9886	0.0002	0.0002	0.0000	0.0000	0.0000	0.0000
0.0042	0.0066	0.0129	0.0000	0.0000	0.0079	0.2676	0.7003	0.0000	0.0000	0.0000	0.0005
0.9403	0.0000	0.0000	0.0001	0.0000	0.0000	0.0000	0.0000	0.0508	0.0019	0.0067	0.0000
0.0000	0.0000	0.0000	0.0000	0.0000	0.0000	0.0000	0.0000	0.0000	0.0045	0.0000	0.9954
0.0012	0.0000	0.0000	0.0000	0.0000	0.0000	0.0000	0.0000	0.9988	0.0000	0.0000	0.0000
0.0026	0.0028	0.0028	0.0003	0.0000	0.0009	0.0203	0.9663	0.0000	0.0001	0.0000	0.0039
0.0000	0.0000	0.0000	0.0000	0.0000	0.0000	0.0000	0.0000	0.0001	0.9752	0.0000	0.0247
0.0063	0.0014	0.0160	0.0003	0.0003	0.0024	0.1131	0.7824	0.0001	0.0016	0.0000	0.0761
0.0109	0.0456	0.2807	0.0003	0.0016	0.0907	0.1304	0.3965	0.0002	0.0007	0.0001	0.0423
0.0126	0.3220	0.2825	0.0002	0.0006	0.2211	0.0443	0.1124	0.0000	0.0001	0.0000	0.0041
0.9633	0.0000	0.0000	0.0000	0.0000	0.0361	0.0000	0.0000	0.0005	0.0001	0.0000	0.0000
0.0026	0.0000	0.0000	0.0285	0.0000	0.0000	0.0101	0.9349	0.0000	0.0028	0.0000	0.0209
0.9987	0.0000	0.0000	0.0000	0.0000	0.0000	0.0000	0.0000	0.0009	0.0000	0.0002	0.0000
0.2282	0.0012	0.0117	0.0270	0.0031	0.0857	0.0754	0.4639	0.0124	0.0478	0.0155	0.0281
0.0001	0.1030	0.1557	0.0000	0.0000	0.7401	0.0007	0.0003	0.0000	0.0000	0.0000	0.0000
0.0000	0.0000	0.0000	0.0000	0.8500	0.0000	0.0000	0.0000	0.0000	0.1385	0.0000	0.0115
0.0008	0.0134	0.0223	0.0000	0.0000	0.0010	0.2184	0.7424	0.0000	0.0000	0.0000	0.0018
0.0005	0.0012	0.0042	0.0000	0.0000	0.0002	0.3332	0.6603	0.0000	0.0000	0.0000	0.0004
0.0000	0.0000	0.0000	0.0000	0.0000	0.0000	0.0000	0.0000	0.0000	0.9999	0.0000	0.0001
0.0001	0.0010	0.0012	0.0000	0.0000	0.9976	0.0000	0.0001	0.0000	0.0000	0.0000	0.0000
0.9998	0.0000	0.0000	0.0000	0.0000	0.0000	0.0000	0.0000	0.0000	0.0001	0.0000	0.0000
0.0068	0.0096	0.0084	0.0048	0.0007	0.0020	0.0453	0.9012	0.0001	0.0010	0.0001	0.0202
0.0000	0.0000	0.0000	0.0000	0.0000	0.0000	0.0000	0.0000	1.0000	0.0000	0.0000	0.0000
0.0000	0.0000	0.0000	0.0000	0.0000	0.0000	0.0000	0.0000	0.0000	0.0000	1.0000	0.0000
0.0045	0.0000	0.0000	0.0000	0.0000	0.0000	0.0023	0.0000	0.4320	0.5595	0.0000	0.0018
0.0057	0.0000	0.0007	0.0000	0.0000	0.0000	0.2907	0.0000	0.3345	0.2319	0.0000	0.1364
0.0039	0.0000	0.0016	0.0000	0.0000	0.0001	0.2951	0.6901	0.0001	0.0004	0.0000	0.0086
0.1966	0.0000	0.0003	0.0023	0.0000	0.0001	0.2728	0.3461	0.0083	0.1248	0.0001	0.0486
0.0704	0.0000	0.0005	0.0058	0.0007	0.0024	0.0045	0.0020	0.0503	0.8283	0.0050	0.0300
0.0005	0.1471	0.1956	0.0000	0.0000	0.6493	0.0033	0.0042	0.0000	0.0000	0.0000	0.0000
0.0054	0.0026	0.0211	0.0000	0.0000	0.9629	0.0033	0.0045	0.0001	0.0000	0.0000	0.0001
0.0097	0.0000	0.0011	0.0005	0.0000	0.0002	0.1567	0.7832	0.0003	0.0048	0.0000	0.0434
0.9998	0.0000	0.0000	0.0000	0.0000	0.0000	0.0000	0.0000	0.0001	0.0000	0.0000	0.0000
0.0003	0.0001	0.0001	0.0002	0.0000	0.0003	0.0002	0.9984	0.0000	0.0000	0.0000	0.0005
0.0356	0.0000	0.0000	0.0000	0.0000	0.0000	0.0003	0.0000	0.9637	0.0004	0.0000	0.0000
0.0043	0.0000	0.0000	0.0084	0.0004	0.0000	0.0001	0.0000	0.0081	0.9726	0.0049	0.0011
0.0001	0.0580	0.1080	0.0000	0.0000	0.8330	0.0006	0.0002	0.0000	0.0000	0.0000	0.0000
0.0000	0.0031	0.0048	0.0000	0.0000	0.9920	0.0000	0.0000	0.0000	0.0000	0.0000	0.0000
0.0021	0.0000	0.0000	0.0000	0.0000	0.0000	0.7993	0.1975	0.0000	0.0001	0.0000	0.0009
0.0000	0.0000	0.0000	0.0000	0.0000	0.0000	0.0000	0.0000	1.0000	0.0000	0.0000	0.0000
0.0473	0.0000	0.0014	0.0000	0.0000	0.0000	0.9386	0.0092	0.0021	0.0004	0.0000	0.0010
0.2483	0.0000	0.0000	0.0002	0.0000	0.0000	0.0134	0.0000	0.5120	0.2261	0.0000	0.0001
0.0003	0.0000	0.0000	0.0000	0.0000	0.0000	0.0000	0.0000	0.9996	0.0000	0.0000	0.0000
0.0004	0.0000	0.0000	0.0000	0.0000	0.0000	0.0000	0.0000	0.9996	0.0000	0.0000	0.0000
0.0000	0.0000	0.0000	0.9986	0.0008	0.0000	0.0000	0.0000	0.0000	0.0005	0.0001	0.0000
0.0005	0.1158	0.7567	0.0000	0.0003	0.0646	0.0479	0.0115	0.0000	0.0000	0.0000	0.0027
0.0000	0.0000	0.0000	0.0000	0.0000	0.0000	0.0004	0.0000	0.0024	0.9061	0.0000	0.0910
0.0036	0.0005	0.0020	0.0000	0.0000	0.9928	0.0003	0.0007	0.0000	0.0000	0.0001	0.0000
0.0001	0.0049	0.3648	0.0000	0.0003	0.0002	0.4186	0.0156	0.0000	0.0001	0.0000	0.1954
0.0000	0.0003	0.0025	0.0000	0.0000	0.0000	0.0150	0.6949	0.0000	0.0000	0.0000	0.2872
0.0008	0.0000	0.0000	0.0000	0.0000	0.0000	0.0017	0.0000	0.0976	0.8951	0.0000	0.0049
0.9473	0.0000	0.0014	0.0001	0.0000	0.0336	0.0078	0.0007	0.0070	0.0017	0.0001	0.0002
0.0000	0.0249	0.0726	0.0000	0.0002	0.0001	0.0316	0.7299	0.0000	0.0000	0.0000	0.1406
0.0000	0.0000	0.0000	0.0002	0.6032	0.0000	0.0000	0.0000	0.0000	0.3927	0.0000	0.0039
0.0001	0.0000	0.0000	0.0000	0.0000	0.0000	0.0000	0.0000	0.0018	0.9981	0.0000	0.0000
0.0004	0.0000	0.0000	0.0045	0.0001	0.0000	0.0000	0.0000	0.0000	0.0084	0.9866	0.0000
0.0000	0.2828	0.6865	0.0000	0.0000	0.0122	0.0097	0.0081	0.0000	0.0000	0.0000	0.0005
0.0000	0.0000	0.0000	0.0000	0.0000	0.0000	0.0002	0.9993	0.0000	0.0000	0.0000	0.0005
0.0000	0.0000	0.0000	0.0000	0.0000	0.0000	0.0164	0.9195	0.0000	0.0000	0.0000	0.0641
0.6906	0.0000	0.0000	0.0090	0.0000	0.0000	0.0000	0.0000	0.0338	0.2658	0.0007	0.0000
0.0000	0.0000	0.0000	0.0000	0.0000	0.0000	0.0000	0.0000	1.0000	0.0000	0.0000	0.0000
0.0000	0.0000	0.0000	0.0000	0.0000	0.0000	0.0000	0.0000	0.0000	0.0671	0.0000	0.9329
0.0001	0.0001	0.0034	0.0000	0.0000	0.0000	0.9803	0.0140	0.0000	0.0000	0.0000	0.0021
0.0000	0.0000	0.0000	0.0000	0.0000	0.0000	0.0000	0.0000	0.0000	0.4135	0.0000	0.5865
0.0000	0.0000	1.0000	0.0000	0.0000	0.0000	0.0000	0.0000	0.0000	0.0000	0.0000	0.0000
0.0000	0.0000	0.0001	0.0000	0.0000	0.0000	0.0000	0.0000	0.0000	0.0000	0.0000	0.9999
0.0000	0.0000	0.0000	0.0000	0.0000	0.0000	0.0000	0.0000	0.0000	0.0000	0.0000	1.0000
0.0000	0.0001	0.9999	0.0000	0.0000	0.0000	0.0000	0.0000	0.0000	0.0000	0.0000	0.0000
0.0000	0.0001	0.9999	0.0000	0.0000	0.0000	0.0000	0.0000	0.0000	0.0000	0.0000	0.0000
0.0000	0.0000	0.0000	0.0000	0.0000	0.0000	0.0000	0.0000	0.0000	0.0000	0.0000	1.0000
0.0000	0.0000	1.0000	0.0000	0.0000	0.0000	0.0000	0.0000	0.0000	0.0000	0.0000	0.0000
0.0000	0.0000	0.0000	0.0000	0.0000	0.0000	0.0000	0.0000	0.0000	0.0000	0.0000	1.0000
0.0000	0.0000	0.0000	0.0000	0.0000	0.0000	0.0000	0.0000	0.0000	0.0000	0.0000	1.0000
0.0000	0.0000	1.0000	0.0000	0.0000	0.0000	0.0000	0.0000	0.0000	0.0000	0.0000	0.0000
0.0000	0.0000	0.0000	0.0000	0.0000	0.0000	0.0000	0.0000	0.0000	0.0234	0.0000	0.9766
0.0000	0.0000	0.0000	0.0000	0.0000	0.0000	0.0000	0.0000	0.0000	0.0000	0.0000	1.0000
0.0000	0.0000	0.9999	0.0000	0.0000	0.0000	0.0000	0.0000	0.0000	0.0000	0.0000	0.0001
0.0000	0.0000	0.0000	0.0000	0.0000	0.0000	0.0000	0.0000	0.0000	0.0000	0.0000	1.0000
0.0000	0.0000	0.0000	0.0000	0.0000	0.0000	0.0000	0.0000	0.0000	0.0000	0.0000	1.0000
0.0000	0.0000	0.0000	0.0000	0.0000	0.0000	0.0000	0.0000	0.0000	0.0000	0.0000	1.0000
0.0000	0.0000	1.0000	0.0000	0.0000	0.0000	0.0000	0.0000	0.0000	0.0000	0.0000	0.0000
0.0000	0.0000	0.0000	0.0000	0.0000	0.0000	0.0000	0.0000	0.0000	0.0000	0.0000	1.0000
0.0000	0.0000	1.0000	0.0000	0.0000	0.0000	0.0000	0.0000	0.0000	0.0000	0.0000	0.0000
0.0000	0.0000	0.0000	0.0000	0.0000	0.0000	0.0000	0.0000	1.0000	0.0000	0.0000	0.0000
0.0000	0.0027	0.9966	0.0000	0.0000	0.0000	0.0007	0.0000	0.0000	0.0000	0.0000	0.0000
0.0000	0.0000	0.0000	0.0000	0.0000	0.0000	1.0000	0.0000	0.0000	0.0000	0.0000	0.0000
0.0000	0.0000	0.0000	0.0000	0.0000	0.0000	0.0000	0.0000	1.0000	0.0000	0.0000	0.0000
0.0000	0.0000	0.0000	0.0000	0.0000	0.0000	0.0000	0.0000	1.0000	0.0000	0.0000	0.0000
0.0000	0.0017	0.9982	0.0000	0.0000	0.0000	0.0001	0.0000	0.0000	0.0000	0.0000	0.0000
0.0000	0.0001	0.0402	0.0000	0.0000	0.0000	0.9595	0.0001	0.0000	0.0000	0.0000	0.0000
0.0000	0.0000	0.0000	0.0000	0.0000	0.0000	0.9999	0.0000	0.0001	0.0000	0.0000	0.0000
0.0000	0.0000	0.0000	0.0000	0.0000	0.0000	0.0000	0.0000	1.0000	0.0000	0.0000	0.0000
0.0000	0.0015	0.9974	0.0000	0.0000	0.0000	0.0011	0.0000	0.0000	0.0000	0.0000	0.0000
0.0000	0.0036	0.9346	0.0000	0.0000	0.0000	0.0618	0.0000	0.0000	0.0000	0.0000	0.0000
0.0000	0.0000	0.0000	0.0000	0.0000	0.0000	0.0001	0.0000	0.9999	0.0000	0.0000	0.0000
0.0000	0.0000	0.0000	0.0000	0.0000	0.0000	0.0008	0.0000	0.9992	0.0000	0.0000	0.0000
0.0000	0.0018	0.9978	0.0000	0.0000	0.0000	0.0005	0.0000	0.0000	0.0000	0.0000	0.0000
0.0000	0.0000	0.0000	0.0000	0.0000	0.0000	1.0000	0.0000	0.0000	0.0000	0.0000	0.0000
0.0000	0.0000	0.0000	0.0000	0.0000	0.0000	0.0000	0.0000	1.0000	0.0000	0.0000	0.0000
0.0000	0.0000	0.0000	0.0000	0.0000	0.0000	0.0000	0.0000	1.0000	0.0000	0.0000	0.0000
0.0000	0.0000	0.0004	0.0000	0.0000	0.0000	0.9996	0.0000	0.0000	0.0000	0.0000	0.0000
0.0000	0.0000	0.0000	0.0000	0.0000	0.0000	0.0000	0.0000	1.0000	0.0000	0.0000	0.0000
0.0000	0.0000	0.0000	0.0000	0.0000	0.0000	0.0000	0.0000	0.9999	0.0001	0.0000	0.0000
0.0000	0.0000	0.0005	0.0000	0.0000	0.0000	0.9995	0.0000	0.0000	0.0000	0.0000	0.0000
0.0000	0.0000	0.0000	0.0000	0.0000	0.0000	1.0000	0.0000	0.0000	0.0000	0.0000	0.0000
0.0000	0.0000	0.0000	0.0000	0.0000	0.0000	0.0000	0.0000	1.0000	0.0000	0.0000	0.0000
0.0000	0.0000	0.0000	0.0000	0.0000	0.0000	1.0000	0.0000	0.0000	0.0000	0.0000	0.0000
0.0000	0.0000	0.0000	0.0000	0.0000	0.0000	0.0000	0.0000	1.0000	0.0000	0.0000	0.0000
0.0000	0.0047	0.9904	0.0000	0.0000	0.0000	0.0049	0.0000	0.0000	0.0000	0.0000	0.0000
0.0000	0.0020	0.9976	0.0000	0.0000	0.0000	0.0005	0.0000	0.0000	0.0000	0.0000	0.0000
0.0000	0.0000	0.0000	0.0000	0.0000	0.0000	1.0000	0.0000	0.0000	0.0000	0.0000	0.0000
0.0000	0.0000	0.0000	0.0000	0.0000	0.0000	1.0000	0.0000	0.0000	0.0000	0.0000	0.0000
0.0000	0.0000	0.0000	0.0000	0.0000	0.0000	0.0000	0.0000	1.0000	0.0000	0.0000	0.0000
0.0000	0.0047	0.9551	0.0000	0.0000	0.0000	0.0402	0.0000	0.0000	0.0000	0.0000	0.0000
0.0000	0.0000	0.0000	0.0000	0.0000	0.0000	1.0000	0.0000	0.0000	0.0000	0.0000	0.0000
