0.0001	0.0000	0.0003	0.0000	0.0000	0.0000	0.0003	0.0048	0.0000	0.0000	0.0001	0.9944
0.0000	0.0002	0.0341	0.0000	0.0000	0.0000	0.0030	0.9626	0.0000	0.0000	0.0000	0.0001
0.0041	0.0000	0.0000	0.0012	0.0000	0.0000	0.0000	0.0000	0.0006	0.9918	0.0010	0.0012
0.0000	0.0000	0.0000	0.0000	0.0000	0.0000	0.0000	0.0000	0.0000	0.0000	1.0000	0.0000
0.0000	0.0000	0.0052	0.0000	0.0000	0.0000	0.0001	0.9948	0.0000	0.0000	0.0000	0.0000
0.0000	0.0000	0.0000	0.0000	0.0000	0.0000	0.0000	0.0000	1.0000	0.0000	0.0000	0.0000
0.0000	0.0000	0.0000	0.0000	0.0000	0.0000	0.0000	0.0000	0.0000	0.9717	0.0000	0.0283
0.0000	0.0000	0.0027	0.0000	0.0000	0.9969	0.0004	0.0000	0.0000	0.0000	0.0000	0.0000
0.9979	0.0000	0.0000	0.0001	0.0000	0.0000	0.0000	0.0000	0.0009	0.0005	0.0006	0.0000
0.0000	0.0000	0.0000	0.0000	0.0000	0.0000	0.0257	0.0000	0.0000	0.0000	0.0000	0.9743
0.1152	0.0000	0.0000	0.0000	0.0000	0.0396	0.0000	0.0000	0.8451	0.0001	0.0000	0.0000
0.0184	0.0000	0.0000	0.0000	0.0000	0.0069	0.0000	0.0000	0.9747	0.0000	0.0000	0.0000
0.0000	0.0000	0.0231	0.0000	0.0000	0.0000	0.8941	0.0737	0.0000	0.0000	0.0000	0.0092
0.0000	0.0002	0.5172	0.0000	0.0000	0.0004	0.4646	0.0145	0.0000	0.0000	0.0000	0.0031
0.0000	0.0000	0.0000	0.0000	0.0000	0.0000	0.0000	0.0000	0.0000	0.3196	0.0021	0.6783
0.0000	0.0000	0.0000	0.0000	0.0000	0.0000	0.0005	0.0002	0.0000	0.0088	0.0019	0.9886
0.0000	0.0000	0.0000	0.0009	0.0000	0.0000	0.0000	0.0000	0.0000	0.9979	0.0004	0.0008
0.0003	0.0000	0.0000	0.0000	0.0000	0.9996	0.0000	0.0000	0.0000	0.0000	0.0000	0.0000
0.8333	0.0000	0.0000	0.0001	0.0000	0.1593	0.0000	0.0000	0.0070	0.0001	0.0000	0.0000
0.0000	0.0000	0.0000	0.0000	0.0000	0.0000	0.0000	0.0000	0.9997	0.0003	0.0000	0.0000
0.0268	0.0000	0.0000	0.0394	0.0000	0.0023	0.0000	0.0000	0.7643	0.1672	0.0000	0.0001
0.0000	0.0000	0.0000	0.0000	0.0000	1.0000	0.0000	0.0000	0.0000	0.0000	0.0000	0.0000
0.0000	0.0000	0.0002	0.0000	0.0000	0.0000	0.0005	0.9992	0.0000	0.0000	0.0000	0.0000
0.9331	0.0000	0.0000	0.0000	0.0000	0.0000	0.0000	0.0000	0.0446	0.0222	0.0000	0.0000
0.0000	0.0000	0.0000	0.9970	0.0024	0.0000	0.0000	0.0000	0.0000	0.0001	0.0005	0.0000
0.0020	0.0000	0.0000	0.0487	0.0023	0.0000	0.0000	0.0010	0.0000	0.0076	0.9382	0.0001
0.0000	0.0047	0.9920	0.0000	0.0000	0.0025	0.0007	0.0000	0.0000	0.0000	0.0000	0.0000
0.0001	0.0009	0.2526	0.0000	0.0000	0.4773	0.2663	0.0002	0.0000	0.0000	0.0000	0.0027
0.0000	0.0000	0.0000	0.0000	0.0000	0.0000	0.0002	0.9998	0.0000	0.0000	0.0000	0.0000
0.9995	0.0000	0.0000	0.0004	0.0000	0.0000	0.0000	0.0000	0.0000	0.0000	0.0000	0.0000
0.0000	0.0000	0.0166	0.0000	0.0000	0.0000	0.0058	0.9487	0.0000	0.0000	0.0000	0.0289
0.0001	0.0000	0.0000	0.0046	0.0000	0.0000	0.0000	0.0000	0.0491	0.8665	0.0000	0.0797
0.0003	0.0000	0.0000	0.0182	0.0000	0.0000	0.0000	0.0000	0.0030	0.9622	0.0006	0.0157
0.0023	0.0000	0.0000	0.0730	0.0000	0.0000	0.0000	0.0000	0.0006	0.8599	0.0313	0.0328
0.0000	0.0000	0.9914	0.0000	0.0000	0.0000	0.0085	0.0000	0.0000	0.0000	0.0000	0.0000
0.0000	0.0002	0.9963	0.0000	0.0000	0.0004	0.0030	0.0000	0.0000	0.0000	0.0000	0.0000
0.0000	0.0000	0.1346	0.0000	0.0000	0.0000	0.1412	0.7171	0.0000	0.0000	0.0000	0.0071
0.0001	0.0000	0.0019	0.0000	0.0000	0.0000	0.0164	0.3790	0.0000	0.0000	0.0032	0.5994
0.0023	0.0104	0.1926	0.0000	0.0002	0.0678	0.4850	0.2124	0.0000	0.0000	0.0000	0.0292
0.0000	0.0000	0.0002	0.0000	0.0000	0.0000	0.0019	0.0113	0.0000	0.0001	0.0001	0.9864
0.0572	0.0000	0.0000	0.0000	0.0000	0.9428	0.0000	0.0000	0.0000	0.0000	0.0000	0.0000
0.9830	0.0000	0.0000	0.0000	0.0000	0.0170	0.0000	0.0000	0.0000	0.0001	0.0000	0.0000
0.0000	0.0000	0.0013	0.0000	0.0000	0.0000	0.0484	0.0333	0.0000	0.0000	0.0000	0.9170
0.0000	0.0000	0.0004	0.0000	0.0000	0.0000	0.0001	0.9931	0.0000	0.0000	0.0000	0.0063
0.0000	0.0000	0.0069	0.0000	0.0000	0.0000	0.9608	0.0316	0.0000	0.0000	0.0000	0.0006
0.1206	0.0000	0.0000	0.0007	0.0000	0.0000	0.0000	0.0000	0.0000	0.0052	0.8733	0.0002
0.0000	0.0000	0.0003	0.0000	0.0000	0.0000	0.9981	0.0016	0.0000	0.0000	0.0000	0.0000
0.0000	0.0000	0.0000	0.0000	0.0000	0.0000	0.0000	0.0000	1.0000	0.0000	0.0000	0.0000
0.0079	0.0026	0.8785	0.0000	0.0006	0.0015	0.0166	0.0890	0.0000	0.0000	0.0002	0.0033
0.0004	0.0000	0.0028	0.0000	0.0000	0.0000	0.9933	0.0026	0.0000	0.0000	0.0001	0.0009
0.0010	0.0000	0.0409	0.0000	0.0000	0.0000	0.9405	0.0123	0.0000	0.0000	0.0000	0.0053
0.0000	0.0000	0.0000	0.0000	0.0000	0.0000	0.0000	0.0000	0.0000	0.7333	0.0000	0.2667
0.0000	0.2168	0.7819	0.0000	0.0000	0.0001	0.0000	0.0011	0.0000	0.0000	0.0000	0.0000
0.0000	0.0006	0.9891	0.0000	0.0000	0.0015	0.0087	0.0000	0.0000	0.0000	0.0000	0.0000
0.0000	0.0010	0.9746	0.0000	0.0000	0.0183	0.0062	0.0000	0.0000	0.0000	0.0000	0.0000
0.0000	0.0000	0.0001	0.0000	0.0000	0.0000	0.1402	0.0000	0.0000	0.0000	0.0000	0.8596
0.0000	0.0000	0.0000	0.0000	0.0000	0.0000	0.3406	0.0000	0.0005	0.0000	0.0000	0.6589
0.0316	0.0000	0.0000	0.0000	0.0000	0.0009	0.0000	0.0000	0.9668	0.0007	0.0000	0.0000
0.0249	0.0000	0.0000	0.0000	0.0000	0.0026	0.0000	0.0000	0.9724	0.0000	0.0000	0.0000
0.0000	0.0000	0.9741	0.0000	0.0000	0.0000	0.0258	0.0000	0.0000	0.0000	0.0000	0.0000
0.0000	0.0214	0.9699	0.0000	0.0000	0.0073	0.0013	0.0000	0.0000	0.0000	0.0000	0.0000
0.0000	0.0000	0.4970	0.0000	0.0000	0.0000	0.4932	0.0037	0.0000	0.0000	0.0000	0.0061
0.0000	0.0000	0.0063	0.0000	0.0000	0.0001	0.1266	0.0010	0.0000	0.0000	0.0000	0.8660
0.0000	0.0000	0.0000	0.0000	0.0000	0.0000	0.0008	0.0000	0.3905	0.6061	0.0000	0.0026
0.0000	0.0126	0.6947	0.0000	0.0000	0.2650	0.0278	0.0000	0.0000	0.0000	0.0000	0.0000
0.0000	0.0001	0.0001	0.0001	0.0010	0.0000	0.0001	0.9954	0.0000	0.0000	0.0014	0.0018
0.5675	0.0000	0.0000	0.0000	0.0000	0.0000	0.0000	0.0000	0.4324	0.0001	0.0000	0.0000
0.0005	0.0000	0.0000	0.0000	0.0000	0.0000	0.0000	0.0000	0.9995	0.0000	0.0000	0.0000
0.0000	0.0173	0.9610	0.0000	0.0000	0.0208	0.0008	0.0001	0.0000	0.0000	0.0000	0.0000
0.0001	0.0000	0.0000	0.0000	0.0000	0.0000	0.0000	0.0000	0.0000	0.0004	0.0000	0.9995
0.0000	0.0000	0.0080	0.0000	0.0000	0.0000	0.0004	0.1676	0.0000	0.0000	0.0000	0.8239
0.0000	0.0000	0.0000	0.0000	0.0000	0.0000	0.0000	0.0000	0.0000	0.9995	0.0000	0.0004
0.0000	0.0000	0.0000	0.0000	0.0000	0.0000	0.0000	0.0000	0.0000	0.9998	0.0000	0.0002
0.0202	0.0000	0.0000	0.0000	0.0000	0.9793	0.0000	0.0000	0.0003	0.0002	0.0000	0.0000
0.0000	0.0000	0.0000	0.0000	0.0000	0.0000	0.0000	0.0000	0.0000	0.0026	0.0000	0.9974
0.0057	0.0000	0.0000	0.0000	0.0000	0.0000	0.0003	0.0006	0.0000	0.0222	0.0823	0.8888
0.2754	0.0000	0.0000	0.4936	0.0000	0.0000	0.0000	0.0000	0.2036	0.0245	0.0028	0.0000
0.0000	0.0000	0.0028	0.0000	0.0000	0.0000	0.4512	0.2023	0.0000	0.0000	0.0002	0.3435
0.0009	0.0000	0.0000	0.0076	0.0000	0.0000	0.0000	0.0000	0.0013	0.9332	0.0264	0.0305
0.0000	0.0002	0.9983	0.0000	0.0000	0.0000	0.0014	0.0001	0.0000	0.0000	0.0000	0.0000
0.0000	0.0001	0.0179	0.0000	0.0000	0.9809	0.0011	0.0000	0.0000	0.0000	0.0000	0.0000
0.0000	0.0000	0.0717	0.0000	0.0000	0.0000	0.8970	0.0274	0.0000	0.0000	0.0000	0.0039
0.0000	0.0000	0.0067	0.0000	0.0000	0.0000	0.3447	0.2832	0.0000	0.0000	0.0000	0.3654
0.0000	0.0000	0.0002	0.0000	0.0000	0.0000	0.0000	0.0000	0.0000	0.0000	0.0000	0.9998
0.0000	0.0000	0.0000	0.0000	0.0000	0.0000	0.0000	0.0000	0.0000	0.0000	0.0000	1.0000
0.0000	0.0000	1.0000	0.0000	0.0000	0.0000	0.0000	0.0000	0.0000	0.0000	0.0000	0.0000
0.0000	0.0000	1.0000	0.0000	0.0000	0.0000	0.0000	0.0000	0.0000	0.0000	0.0000	0.0000
0.0000	0.0000	1.0000	0.0000	0.0000	0.0000	0.0000	0.0000	0.0000	0.0000	0.0000	0.0000
0.0000	0.0000	0.9997	0.0000	0.0000	0.0000	0.0000	0.0000	0.0000	0.0000	0.0000	0.0003
0.0000	0.0000	1.0000	0.0000	0.0000	0.0000	0.0000	0.0000	0.0000	0.0000	0.0000	0.0000
0.0000	0.0000	1.0000	0.0000	0.0000	0.0000	0.0000	0.0000	0.0000	0.0000	0.0000	0.0000
0.0000	0.0000	0.0000	0.0000	0.0000	0.0000	0.0000	0.0000	0.0000	0.0000	0.0000	1.0000
0.0000	0.0000	0.0000	0.0000	0.0000	0.0000	0.0000	0.0000	0.0000	0.0000	0.0000	1.0000
0.0000	0.0000	1.0000	0.0000	0.0000	0.0000	0.0000	0.0000	0.0000	0.0000	0.0000	0.0000
0.0000	0.0000	1.0000	0.0000	0.0000	0.0000	0.0000	0.0000	0.0000	0.0000	0.0000	0.0000
0.0000	0.0000	0.0165	0.0000	0.0000	0.0000	0.0000	0.0000	0.0000	0.0000	0.0000	0.9835
0.0000	0.0000	0.0000	0.0000	0.0000	0.0000	0.0000	0.0000	0.0000	0.0000	0.0000	1.0000
0.0000	0.0000	1.0000	0.0000	0.0000	0.0000	0.0000	0.0000	0.0000	0.0000	0.0000	0.0000
0.0000	0.0000	0.1060	0.0000	0.0000	0.0000	0.0000	0.0000	0.0000	0.0000	0.0000	0.8940
0.0000	0.0000	0.0000	0.0000	0.0000	0.0000	0.0000	0.0000	0.0000	0.0000	0.0000	1.0000
0.0000	0.0000	0.0000	0.0000	0.0000	0.0000	0.0000	0.0000	0.0000	0.0000	0.0000	1.0000
0.0000	0.0000	0.0000	0.0000	0.0000	0.0000	0.0000	0.0000	0.0000	0.0000	0.0000	1.0000
0.0000	0.0000	1.0000	0.0000	0.0000	0.0000	0.0000	0.0000	0.0000	0.0000	0.0000	0.0000
0.0000	0.0000	1.0000	0.0000	0.0000	0.0000	0.0000	0.0000	0.0000	0.0000	0.0000	0.0000
0.0000	0.0000	0.0000	0.0000	0.0000	0.0000	0.0000	0.0000	1.0000	0.0000	0.0000	0.0000
0.0000	0.0000	0.0000	0.0000	0.0000	0.0000	1.0000	0.0000	0.0000	0.0000	0.0000	0.0000
0.0000	0.0000	0.0000	0.0000	0.0000	0.0000	0.9999	0.0000	0.0001	0.0000	0.0000	0.0000
0.0000	0.0000	0.0000	0.0000	0.0000	0.0000	0.0000	0.0000	1.0000	0.0000	0.0000	0.0000
0.0000	0.0000	0.0000	0.0000	0.0000	0.0000	0.0000	0.0000	1.0000	0.0000	0.0000	0.0000
0.0000	0.0000	0.0000	0.0000	0.0000	0.0000	0.0000	0.0000	1.0000	0.0000	0.0000	0.0000
0.0000	0.0000	0.9756	0.0000	0.0000	0.0019	0.0225	0.0000	0.0000	0.0000	0.0000	0.0000
0.0000	0.0000	0.0000	0.0000	0.0000	0.0000	0.0000	0.0000	1.0000	0.0000	0.0000	0.0000
0.0000	0.0000	0.9819	0.0000	0.0000	0.0001	0.0180	0.0000	0.0000	0.0000	0.0000	0.0000
0.0000	0.0000	1.0000	0.0000	0.0000	0.0000	0.0000	0.0000	0.0000	0.0000	0.0000	0.0000
0.0000	0.0000	0.0000	0.0000	0.0000	0.0000	1.0000	0.0000	0.0000	0.0000	0.0000	0.0000
0.0000	0.0000	0.0000	0.0000	0.0000	0.0000	0.0000	0.0000	1.0000	0.0000	0.0000	0.0000
0.0000	0.0000	0.0000	0.0000	0.0000	0.0000	1.0000	0.0000	0.0000	0.0000	0.0000	0.0000
0.0000	0.0000	0.0000	0.0000	0.0000	0.0000	0.0000	0.0000	1.0000	0.0000	0.0000	0.0000
0.0000	0.0000	0.0000	0.0000	0.0000	0.0000	0.0000	0.0000	1.0000	0.0000	0.0000	0.0000
0.0000	0.0000	0.0000	0.0000	0.0000	0.0000	1.0000	0.0000	0.0000	0.0000	0.0000	0.0000
0.0000	0.0000	0.0000	0.0000	0.0000	0.0000	0.0000	0.0000	1.0000	0.0000	0.0000	0.0000
0.0000	0.0000	1.0000	0.0000	0.0000	0.0000	0.0000	0.0000	0.0000	0.0000	0.0000	0.0000
0.0000	0.0000	0.8025	0.0000	0.0000	0.0006	0.1970	0.0000	0.0000	0.0000	0.0000	0.0000
0.0000	0.0000	0.0008	0.0000	0.0000	0.0000	0.9992	0.0000	0.0000	0.0000	0.0000	0.0000
0.0000	0.0000	0.0000	0.0000	0.0000	0.0000	0.0000	0.0000	1.0000	0.0000	0.0000	0.0000
0.0000	0.0000	0.9077	0.0000	0.0000	0.0001	0.0922	0.0000	0.0000	0.0000	0.0000	0.0000
0.0000	0.0000	0.9999	0.0000	0.0000	0.0000	0.0000	0.0000	0.0000	0.0000	0.0000	0.0000
0.0000	0.0000	0.0000	0.0000	0.0000	0.0000	1.0000	0.0000	0.0000	0.0000	0.0000	0.0000
0.0000	0.0000	0.0000	0.0000	0.0000	0.0000	1.0000	0.0000	0.0000	0.0000	0.0000	0.0000
0.0000	0.0000	0.0000	0.0000	0.0000	0.0000	0.0000	0.0000	1.0000	0.0000	0.0000	0.0000
0.0000	0.0000	0.0000	0.0000	0.0000	0.0000	1.0000	0.0000	0.0000	0.0000	0.0000	0.0000
0.0000	0.0000	0.0000	0.0000	0.0000	0.0000	0.0000	0.0000	1.0000	0.0000	0.0000	0.0000
0.0000	0.0000	0.0000	0.0000	0.0000	0.0000	0.0000	0.0000	1.0000	0.0000	0.0000	0.0000
