0.0024	0.0000	0.0001	0.0001	0.0000	0.0001	0.0003	0.0002	0.0000	0.0126	0.0011	0.9832
0.0000	0.0008	0.0016	0.0000	0.0000	0.0000	0.0098	0.9864	0.0000	0.0000	0.0000	0.0013
0.0044	0.0000	0.0000	0.0019	0.0000	0.0000	0.0001	0.0000	0.0006	0.9832	0.0015	0.0083
0.0000	0.0000	0.0000	0.0000	0.0000	0.0000	0.0000	0.0000	0.0000	0.0000	1.0000	0.0000
0.0000	0.0000	0.0000	0.0000	0.0000	0.0000	0.0000	0.9999	0.0000	0.0000	0.0000	0.0000
0.0000	0.0000	0.0000	0.0000	0.0000	0.0000	0.0000	0.0000	1.0000	0.0000	0.0000	0.0000
0.0000	0.0000	0.0000	0.0000	0.0000	0.0000	0.0000	0.0000	0.0000	1.0000	0.0000	0.0000
0.0056	0.0504	0.0255	0.0000	0.0000	0.9161	0.0022	0.0000	0.0000	0.0000	0.0000	0.0002
0.9359	0.0000	0.0000	0.0003	0.0000	0.0000	0.0000	0.0000	0.0047	0.0006	0.0584	0.0000
0.0000	0.0000	0.0000	0.0000	0.0000	0.0000	0.0000	0.0000	0.0000	0.0000	0.0000	0.9999
0.7023	0.0000	0.0000	0.0000	0.0000	0.0000	0.0000	0.0000	0.2929	0.0047	0.0000	0.0000
0.3839	0.0000	0.0000	0.0000	0.0000	0.0000	0.0000	0.0000	0.6142	0.0018	0.0000	0.0000
0.0003	0.0018	0.0160	0.0000	0.0001	0.0003	0.6656	0.2873	0.0000	0.0000	0.0008	0.0279
0.0004	0.0614	0.3413	0.0000	0.0001	0.0064	0.4691	0.0964	0.0000	0.0000	0.0001	0.0247
0.0000	0.0000	0.0000	0.0000	0.0000	0.0000	0.0000	0.0000	0.0000	0.4297	0.0002	0.5700
0.0000	0.0000	0.0000	0.0000	0.0000	0.0000	0.0000	0.0000	0.0000	0.0210	0.0004	0.9786
0.0000	0.0000	0.0000	0.0000	0.0000	0.0000	0.0000	0.0000	0.0000	0.9974	0.0000	0.0025
0.0231	0.0004	0.0002	0.0002	0.0000	0.9699	0.0033	0.0000	0.0000	0.0025	0.0000	0.0004
0.9917	0.0000	0.0000	0.0005	0.0000	0.0068	0.0001	0.0000	0.0007	0.0002	0.0000	0.0000
0.0000	0.0000	0.0000	0.0000	0.0000	0.0000	0.0000	0.0000	0.9999	0.0001	0.0000	0.0000
0.0668	0.0000	0.0000	0.6017	0.0000	0.0002	0.0000	0.0000	0.0243	0.3067	0.0000	0.0002
0.0100	0.0000	0.0000	0.0000	0.0000	0.9900	0.0000	0.0000	0.0000	0.0000	0.0000	0.0000
0.0000	0.0002	0.0008	0.0000	0.0000	0.0000	0.5156	0.4829	0.0000	0.0000	0.0000	0.0006
0.9571	0.0000	0.0000	0.0001	0.0000	0.0000	0.0000	0.0000	0.0394	0.0034	0.0000	0.0000
0.0000	0.0000	0.0000	0.9999	0.0000	0.0000	0.0000	0.0000	0.0000	0.0000	0.0000	0.0000
0.2390	0.0000	0.0000	0.0078	0.0014	0.0003	0.0000	0.0000	0.0000	0.7134	0.0217	0.0165
0.0000	0.3148	0.6470	0.0000	0.0000	0.0198	0.0180	0.0002	0.0000	0.0000	0.0000	0.0001
0.0057	0.2067	0.3633	0.0002	0.0004	0.2473	0.1593	0.0058	0.0000	0.0000	0.0001	0.0111
0.0000	0.0000	0.0000	0.0000	0.0000	0.0000	0.0001	0.9999	0.0000	0.0000	0.0000	0.0000
1.0000	0.0000	0.0000	0.0000	0.0000	0.0000	0.0000	0.0000	0.0000	0.0000	0.0000	0.0000
0.0000	0.0004	0.0082	0.0000	0.0000	0.0001	0.0194	0.5568	0.0000	0.0001	0.0004	0.4145
0.0005	0.0000	0.0000	0.3758	0.0000	0.0000	0.0000	0.0000	0.0729	0.4885	0.0003	0.0621
0.0003	0.0000	0.0000	0.0258	0.0000	0.0000	0.0000	0.0000	0.0055	0.9323	0.0003	0.0358
0.0026	0.0000	0.0000	0.0339	0.0000	0.0000	0.0000	0.0000	0.0053	0.8792	0.0030	0.0760
0.0000	0.0867	0.8221	0.0000	0.0000	0.0018	0.0881	0.0012	0.0000	0.0000	0.0000	0.0002
0.0001	0.2341	0.7229	0.0000	0.0000	0.0205	0.0217	0.0004	0.0000	0.0000	0.0000	0.0002
0.0001	0.0050	0.0546	0.0000	0.0000	0.0003	0.1813	0.6813	0.0000	0.0000	0.0004	0.0770
0.0007	0.0000	0.0002	0.0000	0.0000	0.0000	0.0072	0.0255	0.0000	0.0045	0.0133	0.9486
0.0111	0.0971	0.1187	0.0002	0.0018	0.0528	0.5565	0.1357	0.0001	0.0005	0.0007	0.0248
0.0003	0.0000	0.0001	0.0000	0.0000	0.0000	0.0043	0.0038	0.0001	0.0045	0.0016	0.9853
0.9956	0.0000	0.0000	0.0000	0.0000	0.0043	0.0000	0.0000	0.0000	0.0000	0.0000	0.0000
1.0000	0.0000	0.0000	0.0000	0.0000	0.0000	0.0000	0.0000	0.0000	0.0000	0.0000	0.0000
0.0000	0.0000	0.0002	0.0000	0.0000	0.0000	0.0156	0.0322	0.0000	0.0021	0.0005	0.9492
0.0000	0.0000	0.0002	0.0000	0.0000	0.0000	0.0037	0.9325	0.0000	0.0001	0.0000	0.0635
0.0001	0.0008	0.0133	0.0000	0.0000	0.0001	0.7680	0.2103	0.0000	0.0000	0.0002	0.0072
0.1238	0.0000	0.0000	0.0010	0.0002	0.0000	0.0003	0.0000	0.0003	0.0059	0.8657	0.0028
0.0001	0.0000	0.0005	0.0000	0.0000	0.0000	0.9882	0.0109	0.0000	0.0000	0.0001	0.0002
0.0000	0.0000	0.0000	0.0000	0.0000	0.0000	0.0000	0.0000	1.0000	0.0000	0.0000	0.0000
0.7516	0.0410	0.0815	0.0011	0.0026	0.0703	0.0376	0.0020	0.0001	0.0009	0.0026	0.0087
0.1382	0.0001	0.0011	0.0001	0.0002	0.0009	0.8487	0.0014	0.0015	0.0011	0.0050	0.0018
0.3952	0.0000	0.0011	0.0000	0.0000	0.0017	0.5933	0.0007	0.0008	0.0023	0.0017	0.0030
0.0000	0.0000	0.0000	0.0000	0.0000	0.0000	0.0000	0.0000	0.0000	1.0000	0.0000	0.0000
0.0003	0.6764	0.3020	0.0000	0.0000	0.0184	0.0025	0.0003	0.0000	0.0000	0.0000	0.0001
0.0004	0.3205	0.5816	0.0000	0.0000	0.0664	0.0304	0.0003	0.0000	0.0000	0.0000	0.0002
0.0004	0.3452	0.5218	0.0000	0.0000	0.1093	0.0231	0.0001	0.0000	0.0000	0.0000	0.0001
0.0000	0.0000	0.0000	0.0000	0.0000	0.0000	0.0000	0.0000	0.0000	0.0000	0.0002	0.9998
0.0000	0.0000	0.0000	0.0000	0.0000	0.0000	0.0003	0.0000	0.0000	0.0000	0.0003	0.9994
0.1534	0.0000	0.0000	0.0001	0.0000	0.0000	0.0000	0.0000	0.8310	0.0156	0.0000	0.0000
0.2004	0.0000	0.0000	0.0000	0.0000	0.0000	0.0000	0.0000	0.7984	0.0012	0.0000	0.0000
0.0001	0.1065	0.7698	0.0000	0.0000	0.0057	0.1127	0.0034	0.0000	0.0000	0.0000	0.0018
0.0002	0.4790	0.4678	0.0000	0.0000	0.0289	0.0237	0.0004	0.0000	0.0000	0.0000	0.0000
0.0004	0.0271	0.3520	0.0000	0.0000	0.0022	0.5021	0.0518	0.0000	0.0000	0.0002	0.0641
0.0006	0.0001	0.0013	0.0001	0.0000	0.0017	0.0138	0.0021	0.0001	0.0036	0.0002	0.9764
0.0000	0.0000	0.0000	0.0001	0.0000	0.0000	0.0000	0.0000	0.9747	0.0252	0.0000	0.0000
0.0005	0.5510	0.2725	0.0000	0.0000	0.1613	0.0142	0.0002	0.0000	0.0000	0.0000	0.0002
0.0000	0.0001	0.0003	0.0001	0.0003	0.0000	0.0020	0.8818	0.0000	0.0024	0.0034	0.1096
0.4228	0.0000	0.0000	0.0002	0.0000	0.0000	0.0001	0.0000	0.5756	0.0003	0.0011	0.0000
0.0073	0.0000	0.0000	0.0000	0.0000	0.0000	0.0000	0.0000	0.9926	0.0000	0.0000	0.0000
0.0001	0.4306	0.5223	0.0000	0.0000	0.0337	0.0121	0.0008	0.0000	0.0000	0.0000	0.0005
0.0000	0.0000	0.0000	0.0000	0.0000	0.0000	0.0000	0.0000	0.0000	0.0006	0.0000	0.9994
0.0000	0.0001	0.0032	0.0000	0.0000	0.0001	0.0014	0.0182	0.0000	0.0001	0.0001	0.9769
0.0000	0.0000	0.0000	0.0000	0.0000	0.0000	0.0000	0.0000	0.0000	0.9996	0.0000	0.0004
0.0000	0.0000	0.0000	0.0000	0.0000	0.0000	0.0000	0.0000	0.0000	0.9997	0.0000	0.0002
0.7051	0.0000	0.0000	0.0003	0.0000	0.2734	0.0000	0.0000	0.0006	0.0205	0.0000	0.0000
0.0000	0.0000	0.0000	0.0000	0.0000	0.0000	0.0000	0.0000	0.0000	0.0005	0.0000	0.9995
0.0000	0.0000	0.0000	0.0000	0.0000	0.0000	0.0004	0.0003	0.0000	0.0002	0.0073	0.9917
0.5436	0.0000	0.0000	0.2182	0.0000	0.0000	0.0000	0.0000	0.2347	0.0017	0.0017	0.0002
0.0001	0.0000	0.0007	0.0000	0.0000	0.0000	0.0427	0.2080	0.0000	0.0023	0.0015	0.7445
0.0019	0.0000	0.0000	0.0076	0.0000	0.0000	0.0000	0.0000	0.0041	0.8912	0.0096	0.0856
0.0000	0.1618	0.7948	0.0000	0.0000	0.0030	0.0367	0.0034	0.0000	0.0000	0.0000	0.0003
0.0006	0.1844	0.0934	0.0000	0.0000	0.7187	0.0028	0.0000	0.0000	0.0000	0.0000	0.0001
0.0000	0.0014	0.0366	0.0000	0.0000	0.0001	0.5282	0.4095	0.0000	0.0000	0.0000	0.0241
0.0000	0.0000	0.0010	0.0000	0.0000	0.0000	0.0813	0.3051	0.0000	0.0005	0.0004	0.6116
0.0000	0.0000	0.0000	0.0000	0.0000	0.0000	0.0000	0.0000	0.0000	0.0000	0.0000	1.0000
0.0000	0.0000	0.0000	0.0000	0.0000	0.0000	0.0000	0.0000	0.0000	0.0002	0.0000	0.9998
0.0000	0.0000	1.0000	0.0000	0.0000	0.0000	0.0000	0.0000	0.0000	0.0000	0.0000	0.0000
0.0000	0.0000	1.0000	0.0000	0.0000	0.0000	0.0000	0.0000	0.0000	0.0000	0.0000	0.0000
0.0000	0.0000	1.0000	0.0000	0.0000	0.0000	0.0000	0.0000	0.0000	0.0000	0.0000	0.0000
0.0000	0.0000	0.9989	0.0000	0.0000	0.0000	0.0000	0.0000	0.0000	0.0000	0.0000	0.0011
0.0000	0.0000	1.0000	0.0000	0.0000	0.0000	0.0000	0.0000	0.0000	0.0000	0.0000	0.0000
0.0000	0.0000	0.9999	0.0000	0.0000	0.0000	0.0000	0.0000	0.0000	0.0000	0.0000	0.0001
0.0000	0.0000	0.0000	0.0000	0.0000	0.0000	0.0000	0.0000	0.0000	0.0000	0.0000	1.0000
0.0000	0.0000	0.0000	0.0000	0.0000	0.0000	0.0000	0.0000	0.0000	0.0000	0.0000	1.0000
0.0000	0.0000	0.9999	0.0000	0.0000	0.0000	0.0000	0.0000	0.0000	0.0000	0.0000	0.0000
0.0000	0.0000	1.0000	0.0000	0.0000	0.0000	0.0000	0.0000	0.0000	0.0000	0.0000	0.0000
0.0000	0.0000	0.0000	0.0000	0.0000	0.0000	0.0000	0.0000	0.0000	0.0000	0.0000	1.0000
0.0000	0.0000	0.0000	0.0000	0.0000	0.0000	0.0000	0.0000	0.0000	0.0000	0.0000	1.0000
0.0000	0.0000	1.0000	0.0000	0.0000	0.0000	0.0000	0.0000	0.0000	0.0000	0.0000	0.0000
0.0000	0.0000	0.0009	0.0000	0.0000	0.0000	0.0000	0.0000	0.0000	0.0000	0.0000	0.9991
0.0000	0.0000	0.0000	0.0000	0.0000	0.0000	0.0000	0.0000	0.0000	0.0000	0.0000	1.0000
0.0000	0.0000	0.0000	0.0000	0.0000	0.0000	0.0000	0.0000	0.0000	0.0000	0.0000	1.0000
0.0000	0.0000	0.0000	0.0000	0.0000	0.0000	0.0000	0.0000	0.0000	0.0000	0.0000	1.0000
0.0000	0.0000	1.0000	0.0000	0.0000	0.0000	0.0000	0.0000	0.0000	0.0000	0.0000	0.0000
0.0000	0.0000	1.0000	0.0000	0.0000	0.0000	0.0000	0.0000	0.0000	0.0000	0.0000	0.0000
0.0000	0.0000	0.0000	0.0000	0.0000	0.0000	0.0000	0.0000	1.0000	0.0000	0.0000	0.0000
0.0000	0.0000	0.0000	0.0000	0.0000	0.0000	1.0000	0.0000	0.0000	0.0000	0.0000	0.0000
0.0001	0.0000	0.0000	0.0000	0.0000	0.0000	0.9622	0.0000	0.0377	0.0000	0.0000	0.0000
0.0000	0.0000	0.0000	0.0000	0.0000	0.0000	0.0000	0.0000	1.0000	0.0000	0.0000	0.0000
0.0000	0.0000	0.0000	0.0000	0.0000	0.0000	0.0000	0.0000	1.0000	0.0000	0.0000	0.0000
0.0000	0.0000	0.0000	0.0000	0.0000	0.0000	0.0000	0.0000	1.0000	0.0000	0.0000	0.0000
0.0000	0.0019	0.9817	0.0000	0.0000	0.0072	0.0092	0.0000	0.0000	0.0000	0.0000	0.0000
0.0000	0.0000	0.0000	0.0000	0.0000	0.0000	0.0000	0.0000	1.0000	0.0000	0.0000	0.0000
0.0000	0.0015	0.9261	0.0000	0.0000	0.0004	0.0720	0.0000	0.0000	0.0000	0.0000	0.0000
0.0000	0.0012	0.9982	0.0000	0.0000	0.0004	0.0001	0.0000	0.0000	0.0000	0.0000	0.0000
0.0000	0.0000	0.0000	0.0000	0.0000	0.0000	1.0000	0.0000	0.0000	0.0000	0.0000	0.0000
0.0000	0.0000	0.0000	0.0000	0.0000	0.0000	0.0000	0.0000	1.0000	0.0000	0.0000	0.0000
0.0000	0.0000	0.0000	0.0000	0.0000	0.0000	1.0000	0.0000	0.0000	0.0000	0.0000	0.0000
0.0000	0.0000	0.0000	0.0000	0.0000	0.0000	0.0000	0.0000	1.0000	0.0000	0.0000	0.0000
0.0000	0.0000	0.0000	0.0000	0.0000	0.0000	0.0000	0.0000	1.0000	0.0000	0.0000	0.0000
0.0000	0.0000	0.0000	0.0000	0.0000	0.0000	0.9999	0.0000	0.0001	0.0000	0.0000	0.0000
0.0000	0.0000	0.0000	0.0000	0.0000	0.0000	0.0000	0.0000	1.0000	0.0000	0.0000	0.0000
0.0000	0.0006	0.9994	0.0000	0.0000	0.0000	0.0000	0.0000	0.0000	0.0000	0.0000	0.0000
0.0000	0.0005	0.3442	0.0000	0.0000	0.0040	0.6512	0.0000	0.0000	0.0000	0.0000	0.0000
0.0000	0.0000	0.0001	0.0000	0.0000	0.0000	0.9999	0.0000	0.0000	0.0000	0.0000	0.0000
0.0000	0.0000	0.0000	0.0000	0.0000	0.0000	0.0000	0.0000	1.0000	0.0000	0.0000	0.0000
0.0000	0.0008	0.6073	0.0000	0.0000	0.0006	0.3913	0.0000	0.0000	0.0000	0.0000	0.0000
0.0000	0.0014	0.9976	0.0000	0.0000	0.0006	0.0004	0.0000	0.0000	0.0000	0.0000	0.0000
0.0000	0.0000	0.0000	0.0000	0.0000	0.0000	0.9996	0.0000	0.0004	0.0000	0.0000	0.0000
0.0000	0.0000	0.0000	0.0000	0.0000	0.0000	0.9960	0.0000	0.0040	0.0000	0.0000	0.0000
0.0000	0.0000	0.0000	0.0000	0.0000	0.0000	0.0000	0.0000	1.0000	0.0000	0.0000	0.0000
0.0000	0.0000	0.0000	0.0000	0.0000	0.0000	1.0000	0.0000	0.0000	0.0000	0.0000	0.0000
0.0000	0.0000	0.0000	0.0000	0.0000	0.0000	0.0000	0.0000	1.0000	0.0000	0.0000	0.0000
0.0000	0.0000	0.0000	0.0000	0.0000	0.0000	0.0000	0.0000	1.0000	0.0000	0.0000	0.0000
