0.0005	0.0000	0.0003	0.0000	0.0000	0.0000	0.0001	0.0003	0.0000	0.2945	0.0002	0.7043
0.0000	0.0010	0.0028	0.0000	0.0000	0.0000	0.0023	0.9935	0.0000	0.0000	0.0000	0.0004
0.0009	0.0000	0.0000	0.0005	0.0000	0.0000	0.0000	0.0000	0.0001	0.9938	0.0010	0.0037
0.0000	0.0000	0.0000	0.0000	0.0000	0.0000	0.0000	0.0000	0.0000	0.0000	1.0000	0.0000
0.0000	0.0000	0.0000	0.0000	0.0000	0.0000	0.0000	1.0000	0.0000	0.0000	0.0000	0.0000
0.0000	0.0000	0.0000	0.0000	0.0000	0.0000	0.0000	0.0000	1.0000	0.0000	0.0000	0.0000
0.0000	0.0000	0.0000	0.0000	0.0000	0.0000	0.0000	0.0000	0.0000	1.0000	0.0000	0.0000
0.0126	0.0492	0.0067	0.0020	0.0004	0.9270	0.0016	0.0000	0.0000	0.0003	0.0000	0.0001
0.9601	0.0000	0.0000	0.0002	0.0000	0.0000	0.0000	0.0000	0.0002	0.0004	0.0390	0.0000
0.0000	0.0000	0.0000	0.0000	0.0000	0.0000	0.0000	0.0000	0.0000	0.0001	0.0000	0.9999
0.5952	0.0000	0.0000	0.0000	0.0000	0.0168	0.0000	0.0000	0.3880	0.0000	0.0000	0.0000
0.0889	0.0000	0.0000	0.0000	0.0000	0.0034	0.0000	0.0000	0.9076	0.0000	0.0000	0.0000
0.0001	0.0027	0.0262	0.0000	0.0004	0.0001	0.1170	0.8173	0.0000	0.0002	0.0002	0.0357
0.0004	0.0875	0.3349	0.0001	0.0019	0.0045	0.1014	0.3948	0.0000	0.0006	0.0001	0.0738
0.0000	0.0000	0.0000	0.0000	0.0000	0.0000	0.0000	0.0000	0.0000	0.9481	0.0000	0.0519
0.0000	0.0000	0.0000	0.0000	0.0000	0.0000	0.0000	0.0000	0.0000	0.4977	0.0001	0.5021
0.0000	0.0000	0.0000	0.0000	0.0000	0.0000	0.0000	0.0000	0.0000	0.9998	0.0000	0.0002
0.0018	0.0001	0.0001	0.0002	0.0000	0.9973	0.0001	0.0000	0.0000	0.0003	0.0000	0.0000
0.9970	0.0000	0.0000	0.0009	0.0000	0.0013	0.0000	0.0000	0.0004	0.0002	0.0001	0.0000
0.0000	0.0000	0.0000	0.0000	0.0000	0.0000	0.0000	0.0000	0.9999	0.0001	0.0000	0.0000
0.0084	0.0000	0.0000	0.9170	0.0000	0.0046	0.0000	0.0000	0.0002	0.0698	0.0001	0.0000
0.0004	0.0000	0.0000	0.0000	0.0000	0.9996	0.0000	0.0000	0.0000	0.0000	0.0000	0.0000
0.0000	0.0000	0.0002	0.0000	0.0000	0.0000	0.0011	0.9985	0.0000	0.0000	0.0000	0.0001
0.9999	0.0000	0.0000	0.0000	0.0000	0.0000	0.0000	0.0000	0.0001	0.0000	0.0000	0.0000
0.0000	0.0000	0.0000	1.0000	0.0000	0.0000	0.0000	0.0000	0.0000	0.0000	0.0000	0.0000
0.0028	0.0000	0.0000	0.0025	0.0000	0.0000	0.0000	0.0000	0.0000	0.9942	0.0004	0.0000
0.0000	0.7395	0.2487	0.0000	0.0000	0.0104	0.0014	0.0000	0.0000	0.0000	0.0000	0.0000
0.0047	0.4927	0.1771	0.0015	0.0032	0.2853	0.0155	0.0047	0.0000	0.0023	0.0001	0.0129
0.0000	0.0000	0.0000	0.0000	0.0000	0.0000	0.0000	1.0000	0.0000	0.0000	0.0000	0.0000
1.0000	0.0000	0.0000	0.0000	0.0000	0.0000	0.0000	0.0000	0.0000	0.0000	0.0000	0.0000
0.0000	0.0001	0.0111	0.0000	0.0000	0.0000	0.0034	0.7109	0.0000	0.0002	0.0000	0.2743
0.0000	0.0000	0.0000	0.0036	0.0000	0.0000	0.0000	0.0000	0.0003	0.9693	0.0002	0.0265
0.0000	0.0000	0.0000	0.0002	0.0000	0.0000	0.0000	0.0000	0.0000	0.9966	0.0000	0.0031
0.0000	0.0000	0.0000	0.0002	0.0000	0.0000	0.0000	0.0000	0.0000	0.9968	0.0001	0.0029
0.0000	0.0715	0.8946	0.0000	0.0000	0.0005	0.0316	0.0016	0.0000	0.0000	0.0000	0.0002
0.0001	0.4066	0.5688	0.0000	0.0001	0.0179	0.0060	0.0003	0.0000	0.0000	0.0000	0.0004
0.0000	0.0006	0.0287	0.0000	0.0000	0.0000	0.0075	0.9302	0.0000	0.0000	0.0000	0.0330
0.0002	0.0000	0.0005	0.0000	0.0000	0.0000	0.0013	0.0055	0.0000	0.0307	0.0010	0.9608
0.0090	0.6164	0.1252	0.0010	0.0081	0.0616	0.0363	0.1139	0.0000	0.0042	0.0003	0.0241
0.0000	0.0000	0.0008	0.0000	0.0000	0.0000	0.0007	0.0055	0.0000	0.0171	0.0001	0.9758
0.4034	0.0000	0.0000	0.0000	0.0000	0.5966	0.0000	0.0000	0.0000	0.0000	0.0000	0.0000
1.0000	0.0000	0.0000	0.0000	0.0000	0.0000	0.0000	0.0000	0.0000	0.0000	0.0000	0.0000
0.0000	0.0000	0.0016	0.0000	0.0000	0.0000	0.0017	0.0236	0.0000	0.0013	0.0000	0.9718
0.0000	0.0000	0.0004	0.0000	0.0000	0.0000	0.0004	0.9857	0.0000	0.0000	0.0000	0.0134
0.0000	0.0002	0.0072	0.0000	0.0001	0.0000	0.0836	0.9016	0.0000	0.0000	0.0000	0.0073
0.1474	0.0000	0.0000	0.0017	0.0000	0.0000	0.0000	0.0000	0.0001	0.0060	0.8448	0.0000
0.0000	0.0000	0.0015	0.0000	0.0000	0.0000	0.5393	0.4563	0.0000	0.0000	0.0000	0.0028
0.0000	0.0000	0.0000	0.0000	0.0000	0.0000	0.0000	0.0000	1.0000	0.0000	0.0000	0.0000
0.0781	0.1922	0.5494	0.0007	0.0040	0.0174	0.0099	0.0072	0.0000	0.0761	0.0007	0.0643
0.0035	0.0000	0.0074	0.0000	0.0000	0.0002	0.9385	0.0343	0.0004	0.0010	0.0004	0.0144
0.0067	0.0001	0.0534	0.0000	0.0000	0.0004	0.7592	0.0879	0.0001	0.0056	0.0001	0.0864
0.0000	0.0000	0.0000	0.0000	0.0000	0.0000	0.0000	0.0000	0.0000	1.0000	0.0000	0.0000
0.0000	0.8682	0.1298	0.0000	0.0000	0.0018	0.0001	0.0001	0.0000	0.0000	0.0000	0.0000
0.0002	0.3511	0.6130	0.0000	0.0002	0.0233	0.0113	0.0003	0.0000	0.0000	0.0000	0.0006
0.0003	0.5611	0.3431	0.0000	0.0001	0.0883	0.0068	0.0001	0.0000	0.0000	0.0000	0.0001
0.0000	0.0000	0.0000	0.0000	0.0000	0.0000	0.0001	0.0000	0.0000	0.0008	0.0001	0.9990
0.0000	0.0000	0.0000	0.0000	0.0000	0.0000	0.0011	0.0000	0.0001	0.0005	0.0001	0.9981
0.1411	0.0000	0.0000	0.0000	0.0000	0.0002	0.0000	0.0000	0.8587	0.0000	0.0000	0.0000
0.1101	0.0000	0.0000	0.0000	0.0000	0.0010	0.0000	0.0000	0.8888	0.0000	0.0000	0.0000
0.0000	0.1158	0.8500	0.0000	0.0002	0.0026	0.0272	0.0017	0.0000	0.0000	0.0000	0.0026
0.0001	0.9195	0.0722	0.0000	0.0001	0.0076	0.0007	0.0000	0.0000	0.0000	0.0000	0.0000
0.0006	0.0392	0.6062	0.0001	0.0015	0.0012	0.1337	0.0690	0.0001	0.0007	0.0006	0.1471
0.0000	0.0000	0.0020	0.0000	0.0000	0.0001	0.0010	0.0031	0.0000	0.0140	0.0000	0.9799
0.0000	0.0000	0.0000	0.0000	0.0000	0.0000	0.0162	0.0000	0.0306	0.4807	0.0002	0.4723
0.0004	0.8688	0.0508	0.0000	0.0004	0.0780	0.0014	0.0002	0.0000	0.0000	0.0000	0.0001
0.0000	0.0018	0.0031	0.0000	0.0005	0.0003	0.0004	0.9388	0.0000	0.0035	0.0000	0.0516
0.7808	0.0000	0.0000	0.0000	0.0000	0.0000	0.0002	0.0000	0.2179	0.0002	0.0009	0.0000
0.0020	0.0000	0.0000	0.0000	0.0000	0.0000	0.0001	0.0000	0.9979	0.0000	0.0000	0.0000
0.0000	0.8479	0.1266	0.0000	0.0001	0.0244	0.0006	0.0002	0.0000	0.0000	0.0000	0.0002
0.0000	0.0000	0.0000	0.0000	0.0000	0.0000	0.0000	0.0000	0.0000	0.0045	0.0000	0.9955
0.0000	0.0000	0.0037	0.0000	0.0000	0.0000	0.0001	0.0131	0.0000	0.0004	0.0000	0.9828
0.0000	0.0000	0.0000	0.0000	0.0000	0.0000	0.0000	0.0000	0.0000	0.9997	0.0000	0.0003
0.0000	0.0000	0.0000	0.0000	0.0000	0.0000	0.0000	0.0000	0.0000	1.0000	0.0000	0.0000
0.0140	0.0000	0.0000	0.0000	0.0000	0.9858	0.0000	0.0000	0.0001	0.0001	0.0000	0.0000
0.0000	0.0000	0.0000	0.0000	0.0000	0.0000	0.0000	0.0000	0.0000	0.0002	0.0000	0.9998
0.0000	0.0000	0.0000	0.0000	0.0000	0.0000	0.0021	0.0069	0.0000	0.0000	0.0000	0.9909
0.3235	0.0000	0.0000	0.5042	0.0000	0.0002	0.0000	0.0000	0.1180	0.0520	0.0021	0.0000
0.0000	0.0000	0.0045	0.0000	0.0000	0.0000	0.0047	0.3653	0.0000	0.0007	0.0000	0.6248
0.0000	0.0000	0.0000	0.0002	0.0000	0.0000	0.0000	0.0000	0.0000	0.9923	0.0002	0.0073
0.0000	0.1480	0.8228	0.0000	0.0000	0.0011	0.0177	0.0099	0.0000	0.0000	0.0000	0.0005
0.0005	0.0833	0.0082	0.0001	0.0001	0.9075	0.0003	0.0000	0.0000	0.0000	0.0000	0.0000
0.0000	0.0000	0.0260	0.0000	0.0000	0.0000	0.0390	0.9185	0.0000	0.0000	0.0000	0.0164
0.0000	0.0000	0.0031	0.0000	0.0000	0.0000	0.0049	0.6366	0.0000	0.0000	0.0000	0.3554
0.0000	0.0000	0.0000	0.0000	0.0000	0.0000	0.0000	0.0000	0.0000	0.0000	0.0000	1.0000
0.0000	0.0000	0.0000	0.0000	0.0000	0.0000	0.0000	0.0000	0.0000	0.0003	0.0000	0.9997
0.0000	0.0000	1.0000	0.0000	0.0000	0.0000	0.0000	0.0000	0.0000	0.0000	0.0000	0.0000
0.0000	0.0000	1.0000	0.0000	0.0000	0.0000	0.0000	0.0000	0.0000	0.0000	0.0000	0.0000
0.0000	0.0000	1.0000	0.0000	0.0000	0.0000	0.0000	0.0000	0.0000	0.0000	0.0000	0.0000
0.0000	0.0000	0.9937	0.0000	0.0000	0.0000	0.0000	0.0000	0.0000	0.0000	0.0000	0.0063
0.0000	0.0000	1.0000	0.0000	0.0000	0.0000	0.0000	0.0000	0.0000	0.0000	0.0000	0.0000
0.0000	0.0000	1.0000	0.0000	0.0000	0.0000	0.0000	0.0000	0.0000	0.0000	0.0000	0.0000
0.0000	0.0000	0.0000	0.0000	0.0000	0.0000	0.0000	0.0000	0.0000	0.0000	0.0000	1.0000
0.0000	0.0000	0.0000	0.0000	0.0000	0.0000	0.0000	0.0000	0.0000	0.0000	0.0000	1.0000
0.0000	0.0000	1.0000	0.0000	0.0000	0.0000	0.0000	0.0000	0.0000	0.0000	0.0000	0.0000
0.0000	0.0000	1.0000	0.0000	0.0000	0.0000	0.0000	0.0000	0.0000	0.0000	0.0000	0.0000
0.0000	0.0000	0.0001	0.0000	0.0000	0.0000	0.0000	0.0000	0.0000	0.0000	0.0000	0.9999
0.0000	0.0000	0.0000	0.0000	0.0000	0.0000	0.0000	0.0000	0.0000	0.0000	0.0000	1.0000
0.0000	0.0000	1.0000	0.0000	0.0000	0.0000	0.0000	0.0000	0.0000	0.0000	0.0000	0.0000
0.0000	0.0000	0.0001	0.0000	0.0000	0.0000	0.0000	0.0000	0.0000	0.0000	0.0000	0.9999
0.0000	0.0000	0.0000	0.0000	0.0000	0.0000	0.0000	0.0000	0.0000	0.0000	0.0000	1.0000
0.0000	0.0000	0.0000	0.0000	0.0000	0.0000	0.0000	0.0000	0.0000	0.0000	0.0000	1.0000
0.0000	0.0000	0.0000	0.0000	0.0000	0.0000	0.0000	0.0000	0.0000	0.0000	0.0000	1.0000
0.0000	0.0000	1.0000	0.0000	0.0000	0.0000	0.0000	0.0000	0.0000	0.0000	0.0000	0.0000
0.0000	0.0000	1.0000	0.0000	0.0000	0.0000	0.0000	0.0000	0.0000	0.0000	0.0000	0.0000
0.0000	0.0000	0.0000	0.0000	0.0000	0.0000	0.0000	0.0000	1.0000	0.0000	0.0000	0.0000
0.0000	0.0000	0.0000	0.0000	0.0000	0.0000	1.0000	0.0000	0.0000	0.0000	0.0000	0.0000
0.0000	0.0000	0.0000	0.0000	0.0000	0.0000	0.9895	0.0000	0.0105	0.0000	0.0000	0.0000
0.0000	0.0000	0.0000	0.0000	0.0000	0.0000	0.0000	0.0000	1.0000	0.0000	0.0000	0.0000
0.0000	0.0000	0.0000	0.0000	0.0000	0.0000	0.0000	0.0000	1.0000	0.0000	0.0000	0.0000
0.0000	0.0000	0.0000	0.0000	0.0000	0.0000	0.0000	0.0000	1.0000	0.0000	0.0000	0.0000
0.0000	0.0036	0.9326	0.0000	0.0000	0.0178	0.0459	0.0000	0.0000	0.0000	0.0000	0.0001
0.0000	0.0000	0.0000	0.0000	0.0000	0.0000	0.0000	0.0000	1.0000	0.0000	0.0000	0.0000
0.0000	0.0016	0.9074	0.0000	0.0000	0.0001	0.0908	0.0001	0.0000	0.0000	0.0000	0.0001
0.0000	0.0056	0.9938	0.0000	0.0000	0.0005	0.0001	0.0000	0.0000	0.0000	0.0000	0.0000
0.0000	0.0000	0.0000	0.0000	0.0000	0.0000	1.0000	0.0000	0.0000	0.0000	0.0000	0.0000
0.0000	0.0000	0.0000	0.0000	0.0000	0.0000	0.0000	0.0000	1.0000	0.0000	0.0000	0.0000
0.0000	0.0000	0.0000	0.0000	0.0000	0.0000	1.0000	0.0000	0.0000	0.0000	0.0000	0.0000
0.0000	0.0000	0.0000	0.0000	0.0000	0.0000	0.0000	0.0000	1.0000	0.0000	0.0000	0.0000
0.0000	0.0000	0.0000	0.0000	0.0000	0.0000	0.0000	0.0000	1.0000	0.0000	0.0000	0.0000
0.0000	0.0000	0.0000	0.0000	0.0000	0.0000	1.0000	0.0000	0.0000	0.0000	0.0000	0.0000
0.0000	0.0000	0.0000	0.0000	0.0000	0.0000	0.0000	0.0000	1.0000	0.0000	0.0000	0.0000
0.0000	0.0017	0.9983	0.0000	0.0000	0.0000	0.0000	0.0000	0.0000	0.0000	0.0000	0.0000
0.0000	0.0000	0.0764	0.0000	0.0000	0.0002	0.9233	0.0000	0.0000	0.0000	0.0000	0.0000
0.0000	0.0000	0.0000	0.0000	0.0000	0.0000	1.0000	0.0000	0.0000	0.0000	0.0000	0.0000
0.0000	0.0000	0.0000	0.0000	0.0000	0.0000	0.0000	0.0000	1.0000	0.0000	0.0000	0.0000
0.0000	0.0000	0.0685	0.0000	0.0000	0.0000	0.9314	0.0000	0.0000	0.0000	0.0000	0.0000
0.0000	0.0040	0.9951	0.0000	0.0000	0.0005	0.0004	0.0000	0.0000	0.0000	0.0000	0.0000
0.0000	0.0000	0.0000	0.0000	0.0000	0.0000	0.9998	0.0000	0.0002	0.0000	0.0000	0.0000
0.0000	0.0000	0.0000	0.0000	0.0000	0.0000	0.9973	0.0000	0.0027	0.0000	0.0000	0.0000
0.0000	0.0000	0.0000	0.0000	0.0000	0.0000	0.0000	0.0000	1.0000	0.0000	0.0000	0.0000
0.0000	0.0000	0.0000	0.0000	0.0000	0.0000	0.9997	0.0003	0.0000	0.0000	0.0000	0.0000
0.0000	0.0000	0.0000	0.0000	0.0000	0.0000	0.0000	0.0000	1.0000	0.0000	0.0000	0.0000
0.0000	0.0000	0.0000	0.0000	0.0000	0.0000	0.0000	0.0000	1.0000	0.0000	0.0000	0.0000
