0.0005	0.0000	0.0001	0.0000	0.0000	0.0000	0.0168	0.0052	0.0036	0.0240	0.0000	0.9498
0.0000	0.0000	0.0004	0.0000	0.0000	0.0000	0.0022	0.9975	0.0000	0.0000	0.0000	0.0000
0.0148	0.0000	0.0000	0.0000	0.0000	0.0000	0.0006	0.0000	0.2162	0.7604	0.0079	0.0000
0.0018	0.0000	0.0000	0.0000	0.0000	0.0000	0.0000	0.0000	0.0000	0.0000	0.9982	0.0000
0.0000	0.0000	0.0000	0.0000	0.0000	0.0000	0.0000	0.9993	0.0000	0.0000	0.0000	0.0007
0.0000	0.0000	0.0000	0.0000	0.0000	0.0000	0.0000	0.0000	1.0000	0.0000	0.0000	0.0000
0.0000	0.0000	0.0000	0.0000	0.0000	0.0000	0.0000	0.0000	0.0000	1.0000	0.0000	0.0000
0.0001	0.0003	0.0001	0.0000	0.0008	0.9987	0.0000	0.0000	0.0000	0.0000	0.0000	0.0000
0.9994	0.0000	0.0000	0.0000	0.0000	0.0000	0.0000	0.0000	0.0006	0.0000	0.0000	0.0000
0.0000	0.0000	0.0000	0.0000	0.0000	0.0000	0.0009	0.0000	0.0156	0.0000	0.0000	0.9835
0.0037	0.0000	0.0000	0.0000	0.0000	0.1706	0.0056	0.0000	0.8201	0.0000	0.0000	0.0000
0.0005	0.0000	0.0000	0.0000	0.0000	0.0262	0.0026	0.0000	0.9708	0.0000	0.0000	0.0000
0.0000	0.0000	0.0027	0.0000	0.0000	0.0000	0.8858	0.1111	0.0000	0.0000	0.0000	0.0003
0.0002	0.0041	0.2205	0.0000	0.0000	0.0088	0.5794	0.1847	0.0000	0.0000	0.0000	0.0021
0.0000	0.0000	0.0000	0.0000	0.0000	0.0000	0.0000	0.0000	0.0000	0.4574	0.0000	0.5425
0.0000	0.0000	0.0000	0.0000	0.0000	0.0000	0.0000	0.0000	0.0006	0.1267	0.0000	0.8726
0.0000	0.0000	0.0000	0.0000	0.0000	0.0000	0.0000	0.0000	0.0000	0.9994	0.0003	0.0003
0.0000	0.0000	0.0000	0.0000	0.0000	0.9997	0.0003	0.0000	0.0000	0.0000	0.0000	0.0000
0.9539	0.0000	0.0000	0.0001	0.0000	0.0454	0.0000	0.0000	0.0002	0.0001	0.0003	0.0000
0.0000	0.0000	0.0000	0.0000	0.0000	0.0000	0.0000	0.0000	0.9997	0.0003	0.0000	0.0000
0.0016	0.0000	0.0000	0.1558	0.0000	0.0014	0.0000	0.0000	0.0304	0.8103	0.0003	0.0002
0.0000	0.0000	0.0000	0.0000	0.0000	1.0000	0.0000	0.0000	0.0000	0.0000	0.0000	0.0000
0.0000	0.0004	0.0083	0.0000	0.0000	0.0000	0.0002	0.9911	0.0000	0.0000	0.0000	0.0000
0.9955	0.0000	0.0000	0.0000	0.0000	0.0000	0.0002	0.0000	0.0043	0.0000	0.0000	0.0000
0.0000	0.0000	0.0000	0.9999	0.0001	0.0000	0.0000	0.0000	0.0000	0.0000	0.0000	0.0000
0.0277	0.0000	0.0000	0.9485	0.0000	0.0000	0.0000	0.0000	0.0000	0.0127	0.0109	0.0001
0.0000	0.3506	0.6226	0.0000	0.0003	0.0224	0.0041	0.0000	0.0000	0.0000	0.0000	0.0000
0.0002	0.0005	0.0031	0.0000	0.0001	0.9720	0.0241	0.0000	0.0000	0.0000	0.0000	0.0000
0.0000	0.0000	0.0000	0.0000	0.0000	0.0000	0.0000	0.9998	0.0000	0.0000	0.0000	0.0002
1.0000	0.0000	0.0000	0.0000	0.0000	0.0000	0.0000	0.0000	0.0000	0.0000	0.0000	0.0000
0.0000	0.0000	0.0081	0.0000	0.0000	0.0000	0.0001	0.8504	0.0000	0.0000	0.0000	0.1414
0.0000	0.0000	0.0000	0.0169	0.0000	0.0000	0.0000	0.0000	0.0026	0.1679	0.0000	0.8127
0.0000	0.0000	0.0000	0.0280	0.0000	0.0000	0.0000	0.0000	0.0000	0.9166	0.0000	0.0553
0.0006	0.0000	0.0000	0.4519	0.0000	0.0000	0.0000	0.0000	0.0000	0.5313	0.0005	0.0156
0.0000	0.0058	0.9893	0.0000	0.0000	0.0001	0.0045	0.0003	0.0000	0.0000	0.0000	0.0000
0.0000	0.1031	0.7020	0.0000	0.0005	0.1841	0.0101	0.0001	0.0000	0.0000	0.0000	0.0000
0.0000	0.0000	0.0044	0.0000	0.0000	0.0000	0.0015	0.9835	0.0000	0.0000	0.0000	0.0106
0.0038	0.0000	0.0003	0.0000	0.0000	0.0000	0.2342	0.1678	0.0019	0.0237	0.0001	0.5684
0.0076	0.0005	0.0103	0.0000	0.0000	0.1160	0.8390	0.0264	0.0000	0.0000	0.0000	0.0002
0.0007	0.0000	0.0013	0.0000	0.0000	0.0000	0.1035	0.2491	0.0008	0.0031	0.0000	0.6416
0.0318	0.0000	0.0000	0.0000	0.0000	0.9637	0.0044	0.0000	0.0001	0.0000	0.0000	0.0000
1.0000	0.0000	0.0000	0.0000	0.0000	0.0000	0.0000	0.0000	0.0000	0.0000	0.0000	0.0000
0.0000	0.0000	0.0015	0.0000	0.0000	0.0000	0.0407	0.1507	0.0003	0.0000	0.0000	0.8067
0.0000	0.0000	0.0001	0.0000	0.0000	0.0000	0.0002	0.9994	0.0000	0.0000	0.0000	0.0003
0.0000	0.0000	0.0007	0.0000	0.0000	0.0000	0.7666	0.2326	0.0000	0.0000	0.0000	0.0001
0.9898	0.0000	0.0000	0.0000	0.0000	0.0000	0.0000	0.0000	0.0000	0.0000	0.0101	0.0000
0.0000	0.0000	0.0000	0.0000	0.0000	0.0000	0.9961	0.0038	0.0000	0.0000	0.0000	0.0000
0.0000	0.0000	0.0000	0.0000	0.0000	0.0000	0.0000	0.0000	1.0000	0.0000	0.0000	0.0000
0.9973	0.0000	0.0000	0.0000	0.0000	0.0000	0.0000	0.0000	0.0000	0.0006	0.0021	0.0000
0.3144	0.0000	0.0000	0.0000	0.0000	0.0000	0.6812	0.0000	0.0023	0.0020	0.0001	0.0000
0.7088	0.0000	0.0000	0.0000	0.0000	0.0000	0.2882	0.0000	0.0004	0.0025	0.0001	0.0000
0.0000	0.0000	0.0000	0.0000	0.0000	0.0000	0.0000	0.0000	0.0000	1.0000	0.0000	0.0000
0.2790	0.6322	0.0390	0.0029	0.0421	0.0026	0.0014	0.0005	0.0000	0.0000	0.0002	0.0001
0.0006	0.0394	0.1611	0.0000	0.0021	0.7321	0.0647	0.0000	0.0000	0.0000	0.0000	0.0000
0.0000	0.0028	0.0044	0.0000	0.0001	0.9908	0.0019	0.0000	0.0000	0.0000	0.0000	0.0000
0.0000	0.0000	0.0001	0.0000	0.0000	0.0000	0.0032	0.0000	0.1257	0.0000	0.0000	0.8710
0.0000	0.0000	0.0000	0.0000	0.0000	0.0000	0.0088	0.0000	0.9886	0.0000	0.0000	0.0025
0.0025	0.0000	0.0000	0.0000	0.0000	0.0016	0.0011	0.0000	0.9948	0.0000	0.0000	0.0000
0.0030	0.0000	0.0000	0.0000	0.0000	0.0173	0.0065	0.0000	0.9732	0.0000	0.0000	0.0000
0.0000	0.0000	0.9910	0.0000	0.0000	0.0001	0.0087	0.0000	0.0000	0.0000	0.0000	0.0002
0.0000	0.5917	0.2964	0.0000	0.0003	0.0983	0.0133	0.0001	0.0000	0.0000	0.0000	0.0000
0.0000	0.0000	0.5838	0.0000	0.0000	0.0001	0.3748	0.0083	0.0006	0.0000	0.0000	0.0323
0.0000	0.0000	0.0009	0.0000	0.0000	0.0000	0.0007	0.0010	0.0002	0.0021	0.0000	0.9951
0.0000	0.0000	0.0000	0.0000	0.0000	0.0000	0.0000	0.0000	0.6272	0.3727	0.0000	0.0000
0.0000	0.0533	0.0055	0.0000	0.0010	0.9397	0.0004	0.0000	0.0000	0.0000	0.0000	0.0000
0.0000	0.0123	0.1496	0.0136	0.0020	0.0004	0.0000	0.2326	0.0000	0.0001	0.0000	0.5893
0.9549	0.0000	0.0000	0.0000	0.0000	0.0000	0.0001	0.0000	0.0450	0.0000	0.0000	0.0000
0.0020	0.0000	0.0000	0.0000	0.0000	0.0000	0.0000	0.0000	0.9979	0.0000	0.0000	0.0000
0.0000	0.9201	0.0525	0.0000	0.0012	0.0254	0.0006	0.0001	0.0000	0.0000	0.0000	0.0000
0.0015	0.0000	0.0004	0.0010	0.0000	0.0000	0.0001	0.0023	0.0000	0.0050	0.0000	0.9897
0.0000	0.0002	0.2028	0.0000	0.0000	0.0000	0.0007	0.6279	0.0000	0.0000	0.0000	0.1684
0.0000	0.0000	0.0000	0.0000	0.0000	0.0000	0.0000	0.0000	0.0304	0.9694	0.0000	0.0002
0.0000	0.0000	0.0000	0.0000	0.0000	0.0000	0.0000	0.0000	0.0000	0.9999	0.0000	0.0001
0.0028	0.0000	0.0000	0.0000	0.0000	0.9852	0.0052	0.0000	0.0068	0.0000	0.0000	0.0000
0.0000	0.0000	0.0000	0.0000	0.0000	0.0000	0.0000	0.0000	0.0002	0.0232	0.0000	0.9766
0.1267	0.0000	0.0003	0.0000	0.0000	0.0000	0.2440	0.5635	0.0000	0.0009	0.0002	0.0643
0.6960	0.0000	0.0000	0.3036	0.0000	0.0000	0.0000	0.0000	0.0003	0.0001	0.0000	0.0000
0.0000	0.0000	0.0002	0.0000	0.0000	0.0000	0.0018	0.5932	0.0000	0.0008	0.0000	0.4039
0.0004	0.0000	0.0000	0.0140	0.0000	0.0000	0.0000	0.0000	0.0002	0.9281	0.0007	0.0566
0.0000	0.0307	0.9481	0.0000	0.0000	0.0001	0.0023	0.0187	0.0000	0.0000	0.0000	0.0001
0.0000	0.0001	0.0001	0.0000	0.0000	0.9998	0.0000	0.0000	0.0000	0.0000	0.0000	0.0000
0.0000	0.0000	0.0038	0.0000	0.0000	0.0000	0.0155	0.9751	0.0000	0.0000	0.0000	0.0056
0.0000	0.0000	0.0001	0.0000	0.0000	0.0000	0.0035	0.9204	0.0000	0.0000	0.0000	0.0760
0.0000	0.0000	0.0000	0.0000	0.0000	0.0000	0.0000	0.0000	0.0000	0.0000	0.0000	1.0000
0.0000	0.0000	0.0000	0.0000	0.0000	0.0000	0.0000	0.0000	0.0000	0.0000	0.0000	1.0000
0.0000	0.0000	1.0000	0.0000	0.0000	0.0000	0.0000	0.0000	0.0000	0.0000	0.0000	0.0000
0.0000	0.0000	1.0000	0.0000	0.0000	0.0000	0.0000	0.0000	0.0000	0.0000	0.0000	0.0000
0.0000	0.0000	1.0000	0.0000	0.0000	0.0000	0.0000	0.0000	0.0000	0.0000	0.0000	0.0000
0.0000	0.0000	0.6868	0.0000	0.0000	0.0000	0.0000	0.0000	0.0000	0.0000	0.0000	0.3132
0.0000	0.0000	1.0000	0.0000	0.0000	0.0000	0.0000	0.0000	0.0000	0.0000	0.0000	0.0000
0.0000	0.0000	0.9998	0.0000	0.0000	0.0000	0.0000	0.0000	0.0000	0.0000	0.0000	0.0002
0.0000	0.0000	0.0000	0.0000	0.0000	0.0000	0.0000	0.0000	0.0000	0.0000	0.0000	1.0000
0.0000	0.0000	0.0000	0.0000	0.0000	0.0000	0.0000	0.0000	0.0000	0.0000	0.0000	1.0000
0.0000	0.0000	0.9998	0.0000	0.0000	0.0000	0.0000	0.0000	0.0000	0.0000	0.0000	0.0002
0.0000	0.0000	0.9999	0.0000	0.0000	0.0000	0.0000	0.0000	0.0000	0.0000	0.0000	0.0001
0.0000	0.0000	0.0002	0.0000	0.0000	0.0000	0.0000	0.0000	0.0000	0.0000	0.0000	0.9998
0.0000	0.0000	0.0000	0.0000	0.0000	0.0000	0.0000	0.0000	0.0000	0.0000	0.0000	1.0000
0.0000	0.0000	1.0000	0.0000	0.0000	0.0000	0.0000	0.0000	0.0000	0.0000	0.0000	0.0000
0.0000	0.0000	0.0015	0.0000	0.0000	0.0000	0.0000	0.0000	0.0000	0.0000	0.0000	0.9985
0.0000	0.0000	0.0000	0.0000	0.0000	0.0000	0.0000	0.0000	0.0000	0.0000	0.0000	1.0000
0.0000	0.0000	0.0000	0.0000	0.0000	0.0000	0.0000	0.0000	0.0000	0.0000	0.0000	1.0000
0.0000	0.0000	0.0000	0.0000	0.0000	0.0000	0.0000	0.0000	0.0000	0.0000	0.0000	1.0000
0.0000	0.0000	1.0000	0.0000	0.0000	0.0000	0.0000	0.0000	0.0000	0.0000	0.0000	0.0000
0.0000	0.0000	1.0000	0.0000	0.0000	0.0000	0.0000	0.0000	0.0000	0.0000	0.0000	0.0000
0.0000	0.0000	0.0000	0.0000	0.0000	0.0000	0.0000	0.0000	1.0000	0.0000	0.0000	0.0000
0.0000	0.0000	0.0000	0.0000	0.0000	0.0005	0.9995	0.0000	0.0000	0.0000	0.0000	0.0000
0.0000	0.0000	0.0000	0.0000	0.0000	0.0000	1.0000	0.0000	0.0000	0.0000	0.0000	0.0000
0.0000	0.0000	0.0000	0.0000	0.0000	0.0000	0.0000	0.0000	1.0000	0.0000	0.0000	0.0000
0.0000	0.0000	0.0000	0.0000	0.0000	0.0000	0.0000	0.0000	1.0000	0.0000	0.0000	0.0000
0.0000	0.0000	0.0000	0.0000	0.0000	0.0000	0.0000	0.0000	1.0000	0.0000	0.0000	0.0000
0.0000	0.0000	0.9326	0.0000	0.0000	0.0275	0.0399	0.0000	0.0000	0.0000	0.0000	0.0000
0.0000	0.0000	0.0000	0.0000	0.0000	0.0000	0.0000	0.0000	1.0000	0.0000	0.0000	0.0000
0.0000	0.0000	0.6944	0.0000	0.0000	0.0020	0.3036	0.0000	0.0000	0.0000	0.0000	0.0000
0.0000	0.0000	1.0000	0.0000	0.0000	0.0000	0.0000	0.0000	0.0000	0.0000	0.0000	0.0000
0.0000	0.0000	0.0000	0.0000	0.0000	0.0000	1.0000	0.0000	0.0000	0.0000	0.0000	0.0000
0.0000	0.0000	0.0000	0.0000	0.0000	0.0000	0.0000	0.0000	1.0000	0.0000	0.0000	0.0000
0.0000	0.0000	0.0000	0.0000	0.0000	0.0000	1.0000	0.0000	0.0000	0.0000	0.0000	0.0000
0.0000	0.0000	0.0000	0.0000	0.0000	0.0000	0.0000	0.0000	1.0000	0.0000	0.0000	0.0000
0.0000	0.0000	0.0000	0.0000	0.0000	0.0000	0.0000	0.0000	1.0000	0.0000	0.0000	0.0000
0.0000	0.0000	0.0000	0.0000	0.0000	0.0000	1.0000	0.0000	0.0000	0.0000	0.0000	0.0000
0.0000	0.0000	0.0000	0.0000	0.0000	0.0000	0.0000	0.0000	1.0000	0.0000	0.0000	0.0000
0.0000	0.0000	1.0000	0.0000	0.0000	0.0000	0.0000	0.0000	0.0000	0.0000	0.0000	0.0000
0.0000	0.0000	0.0728	0.0000	0.0000	0.0885	0.8386	0.0000	0.0000	0.0000	0.0000	0.0000
0.0000	0.0000	0.0000	0.0000	0.0000	0.0000	1.0000	0.0000	0.0000	0.0000	0.0000	0.0000
0.0000	0.0000	0.0000	0.0000	0.0000	0.0000	0.0000	0.0000	1.0000	0.0000	0.0000	0.0000
0.0000	0.0000	0.7097	0.0000	0.0000	0.0023	0.2880	0.0000	0.0000	0.0000	0.0000	0.0000
0.0000	0.0000	0.9998	0.0000	0.0000	0.0002	0.0000	0.0000	0.0000	0.0000	0.0000	0.0000
0.0000	0.0000	0.0000	0.0000	0.0000	0.0000	1.0000	0.0000	0.0000	0.0000	0.0000	0.0000
0.0000	0.0000	0.0000	0.0000	0.0000	0.0000	0.9995	0.0000	0.0005	0.0000	0.0000	0.0000
0.0000	0.0000	0.0000	0.0000	0.0000	0.0000	0.0000	0.0000	1.0000	0.0000	0.0000	0.0000
0.0000	0.0000	0.0000	0.0000	0.0000	0.0000	1.0000	0.0000	0.0000	0.0000	0.0000	0.0000
0.0000	0.0000	0.0000	0.0000	0.0000	0.0000	0.0000	0.0000	1.0000	0.0000	0.0000	0.0000
0.0000	0.0000	0.0000	0.0000	0.0000	0.0000	0.0000	0.0000	1.0000	0.0000	0.0000	0.0000
