0.0024	0.0000	0.0000	0.0000	0.0000	0.0000	0.0001	0.0000	0.0000	0.5503	0.0000	0.4472
0.0034	0.0000	0.0000	0.0000	0.0000	0.0000	0.0006	0.0000	0.0004	0.9343	0.0000	0.0613
0.9526	0.0000	0.0000	0.0000	0.0037	0.0437	0.0000	0.0000	0.0000	0.0000	0.0000	0.0000
0.0000	0.0000	0.0000	0.0000	0.0000	0.0000	0.0206	0.0002	0.0000	0.0016	0.0000	0.9777
0.0000	0.0001	0.0205	0.0000	0.0000	0.0000	0.5272	0.4136	0.0000	0.0000	0.0000	0.0385
0.9645	0.0000	0.0000	0.0028	0.0000	0.0001	0.0000	0.0000	0.0001	0.0305	0.0019	0.0000
0.9930	0.0000	0.0000	0.0020	0.0026	0.0006	0.0000	0.0000	0.0000	0.0017	0.0002	0.0000
0.0000	0.5141	0.4614	0.0000	0.0000	0.0239	0.0004	0.0002	0.0000	0.0000	0.0000	0.0000
0.0000	0.7114	0.1604	0.0000	0.0000	0.1281	0.0001	0.0001	0.0000	0.0000	0.0000	0.0000
0.0000	0.0000	0.0000	0.0000	0.0000	0.0000	0.9935	0.0002	0.0000	0.0000	0.0000	0.0063
0.0000	0.0000	0.0000	0.0000	0.0000	0.0000	0.0000	0.0000	1.0000	0.0000	0.0000	0.0000
0.0000	0.0000	0.0000	0.0000	0.0000	0.0000	0.0000	0.0000	0.9999	0.0000	0.0000	0.0000
0.0000	0.0000	0.0000	0.0004	0.0000	0.0000	0.0000	0.0000	0.0000	0.9965	0.0009	0.0021
0.0000	0.0000	0.0000	0.0024	0.9975	0.0000	0.0000	0.0000	0.0000	0.0000	0.0001	0.0000
0.0000	0.9363	0.0607	0.0000	0.0000	0.0009	0.0000	0.0022	0.0000	0.0000	0.0000	0.0000
0.0003	0.0006	0.0003	0.0000	0.0000	0.9988	0.0000	0.0000	0.0000	0.0000	0.0000	0.0000
0.0008	0.0001	0.0010	0.0000	0.0000	0.0045	0.4894	0.5041	0.0000	0.0000	0.0000	0.0001
0.9915	0.0000	0.0000	0.0000	0.0000	0.0000	0.0000	0.0000	0.0012	0.0004	0.0069	0.0000
0.9323	0.0000	0.0000	0.0001	0.0000	0.0000	0.0000	0.0000	0.0022	0.0014	0.0640	0.0000
0.0000	0.0000	0.0000	0.0000	0.0000	0.0000	0.0217	0.0000	0.0000	0.0016	0.0000	0.9767
0.0000	0.0051	0.0701	0.0000	0.0000	0.0048	0.8766	0.0433	0.0000	0.0000	0.0000	0.0000
0.0000	0.0000	0.0000	0.0000	0.0000	0.0000	0.0113	0.9849	0.0000	0.0000	0.0000	0.0037
0.0000	0.0000	0.0000	0.0000	0.0000	0.0000	0.0000	0.0000	0.0000	0.9986	0.0010	0.0004
0.9686	0.0000	0.0000	0.0017	0.0000	0.0279	0.0000	0.0000	0.0003	0.0015	0.0001	0.0000
0.0004	0.0000	0.0000	0.0006	0.0000	0.0000	0.1261	0.0185	0.0000	0.1124	0.0001	0.7418
0.0000	0.0000	0.0128	0.0000	0.0000	0.0000	0.7988	0.0837	0.0000	0.0000	0.0000	0.1047
0.0000	0.0000	0.0000	0.0013	0.0000	0.0000	0.0000	0.0000	0.0001	0.9977	0.0000	0.0009
0.0001	0.0000	0.0000	0.0001	0.0000	0.0000	0.0000	0.0000	0.0000	0.0003	0.9996	0.0000
0.0000	0.0000	0.0000	0.0000	0.0000	0.0000	0.0020	0.0000	0.0000	0.0022	0.0000	0.9958
0.0000	0.0000	0.0000	0.0000	0.0000	0.0000	0.0000	0.0000	1.0000	0.0000	0.0000	0.0000
0.0000	0.0000	0.0000	0.8052	0.1788	0.0000	0.0000	0.0002	0.0000	0.0029	0.0127	0.0001
0.0000	0.0000	0.0005	0.0000	0.0000	0.0000	0.6596	0.3382	0.0000	0.0000	0.0000	0.0017
0.0000	0.0000	0.0000	0.0000	0.0000	0.0000	0.0000	0.0000	0.0000	0.9993	0.0000	0.0007
0.0218	0.0000	0.0000	0.0790	0.7768	0.0000	0.0000	0.0022	0.0000	0.0106	0.1094	0.0001
0.0000	0.6085	0.3884	0.0000	0.0000	0.0026	0.0002	0.0003	0.0000	0.0000	0.0000	0.0000
0.9979	0.0000	0.0000	0.0000	0.0000	0.0000	0.0000	0.0000	0.0000	0.0020	0.0000	0.0000
0.0002	0.0000	0.0000	0.0009	0.0000	0.0000	0.0003	0.0000	0.0001	0.9497	0.0002	0.0487
0.0000	0.5782	0.3258	0.0000	0.0000	0.0916	0.0029	0.0015	0.0000	0.0000	0.0000	0.0000
0.0000	0.0000	0.0000	0.0000	0.0000	0.0000	0.0000	0.0000	0.0000	0.0000	1.0000	0.0000
0.0000	0.0000	0.0000	0.0000	0.0000	0.0000	0.0000	0.0000	1.0000	0.0000	0.0000	0.0000
0.0036	0.0217	0.0235	0.0000	0.0002	0.2049	0.0355	0.7086	0.0000	0.0000	0.0000	0.0020
0.0000	0.0000	0.0000	0.0000	0.0000	0.0000	0.0182	0.0861	0.0000	0.0040	0.0000	0.8917
0.0121	0.0170	0.0154	0.0000	0.0003	0.9429	0.0004	0.0116	0.0000	0.0000	0.0000	0.0003
0.0000	0.0000	0.0000	0.0000	0.0000	0.0000	0.0055	0.0006	0.0000	0.0095	0.0000	0.9844
0.0000	0.0000	0.0000	0.0000	0.0000	0.0000	0.2666	0.0053	0.0000	0.0012	0.0000	0.7270
0.0000	0.0000	0.0001	0.0000	0.0000	0.0000	0.0739	0.9239	0.0000	0.0000	0.0000	0.0021
0.0038	0.0000	0.0000	0.0168	0.0000	0.0000	0.0000	0.0000	0.0002	0.9612	0.0166	0.0014
0.0001	0.0000	0.0000	0.0007	0.9992	0.0000	0.0000	0.0000	0.0000	0.0000	0.0000	0.0000
0.0000	0.5085	0.0904	0.0000	0.0000	0.4010	0.0000	0.0000	0.0000	0.0000	0.0000	0.0000
0.0000	0.4188	0.5600	0.0000	0.0000	0.0208	0.0003	0.0001	0.0000	0.0000	0.0000	0.0000
0.0054	0.0000	0.0000	0.0012	0.0000	0.0000	0.3889	0.2259	0.0004	0.2494	0.1271	0.0016
0.0000	0.0000	0.0000	0.0000	0.0000	0.0000	0.0091	0.0000	0.0000	0.0008	0.0000	0.9901
0.0918	0.0000	0.0085	0.0000	0.0000	0.0000	0.8649	0.0067	0.0010	0.0092	0.0000	0.0180
0.0000	0.2583	0.7158	0.0000	0.0000	0.0168	0.0047	0.0044	0.0000	0.0000	0.0000	0.0000
0.0000	0.3405	0.3319	0.0000	0.0000	0.3251	0.0021	0.0004	0.0000	0.0000	0.0000	0.0000
0.0222	0.0001	0.0040	0.0000	0.0000	0.0035	0.2317	0.7341	0.0000	0.0009	0.0001	0.0034
0.0000	0.1406	0.5134	0.0000	0.0000	0.0036	0.1052	0.2371	0.0000	0.0000	0.0000	0.0001
0.0000	0.0000	0.0000	0.0000	0.0000	0.0000	0.0000	0.0000	0.0000	0.9997	0.0003	0.0000
0.0000	0.0000	0.0000	0.0000	0.0000	0.0000	0.0008	0.0000	0.0003	0.9987	0.0000	0.0002
0.0000	0.8322	0.1612	0.0000	0.0000	0.0061	0.0001	0.0004	0.0000	0.0000	0.0000	0.0000
0.0021	0.0000	0.0000	0.0000	0.0000	0.9970	0.0009	0.0000	0.0000	0.0000	0.0000	0.0000
0.9974	0.0000	0.0000	0.0000	0.0000	0.0016	0.0000	0.0000	0.0008	0.0002	0.0000	0.0000
0.0004	0.0000	0.0004	0.0009	0.0000	0.0001	0.1902	0.0403	0.0001	0.0271	0.0000	0.7405
0.0000	0.0000	0.0000	0.0000	0.0000	0.0000	0.0304	0.0000	0.9696	0.0000	0.0000	0.0000
0.0001	0.0000	0.0015	0.0000	0.0002	0.0000	0.0006	0.8169	0.0000	0.0001	0.0000	0.1806
0.0000	0.0000	0.0000	0.0000	0.0000	0.0000	0.0898	0.0000	0.1374	0.7719	0.0000	0.0009
0.0001	0.3277	0.6306	0.0000	0.0000	0.0319	0.0025	0.0071	0.0000	0.0000	0.0000	0.0000
0.2716	0.0000	0.0001	0.0001	0.0000	0.7280	0.0000	0.0000	0.0000	0.0002	0.0000	0.0000
0.9936	0.0000	0.0000	0.0000	0.0000	0.0000	0.0000	0.0000	0.0056	0.0006	0.0002	0.0000
0.0003	0.0000	0.0000	0.0000	0.0000	0.0000	0.0000	0.0000	0.9314	0.0683	0.0000	0.0000
0.0000	0.0000	0.0000	0.8824	0.0019	0.0000	0.0000	0.0000	0.0000	0.1019	0.0125	0.0013
0.0020	0.0000	0.0000	0.0002	0.0001	0.0000	0.0000	0.0056	0.0000	0.1154	0.0001	0.8767
0.0019	0.0000	0.0000	0.0001	0.0000	0.0000	0.0000	0.0000	0.0000	0.9835	0.0013	0.0132
0.0003	0.0000	0.0000	0.0001	0.0000	0.0000	0.0005	0.0409	0.0000	0.5479	0.0021	0.4081
0.0121	0.0000	0.0000	0.0034	0.0000	0.0000	0.0000	0.0000	0.0001	0.9840	0.0004	0.0000
0.9986	0.0000	0.0000	0.0000	0.0000	0.0000	0.0000	0.0000	0.0000	0.0014	0.0000	0.0000
0.0000	0.0000	0.0000	0.0000	0.0000	0.0000	0.9661	0.0000	0.0001	0.0075	0.0000	0.0263
0.0001	0.0000	0.0000	0.0000	0.0000	0.0000	0.0265	0.0002	0.0001	0.1902	0.0000	0.7830
0.0056	0.0000	0.0000	0.2762	0.0000	0.0000	0.0000	0.0000	0.0007	0.6866	0.0307	0.0002
0.0000	0.0000	0.0000	0.0000	0.0000	0.0000	0.9773	0.0000	0.0000	0.0008	0.0000	0.0218
0.0000	0.0000	0.0000	0.0000	0.0000	0.0000	0.0000	0.0000	0.0000	0.0000	0.0000	1.0000
0.0000	0.0000	1.0000	0.0000	0.0000	0.0000	0.0000	0.0000	0.0000	0.0000	0.0000	0.0000
0.0000	0.0000	1.0000	0.0000	0.0000	0.0000	0.0000	0.0000	0.0000	0.0000	0.0000	0.0000
0.0000	0.0000	0.0000	0.0000	0.0000	0.0000	0.0000	0.0000	0.0000	0.0000	0.0000	1.0000
0.0000	0.0000	0.0018	0.0000	0.0000	0.0000	0.0000	0.0000	0.0000	0.0000	0.0000	0.9982
0.0000	0.0000	1.0000	0.0000	0.0000	0.0000	0.0000	0.0000	0.0000	0.0000	0.0000	0.0000
0.0000	0.0000	0.0000	0.0000	0.0000	0.0000	0.0000	0.0000	0.0000	0.0000	0.0000	1.0000
0.0000	0.0000	1.0000	0.0000	0.0000	0.0000	0.0000	0.0000	0.0000	0.0000	0.0000	0.0000
0.0000	0.0000	1.0000	0.0000	0.0000	0.0000	0.0000	0.0000	0.0000	0.0000	0.0000	0.0000
0.0000	0.0000	0.0000	0.0000	0.0000	0.0000	0.0000	0.0000	0.0000	0.0000	0.0000	1.0000
0.0000	0.0000	0.0000	0.0000	0.0000	0.0000	0.0000	0.0000	0.0000	0.0000	0.0000	1.0000
0.0000	0.0000	1.0000	0.0000	0.0000	0.0000	0.0000	0.0000	0.0000	0.0000	0.0000	0.0000
0.0000	0.0000	1.0000	0.0000	0.0000	0.0000	0.0000	0.0000	0.0000	0.0000	0.0000	0.0000
0.0000	0.0000	0.0000	0.0000	0.0000	0.0000	0.0000	0.0000	0.0000	0.0000	0.0000	1.0000
0.0000	0.0000	1.0000	0.0000	0.0000	0.0000	0.0000	0.0000	0.0000	0.0000	0.0000	0.0000
0.0000	0.0000	1.0000	0.0000	0.0000	0.0000	0.0000	0.0000	0.0000	0.0000	0.0000	0.0000
0.0000	0.0000	0.0000	0.0000	0.0000	0.0000	0.0000	0.0000	0.0000	0.0000	0.0000	1.0000
0.0000	0.0000	0.9987	0.0000	0.0000	0.0000	0.0000	0.0000	0.0000	0.0000	0.0000	0.0013
0.0000	0.0000	0.9998	0.0000	0.0000	0.0000	0.0000	0.0000	0.0000	0.0000	0.0000	0.0002
0.0000	0.0000	0.9928	0.0000	0.0000	0.0000	0.0000	0.0000	0.0000	0.0000	0.0000	0.0072
0.0000	0.0000	1.0000	0.0000	0.0000	0.0000	0.0000	0.0000	0.0000	0.0000	0.0000	0.0000
0.0000	0.0000	1.0000	0.0000	0.0000	0.0000	0.0000	0.0000	0.0000	0.0000	0.0000	0.0000
0.0000	0.0000	0.0000	0.0000	0.0000	0.0000	0.0000	0.0000	0.0000	0.0000	0.0000	1.0000
0.0000	0.0000	1.0000	0.0000	0.0000	0.0000	0.0000	0.0000	0.0000	0.0000	0.0000	0.0000
0.0000	0.0000	0.0000	0.0000	0.0000	0.0000	0.0000	0.0000	1.0000	0.0000	0.0000	0.0000
0.0000	0.0000	0.0000	0.0000	0.0000	0.0000	0.0000	0.0000	1.0000	0.0000	0.0000	0.0000
0.0000	0.0000	0.0000	0.0000	0.0000	0.0000	0.9361	0.0000	0.0639	0.0000	0.0000	0.0000
0.0000	0.0000	0.0000	0.0000	0.0000	0.0000	0.0001	0.0000	0.9999	0.0000	0.0000	0.0000
0.0000	0.0000	0.0000	0.0000	0.0000	0.0000	0.0000	0.0000	1.0000	0.0000	0.0000	0.0000
0.0000	0.0000	0.0000	0.0000	0.0000	0.0000	0.0000	0.0000	1.0000	0.0000	0.0000	0.0000
0.0000	0.0000	0.0000	0.0000	0.0000	0.0000	0.0000	0.0000	1.0000	0.0000	0.0000	0.0000
0.0000	0.0000	0.0265	0.0000	0.0000	0.0000	0.9735	0.0000	0.0000	0.0000	0.0000	0.0000
0.0000	0.0000	0.0006	0.0000	0.0000	0.0000	0.9994	0.0000	0.0000	0.0000	0.0000	0.0000
0.0000	0.0000	0.0000	0.0000	0.0000	0.0000	0.0000	0.0000	1.0000	0.0000	0.0000	0.0000
0.0000	0.0000	1.0000	0.0000	0.0000	0.0000	0.0000	0.0000	0.0000	0.0000	0.0000	0.0000
0.0000	0.0000	0.0000	0.0000	0.0000	0.0000	1.0000	0.0000	0.0000	0.0000	0.0000	0.0000
0.0000	0.0000	0.0000	0.0000	0.0000	0.0000	0.0000	0.0000	1.0000	0.0000	0.0000	0.0000
0.0000	0.0000	0.0000	0.0000	0.0000	0.0000	0.0000	0.0000	1.0000	0.0000	0.0000	0.0000
0.0000	0.0000	0.0000	0.0000	0.0000	0.0000	0.0005	0.0000	0.9995	0.0000	0.0000	0.0000
0.0000	0.0000	0.0000	0.0000	0.0000	0.0000	0.0000	0.0000	1.0000	0.0000	0.0000	0.0000
0.0000	0.0000	0.0000	0.0000	0.0000	0.0000	0.0000	0.0000	1.0000	0.0000	0.0000	0.0000
0.0000	0.0000	0.8509	0.0000	0.0000	0.0001	0.1490	0.0000	0.0000	0.0000	0.0000	0.0000
0.0000	0.0000	0.0000	0.0000	0.0000	0.0000	0.0000	0.0000	1.0000	0.0000	0.0000	0.0000
0.0000	0.0000	0.0000	0.0000	0.0000	0.0000	1.0000	0.0000	0.0000	0.0000	0.0000	0.0000
0.0000	0.0000	0.0003	0.0000	0.0000	0.0000	0.9997	0.0000	0.0000	0.0000	0.0000	0.0000
0.0000	0.0000	0.0020	0.0000	0.0000	0.0000	0.9980	0.0000	0.0000	0.0000	0.0000	0.0000
0.0000	0.0000	0.0000	0.0000	0.0000	0.0000	1.0000	0.0000	0.0000	0.0000	0.0000	0.0000
0.0000	0.0000	0.0000	0.0000	0.0000	0.0000	1.0000	0.0000	0.0000	0.0000	0.0000	0.0000
0.0000	0.0000	0.0000	0.0000	0.0000	0.0000	1.0000	0.0000	0.0000	0.0000	0.0000	0.0000
0.0000	0.0000	0.0000	0.0000	0.0000	0.0000	0.0000	0.0000	1.0000	0.0000	0.0000	0.0000
0.0000	0.0000	0.0000	0.0000	0.0000	0.0000	0.0000	0.0000	1.0000	0.0000	0.0000	0.0000
0.0000	0.0001	0.9999	0.0000	0.0000	0.0001	0.0000	0.0000	0.0000	0.0000	0.0000	0.0000
0.0000	0.0000	0.0000	0.0000	0.0000	0.0000	1.0000	0.0000	0.0000	0.0000	0.0000	0.0000
