0.0007	0.0000	0.0000	0.0000	0.0000	0.0000	0.0003	0.0001	0.0000	0.0539	0.0000	0.9449
0.0025	0.0000	0.0000	0.0000	0.0000	0.0000	0.0019	0.0001	0.0001	0.1225	0.0000	0.8729
0.9896	0.0000	0.0000	0.0000	0.0001	0.0084	0.0000	0.0018	0.0000	0.0000	0.0000	0.0000
0.0000	0.0000	0.0001	0.0000	0.0000	0.0000	0.0204	0.0014	0.0000	0.0021	0.0000	0.9761
0.0000	0.0066	0.0454	0.0000	0.0000	0.0008	0.3891	0.5119	0.0000	0.0000	0.0000	0.0461
0.0731	0.0000	0.0000	0.0039	0.0014	0.0006	0.0000	0.0000	0.0018	0.9150	0.0027	0.0015
0.1097	0.0000	0.0000	0.0029	0.7225	0.0009	0.0000	0.0000	0.0001	0.1595	0.0033	0.0011
0.0000	0.3382	0.5487	0.0000	0.0000	0.1122	0.0007	0.0003	0.0000	0.0000	0.0000	0.0000
0.0000	0.2339	0.3915	0.0000	0.0000	0.3742	0.0003	0.0001	0.0000	0.0000	0.0000	0.0000
0.0000	0.0000	0.0001	0.0000	0.0000	0.0000	0.9907	0.0038	0.0000	0.0000	0.0000	0.0055
0.0000	0.0000	0.0000	0.0000	0.0000	0.0000	0.0000	0.0000	1.0000	0.0000	0.0000	0.0000
0.0000	0.0000	0.0000	0.0000	0.0000	0.0000	0.0000	0.0000	1.0000	0.0000	0.0000	0.0000
0.0002	0.0000	0.0000	0.0000	0.0000	0.0000	0.0000	0.0000	0.0000	0.9916	0.0002	0.0079
0.0000	0.0000	0.0000	0.0000	0.9999	0.0000	0.0000	0.0000	0.0000	0.0000	0.0000	0.0000
0.0000	0.5855	0.3937	0.0000	0.0000	0.0174	0.0011	0.0023	0.0000	0.0000	0.0000	0.0000
0.0002	0.0115	0.0288	0.0000	0.0000	0.9592	0.0001	0.0001	0.0000	0.0000	0.0000	0.0000
0.0002	0.0102	0.0095	0.0000	0.0000	0.0013	0.1394	0.8387	0.0000	0.0000	0.0000	0.0006
0.9609	0.0000	0.0000	0.0002	0.0000	0.0002	0.0000	0.0000	0.0248	0.0019	0.0119	0.0000
0.8940	0.0000	0.0000	0.0004	0.0000	0.0003	0.0000	0.0000	0.0259	0.0049	0.0744	0.0000
0.0000	0.0000	0.0000	0.0000	0.0000	0.0000	0.0022	0.0000	0.0000	0.0002	0.0000	0.9976
0.0001	0.1014	0.2241	0.0000	0.0000	0.0183	0.5102	0.1447	0.0000	0.0000	0.0000	0.0012
0.0001	0.0005	0.0014	0.0000	0.0000	0.0001	0.2821	0.7047	0.0000	0.0000	0.0000	0.0111
0.0000	0.0000	0.0000	0.0000	0.0000	0.0000	0.0000	0.0000	0.0000	0.9948	0.0002	0.0049
0.7546	0.0000	0.0006	0.0005	0.0003	0.2174	0.0006	0.0002	0.0048	0.0184	0.0004	0.0021
0.0004	0.0000	0.0005	0.0000	0.0000	0.0002	0.0611	0.0554	0.0000	0.0155	0.0000	0.8669
0.0000	0.0000	0.0011	0.0000	0.0000	0.0000	0.1212	0.8529	0.0000	0.0000	0.0000	0.0248
0.0001	0.0000	0.0000	0.0007	0.0000	0.0000	0.0000	0.0000	0.0003	0.9982	0.0000	0.0005
0.0002	0.0000	0.0000	0.0000	0.0000	0.0000	0.0000	0.0000	0.0000	0.0000	0.9997	0.0000
0.0000	0.0000	0.0000	0.0000	0.0000	0.0000	0.0007	0.0002	0.0000	0.0194	0.0000	0.9797
0.0001	0.0000	0.0000	0.0000	0.0000	0.0000	0.0000	0.0000	0.9999	0.0000	0.0000	0.0000
0.0001	0.0000	0.0000	0.0045	0.9333	0.0000	0.0000	0.0002	0.0000	0.0552	0.0065	0.0003
0.0000	0.0011	0.0040	0.0000	0.0000	0.0000	0.5682	0.4241	0.0000	0.0000	0.0000	0.0026
0.0000	0.0000	0.0000	0.0000	0.0000	0.0000	0.0000	0.0000	0.0000	0.9997	0.0000	0.0003
0.0415	0.0000	0.0000	0.0027	0.2617	0.0002	0.0000	0.0634	0.0000	0.0503	0.5796	0.0008
0.0000	0.4154	0.5404	0.0000	0.0000	0.0423	0.0012	0.0006	0.0000	0.0000	0.0000	0.0000
0.9985	0.0000	0.0000	0.0000	0.0000	0.0000	0.0000	0.0000	0.0002	0.0012	0.0000	0.0000
0.0007	0.0000	0.0001	0.0000	0.0001	0.0001	0.0025	0.0009	0.0001	0.4140	0.0002	0.5813
0.0000	0.3934	0.5046	0.0000	0.0000	0.0964	0.0042	0.0014	0.0000	0.0000	0.0000	0.0000
0.0000	0.0000	0.0000	0.0000	0.0000	0.0000	0.0000	0.0000	0.0000	0.0000	1.0000	0.0000
0.0000	0.0000	0.0000	0.0000	0.0000	0.0000	0.0000	0.0000	1.0000	0.0000	0.0000	0.0000
0.0012	0.1169	0.1365	0.0000	0.0000	0.1147	0.0910	0.5299	0.0000	0.0000	0.0000	0.0096
0.0001	0.0000	0.0006	0.0000	0.0000	0.0000	0.1823	0.2003	0.0000	0.0015	0.0000	0.6152
0.0012	0.0453	0.1462	0.0000	0.0000	0.7842	0.0036	0.0151	0.0000	0.0000	0.0000	0.0044
0.0000	0.0000	0.0004	0.0000	0.0000	0.0000	0.0065	0.0030	0.0000	0.0012	0.0000	0.9888
0.0000	0.0000	0.0001	0.0000	0.0000	0.0000	0.7782	0.0874	0.0000	0.0000	0.0000	0.1342
0.0000	0.0003	0.0011	0.0000	0.0000	0.0001	0.3810	0.6111	0.0000	0.0000	0.0000	0.0064
0.0011	0.0000	0.0000	0.0010	0.0006	0.0002	0.0001	0.0001	0.0002	0.9765	0.0025	0.0177
0.0000	0.0000	0.0000	0.0000	1.0000	0.0000	0.0000	0.0000	0.0000	0.0000	0.0000	0.0000
0.0000	0.1010	0.1891	0.0000	0.0000	0.7097	0.0001	0.0001	0.0000	0.0000	0.0000	0.0000
0.0000	0.3129	0.5464	0.0000	0.0000	0.1402	0.0003	0.0001	0.0000	0.0000	0.0000	0.0000
0.0000	0.0000	0.0000	0.0000	0.0000	0.0000	0.9366	0.0616	0.0000	0.0002	0.0000	0.0015
0.0000	0.0000	0.0002	0.0000	0.0000	0.0000	0.0341	0.0017	0.0000	0.0004	0.0000	0.9636
0.0324	0.0002	0.0074	0.0000	0.0000	0.0001	0.8754	0.0807	0.0001	0.0002	0.0000	0.0035
0.0000	0.3613	0.5590	0.0000	0.0000	0.0762	0.0022	0.0013	0.0000	0.0000	0.0000	0.0000
0.0000	0.2939	0.4861	0.0000	0.0000	0.2186	0.0010	0.0004	0.0000	0.0000	0.0000	0.0000
0.0032	0.0112	0.0173	0.0000	0.0000	0.0026	0.1043	0.8571	0.0000	0.0001	0.0000	0.0041
0.0000	0.3221	0.4561	0.0000	0.0000	0.0259	0.0913	0.1037	0.0000	0.0000	0.0000	0.0008
0.0000	0.0000	0.0000	0.0000	0.0000	0.0000	0.0000	0.0000	0.0000	0.9998	0.0000	0.0002
0.0005	0.0000	0.0000	0.0000	0.0000	0.0000	0.0428	0.0000	0.0043	0.8344	0.0000	0.1180
0.0000	0.5869	0.3587	0.0000	0.0000	0.0520	0.0011	0.0013	0.0000	0.0000	0.0000	0.0000
0.0015	0.0009	0.0020	0.0001	0.0000	0.9924	0.0012	0.0015	0.0000	0.0001	0.0000	0.0001
0.9654	0.0000	0.0011	0.0000	0.0000	0.0184	0.0002	0.0000	0.0123	0.0024	0.0000	0.0001
0.0013	0.0001	0.0034	0.0001	0.0000	0.0006	0.4294	0.1451	0.0001	0.0128	0.0001	0.4070
0.0000	0.0000	0.0000	0.0000	0.0000	0.0000	0.0075	0.0000	0.9925	0.0000	0.0000	0.0000
0.0003	0.0003	0.0037	0.0000	0.0000	0.0001	0.0103	0.9009	0.0000	0.0001	0.0000	0.0842
0.0007	0.0000	0.0000	0.0000	0.0000	0.0000	0.0214	0.0000	0.0126	0.9386	0.0000	0.0266
0.0003	0.3698	0.5625	0.0000	0.0000	0.0206	0.0313	0.0151	0.0000	0.0000	0.0000	0.0004
0.0363	0.0006	0.0140	0.0000	0.0000	0.9450	0.0006	0.0006	0.0001	0.0004	0.0000	0.0024
0.8824	0.0000	0.0000	0.0000	0.0000	0.0002	0.0000	0.0000	0.1151	0.0021	0.0001	0.0000
0.0016	0.0000	0.0000	0.0000	0.0000	0.0000	0.0000	0.0000	0.9864	0.0120	0.0000	0.0000
0.0001	0.0000	0.0000	0.0173	0.1067	0.0000	0.0000	0.0001	0.0000	0.8697	0.0054	0.0007
0.0000	0.0000	0.0000	0.0000	0.0000	0.0000	0.0000	0.0007	0.0000	0.0028	0.0000	0.9964
0.0003	0.0000	0.0000	0.0000	0.0000	0.0000	0.0000	0.0005	0.0000	0.0655	0.0000	0.9337
0.0000	0.0000	0.0000	0.0000	0.0000	0.0000	0.0017	0.0308	0.0000	0.0028	0.0000	0.9646
0.0962	0.0000	0.0000	0.0011	0.0000	0.0000	0.0000	0.0000	0.0359	0.8665	0.0003	0.0000
0.9990	0.0000	0.0000	0.0000	0.0000	0.0000	0.0000	0.0000	0.0000	0.0010	0.0000	0.0000
0.0000	0.0000	0.0002	0.0000	0.0000	0.0000	0.7395	0.0119	0.0000	0.0033	0.0000	0.2451
0.0005	0.0000	0.0006	0.0000	0.0000	0.0001	0.0156	0.0061	0.0000	0.0318	0.0000	0.9452
0.0071	0.0000	0.0000	0.0314	0.0005	0.0010	0.0002	0.0001	0.0020	0.9461	0.0097	0.0019
0.0000	0.0000	0.0003	0.0000	0.0000	0.0000	0.9194	0.0247	0.0000	0.0001	0.0000	0.0555
0.0000	0.0000	0.0000	0.0000	0.0000	0.0000	0.0000	0.0000	0.0000	0.0003	0.0000	0.9997
0.0000	0.0000	1.0000	0.0000	0.0000	0.0000	0.0000	0.0000	0.0000	0.0000	0.0000	0.0000
0.0000	0.0000	1.0000	0.0000	0.0000	0.0000	0.0000	0.0000	0.0000	0.0000	0.0000	0.0000
0.0000	0.0000	0.0000	0.0000	0.0000	0.0000	0.0000	0.0000	0.0000	0.0000	0.0000	1.0000
0.0000	0.0000	0.0045	0.0000	0.0000	0.0000	0.0000	0.0000	0.0000	0.0000	0.0000	0.9955
0.0000	0.0001	0.9999	0.0000	0.0000	0.0000	0.0000	0.0000	0.0000	0.0000	0.0000	0.0000
0.0000	0.0000	0.0000	0.0000	0.0000	0.0000	0.0000	0.0000	0.0000	0.0000	0.0000	1.0000
0.0000	0.0000	1.0000	0.0000	0.0000	0.0000	0.0000	0.0000	0.0000	0.0000	0.0000	0.0000
0.0000	0.0000	1.0000	0.0000	0.0000	0.0000	0.0000	0.0000	0.0000	0.0000	0.0000	0.0000
0.0000	0.0000	0.0000	0.0000	0.0000	0.0000	0.0000	0.0000	0.0000	0.0000	0.0000	1.0000
0.0000	0.0000	0.0000	0.0000	0.0000	0.0000	0.0000	0.0000	0.0000	0.0000	0.0000	1.0000
0.0000	0.0000	1.0000	0.0000	0.0000	0.0000	0.0000	0.0000	0.0000	0.0000	0.0000	0.0000
0.0000	0.0000	1.0000	0.0000	0.0000	0.0000	0.0000	0.0000	0.0000	0.0000	0.0000	0.0000
0.0000	0.0000	0.0000	0.0000	0.0000	0.0000	0.0000	0.0000	0.0000	0.0000	0.0000	1.0000
0.0000	0.0000	1.0000	0.0000	0.0000	0.0000	0.0000	0.0000	0.0000	0.0000	0.0000	0.0000
0.0000	0.0000	1.0000	0.0000	0.0000	0.0000	0.0000	0.0000	0.0000	0.0000	0.0000	0.0000
0.0000	0.0000	0.0000	0.0000	0.0000	0.0000	0.0000	0.0000	0.0000	0.0000	0.0000	1.0000
0.0000	0.0000	0.9996	0.0000	0.0000	0.0000	0.0000	0.0000	0.0000	0.0000	0.0000	0.0004
0.0000	0.0001	0.9997	0.0000	0.0000	0.0000	0.0000	0.0000	0.0000	0.0000	0.0000	0.0001
0.0000	0.0000	0.9993	0.0000	0.0000	0.0000	0.0000	0.0000	0.0000	0.0000	0.0000	0.0006
0.0000	0.0000	1.0000	0.0000	0.0000	0.0000	0.0000	0.0000	0.0000	0.0000	0.0000	0.0000
0.0000	0.0000	1.0000	0.0000	0.0000	0.0000	0.0000	0.0000	0.0000	0.0000	0.0000	0.0000
0.0000	0.0000	0.0000	0.0000	0.0000	0.0000	0.0000	0.0000	0.0000	0.0000	0.0000	1.0000
0.0000	0.0000	1.0000	0.0000	0.0000	0.0000	0.0000	0.0000	0.0000	0.0000	0.0000	0.0000
0.0000	0.0000	0.0000	0.0000	0.0000	0.0000	0.0000	0.0000	1.0000	0.0000	0.0000	0.0000
0.0000	0.0000	0.0000	0.0000	0.0000	0.0000	0.0000	0.0000	1.0000	0.0000	0.0000	0.0000
0.0000	0.0000	0.0000	0.0000	0.0000	0.0000	0.9997	0.0000	0.0003	0.0000	0.0000	0.0000
0.0000	0.0000	0.0000	0.0000	0.0000	0.0000	0.0000	0.0000	1.0000	0.0000	0.0000	0.0000
0.0000	0.0000	0.0000	0.0000	0.0000	0.0000	0.0000	0.0000	1.0000	0.0000	0.0000	0.0000
0.0000	0.0000	0.0000	0.0000	0.0000	0.0000	0.0000	0.0000	1.0000	0.0000	0.0000	0.0000
0.0000	0.0000	0.0000	0.0000	0.0000	0.0000	0.0000	0.0000	1.0000	0.0000	0.0000	0.0000
0.0000	0.0000	0.0364	0.0000	0.0000	0.0000	0.9636	0.0000	0.0000	0.0000	0.0000	0.0000
0.0000	0.0000	0.0012	0.0000	0.0000	0.0000	0.9987	0.0000	0.0000	0.0000	0.0000	0.0000
0.0000	0.0000	0.0000	0.0000	0.0000	0.0000	0.0000	0.0000	1.0000	0.0000	0.0000	0.0000
0.0000	0.0004	0.9996	0.0000	0.0000	0.0000	0.0000	0.0000	0.0000	0.0000	0.0000	0.0000
0.0000	0.0000	0.0000	0.0000	0.0000	0.0000	1.0000	0.0000	0.0000	0.0000	0.0000	0.0000
0.0000	0.0000	0.0000	0.0000	0.0000	0.0000	0.0000	0.0000	1.0000	0.0000	0.0000	0.0000
0.0000	0.0000	0.0000	0.0000	0.0000	0.0000	0.0000	0.0000	1.0000	0.0000	0.0000	0.0000
0.0000	0.0000	0.0000	0.0000	0.0000	0.0000	0.0004	0.0000	0.9996	0.0000	0.0000	0.0000
0.0000	0.0000	0.0000	0.0000	0.0000	0.0000	0.0000	0.0000	1.0000	0.0000	0.0000	0.0000
0.0000	0.0000	0.0000	0.0000	0.0000	0.0000	0.0000	0.0000	1.0000	0.0000	0.0000	0.0000
0.0000	0.0006	0.9568	0.0000	0.0000	0.0003	0.0424	0.0000	0.0000	0.0000	0.0000	0.0000
0.0000	0.0000	0.0000	0.0000	0.0000	0.0000	0.0000	0.0000	1.0000	0.0000	0.0000	0.0000
0.0000	0.0000	0.0000	0.0000	0.0000	0.0000	1.0000	0.0000	0.0000	0.0000	0.0000	0.0000
0.0000	0.0000	0.0022	0.0000	0.0000	0.0000	0.9978	0.0000	0.0000	0.0000	0.0000	0.0000
0.0000	0.0000	0.0028	0.0000	0.0000	0.0000	0.9972	0.0000	0.0000	0.0000	0.0000	0.0000
0.0000	0.0000	0.0000	0.0000	0.0000	0.0000	1.0000	0.0000	0.0000	0.0000	0.0000	0.0000
0.0000	0.0000	0.0000	0.0000	0.0000	0.0000	1.0000	0.0000	0.0000	0.0000	0.0000	0.0000
0.0000	0.0000	0.0000	0.0000	0.0000	0.0000	1.0000	0.0000	0.0000	0.0000	0.0000	0.0000
0.0000	0.0000	0.0000	0.0000	0.0000	0.0000	0.0000	0.0000	1.0000	0.0000	0.0000	0.0000
0.0000	0.0000	0.0000	0.0000	0.0000	0.0000	0.0000	0.0000	1.0000	0.0000	0.0000	0.0000
0.0000	0.0035	0.9954	0.0000	0.0000	0.0011	0.0000	0.0000	0.0000	0.0000	0.0000	0.0000
0.0000	0.0000	0.0000	0.0000	0.0000	0.0000	1.0000	0.0000	0.0000	0.0000	0.0000	0.0000
