0.0207	0.0000	0.0000	0.0000	0.0000	0.0000	0.0000	0.0000	0.0000	0.0602	0.0002	0.9189
0.0504	0.0000	0.0000	0.0000	0.0000	0.0001	0.0000	0.0000	0.0005	0.2071	0.0000	0.7418
0.9945	0.0000	0.0000	0.0000	0.0003	0.0050	0.0000	0.0000	0.0000	0.0000	0.0001	0.0000
0.0000	0.0000	0.0000	0.0000	0.0000	0.0000	0.0038	0.0001	0.0000	0.0044	0.0000	0.9917
0.0000	0.0020	0.0170	0.0000	0.0000	0.0010	0.1345	0.8098	0.0000	0.0000	0.0000	0.0356
0.4173	0.0000	0.0000	0.0931	0.0003	0.0034	0.0000	0.0000	0.0000	0.2430	0.2428	0.0001
0.9328	0.0000	0.0000	0.0006	0.0112	0.0043	0.0000	0.0000	0.0000	0.0041	0.0470	0.0001
0.0000	0.8199	0.1297	0.0000	0.0000	0.0502	0.0002	0.0000	0.0000	0.0000	0.0000	0.0000
0.0000	0.7608	0.0279	0.0000	0.0000	0.2112	0.0000	0.0000	0.0000	0.0000	0.0000	0.0000
0.0000	0.0000	0.0000	0.0000	0.0000	0.0000	0.9967	0.0003	0.0000	0.0000	0.0000	0.0030
0.0000	0.0000	0.0000	0.0000	0.0000	0.0000	0.0000	0.0000	0.9999	0.0001	0.0000	0.0000
0.0000	0.0000	0.0000	0.0000	0.0000	0.0000	0.0000	0.0000	0.9995	0.0005	0.0000	0.0000
0.0001	0.0000	0.0000	0.0047	0.0000	0.0000	0.0000	0.0000	0.0000	0.9627	0.0314	0.0011
0.0000	0.0000	0.0000	0.0011	0.9988	0.0000	0.0000	0.0000	0.0000	0.0000	0.0001	0.0000
0.0000	0.9947	0.0041	0.0000	0.0000	0.0000	0.0000	0.0012	0.0000	0.0000	0.0000	0.0000
0.0004	0.0002	0.0004	0.0000	0.0001	0.9988	0.0000	0.0000	0.0000	0.0000	0.0000	0.0000
0.0006	0.0000	0.0000	0.0001	0.0000	0.0004	0.0119	0.9866	0.0000	0.0003	0.0000	0.0001
0.9911	0.0000	0.0000	0.0000	0.0000	0.0000	0.0000	0.0000	0.0000	0.0002	0.0087	0.0000
0.9500	0.0000	0.0000	0.0000	0.0000	0.0000	0.0000	0.0000	0.0000	0.0002	0.0497	0.0000
0.0000	0.0000	0.0000	0.0000	0.0000	0.0000	0.0105	0.0000	0.0000	0.0011	0.0000	0.9884
0.0001	0.0091	0.0088	0.0000	0.0000	0.0247	0.5313	0.4256	0.0000	0.0000	0.0000	0.0004
0.0000	0.0000	0.0000	0.0000	0.0000	0.0000	0.0002	0.9996	0.0000	0.0000	0.0000	0.0002
0.0000	0.0000	0.0000	0.0002	0.0000	0.0000	0.0000	0.0000	0.0000	0.9904	0.0087	0.0006
0.9596	0.0000	0.0000	0.0004	0.0003	0.0364	0.0000	0.0000	0.0000	0.0007	0.0025	0.0000
0.0002	0.0000	0.0000	0.0001	0.0000	0.0041	0.0505	0.0008	0.0001	0.2631	0.0000	0.6810
0.0000	0.0000	0.0008	0.0000	0.0000	0.0000	0.9696	0.0173	0.0000	0.0000	0.0000	0.0122
0.0000	0.0000	0.0000	0.0005	0.0000	0.0000	0.0000	0.0000	0.0000	0.9994	0.0000	0.0001
0.0001	0.0000	0.0000	0.0000	0.0000	0.0000	0.0000	0.0000	0.0000	0.0000	0.9999	0.0000
0.0000	0.0000	0.0000	0.0000	0.0000	0.0000	0.0234	0.0000	0.0000	0.0348	0.0000	0.9419
0.0000	0.0000	0.0000	0.0000	0.0000	0.0000	0.0000	0.0000	0.9999	0.0001	0.0000	0.0000
0.0000	0.0000	0.0000	0.9913	0.0004	0.0000	0.0000	0.0000	0.0000	0.0000	0.0083	0.0000
0.0000	0.0000	0.0003	0.0000	0.0000	0.0000	0.2756	0.7237	0.0000	0.0000	0.0000	0.0003
0.0000	0.0000	0.0000	0.0000	0.0000	0.0000	0.0000	0.0000	0.0000	0.9995	0.0000	0.0005
0.0002	0.0000	0.0000	0.0441	0.0003	0.0000	0.0000	0.0000	0.0000	0.0001	0.9554	0.0000
0.0000	0.9498	0.0492	0.0000	0.0000	0.0009	0.0001	0.0000	0.0000	0.0000	0.0000	0.0000
1.0000	0.0000	0.0000	0.0000	0.0000	0.0000	0.0000	0.0000	0.0000	0.0000	0.0000	0.0000
0.0006	0.0000	0.0000	0.0021	0.0000	0.0006	0.0000	0.0000	0.0000	0.9646	0.0014	0.0307
0.0000	0.8503	0.0833	0.0000	0.0000	0.0654	0.0008	0.0002	0.0000	0.0000	0.0000	0.0000
0.0000	0.0000	0.0000	0.0000	0.0000	0.0000	0.0000	0.0000	0.0000	0.0000	1.0000	0.0000
0.0000	0.0000	0.0000	0.0000	0.0000	0.0000	0.0000	0.0000	0.9954	0.0046	0.0000	0.0000
0.0037	0.0143	0.0011	0.0005	0.0002	0.0903	0.0013	0.8871	0.0000	0.0001	0.0000	0.0013
0.0002	0.0000	0.0000	0.0000	0.0000	0.0000	0.0076	0.2905	0.0000	0.0293	0.0000	0.6722
0.0076	0.0012	0.0029	0.0000	0.0008	0.9739	0.0000	0.0011	0.0000	0.0000	0.0000	0.0123
0.0005	0.0000	0.0000	0.0000	0.0000	0.0001	0.0002	0.0000	0.0000	0.0044	0.0000	0.9949
0.0000	0.0000	0.0000	0.0000	0.0000	0.0000	0.1437	0.0007	0.0000	0.0030	0.0000	0.8525
0.0000	0.0000	0.0000	0.0000	0.0000	0.0000	0.0019	0.9978	0.0000	0.0001	0.0000	0.0002
0.0016	0.0000	0.0000	0.0299	0.0000	0.0002	0.0000	0.0001	0.0000	0.9149	0.0514	0.0018
0.0000	0.0000	0.0000	0.0001	0.9998	0.0000	0.0000	0.0000	0.0000	0.0000	0.0002	0.0000
0.0000	0.1351	0.0069	0.0000	0.0000	0.8580	0.0000	0.0000	0.0000	0.0000	0.0000	0.0000
0.0000	0.5710	0.3191	0.0000	0.0000	0.1095	0.0003	0.0000	0.0000	0.0000	0.0000	0.0000
0.0028	0.0000	0.0000	0.0009	0.0000	0.0000	0.0476	0.1453	0.0001	0.8026	0.0002	0.0005
0.0000	0.0000	0.0000	0.0000	0.0000	0.0000	0.0024	0.0000	0.0000	0.0013	0.0000	0.9964
0.5168	0.0000	0.0255	0.0000	0.0000	0.0001	0.4003	0.0474	0.0001	0.0036	0.0000	0.0061
0.0000	0.5075	0.4389	0.0000	0.0000	0.0526	0.0008	0.0002	0.0000	0.0000	0.0000	0.0000
0.0001	0.4169	0.1024	0.0000	0.0001	0.4803	0.0002	0.0000	0.0000	0.0000	0.0000	0.0000
0.1915	0.0000	0.0015	0.0001	0.0001	0.0023	0.0055	0.7926	0.0000	0.0031	0.0007	0.0025
0.0000	0.5726	0.0295	0.0000	0.0000	0.0224	0.0260	0.3492	0.0000	0.0000	0.0000	0.0003
0.0000	0.0000	0.0000	0.0000	0.0000	0.0000	0.0000	0.0000	0.0000	0.9988	0.0012	0.0001
0.0000	0.0000	0.0000	0.0000	0.0000	0.0000	0.0000	0.0000	0.0004	0.9969	0.0000	0.0027
0.0000	0.9729	0.0243	0.0000	0.0000	0.0026	0.0000	0.0001	0.0000	0.0000	0.0000	0.0000
0.0005	0.0000	0.0000	0.0003	0.0000	0.9991	0.0000	0.0000	0.0000	0.0001	0.0000	0.0000
0.9991	0.0000	0.0000	0.0000	0.0000	0.0008	0.0000	0.0000	0.0000	0.0001	0.0000	0.0000
0.0003	0.0000	0.0002	0.0005	0.0000	0.0059	0.1828	0.1122	0.0000	0.0532	0.0000	0.6447
0.0000	0.0000	0.0000	0.0000	0.0000	0.0000	0.2925	0.0000	0.7066	0.0009	0.0000	0.0000
0.0000	0.0003	0.0001	0.0000	0.0000	0.0000	0.0000	0.9895	0.0000	0.0000	0.0000	0.0100
0.0000	0.0000	0.0000	0.0000	0.0000	0.0000	0.0033	0.0000	0.3169	0.6753	0.0000	0.0044
0.0000	0.7909	0.2008	0.0000	0.0000	0.0012	0.0012	0.0058	0.0000	0.0000	0.0000	0.0000
0.2822	0.0000	0.0000	0.0000	0.0002	0.7175	0.0000	0.0000	0.0000	0.0001	0.0000	0.0001
0.9998	0.0000	0.0000	0.0000	0.0000	0.0000	0.0000	0.0000	0.0001	0.0000	0.0001	0.0000
0.0045	0.0000	0.0000	0.0000	0.0000	0.0000	0.0000	0.0000	0.8185	0.1769	0.0000	0.0001
0.0000	0.0000	0.0000	0.9944	0.0000	0.0000	0.0000	0.0000	0.0000	0.0001	0.0054	0.0000
0.0086	0.0000	0.0000	0.0000	0.0000	0.0001	0.0000	0.0064	0.0000	0.0339	0.0199	0.9311
0.0012	0.0000	0.0000	0.0000	0.0000	0.0000	0.0000	0.0000	0.0000	0.9322	0.0037	0.0629
0.0000	0.0000	0.0000	0.0000	0.0000	0.0000	0.0017	0.0270	0.0000	0.2769	0.0000	0.6944
0.1741	0.0000	0.0000	0.0029	0.0000	0.0003	0.0000	0.0000	0.0000	0.8099	0.0126	0.0001
1.0000	0.0000	0.0000	0.0000	0.0000	0.0000	0.0000	0.0000	0.0000	0.0000	0.0000	0.0000
0.0000	0.0000	0.0000	0.0000	0.0000	0.0002	0.7536	0.0000	0.0012	0.0961	0.0000	0.1487
0.0024	0.0000	0.0000	0.0000	0.0000	0.0043	0.0016	0.0000	0.0002	0.2041	0.0000	0.7873
0.0038	0.0000	0.0000	0.2426	0.0000	0.0062	0.0000	0.0000	0.0000	0.7411	0.0059	0.0003
0.0000	0.0000	0.0000	0.0000	0.0000	0.0000	0.9974	0.0000	0.0000	0.0000	0.0000	0.0025
0.0000	0.0000	0.0000	0.0000	0.0000	0.0000	0.0000	0.0000	0.0000	0.0000	0.0000	1.0000
0.0000	0.0000	1.0000	0.0000	0.0000	0.0000	0.0000	0.0000	0.0000	0.0000	0.0000	0.0000
0.0000	0.0000	1.0000	0.0000	0.0000	0.0000	0.0000	0.0000	0.0000	0.0000	0.0000	0.0000
0.0000	0.0000	0.0000	0.0000	0.0000	0.0000	0.0000	0.0000	0.0000	0.0000	0.0000	1.0000
0.0000	0.0000	0.0003	0.0000	0.0000	0.0000	0.0000	0.0000	0.0000	0.0000	0.0000	0.9997
0.0000	0.0000	1.0000	0.0000	0.0000	0.0000	0.0000	0.0000	0.0000	0.0000	0.0000	0.0000
0.0000	0.0000	0.0000	0.0000	0.0000	0.0000	0.0000	0.0000	0.0000	0.0000	0.0000	1.0000
0.0000	0.0000	1.0000	0.0000	0.0000	0.0000	0.0000	0.0000	0.0000	0.0000	0.0000	0.0000
0.0000	0.0000	1.0000	0.0000	0.0000	0.0000	0.0000	0.0000	0.0000	0.0000	0.0000	0.0000
0.0000	0.0000	0.0000	0.0000	0.0000	0.0000	0.0000	0.0000	0.0000	0.0000	0.0000	1.0000
0.0000	0.0000	0.0000	0.0000	0.0000	0.0000	0.0000	0.0000	0.0000	0.0000	0.0000	1.0000
0.0000	0.0000	1.0000	0.0000	0.0000	0.0000	0.0000	0.0000	0.0000	0.0000	0.0000	0.0000
0.0000	0.0000	1.0000	0.0000	0.0000	0.0000	0.0000	0.0000	0.0000	0.0000	0.0000	0.0000
0.0000	0.0000	0.0000	0.0000	0.0000	0.0000	0.0000	0.0000	0.0000	0.0000	0.0000	1.0000
0.0000	0.0000	1.0000	0.0000	0.0000	0.0000	0.0000	0.0000	0.0000	0.0000	0.0000	0.0000
0.0000	0.0000	1.0000	0.0000	0.0000	0.0000	0.0000	0.0000	0.0000	0.0000	0.0000	0.0000
0.0000	0.0000	0.0000	0.0000	0.0000	0.0000	0.0000	0.0000	0.0000	0.0000	0.0000	1.0000
0.0000	0.0000	0.9980	0.0000	0.0000	0.0000	0.0000	0.0000	0.0000	0.0000	0.0000	0.0020
0.0000	0.0000	0.9998	0.0000	0.0000	0.0000	0.0000	0.0000	0.0000	0.0000	0.0000	0.0002
0.0000	0.0000	0.9864	0.0000	0.0000	0.0000	0.0000	0.0000	0.0000	0.0000	0.0000	0.0136
0.0000	0.0000	1.0000	0.0000	0.0000	0.0000	0.0000	0.0000	0.0000	0.0000	0.0000	0.0000
0.0000	0.0000	1.0000	0.0000	0.0000	0.0000	0.0000	0.0000	0.0000	0.0000	0.0000	0.0000
0.0000	0.0000	0.0000	0.0000	0.0000	0.0000	0.0000	0.0000	0.0000	0.0000	0.0000	1.0000
0.0000	0.0000	1.0000	0.0000	0.0000	0.0000	0.0000	0.0000	0.0000	0.0000	0.0000	0.0000
0.0000	0.0000	0.0000	0.0000	0.0000	0.0000	0.0000	0.0000	1.0000	0.0000	0.0000	0.0000
0.0000	0.0000	0.0000	0.0000	0.0000	0.0000	0.0000	0.0000	1.0000	0.0000	0.0000	0.0000
0.0000	0.0000	0.0000	0.0000	0.0000	0.0000	0.9767	0.0000	0.0233	0.0000	0.0000	0.0000
0.0000	0.0000	0.0000	0.0000	0.0000	0.0000	0.0001	0.0000	0.9999	0.0000	0.0000	0.0000
0.0000	0.0000	0.0000	0.0000	0.0000	0.0000	0.0000	0.0000	1.0000	0.0000	0.0000	0.0000
0.0000	0.0000	0.0000	0.0000	0.0000	0.0000	0.0000	0.0000	1.0000	0.0000	0.0000	0.0000
0.0000	0.0000	0.0000	0.0000	0.0000	0.0000	0.0000	0.0000	1.0000	0.0000	0.0000	0.0000
0.0000	0.0000	0.0592	0.0000	0.0000	0.0000	0.9408	0.0000	0.0000	0.0000	0.0000	0.0000
0.0000	0.0000	0.0005	0.0000	0.0000	0.0000	0.9995	0.0000	0.0000	0.0000	0.0000	0.0000
0.0000	0.0000	0.0000	0.0000	0.0000	0.0000	0.0000	0.0000	1.0000	0.0000	0.0000	0.0000
0.0000	0.0000	1.0000	0.0000	0.0000	0.0000	0.0000	0.0000	0.0000	0.0000	0.0000	0.0000
0.0000	0.0000	0.0000	0.0000	0.0000	0.0000	1.0000	0.0000	0.0000	0.0000	0.0000	0.0000
0.0000	0.0000	0.0000	0.0000	0.0000	0.0000	0.0000	0.0000	1.0000	0.0000	0.0000	0.0000
0.0000	0.0000	0.0000	0.0000	0.0000	0.0000	0.0000	0.0000	1.0000	0.0000	0.0000	0.0000
0.0000	0.0000	0.0000	0.0000	0.0000	0.0000	0.0021	0.0000	0.9979	0.0000	0.0000	0.0000
0.0000	0.0000	0.0000	0.0000	0.0000	0.0000	0.0000	0.0000	1.0000	0.0000	0.0000	0.0000
0.0000	0.0000	0.0000	0.0000	0.0000	0.0000	0.0000	0.0000	1.0000	0.0000	0.0000	0.0000
0.0000	0.0000	0.9427	0.0000	0.0000	0.0000	0.0572	0.0000	0.0000	0.0000	0.0000	0.0000
0.0000	0.0000	0.0000	0.0000	0.0000	0.0000	0.0000	0.0000	1.0000	0.0000	0.0000	0.0000
0.0000	0.0000	0.0003	0.0000	0.0000	0.0000	0.9997	0.0000	0.0000	0.0000	0.0000	0.0000
0.0000	0.0000	0.0005	0.0000	0.0000	0.0000	0.9995	0.0000	0.0000	0.0000	0.0000	0.0000
0.0000	0.0000	0.0093	0.0000	0.0000	0.0000	0.9907	0.0000	0.0000	0.0000	0.0000	0.0000
0.0000	0.0000	0.0000	0.0000	0.0000	0.0000	1.0000	0.0000	0.0000	0.0000	0.0000	0.0000
0.0000	0.0000	0.0000	0.0000	0.0000	0.0000	1.0000	0.0000	0.0000	0.0000	0.0000	0.0000
0.0000	0.0000	0.0000	0.0000	0.0000	0.0000	1.0000	0.0000	0.0000	0.0000	0.0000	0.0000
0.0000	0.0000	0.0000	0.0000	0.0000	0.0000	0.0000	0.0000	1.0000	0.0000	0.0000	0.0000
0.0000	0.0000	0.0000	0.0000	0.0000	0.0000	0.0000	0.0000	1.0000	0.0000	0.0000	0.0000
0.0000	0.0000	1.0000	0.0000	0.0000	0.0000	0.0000	0.0000	0.0000	0.0000	0.0000	0.0000
0.0000	0.0000	0.0000	0.0000	0.0000	0.0000	1.0000	0.0000	0.0000	0.0000	0.0000	0.0000
