0.2528	0.0000	0.0001	0.0008	0.0000	0.0000	0.0160	0.0096	0.0542	0.5717	0.0654	0.0293
0.0000	0.0000	0.0000	0.0000	0.0000	0.0000	0.0000	0.0000	0.9112	0.0888	0.0000	0.0000
0.0005	0.5355	0.0768	0.0000	0.0000	0.1250	0.0038	0.2582	0.0000	0.0000	0.0000	0.0002
0.0000	0.0000	0.0008	0.0000	0.0000	0.0000	0.0327	0.0350	0.0001	0.0037	0.0001	0.9275
0.4558	0.0000	0.0000	0.0000	0.0000	0.0000	0.0005	0.0000	0.5436	0.0000	0.0000	0.0000
0.0001	0.0011	0.0045	0.0000	0.0000	0.0002	0.0186	0.9639	0.0000	0.0000	0.0000	0.0116
0.0000	0.0000	0.0000	0.0000	0.0000	0.0000	1.0000	0.0000	0.0000	0.0000	0.0000	0.0000
0.4201	0.0000	0.0000	0.0009	0.0000	0.0000	0.0029	0.0118	0.0075	0.0334	0.5228	0.0004
0.0000	0.2414	0.0050	0.0000	0.0000	0.7534	0.0000	0.0001	0.0000	0.0000	0.0000	0.0000
0.0000	0.0000	0.0016	0.0000	0.0000	0.0000	0.5433	0.0523	0.0000	0.0000	0.0000	0.4027
0.0000	0.0002	0.0767	0.0000	0.0000	0.0000	0.4166	0.0874	0.0000	0.0000	0.0000	0.4191
0.0000	0.0000	0.0000	0.0000	0.0000	0.0000	0.0000	0.0000	1.0000	0.0000	0.0000	0.0000
0.0000	0.0000	0.0000	0.0000	1.0000	0.0000	0.0000	0.0000	0.0000	0.0000	0.0000	0.0000
0.0000	0.0003	0.9994	0.0000	0.0000	0.0000	0.0002	0.0000	0.0000	0.0000	0.0000	0.0001
0.9761	0.0000	0.0000	0.0001	0.0000	0.0000	0.0000	0.0000	0.0023	0.0009	0.0206	0.0000
0.0389	0.0000	0.0000	0.0000	0.0000	0.0000	0.0000	0.0000	0.9610	0.0000	0.0000	0.0000
0.0166	0.0000	0.0000	0.0000	0.0000	0.0000	0.0000	0.0000	0.9834	0.0000	0.0000	0.0000
0.0000	0.0000	0.0000	0.0000	0.0001	0.0000	0.0000	0.0000	0.0000	0.8403	0.0001	0.1594
0.0006	0.0000	0.0005	0.0000	0.0000	0.0000	0.1222	0.8650	0.0000	0.0001	0.0001	0.0115
0.9238	0.0000	0.0000	0.0012	0.0000	0.0657	0.0000	0.0000	0.0006	0.0017	0.0069	0.0000
0.0046	0.0000	0.0011	0.0009	0.0001	0.0001	0.4878	0.1232	0.0051	0.0291	0.0090	0.3390
0.7164	0.0000	0.0000	0.0835	0.0001	0.0058	0.0000	0.0000	0.0076	0.0943	0.0923	0.0000
0.0000	0.0000	0.0000	0.0000	0.0000	0.0000	0.0014	0.9967	0.0000	0.0000	0.0000	0.0019
0.0006	0.0000	0.0000	0.0012	0.0000	0.0000	0.0000	0.0000	0.0031	0.9874	0.0049	0.0028
0.7298	0.0000	0.0000	0.0031	0.0000	0.0007	0.0000	0.0000	0.1644	0.0958	0.0061	0.0000
0.0000	0.0000	0.0000	0.0000	0.0000	0.0000	0.0000	0.0000	0.0000	0.0000	1.0000	0.0000
0.0001	0.8607	0.0598	0.0001	0.0048	0.0691	0.0002	0.0045	0.0000	0.0000	0.0000	0.0005
0.0001	0.0543	0.0073	0.0000	0.0000	0.9382	0.0000	0.0001	0.0000	0.0000	0.0000	0.0000
0.5766	0.0000	0.0000	0.0000	0.0000	0.4233	0.0000	0.0000	0.0000	0.0000	0.0000	0.0000
0.0000	0.0000	0.0000	0.0000	0.0000	0.0000	0.1614	0.8313	0.0000	0.0000	0.0000	0.0073
0.9996	0.0000	0.0000	0.0000	0.0000	0.0000	0.0000	0.0000	0.0003	0.0000	0.0000	0.0000
0.9999	0.0000	0.0000	0.0000	0.0000	0.0000	0.0000	0.0000	0.0001	0.0000	0.0000	0.0000
0.0163	0.0000	0.0000	0.0000	0.0000	0.0000	0.0000	0.0000	0.9833	0.0003	0.0000	0.0000
0.6484	0.0000	0.0000	0.0000	0.0000	0.0000	0.0000	0.0000	0.3419	0.0073	0.0025	0.0000
0.0000	0.8617	0.0239	0.0000	0.0000	0.1139	0.0000	0.0004	0.0000	0.0000	0.0000	0.0000
0.0000	0.9508	0.0158	0.0000	0.0000	0.0331	0.0000	0.0003	0.0000	0.0000	0.0000	0.0000
0.0004	0.7424	0.0350	0.0001	0.0010	0.0857	0.0007	0.1340	0.0000	0.0000	0.0000	0.0006
0.9996	0.0000	0.0000	0.0000	0.0000	0.0000	0.0000	0.0000	0.0001	0.0001	0.0002	0.0000
0.9998	0.0000	0.0000	0.0000	0.0000	0.0000	0.0000	0.0000	0.0000	0.0000	0.0001	0.0000
0.0270	0.0656	0.0246	0.0154	0.0254	0.0806	0.0199	0.6997	0.0002	0.0123	0.0088	0.0204
0.0080	0.0000	0.0002	0.0080	0.0017	0.0002	0.0050	0.0064	0.0037	0.9037	0.0282	0.0350
0.0000	0.7754	0.0344	0.0000	0.0001	0.1893	0.0001	0.0006	0.0000	0.0000	0.0000	0.0000
0.0000	0.0000	0.0000	0.0000	0.0000	0.0000	0.0000	0.9999	0.0000	0.0000	0.0000	0.0000
0.0192	0.0051	0.0322	0.0026	0.0004	0.0410	0.7111	0.1652	0.0020	0.0017	0.0035	0.0161
0.0000	0.0000	0.0000	0.0000	0.0000	0.0000	0.0000	0.0000	0.0000	0.0000	1.0000	0.0000
0.0013	0.5283	0.1826	0.0002	0.0014	0.0785	0.0210	0.1816	0.0000	0.0001	0.0001	0.0049
0.0055	0.5295	0.1091	0.0058	0.0393	0.2063	0.0077	0.0817	0.0001	0.0018	0.0012	0.0122
0.9980	0.0000	0.0000	0.0000	0.0000	0.0000	0.0000	0.0000	0.0009	0.0002	0.0009	0.0000
0.0004	0.0000	0.0000	0.0000	0.0000	0.0000	0.9771	0.0192	0.0001	0.0000	0.0000	0.0031
0.0000	0.0000	0.0000	0.0000	0.0000	0.0000	0.0000	0.0000	0.9965	0.0035	0.0000	0.0000
0.0038	0.3489	0.0457	0.0002	0.0006	0.1824	0.0050	0.4123	0.0000	0.0001	0.0001	0.0009
0.0001	0.0000	0.0000	0.0000	0.0000	0.0000	0.9299	0.0647	0.0001	0.0000	0.0000	0.0052
0.0846	0.0000	0.0002	0.0037	0.0009	0.0007	0.0021	0.0102	0.0093	0.8339	0.0438	0.0105
0.0000	0.0000	0.0000	0.0000	0.0000	0.0000	0.0000	0.0000	0.0000	0.0000	1.0000	0.0000
0.0192	0.0454	0.0086	0.0004	0.0007	0.8526	0.0012	0.0712	0.0000	0.0002	0.0003	0.0001
0.0421	0.0600	0.0121	0.0009	0.0015	0.7786	0.0013	0.1023	0.0000	0.0004	0.0006	0.0002
0.0478	0.0000	0.0000	0.0000	0.0000	0.0000	0.0008	0.0000	0.9513	0.0001	0.0000	0.0000
0.0000	0.8608	0.0307	0.0000	0.0000	0.1081	0.0000	0.0003	0.0000	0.0000	0.0000	0.0000
0.0001	0.0000	0.0008	0.0000	0.0000	0.0000	0.0843	0.9141	0.0000	0.0000	0.0000	0.0007
0.0000	0.0000	0.0000	0.0000	0.9862	0.0000	0.0000	0.0000	0.0000	0.0138	0.0000	0.0000
0.0000	0.0773	0.0023	0.0000	0.0000	0.9203	0.0000	0.0000	0.0000	0.0000	0.0000	0.0000
0.0002	0.0000	0.0000	0.0000	0.0000	0.0000	0.0789	0.9209	0.0000	0.0000	0.0000	0.0001
0.0000	0.0001	0.0002	0.0000	0.0000	0.0000	0.0007	0.9975	0.0000	0.0001	0.0000	0.0014
0.0000	0.0001	0.9999	0.0000	0.0000	0.0000	0.0000	0.0000	0.0000	0.0000	0.0000	0.0000
0.0000	0.0000	0.0000	0.0000	0.0000	0.0000	0.0001	0.0000	0.0000	0.0000	0.0000	0.9999
0.0002	0.5769	0.2709	0.0000	0.0004	0.0541	0.0101	0.0848	0.0000	0.0000	0.0000	0.0027
0.0000	0.0000	0.0000	0.0000	0.0000	0.0000	0.0000	0.0000	0.0000	0.9999	0.0001	0.0001
0.0006	0.0027	0.0005	0.0001	0.0001	0.9958	0.0000	0.0002	0.0000	0.0000	0.0000	0.0000
0.0005	0.0143	0.1038	0.0001	0.0007	0.0010	0.0808	0.6534	0.0000	0.0003	0.0001	0.1448
0.0061	0.0005	0.0064	0.0040	0.0018	0.0008	0.1841	0.5184	0.0010	0.0195	0.0083	0.2491
0.0000	0.0000	0.0000	0.0000	0.0000	0.0000	0.0000	0.0000	0.9970	0.0030	0.0000	0.0000
0.0224	0.0005	0.0006	0.0131	0.0206	0.0009	0.0005	0.8760	0.0000	0.0433	0.0142	0.0078
0.0145	0.0000	0.0000	0.0002	0.0000	0.0000	0.0008	0.0000	0.2931	0.6871	0.0029	0.0014
0.0791	0.0000	0.0033	0.0104	0.0015	0.0015	0.1135	0.0372	0.0519	0.4169	0.0426	0.2420
0.0405	0.0000	0.0000	0.0000	0.0000	0.0000	0.5283	0.0383	0.0186	0.0205	0.3398	0.0140
0.0201	0.0000	0.0000	0.0000	0.0000	0.0000	0.0000	0.0000	0.9785	0.0013	0.0000	0.0000
0.0001	0.0000	0.0003	0.0000	0.0000	0.0000	0.0315	0.9679	0.0000	0.0000	0.0000	0.0002
0.0000	0.0000	0.0000	0.0000	0.0000	0.0000	0.0000	0.0000	0.0000	0.9998	0.0002	0.0000
0.0004	0.0000	0.0000	0.0003	0.0000	0.0000	0.0000	0.0000	0.0000	0.4833	0.5160	0.0000
0.0000	0.2994	0.6868	0.0000	0.0000	0.0106	0.0021	0.0010	0.0000	0.0000	0.0000	0.0000
0.8599	0.0000	0.0000	0.0000	0.0000	0.1389	0.0001	0.0001	0.0007	0.0003	0.0000	0.0000
0.0005	0.0031	0.7807	0.0000	0.0000	0.0088	0.1988	0.0080	0.0000	0.0000	0.0000	0.0002
0.0006	0.0000	0.0000	0.0000	0.0000	0.0000	0.0184	0.9810	0.0000	0.0000	0.0000	0.0000
0.5945	0.0000	0.0000	0.0089	0.0000	0.0000	0.0000	0.0000	0.0175	0.2634	0.1156	0.0000
0.0115	0.0000	0.0021	0.0004	0.0000	0.0003	0.7833	0.0500	0.0128	0.0216	0.0029	0.1150
0.0464	0.0000	0.0000	0.2042	0.0040	0.0031	0.0002	0.0004	0.0027	0.3511	0.3871	0.0007
0.0000	0.0000	0.0000	0.0000	0.0000	0.0000	0.0000	0.0000	0.0000	0.9989	0.0003	0.0007
0.0000	0.0000	0.0000	0.0000	0.0000	0.0000	0.0000	0.0000	0.0000	0.0000	0.0000	1.0000
0.0000	0.0000	0.0000	0.0000	0.0000	0.0000	0.0000	0.0000	0.0000	0.0000	0.0000	1.0000
0.0000	0.0000	1.0000	0.0000	0.0000	0.0000	0.0000	0.0000	0.0000	0.0000	0.0000	0.0000
0.0000	0.0000	1.0000	0.0000	0.0000	0.0000	0.0000	0.0000	0.0000	0.0000	0.0000	0.0000
0.0000	0.0000	1.0000	0.0000	0.0000	0.0000	0.0000	0.0000	0.0000	0.0000	0.0000	0.0000
0.0000	0.0000	0.0000	0.0000	0.0000	0.0000	0.0000	0.0000	0.0000	0.0000	0.0000	1.0000
0.0000	0.0000	0.9982	0.0000	0.0000	0.0000	0.0000	0.0000	0.0000	0.0000	0.0000	0.0018
0.0000	0.0000	1.0000	0.0000	0.0000	0.0000	0.0000	0.0000	0.0000	0.0000	0.0000	0.0000
0.0000	0.0000	0.0000	0.0000	0.0000	0.0000	0.0000	0.0000	0.0000	0.0000	0.0000	1.0000
0.0000	0.0000	0.0000	0.0000	0.0000	0.0000	0.0000	0.0000	0.0000	0.0000	0.0000	1.0000
0.0000	0.0000	1.0000	0.0000	0.0000	0.0000	0.0000	0.0000	0.0000	0.0000	0.0000	0.0000
0.0000	0.0000	0.0000	0.0000	0.0000	0.0000	0.0000	0.0000	0.0000	0.0000	0.0000	1.0000
0.0000	0.0000	1.0000	0.0000	0.0000	0.0000	0.0000	0.0000	0.0000	0.0000	0.0000	0.0000
0.0000	0.0000	0.0000	0.0000	0.0000	0.0000	0.0000	0.0000	0.0000	0.0000	0.0000	1.0000
0.0000	0.0000	0.0000	0.0000	0.0000	0.0000	0.0000	0.0000	0.0000	0.0000	0.0000	1.0000
0.0000	0.0000	1.0000	0.0000	0.0000	0.0000	0.0000	0.0000	0.0000	0.0000	0.0000	0.0000
0.0000	0.0000	1.0000	0.0000	0.0000	0.0000	0.0000	0.0000	0.0000	0.0000	0.0000	0.0000
0.0000	0.0000	1.0000	0.0000	0.0000	0.0000	0.0000	0.0000	0.0000	0.0000	0.0000	0.0000
0.0000	0.0000	0.0000	0.0000	0.0000	0.0000	0.0000	0.0000	0.0000	0.0000	0.0000	1.0000
0.0000	0.0000	0.0000	0.0000	0.0000	0.0000	0.0000	0.0000	0.0000	0.0000	0.0000	1.0000
0.0000	0.0000	0.9999	0.0000	0.0000	0.0000	0.0000	0.0000	0.0000	0.0000	0.0000	0.0001
0.0000	0.0000	1.0000	0.0000	0.0000	0.0000	0.0000	0.0000	0.0000	0.0000	0.0000	0.0000
0.0000	0.0000	1.0000	0.0000	0.0000	0.0000	0.0000	0.0000	0.0000	0.0000	0.0000	0.0000
0.0000	0.0000	0.0000	0.0000	0.0000	0.0000	0.9993	0.0000	0.0007	0.0000	0.0000	0.0000
0.0000	0.0000	0.0000	0.0000	0.0000	0.0000	0.0000	0.0000	1.0000	0.0000	0.0000	0.0000
0.0000	0.0000	0.0000	0.0000	0.0000	0.0000	0.9999	0.0000	0.0000	0.0000	0.0000	0.0000
0.0000	0.0000	0.0000	0.0000	0.0000	0.0000	0.0000	0.0000	1.0000	0.0000	0.0000	0.0000
0.0000	0.0000	0.0000	0.0000	0.0000	0.0000	1.0000	0.0000	0.0000	0.0000	0.0000	0.0000
0.0000	0.0000	0.0000	0.0000	0.0000	0.0000	0.0000	0.0000	1.0000	0.0000	0.0000	0.0000
0.0000	0.0000	0.0000	0.0000	0.0000	0.0000	1.0000	0.0000	0.0000	0.0000	0.0000	0.0000
0.0000	0.0000	0.0000	0.0000	0.0000	0.0000	0.0000	0.0000	1.0000	0.0000	0.0000	0.0000
0.0000	0.0000	0.9997	0.0000	0.0000	0.0000	0.0003	0.0000	0.0000	0.0000	0.0000	0.0000
0.0000	0.0001	0.9989	0.0000	0.0000	0.0000	0.0011	0.0000	0.0000	0.0000	0.0000	0.0000
0.0000	0.0000	0.0000	0.0000	0.0000	0.0000	1.0000	0.0000	0.0000	0.0000	0.0000	0.0000
0.0000	0.0000	0.0000	0.0000	0.0000	0.0000	0.0000	0.0000	1.0000	0.0000	0.0000	0.0000
0.0000	0.0000	0.0000	0.0000	0.0000	0.0000	0.9999	0.0000	0.0000	0.0000	0.0000	0.0000
0.0000	0.0000	0.0000	0.0000	0.0000	0.0000	0.0000	0.0000	1.0000	0.0000	0.0000	0.0000
0.0000	0.0000	0.0000	0.0000	0.0000	0.0000	0.0000	0.0000	1.0000	0.0000	0.0000	0.0000
0.0000	0.0000	0.0000	0.0000	0.0000	0.0000	1.0000	0.0000	0.0000	0.0000	0.0000	0.0000
0.0000	0.0000	0.0000	0.0000	0.0000	0.0000	0.0000	0.0000	1.0000	0.0000	0.0000	0.0000
0.0000	0.0000	0.0000	0.0000	0.0000	0.0000	0.0000	0.0000	1.0000	0.0000	0.0000	0.0000
0.0000	0.0001	0.9998	0.0000	0.0000	0.0000	0.0001	0.0000	0.0000	0.0000	0.0000	0.0000
0.0000	0.0000	0.0000	0.0000	0.0000	0.0000	1.0000	0.0000	0.0000	0.0000	0.0000	0.0000
0.0000	0.0000	0.0000	0.0000	0.0000	0.0000	0.0000	0.0000	1.0000	0.0000	0.0000	0.0000
0.0000	0.0000	0.0000	0.0000	0.0000	0.0000	1.0000	0.0000	0.0000	0.0000	0.0000	0.0000
0.0000	0.0000	0.0000	0.0000	0.0000	0.0000	1.0000	0.0000	0.0000	0.0000	0.0000	0.0000
