0.0127	0.0000	0.0003	0.0000	0.0000	0.0000	0.0577	0.0018	0.0072	0.1101	0.0001	0.8101
0.0000	0.0000	0.0000	0.0000	0.0000	0.0000	0.0000	0.0000	0.0675	0.1171	0.0000	0.8154
0.0000	0.0288	0.2088	0.0000	0.0000	0.0356	0.0145	0.7103	0.0000	0.0000	0.0000	0.0020
0.0000	0.0000	0.0008	0.0000	0.0000	0.0000	0.0716	0.0014	0.0000	0.0002	0.0000	0.9261
0.7567	0.0000	0.0000	0.0000	0.0000	0.0000	0.0000	0.0000	0.2432	0.0000	0.0000	0.0000
0.0000	0.0000	0.0604	0.0000	0.0000	0.0000	0.1595	0.4447	0.0000	0.0000	0.0000	0.3354
0.0000	0.0000	0.0000	0.0000	0.0000	0.0000	0.9966	0.0000	0.0000	0.0000	0.0000	0.0034
0.3956	0.0000	0.0000	0.0063	0.0000	0.0000	0.0067	0.0028	0.0390	0.0568	0.4924	0.0003
0.0000	0.0140	0.0034	0.0000	0.0000	0.9826	0.0000	0.0000	0.0000	0.0000	0.0000	0.0000
0.0000	0.0000	0.0035	0.0000	0.0000	0.0000	0.6258	0.0000	0.0000	0.0000	0.0000	0.3707
0.0000	0.0000	0.1032	0.0000	0.0000	0.0000	0.1622	0.0000	0.0000	0.0000	0.0000	0.7346
0.0000	0.0000	0.0000	0.0000	0.0000	0.0000	0.0000	0.0000	1.0000	0.0000	0.0000	0.0000
0.0000	0.0000	0.0000	0.0000	0.9999	0.0000	0.0000	0.0000	0.0000	0.0001	0.0000	0.0000
0.0000	0.0000	0.9999	0.0000	0.0000	0.0000	0.0000	0.0000	0.0000	0.0000	0.0000	0.0001
0.9535	0.0000	0.0000	0.0001	0.0000	0.0001	0.0000	0.0000	0.0004	0.0004	0.0454	0.0000
0.0001	0.0000	0.0000	0.0000	0.0000	0.0000	0.0000	0.0000	0.9999	0.0000	0.0000	0.0000
0.0000	0.0000	0.0000	0.0000	0.0000	0.0000	0.0000	0.0000	0.9999	0.0000	0.0000	0.0000
0.0000	0.0000	0.0000	0.0000	0.0000	0.0000	0.0000	0.0000	0.0000	0.9231	0.0000	0.0769
0.0023	0.0000	0.0004	0.0000	0.0000	0.0002	0.5597	0.4296	0.0001	0.0001	0.0002	0.0075
0.9893	0.0000	0.0000	0.0000	0.0000	0.0095	0.0000	0.0000	0.0000	0.0003	0.0009	0.0000
0.0001	0.0000	0.0002	0.0000	0.0000	0.0000	0.9693	0.0152	0.0001	0.0000	0.0000	0.0151
0.9720	0.0000	0.0000	0.0002	0.0000	0.0253	0.0001	0.0000	0.0020	0.0000	0.0004	0.0000
0.0000	0.0000	0.0005	0.0000	0.0000	0.0000	0.0005	0.1486	0.0000	0.0000	0.0000	0.8504
0.0005	0.0000	0.0000	0.0001	0.0000	0.0000	0.0174	0.0000	0.1847	0.6010	0.0010	0.1954
0.6708	0.0000	0.0000	0.0000	0.0000	0.0025	0.0006	0.0000	0.3260	0.0000	0.0000	0.0000
0.0001	0.0000	0.0000	0.0000	0.0000	0.0000	0.0000	0.0000	0.0000	0.0000	0.9998	0.0000
0.0000	0.7009	0.2056	0.0000	0.0035	0.0005	0.0001	0.0548	0.0000	0.0000	0.0000	0.0345
0.0000	0.0021	0.0477	0.0000	0.0000	0.9500	0.0001	0.0000	0.0000	0.0000	0.0000	0.0000
0.0076	0.0000	0.0000	0.0000	0.0000	0.9924	0.0000	0.0000	0.0000	0.0000	0.0000	0.0000
0.0000	0.0000	0.0000	0.0000	0.0000	0.0000	0.0114	0.0648	0.0000	0.0005	0.0000	0.9233
0.9997	0.0000	0.0000	0.0000	0.0000	0.0000	0.0000	0.0000	0.0000	0.0002	0.0001	0.0000
1.0000	0.0000	0.0000	0.0000	0.0000	0.0000	0.0000	0.0000	0.0000	0.0000	0.0000	0.0000
0.0007	0.0000	0.0000	0.0000	0.0000	0.0000	0.0000	0.0000	0.9993	0.0000	0.0000	0.0000
0.1014	0.0000	0.0000	0.0000	0.0000	0.0000	0.0000	0.0000	0.8985	0.0001	0.0000	0.0000
0.0000	0.6613	0.2466	0.0000	0.0000	0.0915	0.0001	0.0004	0.0000	0.0000	0.0000	0.0000
0.0000	0.9868	0.0099	0.0000	0.0000	0.0030	0.0000	0.0002	0.0000	0.0000	0.0000	0.0000
0.0000	0.5477	0.0035	0.0000	0.0010	0.0036	0.0001	0.4433	0.0000	0.0000	0.0000	0.0009
0.9999	0.0000	0.0000	0.0000	0.0000	0.0000	0.0000	0.0000	0.0000	0.0000	0.0000	0.0000
1.0000	0.0000	0.0000	0.0000	0.0000	0.0000	0.0000	0.0000	0.0000	0.0000	0.0000	0.0000
0.0011	0.0011	0.0001	0.0001	0.0004	0.0008	0.0002	0.9942	0.0000	0.0003	0.0015	0.0002
0.0885	0.0000	0.0000	0.0009	0.0001	0.0001	0.0040	0.1789	0.0005	0.6910	0.0252	0.0109
0.0000	0.7753	0.1288	0.0000	0.0001	0.0943	0.0001	0.0013	0.0000	0.0000	0.0000	0.0001
0.0000	0.0000	0.0000	0.0000	0.0000	0.0000	0.0000	0.9999	0.0000	0.0000	0.0000	0.0001
0.0150	0.0000	0.0005	0.0008	0.0001	0.0060	0.0204	0.9487	0.0000	0.0013	0.0040	0.0030
0.0001	0.0000	0.0000	0.0000	0.0000	0.0000	0.0000	0.0000	0.0000	0.0000	0.9999	0.0000
0.0002	0.0437	0.0075	0.0000	0.0010	0.0042	0.0010	0.9392	0.0000	0.0000	0.0001	0.0032
0.0030	0.0741	0.0032	0.0001	0.0108	0.0075	0.0003	0.8906	0.0000	0.0019	0.0038	0.0047
0.7485	0.0000	0.0000	0.0000	0.0000	0.0000	0.0000	0.0000	0.0000	0.2511	0.0000	0.0002
0.0002	0.0000	0.0014	0.0000	0.0000	0.0000	0.7244	0.0297	0.0001	0.0001	0.0000	0.2441
0.0000	0.0000	0.0000	0.0000	0.0000	0.0000	0.0000	0.0000	0.8770	0.0277	0.0000	0.0953
0.0007	0.0182	0.0023	0.0000	0.0002	0.0101	0.0004	0.9669	0.0000	0.0000	0.0001	0.0010
0.0000	0.0000	0.0000	0.0000	0.0000	0.0000	0.9998	0.0000	0.0001	0.0000	0.0000	0.0002
0.1537	0.0000	0.0000	0.0000	0.0000	0.0000	0.0059	0.0166	0.0050	0.7661	0.0065	0.0461
0.0000	0.0000	0.0000	0.0001	0.0001	0.0000	0.0000	0.0000	0.0000	0.0000	0.9997	0.0000
0.0050	0.0234	0.0062	0.0000	0.0001	0.3406	0.0015	0.6227	0.0000	0.0000	0.0000	0.0004
0.0117	0.0270	0.0024	0.0000	0.0007	0.0330	0.0002	0.9232	0.0000	0.0002	0.0004	0.0011
0.0128	0.0000	0.0000	0.0000	0.0000	0.0000	0.0001	0.0000	0.9871	0.0000	0.0000	0.0000
0.0000	0.4548	0.4765	0.0000	0.0000	0.0683	0.0001	0.0002	0.0000	0.0000	0.0000	0.0000
0.0000	0.0000	0.0012	0.0000	0.0000	0.0000	0.2265	0.7689	0.0000	0.0000	0.0000	0.0033
0.0000	0.0001	0.0000	0.0000	0.9846	0.0000	0.0000	0.0000	0.0000	0.0141	0.0000	0.0011
0.0000	0.0046	0.0071	0.0000	0.0000	0.9883	0.0000	0.0000	0.0000	0.0000	0.0000	0.0000
0.0010	0.0000	0.0000	0.0000	0.0000	0.0000	0.3710	0.6275	0.0000	0.0000	0.0000	0.0005
0.0000	0.0001	0.0000	0.0000	0.0000	0.0000	0.0000	0.9989	0.0000	0.0004	0.0000	0.0006
0.0000	0.0000	1.0000	0.0000	0.0000	0.0000	0.0000	0.0000	0.0000	0.0000	0.0000	0.0000
0.0000	0.0000	0.0000	0.0000	0.0000	0.0000	0.0142	0.0000	0.0001	0.0000	0.0000	0.9857
0.0000	0.0029	0.9780	0.0000	0.0000	0.0011	0.0072	0.0025	0.0000	0.0000	0.0000	0.0083
0.0000	0.0000	0.0000	0.0000	0.0000	0.0000	0.0000	0.0000	0.0000	0.9995	0.0000	0.0005
0.0009	0.0000	0.0001	0.0000	0.0000	0.9987	0.0002	0.0001	0.0000	0.0000	0.0000	0.0000
0.0000	0.0001	0.2786	0.0000	0.0001	0.0000	0.0314	0.0433	0.0000	0.0000	0.0000	0.6465
0.0001	0.0000	0.0048	0.0000	0.0000	0.0000	0.3176	0.4734	0.0000	0.0008	0.0001	0.2031
0.0000	0.0000	0.0000	0.0000	0.0000	0.0000	0.0001	0.0000	0.9998	0.0001	0.0000	0.0000
0.0001	0.0001	0.0000	0.0000	0.0001	0.0000	0.0000	0.9992	0.0000	0.0001	0.0004	0.0000
0.0007	0.0000	0.0000	0.0000	0.0000	0.0000	0.0502	0.0000	0.9483	0.0003	0.0000	0.0005
0.0075	0.0000	0.0004	0.0000	0.0000	0.0000	0.1631	0.0152	0.0035	0.0907	0.0004	0.7192
0.0004	0.0000	0.0000	0.0007	0.0000	0.0000	0.9167	0.0624	0.0006	0.0003	0.0103	0.0087
0.0002	0.0000	0.0000	0.0000	0.0000	0.0000	0.0000	0.0000	0.9998	0.0000	0.0000	0.0000
0.0000	0.0000	0.0094	0.0000	0.0000	0.0006	0.0881	0.9015	0.0000	0.0000	0.0000	0.0004
0.0000	0.0000	0.0000	0.0000	0.0000	0.0000	0.0000	0.0000	0.0006	0.9984	0.0000	0.0009
0.0002	0.0000	0.0000	0.0000	0.0000	0.0000	0.0000	0.0000	0.0000	0.8717	0.1281	0.0000
0.0000	0.0000	0.9974	0.0000	0.0000	0.0005	0.0020	0.0000	0.0000	0.0000	0.0000	0.0000
0.8612	0.0000	0.0000	0.0000	0.0000	0.1135	0.0063	0.0000	0.0190	0.0000	0.0000	0.0000
0.0000	0.0000	0.1831	0.0000	0.0000	0.0001	0.8168	0.0000	0.0000	0.0000	0.0000	0.0000
0.0003	0.0000	0.0000	0.0000	0.0000	0.0000	0.0003	0.9994	0.0000	0.0000	0.0000	0.0000
0.9566	0.0000	0.0000	0.0004	0.0000	0.0000	0.0000	0.0000	0.0052	0.0347	0.0031	0.0000
0.0119	0.0000	0.0005	0.0000	0.0000	0.0003	0.9263	0.0496	0.0015	0.0005	0.0001	0.0093
0.3018	0.0000	0.0000	0.1220	0.0002	0.0001	0.0004	0.0026	0.0036	0.1978	0.3714	0.0002
0.0000	0.0000	0.0000	0.0000	0.0000	0.0000	0.0000	0.0000	0.0000	0.9999	0.0000	0.0001
0.0000	0.0000	0.0000	0.0000	0.0000	0.0000	0.0000	0.0000	0.0000	0.0000	0.0000	1.0000
0.0000	0.0000	0.0249	0.0000	0.0000	0.0000	0.0000	0.0000	0.0000	0.0000	0.0000	0.9751
0.0000	0.0000	1.0000	0.0000	0.0000	0.0000	0.0000	0.0000	0.0000	0.0000	0.0000	0.0000
0.0000	0.0000	1.0000	0.0000	0.0000	0.0000	0.0000	0.0000	0.0000	0.0000	0.0000	0.0000
0.0000	0.0000	1.0000	0.0000	0.0000	0.0000	0.0000	0.0000	0.0000	0.0000	0.0000	0.0000
0.0000	0.0000	0.0000	0.0000	0.0000	0.0000	0.0000	0.0000	0.0000	0.0000	0.0000	1.0000
0.0000	0.0000	0.9993	0.0000	0.0000	0.0000	0.0000	0.0000	0.0000	0.0000	0.0000	0.0007
0.0000	0.0000	1.0000	0.0000	0.0000	0.0000	0.0000	0.0000	0.0000	0.0000	0.0000	0.0000
0.0000	0.0000	0.0001	0.0000	0.0000	0.0000	0.0000	0.0000	0.0000	0.0000	0.0000	0.9999
0.0000	0.0000	0.0000	0.0000	0.0000	0.0000	0.0000	0.0000	0.0000	0.0000	0.0000	1.0000
0.0000	0.0000	1.0000	0.0000	0.0000	0.0000	0.0000	0.0000	0.0000	0.0000	0.0000	0.0000
0.0000	0.0000	0.0000	0.0000	0.0000	0.0000	0.0000	0.0000	0.0000	0.0000	0.0000	1.0000
0.0000	0.0000	1.0000	0.0000	0.0000	0.0000	0.0000	0.0000	0.0000	0.0000	0.0000	0.0000
0.0000	0.0000	0.0000	0.0000	0.0000	0.0000	0.0000	0.0000	0.0000	0.0000	0.0000	1.0000
0.0000	0.0000	0.0000	0.0000	0.0000	0.0000	0.0000	0.0000	0.0000	0.0000	0.0000	1.0000
0.0000	0.0000	1.0000	0.0000	0.0000	0.0000	0.0000	0.0000	0.0000	0.0000	0.0000	0.0000
0.0000	0.0000	1.0000	0.0000	0.0000	0.0000	0.0000	0.0000	0.0000	0.0000	0.0000	0.0000
0.0000	0.0000	1.0000	0.0000	0.0000	0.0000	0.0000	0.0000	0.0000	0.0000	0.0000	0.0000
0.0000	0.0000	0.0000	0.0000	0.0000	0.0000	0.0000	0.0000	0.0000	0.0000	0.0000	1.0000
0.0000	0.0000	0.0000	0.0000	0.0000	0.0000	0.0000	0.0000	0.0000	0.0000	0.0000	1.0000
0.0000	0.0000	0.9990	0.0000	0.0000	0.0000	0.0000	0.0000	0.0000	0.0000	0.0000	0.0010
0.0000	0.0000	1.0000	0.0000	0.0000	0.0000	0.0000	0.0000	0.0000	0.0000	0.0000	0.0000
0.0000	0.0000	1.0000	0.0000	0.0000	0.0000	0.0000	0.0000	0.0000	0.0000	0.0000	0.0000
0.0000	0.0000	0.0000	0.0000	0.0000	0.0000	0.9996	0.0000	0.0004	0.0000	0.0000	0.0000
0.0000	0.0000	0.0000	0.0000	0.0000	0.0000	0.0000	0.0000	1.0000	0.0000	0.0000	0.0000
0.0000	0.0000	0.0000	0.0000	0.0000	0.0002	0.9998	0.0000	0.0000	0.0000	0.0000	0.0000
0.0000	0.0000	0.0000	0.0000	0.0000	0.0000	0.0000	0.0000	1.0000	0.0000	0.0000	0.0000
0.0000	0.0000	0.0000	0.0000	0.0000	0.0000	0.7046	0.0000	0.2954	0.0000	0.0000	0.0000
0.0000	0.0000	0.0000	0.0000	0.0000	0.0000	0.0000	0.0000	1.0000	0.0000	0.0000	0.0000
0.0000	0.0000	0.0000	0.0000	0.0000	0.0000	1.0000	0.0000	0.0000	0.0000	0.0000	0.0000
0.0000	0.0000	0.0000	0.0000	0.0000	0.0000	0.0000	0.0000	1.0000	0.0000	0.0000	0.0000
0.0000	0.0000	0.9995	0.0000	0.0000	0.0000	0.0005	0.0000	0.0000	0.0000	0.0000	0.0000
0.0000	0.0000	0.9998	0.0000	0.0000	0.0000	0.0002	0.0000	0.0000	0.0000	0.0000	0.0000
0.0000	0.0000	0.0000	0.0000	0.0000	0.0000	1.0000	0.0000	0.0000	0.0000	0.0000	0.0000
0.0000	0.0000	0.0000	0.0000	0.0000	0.0000	0.0000	0.0000	1.0000	0.0000	0.0000	0.0000
0.0000	0.0000	0.0011	0.0000	0.0000	0.0000	0.9989	0.0000	0.0000	0.0000	0.0000	0.0000
0.0000	0.0000	0.0000	0.0000	0.0000	0.0000	0.0000	0.0000	1.0000	0.0000	0.0000	0.0000
0.0000	0.0000	0.0000	0.0000	0.0000	0.0000	0.0000	0.0000	1.0000	0.0000	0.0000	0.0000
0.0000	0.0000	0.0000	0.0000	0.0000	0.0000	1.0000	0.0000	0.0000	0.0000	0.0000	0.0000
0.0000	0.0000	0.0000	0.0000	0.0000	0.0000	0.0000	0.0000	1.0000	0.0000	0.0000	0.0000
0.0000	0.0000	0.0000	0.0000	0.0000	0.0000	0.0000	0.0000	1.0000	0.0000	0.0000	0.0000
0.0000	0.0000	1.0000	0.0000	0.0000	0.0000	0.0000	0.0000	0.0000	0.0000	0.0000	0.0000
0.0000	0.0000	0.0000	0.0000	0.0000	0.0000	1.0000	0.0000	0.0000	0.0000	0.0000	0.0000
0.0000	0.0000	0.0000	0.0000	0.0000	0.0000	0.0002	0.0000	0.9998	0.0000	0.0000	0.0000
0.0000	0.0000	0.0000	0.0000	0.0000	0.0000	1.0000	0.0000	0.0000	0.0000	0.0000	0.0000
0.0000	0.0000	0.0000	0.0000	0.0000	0.0001	0.9999	0.0000	0.0000	0.0000	0.0000	0.0000
