0.0564	0.0000	0.0000	0.0000	0.0000	0.0000	0.0095	0.0007	0.0006	0.0668	0.0228	0.8431
0.0000	0.0000	0.0000	0.0000	0.0000	0.0000	0.0000	0.0000	0.9871	0.0129	0.0000	0.0000
0.0000	0.0849	0.3620	0.0000	0.0000	0.0001	0.0021	0.5507	0.0000	0.0000	0.0000	0.0003
0.0000	0.0000	0.0002	0.0000	0.0000	0.0000	0.0223	0.0016	0.0000	0.0003	0.0000	0.9757
0.5230	0.0000	0.0000	0.0000	0.0000	0.0000	0.0000	0.0000	0.4770	0.0000	0.0000	0.0000
0.0000	0.0000	0.0438	0.0000	0.0000	0.0000	0.0303	0.8648	0.0000	0.0000	0.0000	0.0610
0.0000	0.0000	0.0000	0.0000	0.0000	0.0000	0.9998	0.0002	0.0000	0.0000	0.0000	0.0000
0.0216	0.0000	0.0000	0.0000	0.0000	0.0000	0.0001	0.0001	0.0000	0.0021	0.9758	0.0004
0.0000	0.1791	0.0056	0.0000	0.0000	0.8154	0.0000	0.0000	0.0000	0.0000	0.0000	0.0000
0.0000	0.0000	0.0052	0.0000	0.0000	0.0000	0.6919	0.0149	0.0000	0.0000	0.0000	0.2880
0.0000	0.0000	0.2008	0.0000	0.0000	0.0000	0.4133	0.0146	0.0000	0.0000	0.0000	0.3714
0.0000	0.0000	0.0000	0.0000	0.0000	0.0000	0.0000	0.0000	1.0000	0.0000	0.0000	0.0000
0.0000	0.0000	0.0000	0.0002	0.9988	0.0000	0.0000	0.0000	0.0000	0.0002	0.0008	0.0000
0.0000	0.0000	1.0000	0.0000	0.0000	0.0000	0.0000	0.0000	0.0000	0.0000	0.0000	0.0000
0.9908	0.0000	0.0000	0.0001	0.0000	0.0000	0.0000	0.0000	0.0004	0.0001	0.0087	0.0000
0.0000	0.0000	0.0000	0.0000	0.0000	0.0000	0.0000	0.0000	0.9999	0.0000	0.0000	0.0000
0.0000	0.0000	0.0000	0.0000	0.0000	0.0000	0.0000	0.0000	1.0000	0.0000	0.0000	0.0000
0.0000	0.0000	0.0000	0.0000	0.0000	0.0000	0.0000	0.0000	0.0000	0.6268	0.0036	0.3696
0.0001	0.0000	0.0047	0.0000	0.0000	0.0000	0.5622	0.3748	0.0000	0.0000	0.0000	0.0582
0.9213	0.0000	0.0000	0.0002	0.0000	0.0780	0.0000	0.0000	0.0001	0.0003	0.0000	0.0000
0.0004	0.0000	0.0004	0.0000	0.0000	0.0000	0.0517	0.0015	0.0001	0.0048	0.0000	0.9410
0.0942	0.0000	0.0000	0.1323	0.0000	0.0013	0.0000	0.0000	0.6195	0.1528	0.0000	0.0000
0.0000	0.0000	0.0019	0.0000	0.0000	0.0000	0.0000	0.9979	0.0000	0.0000	0.0000	0.0002
0.0001	0.0000	0.0000	0.0018	0.0000	0.0000	0.0000	0.0000	0.1195	0.8784	0.0001	0.0001
0.0023	0.0000	0.0000	0.0015	0.0000	0.0001	0.0000	0.0000	0.9897	0.0064	0.0000	0.0000
0.0000	0.0000	0.0000	0.0000	0.0000	0.0000	0.0000	0.0000	0.0000	0.0001	0.9999	0.0000
0.0010	0.1792	0.6249	0.0000	0.0000	0.1599	0.0003	0.0263	0.0000	0.0000	0.0000	0.0084
0.0000	0.0256	0.1152	0.0000	0.0000	0.8591	0.0000	0.0000	0.0000	0.0000	0.0000	0.0000
0.0088	0.0000	0.0000	0.0000	0.0000	0.9910	0.0000	0.0000	0.0002	0.0000	0.0000	0.0000
0.0000	0.0000	0.0010	0.0000	0.0000	0.0000	0.0848	0.9059	0.0000	0.0000	0.0000	0.0083
1.0000	0.0000	0.0000	0.0000	0.0000	0.0000	0.0000	0.0000	0.0000	0.0000	0.0000	0.0000
0.9998	0.0000	0.0000	0.0000	0.0000	0.0000	0.0000	0.0000	0.0001	0.0000	0.0000	0.0000
0.0000	0.0000	0.0000	0.0000	0.0000	0.0000	0.0000	0.0000	0.9994	0.0005	0.0000	0.0000
0.0494	0.0000	0.0000	0.0000	0.0000	0.0000	0.0000	0.0000	0.7344	0.2041	0.0121	0.0000
0.0000	0.6666	0.2436	0.0000	0.0000	0.0897	0.0000	0.0001	0.0000	0.0000	0.0000	0.0000
0.0000	0.9387	0.0399	0.0000	0.0000	0.0213	0.0000	0.0001	0.0000	0.0000	0.0000	0.0000
0.0001	0.4679	0.0506	0.0000	0.0000	0.0093	0.0008	0.4705	0.0000	0.0000	0.0000	0.0009
0.9988	0.0000	0.0000	0.0000	0.0002	0.0000	0.0000	0.0000	0.0000	0.0002	0.0007	0.0000
0.9994	0.0000	0.0000	0.0000	0.0001	0.0000	0.0000	0.0000	0.0000	0.0001	0.0004	0.0000
0.0495	0.0006	0.0036	0.0001	0.0031	0.0099	0.0073	0.8567	0.0000	0.0070	0.0015	0.0606
0.0013	0.0000	0.0000	0.0027	0.0000	0.0000	0.0002	0.0000	0.0015	0.9850	0.0050	0.0040
0.0000	0.5334	0.2597	0.0000	0.0000	0.2062	0.0002	0.0005	0.0000	0.0000	0.0000	0.0000
0.0000	0.0000	0.0003	0.0000	0.0000	0.0000	0.0000	0.9997	0.0000	0.0000	0.0000	0.0000
0.0423	0.0003	0.0036	0.0003	0.0003	0.1027	0.3679	0.4712	0.0003	0.0014	0.0004	0.0094
0.0000	0.0000	0.0000	0.0000	0.0000	0.0000	0.0000	0.0000	0.0000	0.0000	1.0000	0.0000
0.0006	0.0774	0.1108	0.0000	0.0000	0.0200	0.0156	0.7731	0.0000	0.0000	0.0000	0.0024
0.0329	0.0254	0.0378	0.0000	0.0020	0.1254	0.0069	0.7362	0.0000	0.0005	0.0000	0.0329
0.9996	0.0000	0.0000	0.0000	0.0000	0.0000	0.0000	0.0000	0.0000	0.0001	0.0002	0.0002
0.0003	0.0000	0.0023	0.0000	0.0000	0.0000	0.7389	0.1659	0.0000	0.0000	0.0000	0.0925
0.0000	0.0000	0.0000	0.0000	0.0000	0.0000	0.0000	0.0000	0.9991	0.0009	0.0000	0.0000
0.0011	0.0076	0.0168	0.0000	0.0000	0.0033	0.0045	0.9647	0.0000	0.0000	0.0000	0.0020
0.0000	0.0000	0.0000	0.0000	0.0000	0.0000	0.9595	0.0058	0.0000	0.0000	0.0000	0.0347
0.0573	0.0000	0.0000	0.0000	0.0000	0.0000	0.0023	0.0003	0.0023	0.7519	0.0115	0.1742
0.0001	0.0000	0.0000	0.0000	0.0000	0.0000	0.0000	0.0000	0.0000	0.0000	0.9999	0.0000
0.0298	0.0073	0.0431	0.0000	0.0001	0.0195	0.0022	0.8678	0.0000	0.0000	0.0000	0.0302
0.0371	0.0145	0.0645	0.0000	0.0000	0.0024	0.0005	0.8732	0.0000	0.0000	0.0000	0.0079
0.0361	0.0000	0.0000	0.0000	0.0000	0.0000	0.0000	0.0000	0.9639	0.0000	0.0000	0.0000
0.0000	0.5124	0.3732	0.0000	0.0000	0.1143	0.0000	0.0000	0.0000	0.0000	0.0000	0.0000
0.0000	0.0000	0.0044	0.0000	0.0000	0.0000	0.0428	0.9522	0.0000	0.0000	0.0000	0.0006
0.0003	0.0000	0.0000	0.0009	0.9889	0.0000	0.0000	0.0000	0.0000	0.0093	0.0002	0.0004
0.0000	0.0531	0.0046	0.0000	0.0000	0.9423	0.0000	0.0000	0.0000	0.0000	0.0000	0.0000
0.0000	0.0000	0.0019	0.0000	0.0000	0.0000	0.3162	0.6816	0.0000	0.0000	0.0000	0.0002
0.0004	0.0006	0.0002	0.0000	0.0000	0.0043	0.0018	0.9921	0.0000	0.0000	0.0000	0.0005
0.0000	0.0000	1.0000	0.0000	0.0000	0.0000	0.0000	0.0000	0.0000	0.0000	0.0000	0.0000
0.0000	0.0000	0.0000	0.0000	0.0000	0.0000	0.0023	0.0000	0.0000	0.0000	0.0000	0.9977
0.0000	0.0026	0.9536	0.0000	0.0000	0.0024	0.0182	0.0193	0.0000	0.0000	0.0000	0.0039
0.0000	0.0000	0.0000	0.0000	0.0000	0.0000	0.0000	0.0000	0.0000	0.9969	0.0025	0.0007
0.0002	0.0000	0.0000	0.0000	0.0000	0.9997	0.0000	0.0000	0.0000	0.0000	0.0000	0.0000
0.0000	0.0000	0.2188	0.0000	0.0000	0.0000	0.1359	0.1776	0.0000	0.0000	0.0000	0.4677
0.0054	0.0000	0.0133	0.0000	0.0000	0.0006	0.1880	0.1398	0.0001	0.0024	0.0002	0.6503
0.0000	0.0000	0.0000	0.0000	0.0000	0.0000	0.0000	0.0000	1.0000	0.0000	0.0000	0.0000
0.0341	0.0000	0.0010	0.0000	0.0003	0.0000	0.0000	0.9477	0.0000	0.0002	0.0010	0.0156
0.0001	0.0000	0.0000	0.0001	0.0000	0.0000	0.0000	0.0000	0.5352	0.4641	0.0000	0.0005
0.2223	0.0000	0.0021	0.0001	0.0001	0.0221	0.0086	0.0008	0.0046	0.1262	0.0001	0.6130
0.0017	0.0000	0.0000	0.0000	0.0000	0.0000	0.4363	0.0038	0.0000	0.0009	0.5491	0.0082
0.0006	0.0000	0.0000	0.0000	0.0000	0.0000	0.0000	0.0000	0.9906	0.0087	0.0001	0.0000
0.0000	0.0000	0.0029	0.0000	0.0000	0.0000	0.0049	0.9921	0.0000	0.0000	0.0000	0.0002
0.0000	0.0000	0.0000	0.0000	0.0000	0.0000	0.0000	0.0000	0.0001	0.9998	0.0001	0.0000
0.0000	0.0000	0.0000	0.0006	0.0000	0.0000	0.0000	0.0000	0.0000	0.9805	0.0189	0.0000
0.0000	0.0002	0.9996	0.0000	0.0000	0.0000	0.0001	0.0001	0.0000	0.0000	0.0000	0.0000
0.7676	0.0000	0.0000	0.0009	0.0000	0.1555	0.0001	0.0000	0.0457	0.0301	0.0000	0.0000
0.0000	0.0000	0.9956	0.0000	0.0000	0.0000	0.0040	0.0003	0.0000	0.0000	0.0000	0.0001
0.0000	0.0000	0.0002	0.0000	0.0000	0.0000	0.0154	0.9842	0.0000	0.0000	0.0000	0.0003
0.0049	0.0000	0.0000	0.2467	0.0001	0.0000	0.0000	0.0000	0.0015	0.6721	0.0747	0.0000
0.0055	0.0000	0.0003	0.0000	0.0000	0.0002	0.1493	0.0012	0.0034	0.0842	0.0005	0.7553
0.0009	0.0000	0.0000	0.2422	0.0001	0.0001	0.0000	0.0000	0.0070	0.7443	0.0054	0.0001
0.0000	0.0000	0.0000	0.0000	0.0000	0.0000	0.0000	0.0000	0.0001	0.9988	0.0009	0.0002
0.0000	0.0000	0.0000	0.0000	0.0000	0.0000	0.0000	0.0000	0.0000	0.0019	0.0000	0.9981
0.0000	0.0000	0.0108	0.0000	0.0000	0.0000	0.0000	0.0000	0.0000	0.0000	0.0000	0.9892
0.0000	0.0000	1.0000	0.0000	0.0000	0.0000	0.0000	0.0000	0.0000	0.0000	0.0000	0.0000
0.0000	0.0000	1.0000	0.0000	0.0000	0.0000	0.0000	0.0000	0.0000	0.0000	0.0000	0.0000
0.0000	0.0000	1.0000	0.0000	0.0000	0.0000	0.0000	0.0000	0.0000	0.0000	0.0000	0.0000
0.0000	0.0000	0.0000	0.0000	0.0000	0.0000	0.0000	0.0000	0.0000	0.0000	0.0000	1.0000
0.0000	0.0000	0.9998	0.0000	0.0000	0.0000	0.0000	0.0000	0.0000	0.0000	0.0000	0.0002
0.0000	0.0000	1.0000	0.0000	0.0000	0.0000	0.0000	0.0000	0.0000	0.0000	0.0000	0.0000
0.0000	0.0000	0.0000	0.0000	0.0000	0.0000	0.0000	0.0000	0.0000	0.0000	0.0000	1.0000
0.0000	0.0000	0.0000	0.0000	0.0000	0.0000	0.0000	0.0000	0.0000	0.0000	0.0000	1.0000
0.0000	0.0000	1.0000	0.0000	0.0000	0.0000	0.0000	0.0000	0.0000	0.0000	0.0000	0.0000
0.0000	0.0000	0.0000	0.0000	0.0000	0.0000	0.0000	0.0000	0.0000	0.0000	0.0000	1.0000
0.0000	0.0000	1.0000	0.0000	0.0000	0.0000	0.0000	0.0000	0.0000	0.0000	0.0000	0.0000
0.0000	0.0000	0.0000	0.0000	0.0000	0.0000	0.0000	0.0000	0.0000	0.0000	0.0000	1.0000
0.0000	0.0000	0.0000	0.0000	0.0000	0.0000	0.0000	0.0000	0.0000	0.0000	0.0000	1.0000
0.0000	0.0000	1.0000	0.0000	0.0000	0.0000	0.0000	0.0000	0.0000	0.0000	0.0000	0.0000
0.0000	0.0000	1.0000	0.0000	0.0000	0.0000	0.0000	0.0000	0.0000	0.0000	0.0000	0.0000
0.0000	0.0000	1.0000	0.0000	0.0000	0.0000	0.0000	0.0000	0.0000	0.0000	0.0000	0.0000
0.0000	0.0000	0.0000	0.0000	0.0000	0.0000	0.0000	0.0000	0.0000	0.0000	0.0000	1.0000
0.0000	0.0000	0.0000	0.0000	0.0000	0.0000	0.0000	0.0000	0.0000	0.0000	0.0000	1.0000
0.0000	0.0000	0.9993	0.0000	0.0000	0.0000	0.0000	0.0000	0.0000	0.0000	0.0000	0.0007
0.0000	0.0000	1.0000	0.0000	0.0000	0.0000	0.0000	0.0000	0.0000	0.0000	0.0000	0.0000
0.0000	0.0000	1.0000	0.0000	0.0000	0.0000	0.0000	0.0000	0.0000	0.0000	0.0000	0.0000
0.0000	0.0000	0.0000	0.0000	0.0000	0.0000	0.9938	0.0000	0.0062	0.0000	0.0000	0.0000
0.0000	0.0000	0.0000	0.0000	0.0000	0.0000	0.0000	0.0000	1.0000	0.0000	0.0000	0.0000
0.0000	0.0000	0.0002	0.0000	0.0000	0.0008	0.9991	0.0000	0.0000	0.0000	0.0000	0.0000
0.0000	0.0000	0.0000	0.0000	0.0000	0.0000	0.0000	0.0000	1.0000	0.0000	0.0000	0.0000
0.0000	0.0000	0.0000	0.0000	0.0000	0.0000	0.9827	0.0000	0.0173	0.0000	0.0000	0.0000
0.0000	0.0000	0.0000	0.0000	0.0000	0.0000	0.0000	0.0000	1.0000	0.0000	0.0000	0.0000
0.0000	0.0000	0.0000	0.0000	0.0000	0.0000	1.0000	0.0000	0.0000	0.0000	0.0000	0.0000
0.0000	0.0000	0.0000	0.0000	0.0000	0.0000	0.0000	0.0000	1.0000	0.0000	0.0000	0.0000
0.0000	0.0000	0.9933	0.0000	0.0000	0.0002	0.0065	0.0000	0.0000	0.0000	0.0000	0.0000
0.0000	0.0000	0.9989	0.0000	0.0000	0.0000	0.0011	0.0000	0.0000	0.0000	0.0000	0.0000
0.0000	0.0000	0.0000	0.0000	0.0000	0.0000	1.0000	0.0000	0.0000	0.0000	0.0000	0.0000
0.0000	0.0000	0.0000	0.0000	0.0000	0.0000	0.0000	0.0000	1.0000	0.0000	0.0000	0.0000
0.0000	0.0000	0.0018	0.0000	0.0000	0.0000	0.9982	0.0000	0.0000	0.0000	0.0000	0.0000
0.0000	0.0000	0.0000	0.0000	0.0000	0.0000	0.0000	0.0000	1.0000	0.0000	0.0000	0.0000
0.0000	0.0000	0.0000	0.0000	0.0000	0.0000	0.0000	0.0000	1.0000	0.0000	0.0000	0.0000
0.0000	0.0000	0.0001	0.0000	0.0000	0.0000	0.9999	0.0000	0.0000	0.0000	0.0000	0.0000
0.0000	0.0000	0.0000	0.0000	0.0000	0.0000	0.0000	0.0000	1.0000	0.0000	0.0000	0.0000
0.0000	0.0000	0.0000	0.0000	0.0000	0.0000	0.0000	0.0000	1.0000	0.0000	0.0000	0.0000
0.0000	0.0000	1.0000	0.0000	0.0000	0.0000	0.0000	0.0000	0.0000	0.0000	0.0000	0.0000
0.0000	0.0000	0.0000	0.0000	0.0000	0.0000	1.0000	0.0000	0.0000	0.0000	0.0000	0.0000
0.0000	0.0000	0.0000	0.0000	0.0000	0.0000	0.0000	0.0000	1.0000	0.0000	0.0000	0.0000
0.0000	0.0000	0.0000	0.0000	0.0000	0.0000	1.0000	0.0000	0.0000	0.0000	0.0000	0.0000
0.0000	0.0000	0.0000	0.0000	0.0000	0.0001	0.9998	0.0000	0.0000	0.0000	0.0000	0.0000
