0.0737	0.0000	0.0001	0.0000	0.0000	0.0002	0.0118	0.0017	0.0228	0.5471	0.0077	0.3351
0.0000	0.0000	0.0000	0.0000	0.0000	0.0000	0.0000	0.0000	1.0000	0.0000	0.0000	0.0000
0.0003	0.3834	0.4470	0.0000	0.0000	0.0341	0.0118	0.1206	0.0000	0.0000	0.0000	0.0028
0.0001	0.0000	0.0007	0.0000	0.0000	0.0000	0.0324	0.0046	0.0000	0.0038	0.0001	0.9583
0.0614	0.0000	0.0000	0.0000	0.0000	0.0000	0.0000	0.0000	0.9386	0.0000	0.0000	0.0000
0.0004	0.0036	0.0781	0.0000	0.0000	0.0024	0.1765	0.5873	0.0000	0.0001	0.0000	0.1516
0.0000	0.0000	0.0000	0.0000	0.0000	0.0000	0.9996	0.0004	0.0000	0.0000	0.0000	0.0000
0.0138	0.0000	0.0000	0.0003	0.0000	0.0000	0.0118	0.0053	0.0006	0.0131	0.9546	0.0005
0.0001	0.2107	0.0313	0.0000	0.0000	0.7579	0.0000	0.0001	0.0000	0.0000	0.0000	0.0000
0.0000	0.0000	0.0039	0.0000	0.0000	0.0000	0.7441	0.0301	0.0000	0.0000	0.0000	0.2218
0.0000	0.0000	0.0544	0.0000	0.0000	0.0003	0.6398	0.0266	0.0000	0.0000	0.0000	0.2788
0.0000	0.0000	0.0000	0.0000	0.0000	0.0000	0.0000	0.0000	1.0000	0.0000	0.0000	0.0000
0.0000	0.0000	0.0000	0.0000	0.9999	0.0000	0.0000	0.0000	0.0000	0.0001	0.0000	0.0000
0.0000	0.0016	0.9973	0.0000	0.0000	0.0004	0.0004	0.0001	0.0000	0.0000	0.0000	0.0002
0.9657	0.0000	0.0000	0.0001	0.0000	0.0002	0.0000	0.0000	0.0243	0.0003	0.0093	0.0000
0.0000	0.0000	0.0000	0.0000	0.0000	0.0000	0.0000	0.0000	1.0000	0.0000	0.0000	0.0000
0.0000	0.0000	0.0000	0.0000	0.0000	0.0000	0.0000	0.0000	1.0000	0.0000	0.0000	0.0000
0.0000	0.0000	0.0000	0.0000	0.0000	0.0000	0.0001	0.0000	0.0000	0.5659	0.0007	0.4332
0.0003	0.0000	0.0044	0.0000	0.0000	0.0001	0.7763	0.1792	0.0000	0.0001	0.0002	0.0394
0.9337	0.0000	0.0000	0.0000	0.0001	0.0636	0.0000	0.0000	0.0023	0.0004	0.0000	0.0000
0.0006	0.0000	0.0018	0.0000	0.0000	0.0003	0.0382	0.0169	0.0001	0.0099	0.0002	0.9320
0.6230	0.0000	0.0000	0.0019	0.0001	0.0015	0.0000	0.0000	0.3530	0.0202	0.0003	0.0000
0.0000	0.0000	0.0001	0.0000	0.0000	0.0000	0.0028	0.9962	0.0000	0.0000	0.0000	0.0009
0.0109	0.0000	0.0000	0.0123	0.0001	0.0000	0.0004	0.0000	0.3839	0.5879	0.0044	0.0002
0.2697	0.0000	0.0000	0.0001	0.0000	0.0008	0.0000	0.0000	0.7225	0.0069	0.0000	0.0000
0.0003	0.0000	0.0000	0.0000	0.0000	0.0000	0.0000	0.0000	0.0000	0.0000	0.9997	0.0000
0.0020	0.3565	0.4123	0.0000	0.0001	0.2041	0.0008	0.0122	0.0000	0.0000	0.0000	0.0119
0.0004	0.0542	0.0485	0.0000	0.0000	0.8967	0.0000	0.0001	0.0000	0.0000	0.0000	0.0000
0.1491	0.0000	0.0000	0.0000	0.0000	0.8509	0.0000	0.0000	0.0000	0.0000	0.0000	0.0000
0.0000	0.0000	0.0000	0.0000	0.0000	0.0000	0.8306	0.1686	0.0000	0.0000	0.0000	0.0008
0.9987	0.0000	0.0000	0.0000	0.0000	0.0001	0.0000	0.0000	0.0011	0.0000	0.0000	0.0000
0.9850	0.0000	0.0000	0.0000	0.0000	0.0000	0.0000	0.0000	0.0149	0.0000	0.0000	0.0000
0.0000	0.0000	0.0000	0.0000	0.0000	0.0000	0.0000	0.0000	1.0000	0.0000	0.0000	0.0000
0.0043	0.0000	0.0000	0.0000	0.0000	0.0000	0.0000	0.0000	0.9924	0.0031	0.0001	0.0000
0.0001	0.5902	0.1527	0.0000	0.0000	0.2565	0.0001	0.0004	0.0000	0.0000	0.0000	0.0000
0.0000	0.7573	0.1080	0.0000	0.0000	0.1341	0.0001	0.0006	0.0000	0.0000	0.0000	0.0000
0.0016	0.5815	0.1536	0.0000	0.0000	0.0882	0.0054	0.1653	0.0000	0.0000	0.0000	0.0043
0.9986	0.0000	0.0000	0.0000	0.0000	0.0002	0.0000	0.0000	0.0005	0.0000	0.0007	0.0000
0.9995	0.0000	0.0000	0.0000	0.0000	0.0001	0.0000	0.0000	0.0001	0.0000	0.0003	0.0000
0.0312	0.0078	0.0268	0.0014	0.0039	0.0186	0.1040	0.5879	0.0008	0.0296	0.0169	0.1713
0.0111	0.0000	0.0001	0.0074	0.0011	0.0010	0.0263	0.0023	0.0224	0.8435	0.0189	0.0658
0.0003	0.4702	0.2034	0.0000	0.0000	0.3233	0.0010	0.0017	0.0000	0.0000	0.0000	0.0001
0.0000	0.0000	0.0001	0.0000	0.0000	0.0000	0.0002	0.9997	0.0000	0.0000	0.0000	0.0001
0.0071	0.0004	0.0097	0.0019	0.0002	0.0080	0.8810	0.0640	0.0049	0.0026	0.0030	0.0172
0.0001	0.0000	0.0000	0.0000	0.0000	0.0000	0.0000	0.0000	0.0000	0.0000	0.9999	0.0000
0.0028	0.2202	0.3414	0.0000	0.0001	0.0555	0.0987	0.2692	0.0000	0.0001	0.0001	0.0118
0.0322	0.1165	0.2162	0.0004	0.0035	0.1363	0.0634	0.2854	0.0008	0.0063	0.0021	0.1369
0.9940	0.0000	0.0000	0.0000	0.0000	0.0000	0.0000	0.0000	0.0048	0.0010	0.0001	0.0000
0.0002	0.0000	0.0007	0.0000	0.0000	0.0000	0.9448	0.0301	0.0000	0.0001	0.0000	0.0241
0.0000	0.0000	0.0000	0.0000	0.0000	0.0000	0.0000	0.0000	1.0000	0.0000	0.0000	0.0000
0.0076	0.1458	0.1384	0.0000	0.0000	0.0960	0.0442	0.5555	0.0000	0.0001	0.0001	0.0121
0.0001	0.0000	0.0002	0.0000	0.0000	0.0000	0.9165	0.0317	0.0001	0.0003	0.0001	0.0511
0.0627	0.0000	0.0001	0.0007	0.0002	0.0025	0.0102	0.0016	0.0556	0.7696	0.0078	0.0890
0.0000	0.0000	0.0000	0.0000	0.0000	0.0000	0.0000	0.0000	0.0000	0.0000	1.0000	0.0000
0.0416	0.1139	0.1239	0.0000	0.0002	0.6050	0.0032	0.0856	0.0001	0.0008	0.0000	0.0256
0.0739	0.1374	0.1386	0.0000	0.0002	0.5470	0.0029	0.0841	0.0001	0.0006	0.0001	0.0152
0.0045	0.0000	0.0000	0.0000	0.0000	0.0000	0.0000	0.0000	0.9955	0.0000	0.0000	0.0000
0.0000	0.5312	0.1917	0.0000	0.0000	0.2765	0.0001	0.0003	0.0000	0.0000	0.0000	0.0000
0.0002	0.0001	0.0118	0.0000	0.0000	0.0001	0.4485	0.5311	0.0000	0.0000	0.0000	0.0080
0.0002	0.0000	0.0000	0.0000	0.9709	0.0000	0.0000	0.0000	0.0000	0.0288	0.0000	0.0000
0.0001	0.0755	0.0153	0.0000	0.0000	0.9091	0.0000	0.0000	0.0000	0.0000	0.0000	0.0000
0.0001	0.0000	0.0004	0.0000	0.0000	0.0000	0.6628	0.3364	0.0000	0.0000	0.0000	0.0004
0.0004	0.0007	0.0008	0.0000	0.0000	0.0003	0.0038	0.9925	0.0000	0.0000	0.0000	0.0015
0.0000	0.0004	0.9994	0.0000	0.0000	0.0001	0.0001	0.0000	0.0000	0.0000	0.0000	0.0001
0.0000	0.0000	0.0000	0.0000	0.0000	0.0000	0.0001	0.0000	0.0000	0.0000	0.0000	0.9998
0.0004	0.0894	0.7241	0.0000	0.0000	0.0639	0.0624	0.0464	0.0000	0.0000	0.0000	0.0133
0.0000	0.0000	0.0000	0.0000	0.0000	0.0000	0.0000	0.0000	0.0000	0.9994	0.0003	0.0003
0.0046	0.0006	0.0009	0.0000	0.0000	0.9935	0.0000	0.0001	0.0001	0.0000	0.0000	0.0000
0.0004	0.0009	0.1546	0.0000	0.0000	0.0014	0.2822	0.1287	0.0000	0.0002	0.0001	0.4316
0.0071	0.0009	0.0235	0.0001	0.0004	0.0042	0.1847	0.2771	0.0005	0.0111	0.0024	0.4879
0.0000	0.0000	0.0000	0.0000	0.0000	0.0000	0.0000	0.0000	1.0000	0.0000	0.0000	0.0000
0.0775	0.0006	0.0033	0.0000	0.0016	0.0025	0.0040	0.8066	0.0000	0.0368	0.0243	0.0429
0.0301	0.0000	0.0000	0.0001	0.0000	0.0001	0.0000	0.0000	0.1277	0.8383	0.0004	0.0032
0.1462	0.0000	0.0037	0.0003	0.0009	0.0238	0.0132	0.0084	0.0243	0.2535	0.0024	0.5234
0.0001	0.0000	0.0000	0.0000	0.0000	0.0000	0.9891	0.0034	0.0001	0.0001	0.0072	0.0001
0.0002	0.0000	0.0000	0.0000	0.0000	0.0000	0.0000	0.0000	0.9997	0.0001	0.0000	0.0000
0.0001	0.0005	0.0243	0.0000	0.0000	0.0001	0.3205	0.6519	0.0000	0.0000	0.0000	0.0026
0.0000	0.0000	0.0000	0.0000	0.0000	0.0000	0.0000	0.0000	0.0036	0.9950	0.0013	0.0000
0.0009	0.0000	0.0000	0.0022	0.0000	0.0000	0.0000	0.0000	0.0006	0.8975	0.0988	0.0000
0.0000	0.0326	0.9585	0.0000	0.0000	0.0039	0.0042	0.0007	0.0000	0.0000	0.0000	0.0001
0.7731	0.0000	0.0000	0.0002	0.0000	0.0792	0.0001	0.0000	0.1419	0.0054	0.0000	0.0000
0.0000	0.0016	0.9709	0.0000	0.0000	0.0008	0.0247	0.0010	0.0000	0.0000	0.0000	0.0009
0.0001	0.0000	0.0000	0.0000	0.0000	0.0000	0.1443	0.8554	0.0000	0.0000	0.0000	0.0001
0.0813	0.0000	0.0000	0.2859	0.0000	0.0001	0.0000	0.0000	0.6021	0.0156	0.0149	0.0000
0.0055	0.0000	0.0029	0.0002	0.0002	0.0011	0.2097	0.0249	0.0040	0.0879	0.0034	0.6603
0.0429	0.0000	0.0000	0.4416	0.0019	0.0043	0.0023	0.0000	0.2188	0.2603	0.0278	0.0001
0.0002	0.0000	0.0000	0.0001	0.0000	0.0000	0.0001	0.0000	0.0014	0.9948	0.0011	0.0022
0.0000	0.0000	0.0000	0.0000	0.0000	0.0000	0.0000	0.0000	0.0000	0.0333	0.0000	0.9667
0.0000	0.0000	0.0003	0.0000	0.0000	0.0000	0.0000	0.0000	0.0000	0.0000	0.0000	0.9997
0.0000	0.0000	1.0000	0.0000	0.0000	0.0000	0.0000	0.0000	0.0000	0.0000	0.0000	0.0000
0.0000	0.0000	1.0000	0.0000	0.0000	0.0000	0.0000	0.0000	0.0000	0.0000	0.0000	0.0000
0.0000	0.0000	1.0000	0.0000	0.0000	0.0000	0.0000	0.0000	0.0000	0.0000	0.0000	0.0000
0.0000	0.0000	0.0000	0.0000	0.0000	0.0000	0.0000	0.0000	0.0000	0.0000	0.0000	1.0000
0.0000	0.0000	0.9993	0.0000	0.0000	0.0000	0.0000	0.0000	0.0000	0.0000	0.0000	0.0007
0.0000	0.0000	1.0000	0.0000	0.0000	0.0000	0.0000	0.0000	0.0000	0.0000	0.0000	0.0000
0.0000	0.0000	0.0000	0.0000	0.0000	0.0000	0.0000	0.0000	0.0000	0.0000	0.0000	1.0000
0.0000	0.0000	0.0000	0.0000	0.0000	0.0000	0.0000	0.0000	0.0000	0.0000	0.0000	1.0000
0.0000	0.0000	1.0000	0.0000	0.0000	0.0000	0.0000	0.0000	0.0000	0.0000	0.0000	0.0000
0.0000	0.0000	0.0000	0.0000	0.0000	0.0000	0.0000	0.0000	0.0000	0.0000	0.0000	1.0000
0.0000	0.0000	1.0000	0.0000	0.0000	0.0000	0.0000	0.0000	0.0000	0.0000	0.0000	0.0000
0.0000	0.0000	0.0000	0.0000	0.0000	0.0000	0.0000	0.0000	0.0000	0.0000	0.0000	1.0000
0.0000	0.0000	0.0000	0.0000	0.0000	0.0000	0.0000	0.0000	0.0000	0.0000	0.0000	1.0000
0.0000	0.0000	1.0000	0.0000	0.0000	0.0000	0.0000	0.0000	0.0000	0.0000	0.0000	0.0000
0.0000	0.0000	1.0000	0.0000	0.0000	0.0000	0.0000	0.0000	0.0000	0.0000	0.0000	0.0000
0.0000	0.0000	1.0000	0.0000	0.0000	0.0000	0.0000	0.0000	0.0000	0.0000	0.0000	0.0000
0.0000	0.0000	0.0000	0.0000	0.0000	0.0000	0.0000	0.0000	0.0000	0.0000	0.0000	1.0000
0.0000	0.0000	0.0000	0.0000	0.0000	0.0000	0.0000	0.0000	0.0000	0.0000	0.0000	1.0000
0.0000	0.0000	0.9997	0.0000	0.0000	0.0000	0.0000	0.0000	0.0000	0.0000	0.0000	0.0003
0.0000	0.0000	1.0000	0.0000	0.0000	0.0000	0.0000	0.0000	0.0000	0.0000	0.0000	0.0000
0.0000	0.0000	1.0000	0.0000	0.0000	0.0000	0.0000	0.0000	0.0000	0.0000	0.0000	0.0000
0.0000	0.0000	0.0000	0.0000	0.0000	0.0000	0.9894	0.0000	0.0106	0.0000	0.0000	0.0000
0.0000	0.0000	0.0000	0.0000	0.0000	0.0000	0.0000	0.0000	1.0000	0.0000	0.0000	0.0000
0.0000	0.0000	0.0002	0.0000	0.0000	0.0003	0.9995	0.0001	0.0000	0.0000	0.0000	0.0000
0.0000	0.0000	0.0000	0.0000	0.0000	0.0000	0.0000	0.0000	1.0000	0.0000	0.0000	0.0000
0.0000	0.0000	0.0000	0.0000	0.0000	0.0000	0.9970	0.0000	0.0030	0.0000	0.0000	0.0000
0.0000	0.0000	0.0000	0.0000	0.0000	0.0000	0.0000	0.0000	1.0000	0.0000	0.0000	0.0000
0.0000	0.0000	0.0000	0.0000	0.0000	0.0000	1.0000	0.0000	0.0000	0.0000	0.0000	0.0000
0.0000	0.0000	0.0000	0.0000	0.0000	0.0000	0.0000	0.0000	1.0000	0.0000	0.0000	0.0000
0.0000	0.0001	0.9972	0.0000	0.0000	0.0023	0.0003	0.0000	0.0000	0.0000	0.0000	0.0000
0.0000	0.0001	0.9974	0.0000	0.0000	0.0002	0.0023	0.0000	0.0000	0.0000	0.0000	0.0000
0.0000	0.0000	0.0000	0.0000	0.0000	0.0000	1.0000	0.0000	0.0000	0.0000	0.0000	0.0000
0.0000	0.0000	0.0000	0.0000	0.0000	0.0000	0.0000	0.0000	1.0000	0.0000	0.0000	0.0000
0.0000	0.0000	0.0004	0.0000	0.0000	0.0000	0.9996	0.0000	0.0000	0.0000	0.0000	0.0000
0.0000	0.0000	0.0000	0.0000	0.0000	0.0000	0.0000	0.0000	1.0000	0.0000	0.0000	0.0000
0.0000	0.0000	0.0000	0.0000	0.0000	0.0000	0.0000	0.0000	1.0000	0.0000	0.0000	0.0000
0.0000	0.0000	0.0000	0.0000	0.0000	0.0000	1.0000	0.0000	0.0000	0.0000	0.0000	0.0000
0.0000	0.0000	0.0000	0.0000	0.0000	0.0000	0.0000	0.0000	1.0000	0.0000	0.0000	0.0000
0.0000	0.0000	0.0000	0.0000	0.0000	0.0000	0.0000	0.0000	1.0000	0.0000	0.0000	0.0000
0.0000	0.0001	0.9996	0.0000	0.0000	0.0001	0.0002	0.0000	0.0000	0.0000	0.0000	0.0000
0.0000	0.0000	0.0000	0.0000	0.0000	0.0000	1.0000	0.0000	0.0000	0.0000	0.0000	0.0000
0.0000	0.0000	0.0000	0.0000	0.0000	0.0000	0.0000	0.0000	1.0000	0.0000	0.0000	0.0000
0.0000	0.0000	0.0000	0.0000	0.0000	0.0000	1.0000	0.0000	0.0000	0.0000	0.0000	0.0000
0.0000	0.0000	0.0000	0.0000	0.0000	0.0000	0.9999	0.0000	0.0000	0.0000	0.0000	0.0000
