0.9999	0.0000	0.0000	0.0000	0.0000	0.0000	0.0000
1.0000	0.0000	0.0000	0.0000	0.0000	0.0000	0.0000
0.9999	0.0001	0.0000	0.0001	0.0000	0.0000	0.0000
0.9997	0.0001	0.0000	0.0000	0.0000	0.0002	0.0000
0.0597	0.8720	0.0000	0.0678	0.0000	0.0004	0.0001
0.0899	0.8466	0.0000	0.0633	0.0000	0.0002	0.0001
0.0013	0.9872	0.0000	0.0112	0.0000	0.0000	0.0003
0.0000	0.0000	0.9987	0.0000	0.0000	0.0000	0.0013
0.0000	0.0000	0.9999	0.0000	0.0000	0.0000	0.0001
0.0000	0.0000	0.0000	0.0000	0.9889	0.0000	0.0111
0.0000	0.0000	0.0001	0.0000	0.9913	0.0000	0.0086
0.0000	0.0000	0.0000	0.0000	0.9998	0.0000	0.0002
0.0000	0.0000	0.0000	0.0000	0.0000	1.0000	0.0000
0.0519	0.0024	0.0000	0.0010	0.0000	0.9447	0.0000
0.0122	0.0100	0.0000	0.0526	0.0000	0.9246	0.0006
0.0000	0.0000	0.0002	0.0000	0.0001	0.0000	0.9997
0.0000	0.0000	0.0001	0.0000	0.0000	0.0000	0.9999
0.9999	0.0001	0.0000	0.0000	0.0000	0.0000	0.0000
0.1722	0.8062	0.0000	0.0171	0.0000	0.0045	0.0001
0.0000	0.9999	0.0000	0.0000	0.0000	0.0000	0.0000
0.0000	0.0000	0.0000	1.0000	0.0000	0.0000	0.0000
0.0000	0.0000	0.0000	1.0000	0.0000	0.0000	0.0000
0.8206	0.0012	0.0000	0.1782	0.0000	0.0000	0.0000
0.0000	0.0000	0.0000	0.0000	0.9999	0.0000	0.0001
0.0000	0.0000	0.0000	0.0000	0.9998	0.0000	0.0002
0.0000	0.0000	0.0000	0.0000	0.9996	0.0000	0.0004
0.0000	0.0000	0.0000	0.0000	0.0000	1.0000	0.0000
0.0000	0.0000	0.0000	0.0000	0.0000	1.0000	0.0000
0.0000	0.0000	0.0000	0.0008	0.0000	0.0000	0.9991
0.0000	0.0000	0.0000	0.0002	0.0000	0.0000	0.9998
0.0000	0.9986	0.0000	0.0000	0.0000	0.0000	0.0014
0.0000	0.9999	0.0000	0.0000	0.0000	0.0000	0.0001
0.0000	0.0000	0.9997	0.0000	0.0000	0.0000	0.0003
0.0000	0.0000	0.9969	0.0000	0.0000	0.0000	0.0031
0.0000	0.0000	0.9754	0.0000	0.0000	0.0000	0.0246
0.0000	0.0000	0.0000	1.0000	0.0000	0.0000	0.0000
0.0000	0.0000	0.0000	1.0000	0.0000	0.0000	0.0000
0.0000	0.0001	0.0001	0.0000	0.0000	0.0000	0.9998
0.0000	0.0000	0.9997	0.0000	0.0000	0.0000	0.0003
0.0000	0.0034	0.0186	0.0000	0.0000	0.0000	0.9780
0.0000	0.0000	0.0000	1.0000	0.0000	0.0000	0.0000
0.0000	0.0000	0.0000	0.0000	0.0000	0.0000	1.0000
0.0013	0.0006	0.0000	0.9917	0.0000	0.0058	0.0006
0.0039	0.0051	0.0007	0.0000	0.0000	0.9902	0.0000
0.0003	0.2869	0.0446	0.0347	0.0022	0.0995	0.5317
0.0000	0.0016	0.0050	0.0002	0.0027	0.0001	0.9904
0.1953	0.8041	0.0000	0.0001	0.0000	0.0004	0.0000
0.0000	0.0000	0.0000	1.0000	0.0000	0.0000	0.0000
