1.0000	0.0000	0.0000	0.0000	0.0000	0.0000	0.0000
1.0000	0.0000	0.0000	0.0000	0.0000	0.0000	0.0000
0.9999	0.0000	0.0000	0.0000	0.0000	0.0000	0.0000
0.9994	0.0001	0.0000	0.0000	0.0000	0.0005	0.0000
0.0082	0.9670	0.0000	0.0239	0.0000	0.0009	0.0000
0.0123	0.9558	0.0000	0.0315	0.0000	0.0004	0.0000
0.0001	0.9942	0.0000	0.0055	0.0000	0.0001	0.0002
0.0000	0.0000	0.9969	0.0000	0.0001	0.0000	0.0030
0.0000	0.0000	0.9999	0.0000	0.0000	0.0000	0.0001
0.0000	0.0000	0.0000	0.0000	0.9923	0.0000	0.0077
0.0000	0.0000	0.0001	0.0000	0.9920	0.0000	0.0079
0.0000	0.0000	0.0000	0.0000	0.9998	0.0000	0.0002
0.0000	0.0000	0.0000	0.0000	0.0000	1.0000	0.0000
0.0394	0.0081	0.0000	0.0009	0.0000	0.9516	0.0000
0.0109	0.0439	0.0000	0.0631	0.0000	0.8819	0.0001
0.0000	0.0000	0.0001	0.0000	0.0001	0.0000	0.9998
0.0000	0.0000	0.0001	0.0000	0.0000	0.0000	0.9999
0.9998	0.0001	0.0000	0.0000	0.0000	0.0001	0.0000
0.0231	0.9580	0.0000	0.0123	0.0000	0.0065	0.0000
0.0000	0.9999	0.0000	0.0000	0.0000	0.0000	0.0000
0.0000	0.0000	0.0000	1.0000	0.0000	0.0000	0.0000
0.0000	0.0000	0.0000	1.0000	0.0000	0.0000	0.0000
0.4687	0.0010	0.0000	0.5303	0.0000	0.0000	0.0000
0.0000	0.0000	0.0000	0.0000	1.0000	0.0000	0.0000
0.0000	0.0000	0.0000	0.0000	0.9998	0.0000	0.0002
0.0000	0.0000	0.0000	0.0000	0.9999	0.0000	0.0001
0.0001	0.0000	0.0000	0.0000	0.0000	0.9998	0.0000
0.0000	0.0000	0.0000	0.0000	0.0000	1.0000	0.0000
0.0000	0.0000	0.0000	0.0000	0.0000	0.0000	1.0000
0.0000	0.0000	0.0000	0.0000	0.0000	0.0000	1.0000
0.0000	0.9980	0.0000	0.0000	0.0000	0.0000	0.0020
0.0000	0.9999	0.0000	0.0000	0.0000	0.0000	0.0001
0.0000	0.0000	0.9997	0.0000	0.0000	0.0000	0.0003
0.0000	0.0000	0.9993	0.0000	0.0000	0.0000	0.0007
0.0000	0.0000	0.9828	0.0000	0.0000	0.0000	0.0172
0.0000	0.0000	0.0000	1.0000	0.0000	0.0000	0.0000
0.0000	0.0000	0.0000	1.0000	0.0000	0.0000	0.0000
0.0000	0.0001	0.0001	0.0000	0.0000	0.0000	0.9999
0.0000	0.0000	1.0000	0.0000	0.0000	0.0000	0.0000
0.0000	0.0058	0.0945	0.0000	0.0000	0.0000	0.8997
0.0000	0.0000	0.0000	1.0000	0.0000	0.0000	0.0000
0.0000	0.0001	0.0000	0.0000	0.0000	0.0000	0.9999
0.0078	0.0053	0.0003	0.9788	0.0000	0.0076	0.0002
0.0103	0.0118	0.0001	0.0000	0.0000	0.9778	0.0000
0.0000	0.3950	0.0483	0.0007	0.0014	0.1639	0.3906
0.0000	0.0037	0.0029	0.0000	0.0017	0.0002	0.9914
0.2047	0.7943	0.0000	0.0004	0.0000	0.0006	0.0000
0.0000	0.0000	0.0000	1.0000	0.0000	0.0000	0.0000
