1.0000	0.0000	0.0000	0.0000	0.0000	0.0000	0.0000
1.0000	0.0000	0.0000	0.0000	0.0000	0.0000	0.0000
1.0000	0.0000	0.0000	0.0000	0.0000	0.0000	0.0000
1.0000	0.0000	0.0000	0.0000	0.0000	0.0000	0.0000
0.0148	0.9585	0.0000	0.0250	0.0000	0.0017	0.0001
0.0111	0.9692	0.0000	0.0190	0.0000	0.0007	0.0000
0.0001	0.9924	0.0000	0.0072	0.0000	0.0001	0.0001
0.0000	0.0000	0.9991	0.0000	0.0000	0.0000	0.0009
0.0000	0.0000	1.0000	0.0000	0.0000	0.0000	0.0000
0.0000	0.0000	0.0000	0.0000	0.9783	0.0000	0.0217
0.0000	0.0000	0.0004	0.0000	0.9808	0.0000	0.0188
0.0000	0.0000	0.0000	0.0000	0.9994	0.0000	0.0006
0.0000	0.0000	0.0000	0.0000	0.0000	0.9999	0.0000
0.0195	0.0124	0.0000	0.0036	0.0000	0.9644	0.0000
0.0054	0.0397	0.0000	0.2135	0.0000	0.7413	0.0002
0.0000	0.0000	0.0001	0.0000	0.0001	0.0000	0.9998
0.0000	0.0000	0.0000	0.0000	0.0000	0.0000	0.9999
1.0000	0.0000	0.0000	0.0000	0.0000	0.0000	0.0000
0.0545	0.9131	0.0000	0.0107	0.0000	0.0217	0.0000
0.0000	1.0000	0.0000	0.0000	0.0000	0.0000	0.0000
0.0000	0.0000	0.0000	1.0000	0.0000	0.0000	0.0000
0.0000	0.0000	0.0000	1.0000	0.0000	0.0000	0.0000
0.9387	0.0002	0.0001	0.0609	0.0000	0.0000	0.0000
0.0000	0.0000	0.0000	0.0000	0.9999	0.0000	0.0001
0.0000	0.0000	0.0000	0.0000	0.9995	0.0000	0.0005
0.0000	0.0000	0.0000	0.0000	0.9989	0.0000	0.0011
0.0000	0.0000	0.0000	0.0000	0.0000	1.0000	0.0000
0.0000	0.0000	0.0000	0.0000	0.0000	1.0000	0.0000
0.0000	0.0000	0.0000	0.0000	0.0000	0.0000	0.9999
0.0000	0.0000	0.0000	0.0000	0.0000	0.0000	1.0000
0.0000	0.9926	0.0000	0.0000	0.0000	0.0000	0.0074
0.0000	0.9999	0.0000	0.0000	0.0000	0.0000	0.0001
0.0000	0.0000	1.0000	0.0000	0.0000	0.0000	0.0000
0.0000	0.0000	1.0000	0.0000	0.0000	0.0000	0.0000
0.0000	0.0000	0.9930	0.0000	0.0000	0.0000	0.0070
0.0000	0.0000	0.0000	1.0000	0.0000	0.0000	0.0000
0.0000	0.0000	0.0000	1.0000	0.0000	0.0000	0.0000
0.0000	0.0001	0.0001	0.0000	0.0000	0.0000	0.9999
0.0000	0.0000	1.0000	0.0000	0.0000	0.0000	0.0000
0.0000	0.0001	0.1635	0.0000	0.0000	0.0000	0.8364
0.0000	0.0000	0.0000	1.0000	0.0000	0.0000	0.0000
0.0000	0.0001	0.0000	0.0000	0.0000	0.0000	0.9999
0.0022	0.0004	0.0012	0.9947	0.0000	0.0013	0.0002
0.0021	0.0138	0.0000	0.0000	0.0000	0.9841	0.0000
0.0003	0.2686	0.1271	0.0111	0.0054	0.0120	0.5756
0.0000	0.0051	0.0013	0.0002	0.0014	0.0000	0.9920
0.1933	0.8046	0.0001	0.0002	0.0000	0.0018	0.0000
0.0000	0.0000	0.0000	1.0000	0.0000	0.0000	0.0000
