1.0000	0.0000	0.0000	0.0000	0.0000	0.0000	0.0000
0.0012	0.9833	0.0000	0.0150	0.0000	0.0005	0.0000
0.0084	0.9180	0.0000	0.0703	0.0000	0.0033	0.0000
0.0018	0.6221	0.0000	0.0595	0.0000	0.3154	0.0013
0.0000	0.9949	0.0000	0.0049	0.0000	0.0001	0.0001
0.0000	0.0000	0.9988	0.0000	0.0001	0.0000	0.0011
0.0000	0.0000	0.9866	0.0000	0.0004	0.0000	0.0131
0.0000	0.0000	0.9977	0.0000	0.0004	0.0000	0.0018
0.0000	0.0000	0.9997	0.0000	0.0000	0.0000	0.0003
0.0000	0.0000	0.0000	1.0000	0.0000	0.0000	0.0000
0.0000	0.0000	0.0000	1.0000	0.0000	0.0000	0.0000
0.0000	0.0000	0.0000	0.0000	0.9993	0.0000	0.0007
0.0000	0.0000	0.0000	0.0000	0.9918	0.0000	0.0082
0.0000	0.0000	0.0000	0.0000	1.0000	0.0000	0.0000
0.0094	0.0001	0.0000	0.0009	0.0000	0.9895	0.0000
0.0043	0.0004	0.0000	0.0000	0.0000	0.9953	0.0000
0.0000	0.0000	0.0000	0.0000	0.0009	0.0000	0.9990
0.0000	0.0000	0.0000	0.0000	0.0002	0.0000	0.9998
1.0000	0.0000	0.0000	0.0000	0.0000	0.0000	0.0000
0.9994	0.0000	0.0000	0.0000	0.0000	0.0006	0.0000
0.0001	0.9948	0.0000	0.0024	0.0000	0.0026	0.0001
0.0000	0.0000	1.0000	0.0000	0.0000	0.0000	0.0000
0.0000	0.0000	0.0000	1.0000	0.0000	0.0000	0.0000
0.0000	0.0002	0.0000	0.9998	0.0000	0.0001	0.0000
0.0000	0.0000	0.0000	0.0000	0.9999	0.0000	0.0001
0.0000	0.0000	0.0000	0.0000	1.0000	0.0000	0.0000
0.0000	0.0000	0.0000	0.0000	0.0000	1.0000	0.0000
0.0000	0.0000	0.0000	0.0000	0.0000	1.0000	0.0000
0.0000	0.0000	0.0000	0.0000	0.0000	1.0000	0.0000
0.0000	0.0000	0.0000	0.0000	0.0000	0.0000	0.9999
0.0000	0.0000	0.0001	0.0000	0.0002	0.0000	0.9998
0.0000	0.0000	1.0000	0.0000	0.0000	0.0000	0.0000
0.0000	0.0001	0.0018	0.0000	0.0000	0.0000	0.9981
0.0000	0.0009	0.0259	0.0000	0.0000	0.0000	0.9731
0.0000	1.0000	0.0000	0.0000	0.0000	0.0000	0.0000
0.0000	0.0000	0.0000	1.0000	0.0000	0.0000	0.0000
0.0000	0.0001	0.0006	0.0000	0.0000	0.0000	0.9994
0.7110	0.1866	0.0000	0.0600	0.0000	0.0425	0.0000
0.0000	0.6727	0.2899	0.0083	0.0001	0.0100	0.0190
0.0000	0.0004	0.0487	0.9503	0.0000	0.0000	0.0006
0.0010	0.0852	0.0001	0.0009	0.0000	0.9116	0.0011
0.4726	0.0960	0.0000	0.3969	0.0000	0.0345	0.0000
0.0000	0.9974	0.0016	0.0004	0.0000	0.0000	0.0005
0.0000	0.3126	0.0622	0.0116	0.0023	0.3046	0.3068
0.0000	0.0000	0.0629	0.9368	0.0001	0.0000	0.0003
0.0000	0.0001	0.1635	0.8363	0.0000	0.0000	0.0002
0.0000	0.0000	0.0001	0.0000	0.9995	0.0000	0.0004
0.0000	0.0000	0.0001	0.0000	0.0001	0.0007	0.9991
