1.0000	0.0000	0.0000	0.0000	0.0000	0.0000	0.0000
0.0058	0.9066	0.0000	0.0847	0.0000	0.0027	0.0002
0.0309	0.7688	0.0000	0.1863	0.0000	0.0138	0.0002
0.0026	0.6193	0.0000	0.0218	0.0000	0.3539	0.0024
0.0000	0.9900	0.0000	0.0084	0.0000	0.0005	0.0011
0.0000	0.0000	0.9988	0.0000	0.0000	0.0000	0.0012
0.0000	0.0000	0.9880	0.0000	0.0000	0.0000	0.0120
0.0000	0.0000	0.9960	0.0000	0.0000	0.0000	0.0040
0.0000	0.0000	0.9996	0.0000	0.0000	0.0000	0.0004
0.0000	0.0000	0.0000	1.0000	0.0000	0.0000	0.0000
0.0000	0.0000	0.0000	1.0000	0.0000	0.0000	0.0000
0.0000	0.0000	0.0000	0.0000	0.9968	0.0000	0.0032
0.0000	0.0000	0.0000	0.0000	0.9832	0.0000	0.0168
0.0000	0.0000	0.0000	0.0000	1.0000	0.0000	0.0000
0.0171	0.0012	0.0000	0.0007	0.0000	0.9809	0.0000
0.0019	0.0003	0.0000	0.0000	0.0000	0.9978	0.0000
0.0000	0.0000	0.0000	0.0000	0.0003	0.0000	0.9997
0.0000	0.0000	0.0000	0.0000	0.0000	0.0000	0.9999
1.0000	0.0000	0.0000	0.0000	0.0000	0.0000	0.0000
0.9984	0.0000	0.0000	0.0001	0.0000	0.0015	0.0000
0.0003	0.9840	0.0000	0.0018	0.0000	0.0135	0.0004
0.0000	0.0000	1.0000	0.0000	0.0000	0.0000	0.0000
0.0000	0.0000	0.0000	1.0000	0.0000	0.0000	0.0000
0.0000	0.0003	0.0000	0.9997	0.0000	0.0000	0.0000
0.0000	0.0000	0.0000	0.0000	0.9992	0.0000	0.0008
0.0000	0.0000	0.0000	0.0000	1.0000	0.0000	0.0000
0.0000	0.0000	0.0000	0.0000	0.0000	1.0000	0.0000
0.0000	0.0000	0.0000	0.0000	0.0000	1.0000	0.0000
0.0000	0.0001	0.0000	0.0000	0.0000	0.9999	0.0000
0.0000	0.0000	0.0000	0.0000	0.0000	0.0000	1.0000
0.0000	0.0000	0.0003	0.0000	0.0000	0.0000	0.9997
0.0000	0.0000	1.0000	0.0000	0.0000	0.0000	0.0000
0.0000	0.0003	0.0042	0.0000	0.0000	0.0000	0.9954
0.0000	0.0011	0.0449	0.0000	0.0000	0.0000	0.9540
0.0000	1.0000	0.0000	0.0000	0.0000	0.0000	0.0000
0.0000	0.0000	0.0000	1.0000	0.0000	0.0000	0.0000
0.0000	0.0001	0.0011	0.0000	0.0000	0.0000	0.9988
0.7801	0.1028	0.0000	0.0995	0.0000	0.0176	0.0001
0.0003	0.5775	0.2047	0.0277	0.0009	0.0050	0.1839
0.0000	0.0000	0.1763	0.8199	0.0001	0.0000	0.0038
0.0020	0.1408	0.0000	0.0002	0.0000	0.8558	0.0013
0.5916	0.0192	0.0000	0.3840	0.0000	0.0052	0.0000
0.0000	0.9867	0.0018	0.0015	0.0000	0.0001	0.0100
0.0001	0.3087	0.0154	0.0035	0.0027	0.1077	0.5619
0.0000	0.0000	0.2108	0.7878	0.0000	0.0000	0.0014
0.0000	0.0000	0.5069	0.4921	0.0000	0.0000	0.0010
0.0000	0.0000	0.0000	0.0000	0.9981	0.0000	0.0019
0.0000	0.0003	0.0001	0.0000	0.0004	0.0010	0.9982
