1.0000	0.0000	0.0000	0.0000	0.0000	0.0000	0.0000
0.0068	0.9674	0.0000	0.0255	0.0000	0.0003	0.0000
0.0284	0.8927	0.0000	0.0770	0.0000	0.0018	0.0000
0.0182	0.4570	0.0000	0.0473	0.0000	0.4761	0.0016
0.0001	0.9875	0.0000	0.0118	0.0000	0.0002	0.0004
0.0000	0.0000	0.9987	0.0000	0.0000	0.0000	0.0013
0.0000	0.0000	0.9885	0.0000	0.0000	0.0000	0.0115
0.0000	0.0000	0.9967	0.0000	0.0000	0.0000	0.0033
0.0000	0.0000	0.9998	0.0000	0.0000	0.0000	0.0002
0.0000	0.0000	0.0000	1.0000	0.0000	0.0000	0.0000
0.0000	0.0000	0.0000	1.0000	0.0000	0.0000	0.0000
0.0000	0.0000	0.0000	0.0000	0.9965	0.0000	0.0035
0.0000	0.0000	0.0000	0.0000	0.9656	0.0000	0.0344
0.0000	0.0000	0.0000	0.0000	1.0000	0.0000	0.0000
0.0154	0.0003	0.0000	0.0008	0.0000	0.9835	0.0000
0.0027	0.0000	0.0000	0.0000	0.0000	0.9973	0.0000
0.0000	0.0000	0.0000	0.0000	0.0008	0.0000	0.9992
0.0000	0.0000	0.0000	0.0000	0.0001	0.0000	0.9999
0.9999	0.0000	0.0000	0.0000	0.0000	0.0000	0.0000
0.9993	0.0001	0.0000	0.0000	0.0000	0.0005	0.0000
0.0007	0.9932	0.0000	0.0028	0.0000	0.0028	0.0006
0.0000	0.0000	1.0000	0.0000	0.0000	0.0000	0.0000
0.0000	0.0000	0.0000	1.0000	0.0000	0.0000	0.0000
0.0000	0.0004	0.0000	0.9996	0.0000	0.0000	0.0000
0.0000	0.0000	0.0000	0.0000	0.9986	0.0000	0.0014
0.0000	0.0000	0.0000	0.0000	1.0000	0.0000	0.0000
0.0000	0.0000	0.0000	0.0000	0.0000	1.0000	0.0000
0.0000	0.0000	0.0000	0.0000	0.0000	1.0000	0.0000
0.0000	0.0000	0.0000	0.0000	0.0000	1.0000	0.0000
0.0000	0.0000	0.0000	0.0000	0.0000	0.0000	1.0000
0.0000	0.0000	0.0001	0.0000	0.0001	0.0000	0.9998
0.0000	0.0000	1.0000	0.0000	0.0000	0.0000	0.0000
0.0000	0.0005	0.0015	0.0000	0.0000	0.0000	0.9980
0.0000	0.0041	0.0201	0.0000	0.0000	0.0000	0.9759
0.0000	0.9999	0.0000	0.0000	0.0000	0.0000	0.0001
0.0000	0.0000	0.0000	1.0000	0.0000	0.0000	0.0000
0.0000	0.0002	0.0005	0.0000	0.0000	0.0000	0.9993
0.5683	0.3550	0.0000	0.0446	0.0000	0.0321	0.0001
0.0000	0.8074	0.1107	0.0219	0.0000	0.0047	0.0553
0.0000	0.0000	0.1236	0.8763	0.0000	0.0000	0.0000
0.0016	0.0878	0.0000	0.0005	0.0000	0.9036	0.0064
0.5182	0.2328	0.0000	0.2145	0.0000	0.0344	0.0001
0.0000	0.9902	0.0023	0.0021	0.0000	0.0000	0.0054
0.0000	0.3751	0.0118	0.0032	0.0004	0.1251	0.4842
0.0000	0.0000	0.0827	0.9173	0.0000	0.0000	0.0000
0.0000	0.0000	0.2005	0.7995	0.0000	0.0000	0.0000
0.0000	0.0000	0.0000	0.0000	0.9998	0.0000	0.0002
0.0000	0.0001	0.0000	0.0000	0.0003	0.0006	0.9989
