1.0000	0.0000	0.0000	0.0000	0.0000	0.0000	0.0000
0.0024	0.9541	0.0000	0.0418	0.0000	0.0016	0.0001
0.0140	0.8799	0.0000	0.0997	0.0000	0.0063	0.0001
0.0041	0.6531	0.0000	0.0450	0.0000	0.2956	0.0022
0.0000	0.9866	0.0000	0.0126	0.0000	0.0003	0.0005
0.0000	0.0000	0.9977	0.0000	0.0000	0.0000	0.0023
0.0000	0.0000	0.9762	0.0000	0.0000	0.0000	0.0238
0.0000	0.0000	0.9952	0.0000	0.0000	0.0000	0.0048
0.0000	0.0000	0.9996	0.0000	0.0000	0.0000	0.0004
0.0000	0.0000	0.0000	1.0000	0.0000	0.0000	0.0000
0.0000	0.0000	0.0000	1.0000	0.0000	0.0000	0.0000
0.0000	0.0000	0.0000	0.0000	0.9966	0.0001	0.0033
0.0000	0.0000	0.0000	0.0000	0.9014	0.0001	0.0984
0.0000	0.0000	0.0000	0.0000	0.9999	0.0001	0.0000
0.0177	0.0008	0.0000	0.0011	0.0000	0.9803	0.0000
0.0017	0.0001	0.0000	0.0000	0.0000	0.9982	0.0000
0.0000	0.0000	0.0000	0.0000	0.0007	0.0000	0.9992
0.0000	0.0000	0.0002	0.0000	0.0001	0.0000	0.9998
0.9999	0.0000	0.0000	0.0000	0.0000	0.0000	0.0000
0.9976	0.0001	0.0000	0.0000	0.0000	0.0023	0.0000
0.0003	0.9859	0.0000	0.0038	0.0000	0.0092	0.0008
0.0000	0.0000	1.0000	0.0000	0.0000	0.0000	0.0000
0.0000	0.0000	0.0000	1.0000	0.0000	0.0000	0.0000
0.0000	0.0010	0.0000	0.9990	0.0000	0.0000	0.0000
0.0000	0.0000	0.0000	0.0000	0.9977	0.0000	0.0023
0.0000	0.0000	0.0000	0.0000	0.9998	0.0002	0.0000
0.0000	0.0000	0.0000	0.0000	0.0001	0.9999	0.0000
0.0000	0.0000	0.0000	0.0000	0.0000	1.0000	0.0000
0.0002	0.0003	0.0000	0.0000	0.0000	0.9994	0.0000
0.0000	0.0000	0.0000	0.0000	0.0000	0.0000	0.9999
0.0000	0.0000	0.0004	0.0000	0.0000	0.0000	0.9996
0.0000	0.0000	1.0000	0.0000	0.0000	0.0000	0.0000
0.0000	0.0001	0.0010	0.0000	0.0000	0.0000	0.9988
0.0000	0.0005	0.0079	0.0000	0.0000	0.0000	0.9916
0.0000	0.9999	0.0000	0.0000	0.0000	0.0000	0.0001
0.0000	0.0000	0.0000	1.0000	0.0000	0.0000	0.0000
0.0000	0.0001	0.0004	0.0000	0.0000	0.0000	0.9995
0.6014	0.2699	0.0000	0.0370	0.0000	0.0916	0.0001
0.0001	0.4169	0.1999	0.0627	0.0003	0.0426	0.2776
0.0000	0.0000	0.1642	0.8358	0.0000	0.0000	0.0000
0.0041	0.1342	0.0000	0.0004	0.0000	0.8571	0.0042
0.5394	0.2083	0.0000	0.1714	0.0000	0.0808	0.0001
0.0000	0.9876	0.0007	0.0064	0.0000	0.0001	0.0053
0.0001	0.1865	0.0038	0.0011	0.0014	0.3106	0.4965
0.0000	0.0000	0.5740	0.4260	0.0000	0.0000	0.0000
0.0000	0.0000	0.4129	0.5871	0.0000	0.0000	0.0000
0.0000	0.0000	0.0000	0.0000	0.9992	0.0001	0.0006
0.0000	0.0002	0.0000	0.0000	0.0007	0.0010	0.9981
