1.0000	0.0000	0.0000	0.0000	0.0000	0.0000	0.0000
0.0000	0.9527	0.0000	0.0429	0.0000	0.0042	0.0001
0.0007	0.7878	0.0000	0.1828	0.0000	0.0287	0.0000
0.0001	0.7064	0.0000	0.0222	0.0000	0.2711	0.0002
0.0000	0.9975	0.0000	0.0022	0.0000	0.0002	0.0001
0.0000	0.0000	0.9994	0.0000	0.0000	0.0000	0.0006
0.0000	0.0000	0.9928	0.0000	0.0000	0.0000	0.0072
0.0000	0.0000	0.9964	0.0000	0.0000	0.0000	0.0036
0.0000	0.0000	0.9998	0.0000	0.0000	0.0000	0.0002
0.0000	0.0000	0.0000	1.0000	0.0000	0.0000	0.0000
0.0000	0.0000	0.0000	1.0000	0.0000	0.0000	0.0000
0.0000	0.0000	0.0000	0.0000	0.9992	0.0000	0.0008
0.0000	0.0000	0.0000	0.0000	0.9713	0.0000	0.0287
0.0000	0.0000	0.0000	0.0000	1.0000	0.0000	0.0000
0.0167	0.0006	0.0000	0.0009	0.0000	0.9818	0.0000
0.0001	0.0001	0.0000	0.0000	0.0000	0.9998	0.0000
0.0000	0.0000	0.0000	0.0000	0.0001	0.0000	0.9998
0.0000	0.0000	0.0000	0.0000	0.0000	0.0000	1.0000
1.0000	0.0000	0.0000	0.0000	0.0000	0.0000	0.0000
0.9980	0.0000	0.0000	0.0000	0.0000	0.0020	0.0000
0.0000	0.9810	0.0000	0.0014	0.0000	0.0174	0.0002
0.0000	0.0000	1.0000	0.0000	0.0000	0.0000	0.0000
0.0000	0.0000	0.0000	1.0000	0.0000	0.0000	0.0000
0.0000	0.0002	0.0000	0.9997	0.0000	0.0000	0.0000
0.0000	0.0000	0.0000	0.0000	0.9998	0.0000	0.0002
0.0000	0.0000	0.0000	0.0000	1.0000	0.0000	0.0000
0.0000	0.0000	0.0000	0.0000	0.0000	1.0000	0.0000
0.0004	0.0000	0.0000	0.0000	0.0000	0.9996	0.0000
0.0001	0.0002	0.0000	0.0000	0.0000	0.9997	0.0000
0.0000	0.0000	0.0000	0.0000	0.0000	0.0000	1.0000
0.0000	0.0000	0.0001	0.0000	0.0000	0.0000	0.9998
0.0000	0.0000	1.0000	0.0000	0.0000	0.0000	0.0000
0.0000	0.0001	0.0006	0.0000	0.0000	0.0000	0.9993
0.0000	0.0011	0.0085	0.0000	0.0000	0.0000	0.9904
0.0000	1.0000	0.0000	0.0000	0.0000	0.0000	0.0000
0.0000	0.0000	0.0000	1.0000	0.0000	0.0000	0.0000
0.0000	0.0001	0.0002	0.0000	0.0000	0.0000	0.9997
0.8006	0.1453	0.0000	0.0449	0.0000	0.0092	0.0000
0.0000	0.4850	0.4632	0.0021	0.0005	0.0003	0.0489
0.0000	0.0001	0.6807	0.3184	0.0004	0.0000	0.0003
0.0015	0.1274	0.0000	0.0001	0.0000	0.8707	0.0003
0.6695	0.0556	0.0000	0.2682	0.0000	0.0067	0.0000
0.0000	0.9967	0.0011	0.0003	0.0000	0.0000	0.0020
0.0000	0.5709	0.0084	0.0018	0.0010	0.0467	0.3711
0.0000	0.0000	0.6375	0.3618	0.0005	0.0000	0.0002
0.0000	0.0000	0.9822	0.0178	0.0000	0.0000	0.0000
0.0000	0.0000	0.0000	0.0000	0.9988	0.0000	0.0011
0.0000	0.0001	0.0000	0.0000	0.0001	0.0003	0.9996
