0.9999	0.0000	0.0000	0.0000	0.0000	0.0001	0.0000
0.0038	0.9875	0.0000	0.0081	0.0000	0.0002	0.0004
0.0172	0.9513	0.0000	0.0301	0.0000	0.0009	0.0003
0.0133	0.7973	0.0001	0.0925	0.0000	0.0909	0.0059
0.0000	0.9867	0.0000	0.0123	0.0000	0.0000	0.0009
0.0000	0.0000	0.9999	0.0000	0.0000	0.0000	0.0001
0.0000	0.0000	0.9990	0.0000	0.0000	0.0000	0.0010
0.0000	0.0000	0.9996	0.0000	0.0000	0.0000	0.0004
0.0000	0.0000	1.0000	0.0000	0.0000	0.0000	0.0000
0.0000	0.0000	0.0000	1.0000	0.0000	0.0000	0.0000
0.0000	0.0000	0.0000	1.0000	0.0000	0.0000	0.0000
0.0000	0.0000	0.0001	0.0000	0.9970	0.0001	0.0029
0.0000	0.0000	0.0000	0.0000	0.9675	0.0001	0.0323
0.0000	0.0000	0.0000	0.0000	0.9999	0.0001	0.0000
0.0363	0.0013	0.0000	0.0033	0.0001	0.9588	0.0001
0.0161	0.0006	0.0000	0.0000	0.0005	0.9825	0.0004
0.0000	0.0000	0.0001	0.0000	0.0004	0.0000	0.9995
0.0000	0.0000	0.0002	0.0000	0.0001	0.0000	0.9997
0.9995	0.0004	0.0000	0.0000	0.0000	0.0001	0.0000
0.9954	0.0011	0.0000	0.0002	0.0000	0.0034	0.0000
0.0019	0.9908	0.0000	0.0045	0.0000	0.0014	0.0014
0.0000	0.0000	1.0000	0.0000	0.0000	0.0000	0.0000
0.0000	0.0000	0.0000	1.0000	0.0000	0.0000	0.0000
0.0000	0.0004	0.0000	0.9996	0.0000	0.0000	0.0000
0.0000	0.0000	0.0000	0.0000	0.9982	0.0000	0.0018
0.0000	0.0000	0.0000	0.0000	0.9998	0.0002	0.0000
0.0000	0.0000	0.0000	0.0000	0.0000	0.9999	0.0000
0.0000	0.0000	0.0000	0.0000	0.0000	0.9999	0.0000
0.0004	0.0002	0.0000	0.0005	0.0000	0.9989	0.0000
0.0000	0.0000	0.0000	0.0000	0.0000	0.0000	0.9999
0.0000	0.0000	0.0005	0.0000	0.0000	0.0000	0.9995
0.0000	0.0000	1.0000	0.0000	0.0000	0.0000	0.0000
0.0000	0.0001	0.0004	0.0000	0.0000	0.0000	0.9995
0.0000	0.0007	0.0048	0.0000	0.0000	0.0000	0.9945
0.0000	0.9997	0.0000	0.0000	0.0000	0.0000	0.0003
0.0000	0.0000	0.0000	1.0000	0.0000	0.0000	0.0000
0.0000	0.0000	0.0002	0.0000	0.0000	0.0000	0.9998
0.7576	0.1479	0.0002	0.0164	0.0000	0.0773	0.0005
0.0086	0.3429	0.4694	0.0139	0.0027	0.0092	0.1534
0.0000	0.0001	0.1866	0.8132	0.0000	0.0000	0.0001
0.0211	0.0299	0.0000	0.0031	0.0000	0.9435	0.0023
0.6548	0.1457	0.0005	0.0723	0.0001	0.1258	0.0010
0.0004	0.9854	0.0028	0.0027	0.0000	0.0001	0.0087
0.0031	0.1838	0.0200	0.0038	0.0094	0.1396	0.6403
0.0000	0.0000	0.0467	0.9533	0.0000	0.0000	0.0000
0.0000	0.0000	0.3277	0.6722	0.0000	0.0000	0.0000
0.0000	0.0000	0.0000	0.0000	0.9969	0.0011	0.0019
0.0000	0.0001	0.0000	0.0000	0.0004	0.0006	0.9988
