0.9999	0.0000	0.0000	0.0000	0.0000	0.0001	0.0000
0.7236	0.0085	0.0000	0.0006	0.0000	0.2672	0.0000
0.9936	0.0060	0.0003	0.0000	0.0000	0.0002	0.0000
0.0002	0.9994	0.0001	0.0002	0.0000	0.0000	0.0001
0.0000	0.0000	0.9994	0.0000	0.0000	0.0000	0.0006
0.0009	0.0180	0.0000	0.9730	0.0000	0.0076	0.0006
0.0000	0.0000	0.0001	0.0000	0.9853	0.0000	0.0147
0.0000	0.0000	0.0000	0.0000	1.0000	0.0000	0.0000
0.0892	0.0342	0.0000	0.0035	0.0000	0.8728	0.0003
0.0061	0.0153	0.0000	0.0002	0.0000	0.9783	0.0001
0.0000	0.0001	0.0000	0.0000	0.0000	0.0000	0.9999
0.0000	0.0001	0.0000	0.0000	0.0000	0.0000	0.9998
0.9911	0.0080	0.0001	0.0000	0.0000	0.0008	0.0000
0.9736	0.0239	0.0001	0.0001	0.0000	0.0023	0.0000
0.0000	0.9963	0.0028	0.0001	0.0000	0.0000	0.0008
0.0000	0.9999	0.0001	0.0000	0.0000	0.0000	0.0000
0.0000	0.0000	1.0000	0.0000	0.0000	0.0000	0.0000
0.0000	0.0000	0.0000	1.0000	0.0000	0.0000	0.0000
0.0000	0.0451	0.0000	0.9532	0.0000	0.0002	0.0015
0.6674	0.0555	0.0003	0.1784	0.0000	0.0980	0.0004
0.0000	0.0000	0.0000	0.0000	0.9985	0.0000	0.0015
0.0001	0.0001	0.0000	0.0000	0.0000	0.9997	0.0000
0.0001	0.0001	0.0000	0.0010	0.0000	0.9988	0.0000
0.0006	0.0079	0.0000	0.0025	0.0000	0.9886	0.0003
0.0000	0.0001	0.0000	0.0000	0.0000	0.0000	0.9999
0.0000	0.0000	0.0000	0.0000	0.0000	0.0000	1.0000
0.0000	0.9999	0.0000	0.0000	0.0000	0.0000	0.0001
0.0000	0.9998	0.0000	0.0000	0.0000	0.0000	0.0002
0.0000	0.9998	0.0000	0.0000	0.0000	0.0000	0.0002
0.0000	0.0000	1.0000	0.0000	0.0000	0.0000	0.0000
0.0000	0.0000	0.9999	0.0000	0.0000	0.0000	0.0000
0.0000	0.0000	0.9990	0.0000	0.0000	0.0000	0.0009
0.0000	0.0000	0.0000	1.0000	0.0000	0.0000	0.0000
0.0000	0.9988	0.0000	0.0000	0.0000	0.0000	0.0012
0.0000	0.0000	0.0000	0.9999	0.0000	0.0000	0.0000
0.0000	0.0009	0.0002	0.0000	0.0000	0.0000	0.9990
0.0000	0.0008	0.0001	0.0000	0.0000	0.0000	0.9992
0.0000	0.0004	0.0000	0.0000	0.0000	0.0000	0.9996
0.9924	0.0053	0.0000	0.0000	0.0000	0.0023	0.0000
0.0006	0.0002	0.9982	0.0000	0.0011	0.0000	0.0000
0.0000	0.0006	0.0034	0.9951	0.0001	0.0000	0.0008
0.0005	0.0039	0.0001	0.9726	0.0001	0.0191	0.0037
0.0000	0.0000	0.0081	0.0001	0.9752	0.0000	0.0166
0.0019	0.0189	0.0000	0.0003	0.0000	0.9781	0.0008
0.0025	0.0835	0.0018	0.0012	0.0014	0.0428	0.8668
0.0307	0.7769	0.0311	0.0014	0.0006	0.0107	0.1485
0.0000	0.0000	0.0015	0.0007	0.4007	0.0000	0.5970
0.0000	0.0000	0.0010	0.0000	0.9984	0.0000	0.0007
