0.9990	0.0000	0.0000	0.0000	0.0000	0.0010	0.0000
0.0004	0.9954	0.0000	0.0034	0.0000	0.0008	0.0000
0.0000	0.9991	0.0000	0.0008	0.0000	0.0001	0.0000
0.0000	0.0000	1.0000	0.0000	0.0000	0.0000	0.0000
0.0000	0.0000	0.0000	1.0000	0.0000	0.0000	0.0000
0.0021	0.0037	0.0000	0.9933	0.0000	0.0008	0.0000
0.0000	0.0000	0.0001	0.0000	0.9974	0.0000	0.0024
0.0000	0.0000	0.0000	0.0000	1.0000	0.0000	0.0000
0.0000	0.0000	0.0000	0.0000	0.9999	0.0000	0.0000
0.0024	0.0129	0.0000	0.0000	0.0000	0.9846	0.0000
0.0000	0.0006	0.0000	0.0000	0.0000	0.0000	0.9994
0.0000	0.0004	0.0001	0.0000	0.0001	0.0000	0.9994
0.9996	0.0000	0.0000	0.0000	0.0000	0.0003	0.0000
0.0033	0.9884	0.0000	0.0034	0.0000	0.0049	0.0000
0.0001	0.9923	0.0001	0.0074	0.0000	0.0001	0.0001
0.0000	1.0000	0.0000	0.0000	0.0000	0.0000	0.0000
0.0000	0.0000	1.0000	0.0000	0.0000	0.0000	0.0000
0.0000	0.0119	0.0000	0.9879	0.0000	0.0001	0.0000
0.0001	0.0002	0.0000	0.9996	0.0000	0.0000	0.0000
0.0000	0.0000	0.0000	0.0000	0.9999	0.0000	0.0000
0.0000	0.0000	0.0000	0.0000	0.9998	0.0000	0.0002
0.0001	0.0002	0.0000	0.0000	0.0000	0.9996	0.0000
0.0000	0.0000	0.0000	0.0000	0.0000	1.0000	0.0000
0.0708	0.0003	0.0000	0.0001	0.0000	0.9288	0.0000
0.1223	0.0002	0.0000	0.0001	0.0000	0.8774	0.0000
0.0000	0.0001	0.0199	0.0000	0.0005	0.0000	0.9795
0.0000	0.0000	1.0000	0.0000	0.0000	0.0000	0.0000
0.0000	0.0000	0.0000	1.0000	0.0000	0.0000	0.0000
0.0000	1.0000	0.0000	0.0000	0.0000	0.0000	0.0000
0.0000	0.0001	0.9998	0.0000	0.0000	0.0000	0.0000
0.0000	0.0000	1.0000	0.0000	0.0000	0.0000	0.0000
0.0000	0.0000	0.0000	1.0000	0.0000	0.0000	0.0000
0.0000	0.0461	0.0348	0.0001	0.0001	0.0000	0.9190
0.0000	0.0251	0.0083	0.0000	0.0000	0.0000	0.9666
0.0000	0.2901	0.0385	0.0003	0.0000	0.0000	0.6711
0.0000	0.9861	0.0019	0.0028	0.0000	0.0093	0.0000
0.0000	0.9756	0.0108	0.0017	0.0000	0.0114	0.0005
0.0000	0.0029	0.9912	0.0003	0.0009	0.0000	0.0047
0.0000	0.0002	0.9987	0.0000	0.0001	0.0000	0.0010
0.0000	0.0000	0.0002	0.9998	0.0000	0.0000	0.0000
0.0001	0.0353	0.0002	0.0002	0.0000	0.9640	0.0001
0.0000	0.2413	0.0372	0.0003	0.0004	0.0552	0.6656
0.0000	0.9921	0.0002	0.0002	0.0000	0.0075	0.0000
0.0000	0.9910	0.0011	0.0060	0.0000	0.0018	0.0000
0.0000	0.9766	0.0001	0.0004	0.0000	0.0228	0.0000
0.0000	0.0000	0.0000	1.0000	0.0000	0.0000	0.0000
0.0000	0.0000	0.0001	0.0000	0.9999	0.0000	0.0000
0.0000	0.0083	0.0077	0.0001	0.0012	0.0080	0.9748
