0.9994	0.0000	0.0000	0.0000	0.0000	0.0006	0.0000
0.0000	0.9710	0.0000	0.0253	0.0000	0.0036	0.0001
0.0000	0.9936	0.0000	0.0058	0.0000	0.0005	0.0001
0.0000	0.0000	1.0000	0.0000	0.0000	0.0000	0.0000
0.0000	0.0000	0.0000	1.0000	0.0000	0.0000	0.0000
0.0000	0.0007	0.0000	0.9991	0.0000	0.0001	0.0000
0.0000	0.0000	0.0000	0.0000	0.9992	0.0000	0.0008
0.0000	0.0000	0.0000	0.0000	1.0000	0.0000	0.0000
0.0000	0.0000	0.0000	0.0000	1.0000	0.0000	0.0000
0.0018	0.0010	0.0000	0.0000	0.0000	0.9971	0.0000
0.0000	0.0000	0.0000	0.0000	0.0000	0.0000	1.0000
0.0000	0.0000	0.0000	0.0000	0.0001	0.0000	0.9999
0.9999	0.0000	0.0000	0.0000	0.0000	0.0001	0.0000
0.0001	0.9312	0.0000	0.0150	0.0000	0.0537	0.0001
0.0000	0.8473	0.0004	0.1517	0.0000	0.0002	0.0005
0.0000	1.0000	0.0000	0.0000	0.0000	0.0000	0.0000
0.0000	0.0000	1.0000	0.0000	0.0000	0.0000	0.0000
0.0000	0.0025	0.0000	0.9975	0.0000	0.0000	0.0000
0.0000	0.0000	0.0000	1.0000	0.0000	0.0000	0.0000
0.0000	0.0000	0.0000	0.0000	1.0000	0.0000	0.0000
0.0000	0.0000	0.0000	0.0000	1.0000	0.0000	0.0000
0.0000	0.0001	0.0000	0.0000	0.0000	0.9999	0.0000
0.0000	0.0001	0.0000	0.0000	0.0000	0.9999	0.0000
0.0508	0.0000	0.0000	0.0000	0.0000	0.9492	0.0000
0.1460	0.0000	0.0000	0.0000	0.0000	0.8540	0.0000
0.0000	0.0000	0.0072	0.0000	0.0004	0.0000	0.9924
0.0000	0.0000	1.0000	0.0000	0.0000	0.0000	0.0000
0.0000	0.0000	0.0000	1.0000	0.0000	0.0000	0.0000
0.0000	1.0000	0.0000	0.0000	0.0000	0.0000	0.0000
0.0000	0.0000	0.9998	0.0000	0.0000	0.0000	0.0002
0.0000	0.0000	1.0000	0.0000	0.0000	0.0000	0.0000
0.0000	0.0000	0.0000	1.0000	0.0000	0.0000	0.0000
0.0000	0.0017	0.0015	0.0000	0.0000	0.0000	0.9968
0.0000	0.0010	0.0006	0.0000	0.0000	0.0000	0.9984
0.0000	0.0116	0.0018	0.0000	0.0000	0.0000	0.9866
0.0000	0.9750	0.0116	0.0005	0.0000	0.0129	0.0000
0.0000	0.8873	0.0855	0.0005	0.0000	0.0221	0.0045
0.0000	0.0001	0.9964	0.0001	0.0001	0.0000	0.0032
0.0000	0.0000	0.9996	0.0000	0.0000	0.0000	0.0004
0.0000	0.0000	0.0001	0.9999	0.0000	0.0000	0.0000
0.0000	0.0053	0.0000	0.0000	0.0000	0.9947	0.0000
0.0000	0.0715	0.0464	0.0000	0.0000	0.0642	0.8179
0.0000	0.9476	0.0003	0.0000	0.0000	0.0521	0.0000
0.0000	0.9874	0.0087	0.0024	0.0000	0.0014	0.0001
0.0000	0.8175	0.0001	0.0000	0.0000	0.1823	0.0000
0.0000	0.0000	0.0000	1.0000	0.0000	0.0000	0.0000
0.0000	0.0000	0.0000	0.0000	1.0000	0.0000	0.0000
0.0000	0.0027	0.0082	0.0000	0.0002	0.0096	0.9793
