0.9999	0.0000	0.0000	0.0000	0.0000	0.0001	0.0000
0.9975	0.0023	0.0000	0.0000	0.0000	0.0001	0.0000
0.0001	0.7232	0.0000	0.1179	0.0000	0.1587	0.0002
0.0000	0.9854	0.0000	0.0141	0.0000	0.0001	0.0005
0.0000	0.0000	1.0000	0.0000	0.0000	0.0000	0.0000
0.0000	0.0000	1.0000	0.0000	0.0000	0.0000	0.0000
0.0000	0.0000	0.9998	0.0000	0.0000	0.0000	0.0002
0.0000	0.0000	0.0000	0.0000	0.9940	0.0000	0.0060
0.0000	0.0000	0.0005	0.0000	0.9901	0.0000	0.0094
0.0000	0.0000	0.0000	0.0000	0.9999	0.0000	0.0001
0.0100	0.0017	0.0000	0.0008	0.0000	0.9875	0.0000
0.0000	0.0000	0.0000	0.0000	0.0000	0.0000	0.9999
0.9969	0.0031	0.0000	0.0000	0.0000	0.0000	0.0000
0.0737	0.0208	0.0000	0.0053	0.0000	0.9003	0.0000
0.9460	0.0198	0.0000	0.0000	0.0000	0.0342	0.0000
0.0000	0.9985	0.0014	0.0000	0.0000	0.0000	0.0002
0.0000	0.0000	1.0000	0.0000	0.0000	0.0000	0.0000
0.0000	0.0000	1.0000	0.0000	0.0000	0.0000	0.0000
0.0000	0.0000	0.0000	1.0000	0.0000	0.0000	0.0000
0.0000	0.0002	0.0000	0.9997	0.0000	0.0000	0.0000
0.0000	0.0000	0.0000	0.0000	0.9999	0.0000	0.0001
0.0000	0.0000	0.0000	0.0000	1.0000	0.0000	0.0000
0.0018	0.0000	0.0000	0.0000	0.0000	0.9982	0.0000
0.0000	0.0000	0.0000	0.0001	0.0000	0.9999	0.0000
0.0000	0.0000	0.0006	0.0000	0.0001	0.0000	0.9993
0.0000	0.9999	0.0000	0.0000	0.0000	0.0000	0.0001
0.0000	0.9999	0.0000	0.0000	0.0000	0.0000	0.0001
0.0000	0.0000	0.0000	1.0000	0.0000	0.0000	0.0000
0.0000	0.0000	0.0000	1.0000	0.0000	0.0000	0.0000
0.0000	0.0000	0.0000	1.0000	0.0000	0.0000	0.0000
0.0000	0.0570	0.0022	0.0000	0.0000	0.0000	0.9408
0.0000	0.0583	0.0000	0.0000	0.0000	0.0000	0.9417
0.0000	0.9992	0.0000	0.0000	0.0000	0.0000	0.0008
0.0000	0.9993	0.0000	0.0000	0.0000	0.0000	0.0007
0.0000	0.1180	0.5171	0.0000	0.0000	0.0000	0.3649
0.0000	0.0000	0.0000	1.0000	0.0000	0.0000	0.0000
0.0000	0.0026	0.0001	0.0000	0.0000	0.0000	0.9974
0.0000	0.0003	0.0000	0.0000	0.0000	0.0000	0.9996
0.5329	0.4208	0.0427	0.0000	0.0000	0.0036	0.0000
0.0000	0.0002	0.0000	0.9994	0.0000	0.0004	0.0000
0.0084	0.0634	0.0000	0.0063	0.0000	0.9216	0.0002
0.0012	0.6023	0.0174	0.0185	0.0013	0.1274	0.2318
0.0000	0.0460	0.8818	0.0044	0.0034	0.0000	0.0644
0.0000	0.0000	0.0000	1.0000	0.0000	0.0000	0.0000
0.0000	0.0000	0.0003	0.0000	0.9995	0.0000	0.0002
0.0005	0.0012	0.0000	0.0076	0.0000	0.9908	0.0000
0.0003	0.0004	0.0000	0.0076	0.0000	0.9917	0.0000
0.0000	0.0079	0.0002	0.0216	0.0012	0.0020	0.9670
