0.9998	0.0000	0.0001	0.0000	0.0000	0.0001	0.0000
0.7990	0.0114	0.0001	0.0039	0.0000	0.1855	0.0000
0.9950	0.0012	0.0002	0.0001	0.0000	0.0035	0.0000
0.0002	0.9946	0.0000	0.0042	0.0000	0.0006	0.0004
0.0000	0.9736	0.0000	0.0256	0.0000	0.0004	0.0004
0.0000	0.9715	0.0000	0.0282	0.0000	0.0000	0.0003
0.0000	0.0000	1.0000	0.0000	0.0000	0.0000	0.0000
0.0000	0.0000	0.9984	0.0000	0.0000	0.0000	0.0016
0.0000	0.0000	0.0000	0.0000	1.0000	0.0000	0.0000
0.0009	0.0764	0.0000	0.2805	0.0000	0.6420	0.0002
0.0000	0.0000	0.0000	0.0000	0.9926	0.0000	0.0074
0.0000	0.0005	0.0001	0.0001	0.0001	0.0000	0.9992
0.0000	0.0002	0.0001	0.0000	0.0000	0.0000	0.9997
0.9930	0.0013	0.0001	0.0000	0.0000	0.0055	0.0000
0.9919	0.0022	0.0002	0.0000	0.0000	0.0056	0.0000
0.0000	0.0000	1.0000	0.0000	0.0000	0.0000	0.0000
0.0000	0.0000	1.0000	0.0000	0.0000	0.0000	0.0000
0.0000	0.0000	0.0000	1.0000	0.0000	0.0000	0.0000
0.0000	0.0012	0.0000	0.9988	0.0000	0.0000	0.0000
0.2333	0.0116	0.0020	0.7417	0.0000	0.0112	0.0001
0.0000	0.0015	0.0000	0.9985	0.0000	0.0000	0.0000
0.0000	0.0000	0.0000	0.0000	0.9999	0.0000	0.0001
0.0001	0.0002	0.0000	0.0001	0.0000	0.9996	0.0000
0.0000	0.0000	0.0000	0.0001	0.0000	0.9999	0.0000
0.0004	0.0026	0.0000	0.0016	0.0000	0.9955	0.0000
0.0011	0.0001	0.0000	0.0000	0.0000	0.9988	0.0000
0.0000	0.0000	0.0006	0.0000	0.0000	0.0000	0.9994
0.0000	1.0000	0.0000	0.0000	0.0000	0.0000	0.0000
0.0000	1.0000	0.0000	0.0000	0.0000	0.0000	0.0000
0.0000	0.0000	0.0000	1.0000	0.0000	0.0000	0.0000
0.0000	0.0000	0.0000	0.0000	0.0000	0.0000	0.9999
0.0000	0.0393	0.0000	0.0000	0.0000	0.0000	0.9607
0.0000	0.0000	0.9998	0.0000	0.0000	0.0000	0.0002
0.0000	0.0023	0.0691	0.0000	0.0000	0.0000	0.9286
0.0000	0.0000	0.9998	0.0000	0.0000	0.0000	0.0002
0.0000	0.0000	0.0000	1.0000	0.0000	0.0000	0.0000
0.8256	0.0082	0.1647	0.0003	0.0000	0.0006	0.0005
0.2119	0.6544	0.0940	0.0051	0.0000	0.0115	0.0230
0.0000	0.0078	0.0234	0.0000	0.0001	0.0000	0.9688
0.0000	0.0001	0.0000	0.9999	0.0000	0.0000	0.0000
0.0000	0.0000	1.0000	0.0000	0.0000	0.0000	0.0000
0.0000	0.0000	0.9997	0.0000	0.0000	0.0000	0.0002
0.0018	0.0248	0.0000	0.0011	0.0000	0.9722	0.0001
0.0023	0.0476	0.0271	0.0019	0.0022	0.0055	0.9133
0.0000	0.0003	0.0006	0.0000	0.0010	0.0000	0.9982
0.0000	0.0000	0.0000	1.0000	0.0000	0.0000	0.0000
0.0000	0.0000	0.9774	0.0010	0.0007	0.0000	0.0208
0.0000	0.0000	1.0000	0.0000	0.0000	0.0000	0.0000
