0.9999	0.0000	0.0001	0.0000	0.0000	0.0000	0.0000
0.9555	0.0013	0.0000	0.0001	0.0000	0.0430	0.0000
0.9997	0.0001	0.0001	0.0000	0.0000	0.0001	0.0000
0.0006	0.9968	0.0000	0.0018	0.0000	0.0004	0.0004
0.0000	0.9902	0.0000	0.0094	0.0000	0.0002	0.0002
0.0000	0.9868	0.0000	0.0131	0.0000	0.0000	0.0001
0.0000	0.0000	1.0000	0.0000	0.0000	0.0000	0.0000
0.0000	0.0000	0.9996	0.0000	0.0000	0.0000	0.0004
0.0000	0.0000	0.0000	0.0000	1.0000	0.0000	0.0000
0.0002	0.0266	0.0000	0.1190	0.0000	0.8542	0.0000
0.0000	0.0000	0.0000	0.0000	0.9923	0.0000	0.0077
0.0000	0.0000	0.0001	0.0000	0.0000	0.0000	0.9999
0.0000	0.0000	0.0000	0.0000	0.0000	0.0000	1.0000
0.9996	0.0001	0.0000	0.0000	0.0000	0.0003	0.0000
0.9995	0.0002	0.0000	0.0000	0.0000	0.0004	0.0000
0.0000	0.0000	1.0000	0.0000	0.0000	0.0000	0.0000
0.0000	0.0000	1.0000	0.0000	0.0000	0.0000	0.0000
0.0000	0.0000	0.0000	1.0000	0.0000	0.0000	0.0000
0.0000	0.0012	0.0000	0.9988	0.0000	0.0000	0.0000
0.9056	0.0052	0.0008	0.0834	0.0000	0.0043	0.0007
0.0000	0.0018	0.0000	0.9982	0.0000	0.0000	0.0000
0.0000	0.0000	0.0000	0.0000	0.9999	0.0000	0.0001
0.0000	0.0000	0.0000	0.0000	0.0000	0.9999	0.0000
0.0000	0.0000	0.0000	0.0002	0.0000	0.9998	0.0000
0.0000	0.0011	0.0000	0.0015	0.0000	0.9974	0.0000
0.0005	0.0000	0.0000	0.0000	0.0000	0.9995	0.0000
0.0000	0.0000	0.0010	0.0000	0.0002	0.0000	0.9987
0.0000	1.0000	0.0000	0.0000	0.0000	0.0000	0.0000
0.0000	1.0000	0.0000	0.0000	0.0000	0.0000	0.0000
0.0000	0.0000	0.0000	1.0000	0.0000	0.0000	0.0000
0.0000	0.0000	0.0000	0.0000	0.0000	0.0000	1.0000
0.0000	0.0576	0.0000	0.0000	0.0000	0.0000	0.9424
0.0000	0.0000	1.0000	0.0000	0.0000	0.0000	0.0000
0.0000	0.0002	0.0269	0.0000	0.0000	0.0000	0.9729
0.0000	0.0000	0.9997	0.0000	0.0000	0.0000	0.0003
0.0000	0.0000	0.0000	1.0000	0.0000	0.0000	0.0000
0.8891	0.0001	0.1108	0.0000	0.0000	0.0000	0.0000
0.7522	0.0818	0.1610	0.0002	0.0000	0.0001	0.0048
0.0001	0.0014	0.3397	0.0000	0.0003	0.0000	0.6585
0.0000	0.0001	0.0069	0.9898	0.0000	0.0000	0.0033
0.0000	0.0000	1.0000	0.0000	0.0000	0.0000	0.0000
0.0000	0.0000	0.9999	0.0000	0.0000	0.0000	0.0001
0.0073	0.0200	0.0000	0.0007	0.0000	0.9720	0.0000
0.2176	0.0333	0.1058	0.0028	0.0008	0.0003	0.6395
0.0000	0.0002	0.0011	0.0000	0.0013	0.0000	0.9974
0.0000	0.0000	0.0001	0.9997	0.0000	0.0000	0.0002
0.0004	0.0000	0.9922	0.0002	0.0001	0.0000	0.0071
0.0000	0.0000	1.0000	0.0000	0.0000	0.0000	0.0000
