1.0000	0.0000	0.0000	0.0000	0.0000	0.0000	0.0000
1.0000	0.0000	0.0000	0.0000	0.0000	0.0000	0.0000
0.9982	0.0000	0.0000	0.0005	0.0001	0.0009	0.0004
0.9994	0.0000	0.0000	0.0000	0.0001	0.0003	0.0002
0.0623	0.3366	0.0000	0.5072	0.0000	0.0879	0.0059
0.1223	0.3040	0.0000	0.5234	0.0000	0.0481	0.0023
0.0027	0.9148	0.0000	0.0767	0.0000	0.0056	0.0002
0.0000	0.0000	0.9777	0.0000	0.0001	0.0000	0.0222
0.0000	0.0000	1.0000	0.0000	0.0000	0.0000	0.0000
0.0000	0.0000	0.0000	0.0000	0.9990	0.0000	0.0010
0.0000	0.0000	0.0002	0.0000	0.9975	0.0000	0.0023
0.0000	0.0000	0.0000	0.0000	0.9998	0.0000	0.0002
0.4726	0.0000	0.0000	0.1330	0.0000	0.3943	0.0001
0.0525	0.0343	0.0000	0.1445	0.0000	0.7686	0.0001
0.0071	0.0204	0.0000	0.7514	0.0000	0.2211	0.0000
0.0000	0.0000	0.0000	0.0000	0.0000	0.0000	1.0000
0.0000	0.0003	0.0000	0.0001	0.0002	0.0004	0.9991
0.9998	0.0000	0.0000	0.0000	0.0000	0.0001	0.0000
0.3006	0.1769	0.0000	0.3753	0.0000	0.1457	0.0015
0.0001	0.9994	0.0000	0.0005	0.0000	0.0000	0.0000
0.0000	0.0000	0.0000	0.9999	0.0001	0.0000	0.0000
0.0000	0.0000	0.0000	0.9999	0.0001	0.0000	0.0000
0.0042	0.0063	0.0000	0.9855	0.0001	0.0001	0.0038
0.0000	0.0000	0.0000	0.0000	0.9999	0.0000	0.0001
0.0000	0.0000	0.0000	0.0000	0.9988	0.0000	0.0012
0.0000	0.0000	0.0000	0.0000	0.9995	0.0000	0.0005
0.0001	0.0000	0.0000	0.0000	0.0000	0.9999	0.0000
0.0011	0.0000	0.0074	0.0000	0.0000	0.9915	0.0000
0.0000	0.0007	0.0000	0.0002	0.0006	0.0000	0.9985
0.0000	0.0000	0.0000	0.0000	0.0001	0.0000	0.9998
0.0000	0.9902	0.0001	0.0000	0.0000	0.0092	0.0005
0.0000	0.9998	0.0000	0.0000	0.0000	0.0002	0.0000
0.0000	0.0000	1.0000	0.0000	0.0000	0.0000	0.0000
0.0000	0.0000	0.9972	0.0000	0.0006	0.0006	0.0016
0.0000	0.0000	0.9918	0.0000	0.0035	0.0000	0.0046
0.0000	0.0000	0.0000	1.0000	0.0000	0.0000	0.0000
0.0000	0.0000	0.0000	1.0000	0.0000	0.0000	0.0000
0.0000	0.0003	0.0000	0.0000	0.0003	0.0000	0.9994
0.0000	0.0002	0.9841	0.0000	0.0138	0.0000	0.0019
0.0000	0.0031	0.1332	0.0000	0.1231	0.0002	0.7404
0.0000	0.0000	0.0000	1.0000	0.0000	0.0000	0.0000
0.0000	0.0004	0.0000	0.0000	0.0000	0.0000	0.9995
0.0001	0.0018	0.5630	0.4075	0.0000	0.0009	0.0266
0.0035	0.0727	0.0004	0.0000	0.0000	0.9233	0.0000
0.0315	0.0126	0.0869	0.0000	0.0000	0.6773	0.1917
0.0000	0.0006	0.0004	0.0000	0.0000	0.0000	0.9990
0.6462	0.3512	0.0000	0.0000	0.0000	0.0026	0.0000
0.0000	0.0000	0.0000	1.0000	0.0000	0.0000	0.0000
