1.0000	0.0000	0.0000	0.0000	0.0000	0.0000	0.0000
1.0000	0.0000	0.0000	0.0000	0.0000	0.0000	0.0000
0.9999	0.0000	0.0000	0.0000	0.0000	0.0000	0.0000
1.0000	0.0000	0.0000	0.0000	0.0000	0.0000	0.0000
0.0402	0.5010	0.0000	0.4316	0.0000	0.0264	0.0008
0.0552	0.3422	0.0000	0.5940	0.0000	0.0085	0.0000
0.0001	0.8771	0.0000	0.1220	0.0000	0.0007	0.0000
0.0000	0.0000	0.9944	0.0000	0.0001	0.0000	0.0055
0.0000	0.0000	1.0000	0.0000	0.0000	0.0000	0.0000
0.0000	0.0000	0.0000	0.0000	0.9929	0.0000	0.0071
0.0000	0.0000	0.0001	0.0000	0.9165	0.0000	0.0835
0.0000	0.0000	0.0000	0.0000	0.9989	0.0000	0.0011
0.2257	0.0000	0.0000	0.7609	0.0000	0.0134	0.0000
0.0078	0.0036	0.0000	0.1033	0.0000	0.8852	0.0000
0.0003	0.0014	0.0000	0.9775	0.0000	0.0209	0.0000
0.0000	0.0000	0.0000	0.0000	0.0000	0.0000	1.0000
0.0000	0.0000	0.0000	0.0000	0.0004	0.0000	0.9995
1.0000	0.0000	0.0000	0.0000	0.0000	0.0000	0.0000
0.1862	0.0960	0.0000	0.6896	0.0000	0.0281	0.0000
0.0000	0.9999	0.0000	0.0001	0.0000	0.0000	0.0000
0.0000	0.0000	0.0000	0.9999	0.0001	0.0000	0.0000
0.0000	0.0000	0.0000	0.9999	0.0001	0.0000	0.0000
0.0002	0.0001	0.0000	0.9997	0.0000	0.0000	0.0000
0.0000	0.0000	0.0000	0.0000	0.9999	0.0000	0.0001
0.0000	0.0000	0.0000	0.0000	0.9918	0.0000	0.0081
0.0000	0.0000	0.0000	0.0000	0.9348	0.0000	0.0652
0.0000	0.0000	0.0000	0.0000	0.0000	1.0000	0.0000
0.0006	0.0000	0.0641	0.0000	0.0000	0.9353	0.0000
0.0000	0.0025	0.0000	0.0000	0.0002	0.0000	0.9974
0.0000	0.0000	0.0000	0.0000	0.0000	0.0000	1.0000
0.0000	0.9821	0.0000	0.0000	0.0000	0.0168	0.0010
0.0000	0.9999	0.0000	0.0000	0.0000	0.0001	0.0000
0.0000	0.0000	1.0000	0.0000	0.0000	0.0000	0.0000
0.0000	0.0000	0.9992	0.0000	0.0000	0.0004	0.0004
0.0000	0.0000	0.9611	0.0000	0.0247	0.0000	0.0141
0.0000	0.0000	0.0000	1.0000	0.0000	0.0000	0.0000
0.0000	0.0000	0.0000	1.0000	0.0000	0.0000	0.0000
0.0000	0.0001	0.0000	0.0000	0.0005	0.0000	0.9995
0.0000	0.0000	0.9992	0.0000	0.0007	0.0000	0.0001
0.0000	0.0004	0.0782	0.0000	0.0314	0.0000	0.8899
0.0000	0.0000	0.0000	1.0000	0.0000	0.0000	0.0000
0.0000	0.0004	0.0000	0.0000	0.0000	0.0000	0.9996
0.0000	0.0045	0.0841	0.8116	0.0000	0.0000	0.0998
0.0000	0.0939	0.0001	0.0000	0.0000	0.9060	0.0000
0.0160	0.0065	0.0317	0.0000	0.0000	0.8527	0.0930
0.0000	0.0025	0.0000	0.0000	0.0000	0.0000	0.9974
0.9614	0.0380	0.0000	0.0000	0.0000	0.0005	0.0000
0.0000	0.0000	0.0000	1.0000	0.0000	0.0000	0.0000
