1.0000	0.0000	0.0000	0.0000	0.0000	0.0000	0.0000
1.0000	0.0000	0.0000	0.0000	0.0000	0.0000	0.0000
1.0000	0.0000	0.0000	0.0000	0.0000	0.0000	0.0000
1.0000	0.0000	0.0000	0.0000	0.0000	0.0000	0.0000
0.0242	0.6107	0.0000	0.0865	0.0000	0.2731	0.0055
0.0601	0.5293	0.0000	0.2492	0.0000	0.1614	0.0001
0.0000	0.9635	0.0000	0.0316	0.0000	0.0048	0.0000
0.0000	0.0000	0.9881	0.0000	0.0000	0.0000	0.0119
0.0000	0.0000	1.0000	0.0000	0.0000	0.0000	0.0000
0.0000	0.0000	0.0000	0.0000	0.9968	0.0000	0.0032
0.0000	0.0000	0.0003	0.0000	0.9932	0.0000	0.0066
0.0000	0.0000	0.0000	0.0000	0.9991	0.0000	0.0009
0.0840	0.0000	0.0000	0.9129	0.0000	0.0031	0.0000
0.0060	0.0012	0.0000	0.0183	0.0000	0.9745	0.0000
0.0000	0.0004	0.0000	0.9985	0.0000	0.0010	0.0000
0.0000	0.0000	0.0000	0.0000	0.0000	0.0000	1.0000
0.0000	0.0000	0.0000	0.0000	0.0002	0.0000	0.9998
1.0000	0.0000	0.0000	0.0000	0.0000	0.0000	0.0000
0.3602	0.1776	0.0000	0.4105	0.0000	0.0516	0.0001
0.0000	0.9990	0.0000	0.0008	0.0000	0.0002	0.0000
0.0000	0.0000	0.0000	1.0000	0.0000	0.0000	0.0000
0.0000	0.0000	0.0000	1.0000	0.0000	0.0000	0.0000
0.0005	0.0119	0.0000	0.9846	0.0000	0.0000	0.0030
0.0000	0.0000	0.0000	0.0000	1.0000	0.0000	0.0000
0.0000	0.0000	0.0000	0.0000	0.8143	0.0000	0.1857
0.0000	0.0001	0.0000	0.0000	0.9907	0.0000	0.0092
0.0000	0.0000	0.0000	0.0000	0.0000	1.0000	0.0000
0.0052	0.0000	0.0001	0.0000	0.0000	0.9948	0.0000
0.0000	0.0000	0.0000	0.0000	0.0010	0.0000	0.9990
0.0000	0.0000	0.0000	0.0000	0.0001	0.0000	0.9999
0.0000	0.9464	0.0000	0.0000	0.0000	0.0016	0.0520
0.0000	1.0000	0.0000	0.0000	0.0000	0.0000	0.0000
0.0000	0.0000	1.0000	0.0000	0.0000	0.0000	0.0000
0.0000	0.0000	0.9943	0.0000	0.0000	0.0001	0.0056
0.0000	0.0000	0.7163	0.0000	0.1879	0.0000	0.0958
0.0000	0.0000	0.0000	1.0000	0.0000	0.0000	0.0000
0.0000	0.0000	0.0000	1.0000	0.0000	0.0000	0.0000
0.0000	0.0000	0.0000	0.0000	0.0000	0.0000	1.0000
0.0000	0.0000	0.9632	0.0000	0.0349	0.0000	0.0019
0.0000	0.0001	0.0001	0.0000	0.0043	0.0000	0.9956
0.0000	0.0000	0.0000	1.0000	0.0000	0.0000	0.0000
0.0000	0.0018	0.0000	0.0000	0.0000	0.0000	0.9982
0.0000	0.0002	0.0008	0.9989	0.0000	0.0000	0.0002
0.0000	0.0003	0.0000	0.0000	0.0000	0.9996	0.0000
0.0357	0.0683	0.0031	0.0000	0.0000	0.8809	0.0118
0.0000	0.0008	0.0000	0.0000	0.0067	0.0000	0.9925
0.6252	0.3746	0.0000	0.0000	0.0000	0.0002	0.0000
0.0000	0.0000	0.0000	1.0000	0.0000	0.0000	0.0000
