1.0000	0.0000	0.0000	0.0000	0.0000	0.0000	0.0000
1.0000	0.0000	0.0000	0.0000	0.0000	0.0000	0.0000
0.9999	0.0000	0.0000	0.0000	0.0000	0.0001	0.0000
1.0000	0.0000	0.0000	0.0000	0.0000	0.0000	0.0000
0.1124	0.5582	0.0000	0.2716	0.0000	0.0577	0.0001
0.1622	0.3869	0.0000	0.4319	0.0000	0.0189	0.0000
0.0008	0.8573	0.0000	0.1377	0.0000	0.0042	0.0000
0.0000	0.0000	0.9356	0.0000	0.0036	0.0000	0.0607
0.0000	0.0000	1.0000	0.0000	0.0000	0.0000	0.0000
0.0000	0.0000	0.0000	0.0000	0.9556	0.0000	0.0444
0.0000	0.0000	0.0000	0.0000	0.6967	0.0000	0.3033
0.0000	0.0000	0.0000	0.0000	0.9998	0.0000	0.0001
0.0969	0.0000	0.0000	0.8823	0.0000	0.0208	0.0000
0.0334	0.0015	0.0000	0.0737	0.0000	0.8915	0.0000
0.0002	0.0005	0.0000	0.9938	0.0000	0.0055	0.0000
0.0000	0.0000	0.0000	0.0000	0.0000	0.0000	1.0000
0.0000	0.0001	0.0000	0.0001	0.0003	0.0000	0.9994
1.0000	0.0000	0.0000	0.0000	0.0000	0.0000	0.0000
0.3946	0.0305	0.0000	0.5591	0.0000	0.0158	0.0000
0.0000	0.9995	0.0000	0.0005	0.0000	0.0000	0.0000
0.0000	0.0000	0.0000	0.9999	0.0001	0.0000	0.0000
0.0000	0.0000	0.0000	0.9996	0.0004	0.0000	0.0000
0.0001	0.0001	0.0000	0.9998	0.0000	0.0000	0.0000
0.0000	0.0000	0.0000	0.0000	0.9998	0.0000	0.0002
0.0000	0.0000	0.0000	0.0000	0.9383	0.0000	0.0617
0.0000	0.0000	0.0000	0.0000	0.8242	0.0000	0.1758
0.0000	0.0000	0.0000	0.0000	0.0000	1.0000	0.0000
0.0001	0.0000	0.0006	0.0000	0.0000	0.9993	0.0000
0.0000	0.0005	0.0000	0.0000	0.0002	0.0000	0.9992
0.0000	0.0000	0.0000	0.0000	0.0000	0.0000	1.0000
0.0000	0.9997	0.0000	0.0000	0.0000	0.0003	0.0000
0.0000	1.0000	0.0000	0.0000	0.0000	0.0000	0.0000
0.0000	0.0000	1.0000	0.0000	0.0000	0.0000	0.0000
0.0000	0.0000	0.9990	0.0000	0.0000	0.0001	0.0009
0.0000	0.0000	0.3369	0.0000	0.0000	0.0000	0.6630
0.0000	0.0000	0.0000	1.0000	0.0000	0.0000	0.0000
0.0000	0.0000	0.0000	1.0000	0.0000	0.0000	0.0000
0.0000	0.0001	0.0000	0.0000	0.0008	0.0000	0.9991
0.0000	0.0000	1.0000	0.0000	0.0000	0.0000	0.0000
0.0000	0.0001	0.0520	0.0000	0.0016	0.0000	0.9463
0.0000	0.0000	0.0000	1.0000	0.0000	0.0000	0.0000
0.0000	0.0004	0.0000	0.0000	0.0000	0.0000	0.9996
0.0000	0.0023	0.0241	0.9095	0.0000	0.0000	0.0641
0.0000	0.0036	0.0000	0.0000	0.0000	0.9964	0.0000
0.0461	0.0096	0.0104	0.0000	0.0000	0.7208	0.2131
0.0000	0.0006	0.0000	0.0000	0.0000	0.0000	0.9994
0.9475	0.0524	0.0000	0.0000	0.0000	0.0001	0.0000
0.0000	0.0000	0.0000	0.9998	0.0000	0.0000	0.0002
