1.0000	0.0000	0.0000	0.0000	0.0000	0.0000	0.0000
1.0000	0.0000	0.0000	0.0000	0.0000	0.0000	0.0000
0.9992	0.0000	0.0000	0.0007	0.0000	0.0001	0.0000
0.9989	0.0000	0.0000	0.0000	0.0001	0.0010	0.0000
0.0692	0.8107	0.0000	0.1086	0.0000	0.0103	0.0012
0.1711	0.6877	0.0000	0.1294	0.0000	0.0113	0.0005
0.0093	0.9502	0.0000	0.0367	0.0000	0.0037	0.0001
0.0000	0.0000	0.9134	0.0000	0.0061	0.0000	0.0804
0.0000	0.0000	1.0000	0.0000	0.0000	0.0000	0.0000
0.0000	0.0013	0.0001	0.0000	0.9354	0.0000	0.0632
0.0000	0.0000	0.3985	0.0000	0.2415	0.0000	0.3601
0.0000	0.0000	0.0000	0.0000	0.8654	0.0000	0.1345
0.0430	0.0000	0.0000	0.9062	0.0000	0.0508	0.0000
0.2556	0.0422	0.0000	0.1565	0.0000	0.5457	0.0000
0.0140	0.0148	0.0000	0.9179	0.0000	0.0532	0.0000
0.0000	0.0000	0.0000	0.0000	0.0000	0.0000	1.0000
0.0000	0.0000	0.0000	0.0000	0.0004	0.0000	0.9996
0.9998	0.0002	0.0000	0.0000	0.0000	0.0000	0.0000
0.3314	0.2785	0.0000	0.3816	0.0000	0.0081	0.0003
0.0001	0.9998	0.0000	0.0002	0.0000	0.0000	0.0000
0.0000	0.0000	0.0000	1.0000	0.0000	0.0000	0.0000
0.0000	0.0000	0.0000	1.0000	0.0000	0.0000	0.0000
0.6799	0.0560	0.0000	0.2528	0.0078	0.0000	0.0034
0.0000	0.0000	0.0001	0.0000	0.9949	0.0000	0.0050
0.0000	0.0000	0.0000	0.0000	0.9669	0.0000	0.0330
0.0000	0.0002	0.0000	0.0000	0.8495	0.0000	0.1502
0.0002	0.0000	0.0000	0.0000	0.0000	0.9998	0.0000
0.0001	0.0000	0.0003	0.0000	0.0000	0.9996	0.0000
0.0003	0.0157	0.0001	0.0000	0.0105	0.0000	0.9734
0.0000	0.0000	0.0000	0.0000	0.0000	0.0000	0.9999
0.0000	0.9377	0.0008	0.0000	0.0000	0.0147	0.0468
0.0000	0.9978	0.0000	0.0000	0.0000	0.0005	0.0017
0.0000	0.0000	1.0000	0.0000	0.0000	0.0000	0.0000
0.0000	0.0000	0.9980	0.0000	0.0000	0.0000	0.0020
0.0000	0.0000	0.7305	0.1914	0.0000	0.0000	0.0781
0.0000	0.0000	0.0000	1.0000	0.0000	0.0000	0.0000
0.0000	0.0000	0.0000	1.0000	0.0000	0.0000	0.0000
0.0000	0.0008	0.0000	0.0000	0.0000	0.0000	0.9992
0.0000	0.0013	0.9986	0.0000	0.0000	0.0000	0.0002
0.0000	0.1736	0.2312	0.0001	0.0006	0.0000	0.5945
0.0000	0.0000	0.0000	1.0000	0.0000	0.0000	0.0000
0.0000	0.0069	0.0001	0.0000	0.0000	0.0001	0.9929
0.0000	0.8636	0.0278	0.0876	0.0000	0.0002	0.0207
0.0003	0.0929	0.0074	0.0000	0.0000	0.8983	0.0011
0.0081	0.2986	0.0248	0.0000	0.0000	0.3842	0.2842
0.0000	0.4369	0.0007	0.0000	0.0000	0.0000	0.5625
0.5077	0.4815	0.0004	0.0000	0.0000	0.0101	0.0003
0.0000	0.0000	0.0000	1.0000	0.0000	0.0000	0.0000
