1.0000	0.0000	0.0000	0.0000	0.0000	0.0000	0.0000
1.0000	0.0000	0.0000	0.0000	0.0000	0.0000	0.0000
0.9999	0.0000	0.0000	0.0000	0.0000	0.0000	0.0000
1.0000	0.0000	0.0000	0.0000	0.0000	0.0000	0.0000
0.0069	0.6423	0.0000	0.3381	0.0000	0.0100	0.0027
0.0249	0.4548	0.0000	0.5147	0.0000	0.0050	0.0006
0.0000	0.9889	0.0000	0.0109	0.0000	0.0001	0.0000
0.0000	0.0000	0.9949	0.0000	0.0000	0.0000	0.0051
0.0000	0.0000	1.0000	0.0000	0.0000	0.0000	0.0000
0.0000	0.0000	0.0000	0.0000	0.9999	0.0000	0.0001
0.0000	0.0000	0.0001	0.0000	0.9978	0.0000	0.0021
0.0000	0.0000	0.0000	0.0000	1.0000	0.0000	0.0000
0.3515	0.0000	0.0000	0.3205	0.0000	0.3280	0.0000
0.0092	0.0036	0.0000	0.0319	0.0000	0.9553	0.0000
0.0005	0.0033	0.0000	0.9595	0.0000	0.0367	0.0000
0.0000	0.0000	0.0000	0.0000	0.0000	0.0000	1.0000
0.0000	0.0004	0.0000	0.0001	0.0000	0.0013	0.9982
1.0000	0.0000	0.0000	0.0000	0.0000	0.0000	0.0000
0.3316	0.2104	0.0000	0.3928	0.0000	0.0651	0.0002
0.0000	1.0000	0.0000	0.0000	0.0000	0.0000	0.0000
0.0000	0.0000	0.0000	0.9999	0.0001	0.0000	0.0000
0.0000	0.0000	0.0000	1.0000	0.0000	0.0000	0.0000
0.0000	0.0001	0.0000	0.9999	0.0000	0.0000	0.0000
0.0000	0.0000	0.0000	0.0000	1.0000	0.0000	0.0000
0.0000	0.0000	0.0004	0.0000	0.9951	0.0000	0.0045
0.0000	0.0001	0.0000	0.0000	0.9949	0.0000	0.0050
0.0001	0.0000	0.0000	0.0000	0.0000	0.9999	0.0000
0.0174	0.0000	0.0005	0.0000	0.0000	0.9820	0.0000
0.0000	0.0018	0.0000	0.0001	0.0003	0.0000	0.9977
0.0000	0.0000	0.0000	0.0000	0.0000	0.0000	0.9999
0.0000	0.9999	0.0000	0.0000	0.0000	0.0001	0.0000
0.0000	1.0000	0.0000	0.0000	0.0000	0.0000	0.0000
0.0000	0.0000	1.0000	0.0000	0.0000	0.0000	0.0000
0.0000	0.0000	0.9999	0.0000	0.0000	0.0000	0.0000
0.0000	0.0000	0.9143	0.0000	0.0856	0.0000	0.0001
0.0000	0.0000	0.0000	1.0000	0.0000	0.0000	0.0000
0.0000	0.0000	0.0000	1.0000	0.0000	0.0000	0.0000
0.0000	0.0000	0.0000	0.0000	0.0001	0.0000	0.9999
0.0000	0.0000	0.9992	0.0000	0.0008	0.0000	0.0000
0.0000	0.0000	0.2717	0.0000	0.3832	0.0000	0.3451
0.0000	0.0000	0.0000	1.0000	0.0000	0.0000	0.0000
0.0000	0.0001	0.0000	0.0000	0.0000	0.0000	0.9999
0.0000	0.0002	0.0998	0.7725	0.0000	0.0000	0.1275
0.0004	0.0288	0.0000	0.0000	0.0000	0.9708	0.0000
0.0001	0.0000	0.0013	0.0000	0.0000	0.9889	0.0096
0.0000	0.0002	0.0002	0.0000	0.0000	0.0000	0.9996
0.4024	0.5965	0.0000	0.0000	0.0000	0.0012	0.0000
0.0000	0.0000	0.0000	1.0000	0.0000	0.0000	0.0000
