1.0000	0.0000	0.0000	0.0000	0.0000	0.0000	0.0000
1.0000	0.0000	0.0000	0.0000	0.0000	0.0000	0.0000
1.0000	0.0000	0.0000	0.0000	0.0000	0.0000	0.0000
0.9997	0.0000	0.0000	0.0000	0.0000	0.0003	0.0000
0.0247	0.9459	0.0000	0.0034	0.0000	0.0038	0.0222
0.0435	0.9003	0.0000	0.0228	0.0000	0.0035	0.0300
0.0009	0.9978	0.0000	0.0006	0.0000	0.0001	0.0005
0.0000	0.0000	0.9568	0.0000	0.0001	0.0000	0.0430
0.0000	0.0000	1.0000	0.0000	0.0000	0.0000	0.0000
0.0000	0.0000	0.0000	0.0000	0.9463	0.0000	0.0537
0.0000	0.0000	0.0538	0.0000	0.8970	0.0000	0.0492
0.0000	0.0000	0.0000	0.0000	1.0000	0.0000	0.0000
0.0176	0.0000	0.0000	0.0163	0.0000	0.9661	0.0000
0.0245	0.0009	0.0000	0.0025	0.0000	0.9721	0.0001
0.0105	0.0085	0.0000	0.7099	0.0000	0.2709	0.0001
0.0000	0.0000	0.0000	0.0000	0.0000	0.0000	1.0000
0.0000	0.0000	0.0001	0.0000	0.0000	0.0000	0.9999
0.9999	0.0001	0.0000	0.0000	0.0000	0.0000	0.0000
0.7745	0.2012	0.0001	0.0200	0.0000	0.0039	0.0004
0.0000	1.0000	0.0000	0.0000	0.0000	0.0000	0.0000
0.0000	0.0000	0.0000	1.0000	0.0000	0.0000	0.0000
0.0000	0.0000	0.0000	1.0000	0.0000	0.0000	0.0000
0.1857	0.3661	0.0000	0.2338	0.0001	0.0000	0.2144
0.0000	0.0000	0.0000	0.0000	1.0000	0.0000	0.0000
0.0000	0.0000	0.0000	0.0000	0.9927	0.0000	0.0073
0.0000	0.0000	0.0000	0.0000	0.9757	0.0000	0.0243
0.0000	0.0000	0.0000	0.0000	0.0000	1.0000	0.0000
0.0000	0.0000	0.0000	0.0000	0.0000	1.0000	0.0000
0.0000	0.0001	0.0000	0.0000	0.0011	0.0000	0.9988
0.0000	0.0000	0.0000	0.0000	0.0000	0.0000	1.0000
0.0000	0.8168	0.0002	0.0000	0.0000	0.0001	0.1830
0.0000	0.9852	0.0000	0.0000	0.0000	0.0000	0.0148
0.0000	0.0000	1.0000	0.0000	0.0000	0.0000	0.0000
0.0000	0.0000	0.9999	0.0000	0.0000	0.0000	0.0001
0.0000	0.0000	0.6959	0.1601	0.0000	0.0000	0.1440
0.0000	0.0000	0.0000	1.0000	0.0000	0.0000	0.0000
0.0000	0.0000	0.0000	1.0000	0.0000	0.0000	0.0000
0.0000	0.0000	0.0000	0.0000	0.0000	0.0000	1.0000
0.0000	0.0000	1.0000	0.0000	0.0000	0.0000	0.0000
0.0000	0.0020	0.7708	0.0009	0.0001	0.0000	0.2262
0.0000	0.0000	0.0000	1.0000	0.0000	0.0000	0.0000
0.0000	0.0001	0.0000	0.0000	0.0000	0.0000	0.9999
0.0000	0.0820	0.0126	0.9035	0.0016	0.0000	0.0003
0.0001	0.1221	0.0112	0.0000	0.0000	0.8664	0.0003
0.0000	0.0020	0.0004	0.0000	0.0000	0.1595	0.8381
0.0000	0.0544	0.0000	0.0000	0.0000	0.0000	0.9456
0.4833	0.5080	0.0021	0.0000	0.0000	0.0063	0.0003
0.0000	0.0000	0.0000	1.0000	0.0000	0.0000	0.0000
