1.0000	0.0000	0.0000	0.0000	0.0000	0.0000	0.0000
1.0000	0.0000	0.0000	0.0000	0.0000	0.0000	0.0000
0.9983	0.0001	0.0000	0.0012	0.0001	0.0002	0.0001
0.9994	0.0000	0.0000	0.0000	0.0000	0.0005	0.0000
0.0271	0.9165	0.0000	0.0357	0.0000	0.0195	0.0013
0.1063	0.7105	0.0000	0.1601	0.0000	0.0228	0.0004
0.0064	0.9542	0.0000	0.0311	0.0000	0.0083	0.0000
0.0000	0.0000	0.9538	0.0000	0.0057	0.0000	0.0405
0.0000	0.0000	1.0000	0.0000	0.0000	0.0000	0.0000
0.0000	0.0004	0.0000	0.0000	0.9880	0.0000	0.0116
0.0000	0.0000	0.3232	0.0000	0.6154	0.0000	0.0613
0.0000	0.0000	0.0000	0.0000	0.9999	0.0000	0.0001
0.0088	0.0000	0.0000	0.9336	0.0000	0.0576	0.0000
0.0579	0.0077	0.0000	0.0458	0.0000	0.8886	0.0000
0.0033	0.0053	0.0000	0.9612	0.0000	0.0302	0.0000
0.0000	0.0000	0.0000	0.0000	0.0000	0.0000	1.0000
0.0000	0.0004	0.0000	0.0000	0.0025	0.0000	0.9971
0.9999	0.0000	0.0000	0.0000	0.0000	0.0000	0.0000
0.1987	0.3847	0.0000	0.3945	0.0000	0.0218	0.0002
0.0000	0.9998	0.0000	0.0001	0.0000	0.0000	0.0000
0.0000	0.0000	0.0000	1.0000	0.0000	0.0000	0.0000
0.0000	0.0000	0.0000	1.0000	0.0000	0.0000	0.0000
0.1262	0.3040	0.0000	0.5659	0.0038	0.0000	0.0001
0.0000	0.0000	0.0000	0.0000	0.9995	0.0000	0.0005
0.0000	0.0000	0.0000	0.0000	0.9255	0.0000	0.0745
0.0000	0.0036	0.0000	0.0000	0.8524	0.0000	0.1439
0.0002	0.0001	0.0000	0.0000	0.0000	0.9997	0.0000
0.0010	0.0000	0.0002	0.0000	0.0000	0.9987	0.0000
0.0000	0.0127	0.0004	0.0000	0.0030	0.0000	0.9839
0.0000	0.0006	0.0000	0.0000	0.0000	0.0000	0.9993
0.0000	0.9790	0.0029	0.0000	0.0000	0.0091	0.0091
0.0000	0.9986	0.0000	0.0000	0.0000	0.0005	0.0009
0.0000	0.0000	1.0000	0.0000	0.0000	0.0000	0.0000
0.0000	0.0000	0.9998	0.0000	0.0000	0.0000	0.0002
0.0000	0.0000	0.9976	0.0000	0.0014	0.0000	0.0009
0.0000	0.0000	0.0000	1.0000	0.0000	0.0000	0.0000
0.0000	0.0000	0.0000	1.0000	0.0000	0.0000	0.0000
0.0000	0.0001	0.0000	0.0000	0.0040	0.0000	0.9958
0.0000	0.0000	1.0000	0.0000	0.0000	0.0000	0.0000
0.0000	0.0100	0.7888	0.0000	0.0039	0.0000	0.1972
0.0000	0.0000	0.0000	1.0000	0.0000	0.0000	0.0000
0.0000	0.0041	0.0001	0.0000	0.0000	0.0000	0.9957
0.0000	0.0306	0.0010	0.9664	0.0000	0.0000	0.0020
0.0003	0.0091	0.0040	0.0000	0.0000	0.9864	0.0002
0.0026	0.2494	0.0129	0.0002	0.0000	0.4252	0.3097
0.0000	0.3535	0.0000	0.0000	0.0000	0.0000	0.6465
0.2355	0.7568	0.0044	0.0003	0.0000	0.0024	0.0007
0.0000	0.0000	0.0000	1.0000	0.0000	0.0000	0.0000
