1.0000	0.0000	0.0000	0.0000	0.0000	0.0000	0.0000
1.0000	0.0000	0.0000	0.0000	0.0000	0.0000	0.0000
0.9999	0.0000	0.0000	0.0000	0.0000	0.0000	0.0001
1.0000	0.0000	0.0000	0.0000	0.0000	0.0000	0.0000
0.0124	0.9472	0.0000	0.0037	0.0000	0.0029	0.0338
0.0506	0.9018	0.0000	0.0258	0.0000	0.0022	0.0196
0.0005	0.9982	0.0000	0.0008	0.0000	0.0001	0.0005
0.0000	0.0000	0.9373	0.0000	0.0018	0.0000	0.0609
0.0000	0.0000	1.0000	0.0000	0.0000	0.0000	0.0000
0.0000	0.0000	0.0000	0.0000	0.9833	0.0000	0.0167
0.0000	0.0000	0.4717	0.0000	0.5133	0.0000	0.0150
0.0000	0.0000	0.0000	0.0000	1.0000	0.0000	0.0000
0.0821	0.0001	0.0000	0.2717	0.0001	0.6460	0.0000
0.1835	0.0037	0.0000	0.0056	0.0000	0.8069	0.0002
0.0262	0.0193	0.0000	0.7772	0.0000	0.1773	0.0000
0.0000	0.0000	0.0000	0.0000	0.0000	0.0000	1.0000
0.0000	0.0000	0.0000	0.0000	0.0005	0.0000	0.9995
1.0000	0.0000	0.0000	0.0000	0.0000	0.0000	0.0000
0.6444	0.3194	0.0001	0.0306	0.0000	0.0049	0.0006
0.0000	1.0000	0.0000	0.0000	0.0000	0.0000	0.0000
0.0000	0.0000	0.0000	1.0000	0.0000	0.0000	0.0000
0.0000	0.0000	0.0000	1.0000	0.0000	0.0000	0.0000
0.3353	0.3318	0.0005	0.2426	0.0120	0.0000	0.0778
0.0000	0.0000	0.0000	0.0000	1.0000	0.0000	0.0000
0.0000	0.0000	0.0000	0.0000	0.9856	0.0000	0.0144
0.0000	0.0000	0.0000	0.0000	0.9765	0.0000	0.0235
0.0006	0.0000	0.0000	0.0000	0.0000	0.9994	0.0000
0.0000	0.0000	0.0000	0.0000	0.0000	0.9999	0.0000
0.0000	0.0001	0.0005	0.0000	0.0003	0.0000	0.9991
0.0000	0.0000	0.0000	0.0000	0.0000	0.0000	1.0000
0.0000	0.9680	0.0091	0.0000	0.0000	0.0032	0.0196
0.0000	0.9979	0.0000	0.0000	0.0000	0.0004	0.0017
0.0000	0.0000	1.0000	0.0000	0.0000	0.0000	0.0000
0.0000	0.0000	0.9999	0.0000	0.0000	0.0000	0.0001
0.0000	0.0000	0.9999	0.0000	0.0000	0.0000	0.0001
0.0000	0.0000	0.0000	1.0000	0.0000	0.0000	0.0000
0.0000	0.0000	0.0000	1.0000	0.0000	0.0000	0.0000
0.0000	0.0002	0.0000	0.0000	0.0000	0.0000	0.9998
0.0000	0.0000	1.0000	0.0000	0.0000	0.0000	0.0000
0.0000	0.0009	0.8809	0.0000	0.0036	0.0000	0.1146
0.0000	0.0000	0.0000	1.0000	0.0000	0.0000	0.0000
0.0000	0.0005	0.0000	0.0000	0.0000	0.0000	0.9994
0.0000	0.1734	0.0227	0.8026	0.0002	0.0000	0.0010
0.0033	0.0267	0.0077	0.0000	0.0000	0.9623	0.0000
0.0000	0.0039	0.0008	0.0000	0.0000	0.7231	0.2722
0.0000	0.1847	0.0000	0.0000	0.0000	0.0000	0.8152
0.6375	0.3615	0.0005	0.0000	0.0000	0.0005	0.0000
0.0000	0.0000	0.0000	1.0000	0.0000	0.0000	0.0000
