1.0000	0.0000	0.0000	0.0000	0.0000	0.0000	0.0000
1.0000	0.0000	0.0000	0.0000	0.0000	0.0000	0.0000
0.9999	0.0000	0.0000	0.0001	0.0000	0.0000	0.0000
1.0000	0.0000	0.0000	0.0000	0.0000	0.0000	0.0000
0.4188	0.5339	0.0000	0.0347	0.0000	0.0108	0.0017
0.6638	0.2715	0.0000	0.0573	0.0000	0.0071	0.0002
0.1470	0.8282	0.0000	0.0195	0.0000	0.0052	0.0001
0.0000	0.0000	0.9671	0.0000	0.0070	0.0000	0.0260
0.0000	0.0000	1.0000	0.0000	0.0000	0.0000	0.0000
0.0000	0.0015	0.0001	0.0000	0.6509	0.0000	0.3475
0.0000	0.0000	0.0870	0.0000	0.6622	0.0000	0.2508
0.0000	0.0000	0.0000	0.0000	0.9991	0.0000	0.0008
0.2236	0.0002	0.0000	0.5386	0.0000	0.2376	0.0000
0.5465	0.0024	0.0000	0.0322	0.0000	0.4188	0.0000
0.1011	0.0076	0.0000	0.8365	0.0000	0.0548	0.0000
0.0000	0.0000	0.0000	0.0000	0.0000	0.0000	1.0000
0.0000	0.0000	0.0001	0.0000	0.0013	0.0000	0.9985
0.9998	0.0001	0.0000	0.0000	0.0000	0.0000	0.0000
0.8865	0.0400	0.0000	0.0725	0.0000	0.0010	0.0000
0.0005	0.9994	0.0000	0.0001	0.0000	0.0000	0.0000
0.0000	0.0000	0.0000	1.0000	0.0000	0.0000	0.0000
0.0000	0.0000	0.0000	1.0000	0.0000	0.0000	0.0000
0.5611	0.1080	0.0000	0.3304	0.0001	0.0000	0.0003
0.0000	0.0001	0.0000	0.0000	0.9993	0.0000	0.0006
0.0000	0.0000	0.0000	0.0000	0.8989	0.0000	0.1010
0.0000	0.0069	0.0001	0.0000	0.5860	0.0000	0.4070
0.0003	0.0000	0.0000	0.0000	0.0000	0.9997	0.0000
0.0001	0.0000	0.0000	0.0000	0.0000	0.9999	0.0000
0.0000	0.0002	0.0001	0.0000	0.0001	0.0000	0.9996
0.0000	0.0000	0.0001	0.0000	0.0000	0.0000	0.9999
0.0000	0.9878	0.0001	0.0000	0.0000	0.0051	0.0071
0.0000	0.9985	0.0000	0.0000	0.0000	0.0003	0.0012
0.0000	0.0000	1.0000	0.0000	0.0000	0.0000	0.0000
0.0000	0.0000	0.9998	0.0000	0.0000	0.0000	0.0001
0.0000	0.0000	0.9948	0.0008	0.0000	0.0000	0.0044
0.0000	0.0000	0.0000	1.0000	0.0000	0.0000	0.0000
0.0000	0.0000	0.0000	1.0000	0.0000	0.0000	0.0000
0.0000	0.0033	0.0000	0.0000	0.0000	0.0000	0.9967
0.0000	0.0000	1.0000	0.0000	0.0000	0.0000	0.0000
0.0000	0.0630	0.6559	0.0001	0.0001	0.0000	0.2809
0.0000	0.0000	0.0000	1.0000	0.0000	0.0000	0.0000
0.0000	0.0198	0.0000	0.0001	0.0000	0.0000	0.9801
0.0000	0.1403	0.0036	0.8523	0.0000	0.0000	0.0037
0.0004	0.0026	0.0012	0.0000	0.0000	0.9956	0.0001
0.0066	0.3431	0.0024	0.0001	0.0000	0.3651	0.2827
0.0000	0.4884	0.0000	0.0000	0.0000	0.0000	0.5116
0.7309	0.2629	0.0008	0.0002	0.0000	0.0038	0.0012
0.0000	0.0000	0.0000	1.0000	0.0000	0.0000	0.0000
