1.0000	0.0000	0.0000	0.0000	0.0000	0.0000	0.0000
1.0000	0.0000	0.0000	0.0000	0.0000	0.0000	0.0000
0.9997	0.0000	0.0000	0.0001	0.0000	0.0001	0.0000
0.9999	0.0000	0.0000	0.0000	0.0000	0.0001	0.0000
0.1418	0.7178	0.0000	0.0725	0.0000	0.0594	0.0084
0.3668	0.4107	0.0000	0.1864	0.0000	0.0350	0.0011
0.0249	0.9430	0.0000	0.0247	0.0000	0.0072	0.0002
0.0000	0.0000	0.9536	0.0000	0.0096	0.0000	0.0368
0.0000	0.0000	1.0000	0.0000	0.0000	0.0000	0.0000
0.0000	0.0004	0.0000	0.0000	0.9623	0.0000	0.0373
0.0000	0.0000	0.3300	0.0000	0.5948	0.0000	0.0752
0.0000	0.0000	0.0000	0.0000	0.9997	0.0000	0.0003
0.0357	0.0000	0.0000	0.9166	0.0000	0.0477	0.0000
0.1433	0.0040	0.0000	0.0116	0.0000	0.8410	0.0000
0.0292	0.0072	0.0000	0.8853	0.0000	0.0783	0.0000
0.0000	0.0000	0.0000	0.0000	0.0000	0.0000	1.0000
0.0000	0.0000	0.0000	0.0000	0.0016	0.0000	0.9984
1.0000	0.0000	0.0000	0.0000	0.0000	0.0000	0.0000
0.6971	0.1555	0.0000	0.1215	0.0000	0.0257	0.0002
0.0001	0.9998	0.0000	0.0001	0.0000	0.0000	0.0000
0.0000	0.0000	0.0000	1.0000	0.0000	0.0000	0.0000
0.0000	0.0000	0.0000	1.0000	0.0000	0.0000	0.0000
0.0678	0.0825	0.0000	0.8405	0.0048	0.0000	0.0044
0.0000	0.0000	0.0000	0.0000	0.9997	0.0000	0.0003
0.0000	0.0000	0.0000	0.0000	0.9523	0.0000	0.0476
0.0000	0.0020	0.0000	0.0000	0.8300	0.0000	0.1680
0.0004	0.0000	0.0000	0.0000	0.0000	0.9996	0.0000
0.0004	0.0000	0.0001	0.0000	0.0000	0.9995	0.0000
0.0000	0.0014	0.0002	0.0000	0.0003	0.0000	0.9982
0.0000	0.0000	0.0000	0.0000	0.0001	0.0000	0.9999
0.0000	0.9074	0.0019	0.0000	0.0000	0.0142	0.0766
0.0000	0.9951	0.0000	0.0000	0.0000	0.0006	0.0043
0.0000	0.0000	1.0000	0.0000	0.0000	0.0000	0.0000
0.0000	0.0000	0.9996	0.0000	0.0000	0.0000	0.0004
0.0000	0.0000	0.9955	0.0000	0.0010	0.0000	0.0035
0.0000	0.0000	0.0000	1.0000	0.0000	0.0000	0.0000
0.0000	0.0000	0.0000	1.0000	0.0000	0.0000	0.0000
0.0000	0.0005	0.0000	0.0000	0.0004	0.0000	0.9990
0.0000	0.0000	0.9999	0.0000	0.0001	0.0000	0.0000
0.0000	0.0083	0.6701	0.0000	0.0101	0.0000	0.3116
0.0000	0.0000	0.0000	1.0000	0.0000	0.0000	0.0000
0.0000	0.0040	0.0000	0.0000	0.0000	0.0000	0.9959
0.0000	0.0705	0.0890	0.8155	0.0000	0.0003	0.0247
0.0017	0.0057	0.0099	0.0000	0.0000	0.9827	0.0001
0.0041	0.0684	0.0182	0.0000	0.0000	0.7637	0.1456
0.0000	0.2021	0.0005	0.0000	0.0000	0.0000	0.7974
0.6746	0.3170	0.0019	0.0000	0.0000	0.0063	0.0002
0.0000	0.0000	0.0000	1.0000	0.0000	0.0000	0.0000
