1.0000	0.0000	0.0000	0.0000	0.0000	0.0000	0.0000
1.0000	0.0000	0.0000	0.0000	0.0000	0.0000	0.0000
0.9987	0.0002	0.0000	0.0009	0.0000	0.0002	0.0000
0.9264	0.0003	0.0000	0.0000	0.0046	0.0671	0.0016
0.3927	0.2555	0.0000	0.1308	0.0001	0.2185	0.0024
0.4729	0.2225	0.0000	0.1254	0.0000	0.1786	0.0006
0.1120	0.7143	0.0000	0.0904	0.0000	0.0829	0.0004
0.0000	0.0000	0.8836	0.0000	0.0087	0.0000	0.1076
0.0000	0.0000	1.0000	0.0000	0.0000	0.0000	0.0000
0.0000	0.0005	0.0000	0.0000	0.9927	0.0000	0.0068
0.0000	0.0000	0.0274	0.0000	0.9562	0.0000	0.0164
0.0000	0.0000	0.0000	0.0000	0.9632	0.0000	0.0367
0.0587	0.0000	0.0000	0.7265	0.0000	0.2147	0.0000
0.1410	0.0141	0.0000	0.0133	0.0000	0.8316	0.0000
0.0570	0.0064	0.0000	0.7365	0.0000	0.2001	0.0000
0.0000	0.0000	0.0000	0.0000	0.0000	0.0000	1.0000
0.0000	0.0016	0.0001	0.0000	0.0006	0.0000	0.9977
0.9966	0.0029	0.0000	0.0003	0.0001	0.0000	0.0000
0.8363	0.0356	0.0000	0.1058	0.0000	0.0219	0.0004
0.0063	0.9402	0.0000	0.0460	0.0000	0.0073	0.0002
0.0003	0.0000	0.0000	0.9997	0.0000	0.0000	0.0000
0.0004	0.0000	0.0000	0.9996	0.0000	0.0000	0.0000
0.9628	0.0078	0.0000	0.0142	0.0063	0.0001	0.0088
0.0000	0.0000	0.0000	0.0000	0.9990	0.0000	0.0009
0.0000	0.0000	0.0000	0.0000	0.9878	0.0000	0.0122
0.0000	0.0017	0.0001	0.0000	0.9477	0.0000	0.0504
0.0127	0.0009	0.0000	0.0002	0.0000	0.9862	0.0000
0.0029	0.0000	0.0005	0.0000	0.0000	0.9965	0.0000
0.0000	0.2326	0.0000	0.0000	0.0041	0.0000	0.7632
0.0000	0.0007	0.0001	0.0000	0.0001	0.0000	0.9991
0.0000	0.4822	0.0022	0.0000	0.0000	0.0035	0.5121
0.0000	0.9835	0.0000	0.0000	0.0000	0.0003	0.0161
0.0000	0.0000	1.0000	0.0000	0.0000	0.0000	0.0000
0.0000	0.0000	0.9982	0.0000	0.0000	0.0000	0.0017
0.0000	0.0000	0.9832	0.0000	0.0000	0.0000	0.0168
0.0000	0.0000	0.0000	1.0000	0.0000	0.0000	0.0000
0.0000	0.0000	0.0000	1.0000	0.0000	0.0000	0.0000
0.0000	0.0002	0.0002	0.0000	0.0000	0.0000	0.9996
0.0000	0.0226	0.9771	0.0000	0.0000	0.0000	0.0002
0.0000	0.0954	0.0466	0.0000	0.0001	0.0003	0.8577
0.0000	0.0000	0.0000	1.0000	0.0000	0.0000	0.0000
0.0000	0.0017	0.0002	0.0000	0.0000	0.0002	0.9980
0.0001	0.1038	0.0160	0.6771	0.0001	0.0011	0.2017
0.0001	0.0194	0.0034	0.0000	0.0000	0.9766	0.0004
0.0329	0.6770	0.0481	0.0000	0.0007	0.1041	0.1372
0.0000	0.3137	0.0002	0.0000	0.0007	0.0001	0.6854
0.6965	0.2927	0.0018	0.0001	0.0000	0.0077	0.0013
0.0000	0.0000	0.0000	1.0000	0.0000	0.0000	0.0000
