1.0000	0.0000	0.0000	0.0000	0.0000	0.0000	0.0000
1.0000	0.0000	0.0000	0.0000	0.0000	0.0000	0.0000
0.9876	0.0048	0.0000	0.0069	0.0000	0.0007	0.0000
1.0000	0.0000	0.0000	0.0000	0.0000	0.0000	0.0000
0.9995	0.0002	0.0000	0.0003	0.0000	0.0000	0.0000
0.1727	0.8011	0.0000	0.0217	0.0000	0.0010	0.0035
0.9776	0.0224	0.0000	0.0000	0.0000	0.0000	0.0000
0.0000	0.0000	1.0000	0.0000	0.0000	0.0000	0.0000
0.0000	0.0000	0.9816	0.0000	0.0019	0.0000	0.0166
0.0000	0.0000	0.8570	0.0000	0.0043	0.0000	0.1387
0.0510	0.2047	0.0000	0.7318	0.0000	0.0123	0.0002
0.0000	0.0021	0.0000	0.0000	0.9513	0.0000	0.0465
0.0000	0.0000	0.0000	0.0000	0.9956	0.0000	0.0044
0.0046	0.0004	0.0000	0.1171	0.0000	0.8778	0.0000
0.2598	0.0169	0.0000	0.0072	0.0000	0.7160	0.0001
0.6024	0.3768	0.0000	0.0004	0.0000	0.0203	0.0001
0.0034	0.9966	0.0000	0.0000	0.0000	0.0000	0.0000
0.0000	0.0000	0.0000	0.0000	0.0000	0.0000	1.0000
0.0000	0.0000	0.0000	0.0000	0.0000	0.0000	1.0000
0.0000	0.0000	0.0000	0.0000	0.0015	0.0000	0.9985
0.0002	0.9995	0.0000	0.0002	0.0000	0.0000	0.0000
0.0000	0.9974	0.0000	0.0025	0.0000	0.0000	0.0000
0.0000	0.0000	0.9998	0.0000	0.0000	0.0000	0.0002
0.2087	0.2872	0.0000	0.4961	0.0001	0.0000	0.0078
0.0002	0.0000	0.0000	0.9998	0.0000	0.0000	0.0000
0.0000	0.0000	0.0000	0.0000	0.9999	0.0000	0.0000
0.0000	0.0000	0.0000	0.0000	0.9999	0.0000	0.0000
0.0002	0.0000	0.0000	0.0000	0.0000	0.9998	0.0000
0.0000	0.0000	0.0001	0.0000	0.0000	0.9999	0.0000
0.0000	0.0000	0.0000	0.0000	0.0002	0.0000	0.9998
0.0000	0.0000	0.0000	0.0000	0.0000	0.0000	1.0000
0.0000	0.9999	0.0000	0.0000	0.0000	0.0000	0.0001
0.0000	0.9983	0.0000	0.0000	0.0000	0.0000	0.0017
0.0000	0.0000	1.0000	0.0000	0.0000	0.0000	0.0000
0.0000	0.0000	0.4748	0.0556	0.0000	0.0000	0.4696
0.0000	0.0000	0.0000	1.0000	0.0000	0.0000	0.0000
0.0000	0.4274	0.0025	0.0001	0.0000	0.0000	0.5701
0.0000	0.8406	0.0007	0.0000	0.0007	0.0000	0.1579
0.0000	0.0000	0.0000	1.0000	0.0000	0.0000	0.0000
0.0000	0.0000	0.0000	1.0000	0.0000	0.0000	0.0000
0.4415	0.0981	0.4065	0.0001	0.0000	0.0533	0.0004
0.0009	0.0001	0.9990	0.0000	0.0000	0.0000	0.0000
0.0000	0.0000	0.0000	0.9997	0.0000	0.0000	0.0003
0.0002	0.0250	0.0186	0.0001	0.0000	0.8042	0.1518
0.0000	0.0000	0.0000	1.0000	0.0000	0.0000	0.0000
0.0000	0.0000	0.0001	0.0000	0.9999	0.0000	0.0000
0.0000	0.0000	0.0000	0.0000	1.0000	0.0000	0.0000
0.0000	0.0001	0.0000	0.0000	0.0000	0.0003	0.9996
