1.0000	0.0000	0.0000	0.0000	0.0000	0.0000	0.0000
1.0000	0.0000	0.0000	0.0000	0.0000	0.0000	0.0000
0.8922	0.0380	0.0000	0.0609	0.0001	0.0086	0.0002
1.0000	0.0000	0.0000	0.0000	0.0000	0.0000	0.0000
0.9932	0.0035	0.0000	0.0025	0.0000	0.0001	0.0006
0.1963	0.7100	0.0001	0.0565	0.0000	0.0305	0.0066
0.8595	0.1377	0.0000	0.0000	0.0000	0.0000	0.0028
0.0000	0.0000	1.0000	0.0000	0.0000	0.0000	0.0000
0.0000	0.0000	0.9738	0.0000	0.0188	0.0000	0.0074
0.0000	0.0000	0.7114	0.0000	0.0606	0.0000	0.2281
0.0632	0.2884	0.0001	0.5221	0.0000	0.1251	0.0011
0.0000	0.0020	0.0001	0.0000	0.9600	0.0000	0.0379
0.0000	0.0000	0.0000	0.0000	0.9540	0.0000	0.0459
0.0181	0.0090	0.0000	0.4042	0.0000	0.5686	0.0000
0.1640	0.1047	0.0002	0.0118	0.0000	0.7187	0.0006
0.4503	0.4788	0.0001	0.0021	0.0000	0.0667	0.0019
0.3346	0.6562	0.0000	0.0000	0.0000	0.0079	0.0013
0.0000	0.0000	0.0000	0.0000	0.0000	0.0000	1.0000
0.0000	0.0000	0.0000	0.0000	0.0000	0.0000	1.0000
0.0000	0.0002	0.0004	0.0000	0.0128	0.0000	0.9866
0.0068	0.9921	0.0000	0.0006	0.0000	0.0001	0.0004
0.0025	0.9971	0.0000	0.0003	0.0000	0.0000	0.0001
0.0000	0.0000	0.9994	0.0000	0.0002	0.0000	0.0003
0.1497	0.3413	0.0000	0.4939	0.0010	0.0001	0.0140
0.0039	0.0006	0.0000	0.9951	0.0001	0.0003	0.0000
0.0000	0.0001	0.0001	0.0000	0.9983	0.0000	0.0016
0.0000	0.0000	0.0000	0.0000	0.9981	0.0000	0.0019
0.0017	0.0001	0.0020	0.0000	0.0000	0.9962	0.0000
0.0000	0.0000	0.0000	0.0000	0.0000	1.0000	0.0000
0.0000	0.0000	0.0003	0.0000	0.0011	0.0000	0.9986
0.0000	0.0002	0.0002	0.0000	0.0010	0.0000	0.9986
0.0000	0.9822	0.0000	0.0000	0.0000	0.0000	0.0178
0.0000	0.9709	0.0006	0.0000	0.0002	0.0002	0.0282
0.0000	0.0000	1.0000	0.0000	0.0000	0.0000	0.0000
0.0000	0.0000	0.7776	0.1856	0.0003	0.0000	0.0365
0.0000	0.0000	0.0000	1.0000	0.0000	0.0000	0.0000
0.0000	0.2243	0.0382	0.0004	0.0028	0.0000	0.7344
0.0000	0.4572	0.0049	0.0010	0.0051	0.0002	0.5315
0.0000	0.0000	0.0000	1.0000	0.0000	0.0000	0.0000
0.0000	0.0000	0.0000	1.0000	0.0000	0.0000	0.0000
0.7967	0.0446	0.0944	0.0001	0.0000	0.0627	0.0015
0.0040	0.0007	0.9950	0.0000	0.0001	0.0000	0.0002
0.0000	0.0000	0.0000	0.9999	0.0000	0.0000	0.0000
0.0116	0.4764	0.0563	0.0010	0.0002	0.3023	0.1522
0.0000	0.0000	0.0000	1.0000	0.0000	0.0000	0.0000
0.0000	0.0000	0.0001	0.0000	0.9999	0.0000	0.0000
0.0000	0.0000	0.0000	0.0000	1.0000	0.0000	0.0000
0.0000	0.0179	0.0006	0.0000	0.0001	0.0044	0.9770
