1.0000	0.0000	0.0000	0.0000	0.0000	0.0000	0.0000
1.0000	0.0000	0.0000	0.0000	0.0000	0.0000	0.0000
0.9769	0.0133	0.0000	0.0089	0.0000	0.0007	0.0000
1.0000	0.0000	0.0000	0.0000	0.0000	0.0000	0.0000
0.9985	0.0008	0.0000	0.0007	0.0000	0.0000	0.0000
0.1545	0.8280	0.0000	0.0124	0.0000	0.0027	0.0025
0.9926	0.0074	0.0000	0.0000	0.0000	0.0000	0.0000
0.0000	0.0000	1.0000	0.0000	0.0000	0.0000	0.0000
0.0000	0.0000	0.9893	0.0000	0.0043	0.0000	0.0064
0.0000	0.0000	0.9105	0.0000	0.0138	0.0000	0.0758
0.0449	0.4570	0.0000	0.4554	0.0000	0.0417	0.0009
0.0000	0.0041	0.0002	0.0000	0.9205	0.0000	0.0752
0.0000	0.0000	0.0000	0.0000	0.9952	0.0000	0.0048
0.0140	0.0040	0.0000	0.3246	0.0000	0.6573	0.0000
0.4532	0.0779	0.0000	0.0072	0.0000	0.4614	0.0003
0.5657	0.4241	0.0000	0.0005	0.0000	0.0091	0.0006
0.1605	0.8391	0.0000	0.0000	0.0000	0.0003	0.0001
0.0000	0.0000	0.0000	0.0000	0.0000	0.0000	1.0000
0.0000	0.0000	0.0000	0.0000	0.0000	0.0000	1.0000
0.0000	0.0000	0.0001	0.0000	0.0071	0.0000	0.9927
0.0009	0.9991	0.0000	0.0000	0.0000	0.0000	0.0000
0.0003	0.9996	0.0000	0.0001	0.0000	0.0000	0.0000
0.0000	0.0000	0.9999	0.0000	0.0000	0.0000	0.0001
0.0576	0.2864	0.0000	0.6380	0.0004	0.0000	0.0176
0.0006	0.0003	0.0000	0.9991	0.0000	0.0000	0.0000
0.0000	0.0000	0.0002	0.0000	0.9996	0.0000	0.0002
0.0000	0.0000	0.0001	0.0000	0.9998	0.0000	0.0001
0.0019	0.0000	0.0003	0.0000	0.0000	0.9978	0.0000
0.0000	0.0000	0.0000	0.0000	0.0000	1.0000	0.0000
0.0000	0.0000	0.0001	0.0000	0.0004	0.0000	0.9995
0.0000	0.0001	0.0000	0.0000	0.0003	0.0000	0.9996
0.0000	0.9998	0.0000	0.0000	0.0000	0.0000	0.0002
0.0000	0.9979	0.0000	0.0000	0.0000	0.0000	0.0021
0.0000	0.0000	1.0000	0.0000	0.0000	0.0000	0.0000
0.0000	0.0000	0.0142	0.9857	0.0000	0.0000	0.0002
0.0000	0.0000	0.0000	1.0000	0.0000	0.0000	0.0000
0.0000	0.2933	0.0063	0.0001	0.0000	0.0000	0.7003
0.0000	0.8863	0.0007	0.0001	0.0002	0.0000	0.1127
0.0000	0.0000	0.0000	1.0000	0.0000	0.0000	0.0000
0.0000	0.0000	0.0000	1.0000	0.0000	0.0000	0.0000
0.9417	0.0082	0.0341	0.0000	0.0000	0.0160	0.0001
0.0130	0.0002	0.9867	0.0000	0.0000	0.0000	0.0000
0.0000	0.0000	0.0000	0.9996	0.0000	0.0000	0.0004
0.0093	0.0741	0.0086	0.0000	0.0001	0.7887	0.1191
0.0000	0.0000	0.0000	1.0000	0.0000	0.0000	0.0000
0.0000	0.0000	0.0001	0.0000	0.9999	0.0000	0.0000
0.0000	0.0000	0.0000	0.0000	1.0000	0.0000	0.0000
0.0000	0.0034	0.0000	0.0000	0.0000	0.0026	0.9940
