0.9959	0.0000	0.0000	0.0041	0.0000	0.0000	0.0000
1.0000	0.0000	0.0000	0.0000	0.0000	0.0000	0.0000
0.8625	0.0891	0.0000	0.0448	0.0001	0.0033	0.0002
0.9998	0.0000	0.0000	0.0000	0.0001	0.0000	0.0000
0.9813	0.0147	0.0000	0.0038	0.0000	0.0002	0.0000
0.2835	0.6587	0.0001	0.0206	0.0005	0.0302	0.0064
0.8017	0.0954	0.1006	0.0000	0.0009	0.0002	0.0011
0.0000	0.0000	1.0000	0.0000	0.0000	0.0000	0.0000
0.0000	0.0000	0.9932	0.0000	0.0033	0.0000	0.0034
0.0000	0.0000	0.9653	0.0000	0.0140	0.0000	0.0207
0.0206	0.2609	0.0002	0.6775	0.0001	0.0391	0.0016
0.0000	0.0002	0.0001	0.0000	0.9765	0.0000	0.0231
0.0000	0.0000	0.0000	0.0000	0.9993	0.0000	0.0007
0.0123	0.0011	0.0000	0.3656	0.0000	0.6210	0.0000
0.3849	0.2555	0.0001	0.0098	0.0029	0.3458	0.0010
0.7723	0.1964	0.0002	0.0015	0.0018	0.0268	0.0011
0.8341	0.1620	0.0001	0.0000	0.0000	0.0033	0.0004
0.0000	0.0000	0.0000	0.0000	0.0000	0.0000	1.0000
0.0000	0.0000	0.0000	0.0000	0.0000	0.0000	1.0000
0.0000	0.0000	0.0037	0.0000	0.0063	0.0000	0.9900
0.0577	0.8818	0.0015	0.0252	0.0000	0.0298	0.0040
0.0712	0.9069	0.0013	0.0057	0.0001	0.0132	0.0017
0.0000	0.0000	1.0000	0.0000	0.0000	0.0000	0.0000
0.4191	0.4659	0.0000	0.0031	0.0496	0.0001	0.0622
0.0846	0.0021	0.0000	0.9058	0.0000	0.0075	0.0000
0.0000	0.0000	0.0002	0.0000	0.9990	0.0000	0.0008
0.0000	0.0000	0.0000	0.0000	1.0000	0.0000	0.0000
0.0006	0.0008	0.0034	0.0000	0.0000	0.9951	0.0000
0.0000	0.0000	0.0000	0.0000	0.0000	1.0000	0.0000
0.0000	0.0000	0.0000	0.0000	0.0000	0.0000	1.0000
0.0000	0.0000	0.0000	0.0000	0.0000	0.0000	0.9999
0.0000	0.9978	0.0000	0.0000	0.0000	0.0000	0.0022
0.0000	0.9812	0.0009	0.0000	0.0000	0.0000	0.0179
0.0000	0.0001	0.9999	0.0000	0.0000	0.0000	0.0000
0.0000	0.0003	0.9987	0.0000	0.0000	0.0000	0.0010
0.0000	0.0000	0.0000	1.0000	0.0000	0.0000	0.0000
0.0000	0.0473	0.0641	0.0000	0.0000	0.0000	0.8886
0.0000	0.8736	0.0112	0.0002	0.0000	0.0000	0.1150
0.0000	0.0000	0.0000	1.0000	0.0000	0.0000	0.0000
0.0000	0.0000	0.0000	1.0000	0.0000	0.0000	0.0000
0.9525	0.0128	0.0286	0.0000	0.0000	0.0060	0.0001
0.0313	0.0024	0.9656	0.0000	0.0005	0.0000	0.0001
0.0000	0.0000	0.0000	1.0000	0.0000	0.0000	0.0000
0.0634	0.4412	0.3251	0.0000	0.0027	0.0174	0.1501
0.0000	0.0000	0.0000	1.0000	0.0000	0.0000	0.0000
0.0000	0.0000	0.0006	0.0000	0.9994	0.0000	0.0000
0.0000	0.0000	0.0003	0.0000	0.9997	0.0000	0.0000
0.0001	0.6063	0.0209	0.0000	0.0002	0.0010	0.3715
