1.0000	0.0000	0.0000	0.0000	0.0000	0.0000	0.0000
1.0000	0.0000	0.0000	0.0000	0.0000	0.0000	0.0000
0.9864	0.0067	0.0000	0.0067	0.0000	0.0001	0.0000
1.0000	0.0000	0.0000	0.0000	0.0000	0.0000	0.0000
0.9999	0.0001	0.0000	0.0001	0.0000	0.0000	0.0000
0.1760	0.8097	0.0000	0.0123	0.0000	0.0016	0.0005
0.9774	0.0226	0.0000	0.0000	0.0000	0.0000	0.0000
0.0000	0.0000	1.0000	0.0000	0.0000	0.0000	0.0000
0.0000	0.0000	0.9987	0.0000	0.0011	0.0000	0.0002
0.0000	0.0000	0.9650	0.0000	0.0079	0.0000	0.0271
0.0747	0.3693	0.0000	0.5410	0.0000	0.0150	0.0000
0.0000	0.0001	0.0000	0.0000	0.9991	0.0000	0.0008
0.0000	0.0000	0.0000	0.0000	0.9990	0.0000	0.0010
0.0111	0.0001	0.0000	0.4876	0.0001	0.5011	0.0000
0.3199	0.2313	0.0000	0.0007	0.0000	0.4481	0.0000
0.2772	0.7208	0.0000	0.0001	0.0000	0.0020	0.0000
0.0466	0.9533	0.0000	0.0000	0.0000	0.0000	0.0000
0.0000	0.0000	0.0000	0.0000	0.0000	0.0000	1.0000
0.0000	0.0000	0.0000	0.0000	0.0000	0.0000	1.0000
0.0000	0.0000	0.0000	0.0000	0.0010	0.0000	0.9989
0.0016	0.9981	0.0000	0.0003	0.0000	0.0000	0.0000
0.0012	0.9987	0.0000	0.0001	0.0000	0.0000	0.0000
0.0000	0.0000	1.0000	0.0000	0.0000	0.0000	0.0000
0.9765	0.0080	0.0000	0.0137	0.0015	0.0000	0.0002
0.0025	0.0000	0.0000	0.9975	0.0000	0.0000	0.0000
0.0000	0.0000	0.0000	0.0000	0.9999	0.0000	0.0000
0.0000	0.0000	0.0000	0.0000	1.0000	0.0000	0.0000
0.0000	0.0000	0.0000	0.0000	0.0000	0.9999	0.0000
0.0000	0.0000	0.0005	0.0000	0.0000	0.9995	0.0000
0.0000	0.0000	0.0000	0.0000	0.0000	0.0000	1.0000
0.0000	0.0000	0.0000	0.0000	0.0000	0.0000	1.0000
0.0000	1.0000	0.0000	0.0000	0.0000	0.0000	0.0000
0.0000	1.0000	0.0000	0.0000	0.0000	0.0000	0.0000
0.0000	0.0000	1.0000	0.0000	0.0000	0.0000	0.0000
0.0000	0.0000	1.0000	0.0000	0.0000	0.0000	0.0000
0.0000	0.0000	0.0000	1.0000	0.0000	0.0000	0.0000
0.0000	0.9628	0.0057	0.0000	0.0000	0.0000	0.0315
0.0000	0.9854	0.0006	0.0000	0.0000	0.0000	0.0140
0.0000	0.0000	0.0000	1.0000	0.0000	0.0000	0.0000
0.0000	0.0000	0.0000	1.0000	0.0000	0.0000	0.0000
0.9635	0.0161	0.0061	0.0000	0.0000	0.0142	0.0001
0.0020	0.0003	0.9977	0.0000	0.0000	0.0000	0.0000
0.0000	0.0000	0.0000	1.0000	0.0000	0.0000	0.0000
0.0004	0.9754	0.0064	0.0000	0.0000	0.0060	0.0118
0.0000	0.0000	0.0000	1.0000	0.0000	0.0000	0.0000
0.0000	0.0000	0.0031	0.0000	0.9969	0.0000	0.0000
0.0000	0.0000	0.0000	0.0000	1.0000	0.0000	0.0000
0.0000	0.0065	0.0001	0.0000	0.0000	0.0000	0.9933
