1.0000	0.0000	0.0000	0.0000	0.0000	0.0000	0.0000
1.0000	0.0000	0.0000	0.0000	0.0000	0.0000	0.0000
0.9055	0.0463	0.0000	0.0244	0.0000	0.0238	0.0000
1.0000	0.0000	0.0000	0.0000	0.0000	0.0000	0.0000
0.9992	0.0001	0.0000	0.0001	0.0000	0.0000	0.0006
0.0128	0.9228	0.0000	0.0602	0.0000	0.0035	0.0008
0.0098	0.9902	0.0000	0.0000	0.0000	0.0000	0.0000
0.0000	0.0000	1.0000	0.0000	0.0000	0.0000	0.0000
0.0000	0.0000	1.0000	0.0000	0.0000	0.0000	0.0000
0.0000	0.0000	0.9980	0.0000	0.0000	0.0000	0.0020
0.0003	0.3198	0.0000	0.5919	0.0000	0.0881	0.0000
0.0000	0.0000	0.0000	0.0000	0.9943	0.0000	0.0057
0.0000	0.0000	0.0000	0.0000	0.9998	0.0000	0.0002
0.0017	0.0001	0.0000	0.1642	0.0000	0.8340	0.0000
0.0025	0.0073	0.0000	0.0029	0.0000	0.9873	0.0000
0.0214	0.9341	0.0000	0.0005	0.0000	0.0440	0.0000
0.0008	0.9991	0.0000	0.0000	0.0000	0.0000	0.0000
0.0000	0.0000	0.0000	0.0000	0.0000	0.0000	1.0000
0.0000	0.0000	0.0000	0.0000	0.0000	0.0000	1.0000
0.0000	0.0002	0.0000	0.0000	0.0000	0.0002	0.9996
0.0000	0.9997	0.0000	0.0002	0.0000	0.0000	0.0000
0.0000	0.9884	0.0000	0.0116	0.0000	0.0000	0.0000
0.0000	0.0000	1.0000	0.0000	0.0000	0.0000	0.0000
0.0002	0.0129	0.0000	0.9868	0.0000	0.0000	0.0001
0.0000	0.0000	0.0000	1.0000	0.0000	0.0000	0.0000
0.0000	0.0000	0.0000	0.0000	1.0000	0.0000	0.0000
0.0000	0.0000	0.0000	0.0000	1.0000	0.0000	0.0000
0.0001	0.0000	0.0000	0.0000	0.0000	0.9999	0.0000
0.0000	0.0000	0.0000	0.0000	0.0000	1.0000	0.0000
0.0000	0.0000	0.0000	0.0000	0.0004	0.0000	0.9996
0.0000	0.0000	0.0000	0.0000	0.0000	0.0000	0.9999
0.0000	0.5609	0.0000	0.0000	0.0000	0.0000	0.4391
0.0000	1.0000	0.0000	0.0000	0.0000	0.0000	0.0000
0.0000	0.0000	1.0000	0.0000	0.0000	0.0000	0.0000
0.0000	0.0000	0.9979	0.0000	0.0004	0.0000	0.0017
0.0000	0.0000	0.0000	1.0000	0.0000	0.0000	0.0000
0.0000	0.2658	0.0009	0.0000	0.0008	0.0000	0.7325
0.0000	0.9875	0.0000	0.0000	0.0008	0.0000	0.0116
0.0000	0.0000	0.0000	1.0000	0.0000	0.0000	0.0000
0.0000	0.0000	0.0000	0.9998	0.0000	0.0000	0.0002
0.2030	0.0186	0.7253	0.0000	0.0000	0.0526	0.0006
0.0000	0.0000	0.9999	0.0000	0.0000	0.0000	0.0001
0.0000	0.0000	0.0000	0.9997	0.0000	0.0000	0.0003
0.0004	0.0005	0.0162	0.0000	0.0000	0.9065	0.0764
0.0000	0.0000	0.0000	1.0000	0.0000	0.0000	0.0000
0.0000	0.0000	0.0000	0.0000	1.0000	0.0000	0.0000
0.0000	0.0000	0.0000	0.0000	1.0000	0.0000	0.0000
0.0000	0.0000	0.0000	0.0000	0.0000	0.0002	0.9998
