1.0000	0.0000	0.0000	0.0000	0.0000	0.0000	0.0000
1.0000	0.0000	0.0000	0.0000	0.0000	0.0000	0.0000
0.3880	0.1715	0.0000	0.2959	0.0000	0.1431	0.0015
0.9997	0.0002	0.0000	0.0000	0.0000	0.0000	0.0001
0.9953	0.0023	0.0000	0.0006	0.0000	0.0001	0.0016
0.0438	0.8419	0.0000	0.0453	0.0000	0.0682	0.0008
0.0139	0.9855	0.0000	0.0000	0.0000	0.0000	0.0005
0.0000	0.0000	1.0000	0.0000	0.0000	0.0000	0.0000
0.0000	0.0000	1.0000	0.0000	0.0000	0.0000	0.0000
0.0000	0.0000	0.9945	0.0000	0.0001	0.0000	0.0054
0.0011	0.5314	0.0000	0.3948	0.0000	0.0726	0.0000
0.0000	0.0000	0.0000	0.0000	0.9987	0.0000	0.0013
0.0000	0.0000	0.0000	0.0000	0.8900	0.0000	0.1100
0.0099	0.0002	0.0000	0.0756	0.0000	0.9143	0.0000
0.0149	0.1093	0.0000	0.0090	0.0000	0.8668	0.0001
0.0183	0.9379	0.0000	0.0009	0.0000	0.0428	0.0001
0.0912	0.9057	0.0000	0.0000	0.0000	0.0024	0.0006
0.0000	0.0000	0.0000	0.0000	0.0001	0.0000	0.9999
0.0000	0.0000	0.0002	0.0000	0.0000	0.0000	0.9998
0.0000	0.0004	0.0000	0.0000	0.0006	0.0000	0.9990
0.0009	0.9973	0.0000	0.0017	0.0000	0.0001	0.0000
0.0008	0.9988	0.0000	0.0003	0.0000	0.0000	0.0000
0.0000	0.0000	1.0000	0.0000	0.0000	0.0000	0.0000
0.0121	0.5151	0.0000	0.4702	0.0001	0.0001	0.0025
0.0006	0.0004	0.0000	0.9986	0.0000	0.0004	0.0000
0.0000	0.0000	0.0000	0.0000	0.9990	0.0000	0.0010
0.0000	0.0000	0.0000	0.0000	0.9893	0.0000	0.0107
0.0114	0.0000	0.0000	0.0000	0.0000	0.9886	0.0000
0.0020	0.0000	0.0000	0.0000	0.0000	0.9980	0.0000
0.0000	0.0000	0.0002	0.0000	0.0018	0.0000	0.9979
0.0000	0.0000	0.0000	0.0000	0.0002	0.0000	0.9998
0.0000	0.9957	0.0000	0.0000	0.0000	0.0000	0.0043
0.0000	0.9996	0.0000	0.0000	0.0000	0.0000	0.0004
0.0000	0.0000	1.0000	0.0000	0.0000	0.0000	0.0000
0.0089	0.0000	0.6618	0.0001	0.0062	0.0000	0.3229
0.0000	0.0000	0.0000	1.0000	0.0000	0.0000	0.0000
0.0000	0.7055	0.1209	0.0000	0.0368	0.0000	0.1368
0.0000	0.7728	0.0006	0.0000	0.0006	0.0000	0.2260
0.0000	0.0000	0.0000	1.0000	0.0000	0.0000	0.0000
0.0000	0.0000	0.0000	1.0000	0.0000	0.0000	0.0000
0.6683	0.0311	0.1956	0.0000	0.0000	0.1032	0.0017
0.0041	0.0000	0.9958	0.0000	0.0000	0.0000	0.0000
0.0000	0.0000	0.0000	1.0000	0.0000	0.0000	0.0000
0.0362	0.5541	0.1761	0.0002	0.0001	0.1617	0.0716
0.0000	0.0000	0.0000	1.0000	0.0000	0.0000	0.0000
0.0000	0.0000	0.0001	0.0000	0.9999	0.0000	0.0000
0.0000	0.0000	0.0000	0.0000	1.0000	0.0000	0.0000
0.0000	0.0002	0.0002	0.0000	0.0003	0.0001	0.9993
