1.0000	0.0000	0.0000	0.0000	0.0000	0.0000	0.0000
1.0000	0.0000	0.0000	0.0000	0.0000	0.0000	0.0000
0.7807	0.1256	0.0000	0.0779	0.0001	0.0156	0.0001
1.0000	0.0000	0.0000	0.0000	0.0000	0.0000	0.0000
0.9939	0.0029	0.0000	0.0024	0.0000	0.0001	0.0007
0.0422	0.9060	0.0000	0.0448	0.0000	0.0058	0.0012
0.7182	0.2818	0.0000	0.0000	0.0000	0.0000	0.0000
0.0000	0.0000	1.0000	0.0000	0.0000	0.0000	0.0000
0.0000	0.0000	0.9908	0.0000	0.0041	0.0000	0.0051
0.0000	0.0000	0.8911	0.0000	0.0155	0.0000	0.0934
0.0193	0.5693	0.0000	0.3777	0.0000	0.0337	0.0001
0.0000	0.0090	0.0000	0.0000	0.9304	0.0000	0.0606
0.0000	0.0000	0.0000	0.0000	0.9492	0.0000	0.0508
0.0024	0.0022	0.0000	0.2233	0.0000	0.7720	0.0000
0.0749	0.1488	0.0000	0.0140	0.0000	0.7623	0.0001
0.1090	0.8600	0.0000	0.0020	0.0000	0.0289	0.0002
0.0091	0.9904	0.0000	0.0000	0.0000	0.0005	0.0000
0.0000	0.0000	0.0000	0.0000	0.0000	0.0000	1.0000
0.0000	0.0000	0.0000	0.0000	0.0000	0.0000	1.0000
0.0000	0.0020	0.0001	0.0002	0.0056	0.0011	0.9911
0.0002	0.9997	0.0000	0.0000	0.0000	0.0000	0.0000
0.0001	0.9998	0.0000	0.0001	0.0000	0.0000	0.0000
0.0000	0.0000	0.9999	0.0000	0.0000	0.0000	0.0001
0.0281	0.2048	0.0000	0.7650	0.0003	0.0000	0.0018
0.0005	0.0004	0.0000	0.9991	0.0000	0.0000	0.0000
0.0000	0.0001	0.0002	0.0000	0.9993	0.0000	0.0004
0.0000	0.0000	0.0003	0.0000	0.9989	0.0000	0.0008
0.0004	0.0000	0.0001	0.0000	0.0000	0.9996	0.0000
0.0007	0.0000	0.0001	0.0000	0.0000	0.9991	0.0000
0.0000	0.0003	0.0003	0.0000	0.0012	0.0000	0.9982
0.0000	0.0011	0.0000	0.0000	0.0003	0.0001	0.9983
0.0000	0.9958	0.0000	0.0000	0.0000	0.0000	0.0042
0.0000	0.9970	0.0001	0.0000	0.0000	0.0000	0.0028
0.0000	0.0001	0.9998	0.0000	0.0000	0.0000	0.0000
0.0000	0.0000	0.9630	0.0271	0.0014	0.0000	0.0084
0.0000	0.0000	0.0000	1.0000	0.0000	0.0000	0.0000
0.0000	0.7858	0.0085	0.0012	0.0015	0.0000	0.2030
0.0000	0.7529	0.0036	0.0003	0.0104	0.0001	0.2328
0.0000	0.0000	0.0000	1.0000	0.0000	0.0000	0.0000
0.0000	0.0003	0.0000	0.9997	0.0000	0.0000	0.0000
0.5960	0.1538	0.0698	0.0001	0.0000	0.1793	0.0010
0.0440	0.0134	0.9418	0.0000	0.0000	0.0002	0.0006
0.0000	0.0001	0.0000	0.9995	0.0000	0.0000	0.0004
0.0012	0.0441	0.0077	0.0001	0.0000	0.9284	0.0185
0.0000	0.0000	0.0000	1.0000	0.0000	0.0000	0.0000
0.0000	0.0000	0.0001	0.0000	0.9999	0.0000	0.0000
0.0000	0.0000	0.0000	0.0000	1.0000	0.0000	0.0000
0.0000	0.0054	0.0002	0.0000	0.0000	0.0069	0.9875
