1.0000	0.0000	0.0000	0.0000	0.0000	0.0000	0.0000
1.0000	0.0000	0.0000	0.0000	0.0000	0.0000	0.0000
0.8361	0.0198	0.0000	0.1434	0.0000	0.0007	0.0000
1.0000	0.0000	0.0000	0.0000	0.0000	0.0000	0.0000
0.9972	0.0000	0.0000	0.0028	0.0000	0.0000	0.0000
0.3954	0.5845	0.0000	0.0163	0.0000	0.0027	0.0011
0.9998	0.0002	0.0000	0.0000	0.0000	0.0000	0.0000
0.0000	0.0000	1.0000	0.0000	0.0000	0.0000	0.0000
0.0000	0.0000	0.9963	0.0000	0.0010	0.0000	0.0027
0.0000	0.0000	0.8448	0.0000	0.0038	0.0000	0.1514
0.0216	0.3301	0.0000	0.5816	0.0000	0.0666	0.0001
0.0000	0.0000	0.0000	0.0000	0.9781	0.0000	0.0218
0.0000	0.0000	0.0000	0.0000	0.9957	0.0000	0.0043
0.0011	0.0000	0.0000	0.4743	0.0001	0.5246	0.0000
0.3428	0.0761	0.0000	0.0152	0.0001	0.5658	0.0000
0.7153	0.2704	0.0000	0.0012	0.0000	0.0130	0.0001
0.1854	0.8144	0.0000	0.0000	0.0000	0.0002	0.0000
0.0000	0.0000	0.0000	0.0000	0.0000	0.0000	1.0000
0.0000	0.0000	0.0000	0.0000	0.0000	0.0000	1.0000
0.0000	0.0000	0.0000	0.0000	0.0006	0.0000	0.9994
0.0032	0.9955	0.0000	0.0013	0.0000	0.0000	0.0000
0.0028	0.9950	0.0000	0.0022	0.0000	0.0000	0.0000
0.0000	0.0000	1.0000	0.0000	0.0000	0.0000	0.0000
0.6399	0.3044	0.0000	0.0516	0.0027	0.0000	0.0014
0.0013	0.0000	0.0000	0.9987	0.0000	0.0000	0.0000
0.0000	0.0000	0.0000	0.0000	0.9999	0.0000	0.0001
0.0000	0.0000	0.0000	0.0000	0.9999	0.0000	0.0001
0.0000	0.0000	0.0000	0.0000	0.0000	1.0000	0.0000
0.0000	0.0000	0.0000	0.0000	0.0000	1.0000	0.0000
0.0000	0.0000	0.0000	0.0000	0.0000	0.0000	1.0000
0.0000	0.0000	0.0000	0.0000	0.0000	0.0000	1.0000
0.0000	1.0000	0.0000	0.0000	0.0000	0.0000	0.0000
0.0000	0.9999	0.0000	0.0000	0.0000	0.0000	0.0001
0.0000	0.0000	1.0000	0.0000	0.0000	0.0000	0.0000
0.0000	0.0000	0.9906	0.0094	0.0000	0.0000	0.0000
0.0000	0.0000	0.0000	1.0000	0.0000	0.0000	0.0000
0.0000	0.7192	0.0472	0.0008	0.0000	0.0000	0.2327
0.0000	0.9687	0.0002	0.0001	0.0000	0.0000	0.0311
0.0000	0.0000	0.0000	1.0000	0.0000	0.0000	0.0000
0.0000	0.0000	0.0000	1.0000	0.0000	0.0000	0.0000
0.9864	0.0085	0.0023	0.0000	0.0000	0.0027	0.0000
0.0112	0.0008	0.9880	0.0000	0.0000	0.0000	0.0000
0.0000	0.0000	0.0000	1.0000	0.0000	0.0000	0.0000
0.0117	0.5346	0.0134	0.0001	0.0000	0.0802	0.3601
0.0000	0.0000	0.0000	1.0000	0.0000	0.0000	0.0000
0.0000	0.0000	0.0001	0.0000	0.9999	0.0000	0.0000
0.0000	0.0000	0.0000	0.0000	1.0000	0.0000	0.0000
0.0000	0.0117	0.0000	0.0000	0.0000	0.0000	0.9883
