1.0000	0.0000	0.0000	0.0000	0.0000	0.0000	0.0000
0.0085	0.9114	0.0000	0.0215	0.0000	0.0231	0.0356
0.0871	0.6213	0.0000	0.2145	0.0000	0.0667	0.0103
0.0000	0.8292	0.0000	0.0556	0.0000	0.1151	0.0000
0.0000	0.8611	0.0000	0.1387	0.0000	0.0001	0.0000
0.0000	0.0000	0.9999	0.0000	0.0001	0.0000	0.0000
0.0000	0.0000	0.9853	0.0000	0.0102	0.0000	0.0045
0.0000	0.0000	0.9977	0.0000	0.0013	0.0000	0.0010
0.0000	0.0000	1.0000	0.0000	0.0000	0.0000	0.0000
0.0000	0.0000	0.0000	0.9990	0.0009	0.0000	0.0000
0.0000	0.0000	0.0000	0.9978	0.0017	0.0000	0.0005
0.0000	0.0000	0.0000	0.0000	0.9977	0.0000	0.0023
0.0000	0.0000	0.0000	0.0000	0.3461	0.0000	0.6539
0.0000	0.0000	0.0000	0.0000	0.9999	0.0000	0.0001
0.0025	0.0001	0.0000	0.0042	0.0000	0.9886	0.0045
0.0812	0.0014	0.0000	0.0000	0.0000	0.9142	0.0031
0.0000	0.0000	0.0000	0.0000	0.0002	0.0000	0.9998
0.0000	0.0000	0.0000	0.0000	0.0000	0.0000	1.0000
1.0000	0.0000	0.0000	0.0000	0.0000	0.0000	0.0000
0.9986	0.0011	0.0000	0.0000	0.0000	0.0002	0.0000
0.0021	0.9873	0.0000	0.0024	0.0000	0.0081	0.0001
0.0000	0.0000	1.0000	0.0000	0.0000	0.0000	0.0000
0.0000	0.0000	0.0000	0.9997	0.0003	0.0000	0.0000
0.0000	0.0000	0.0000	1.0000	0.0000	0.0000	0.0000
0.0000	0.0000	0.0000	0.0000	0.9708	0.0000	0.0292
0.0000	0.0000	0.0000	0.0000	0.9991	0.0000	0.0009
0.0000	0.0000	0.0000	0.0000	0.0000	1.0000	0.0000
0.8380	0.0000	0.0000	0.0000	0.0000	0.1620	0.0000
0.0000	0.0000	0.0000	0.0000	0.0000	1.0000	0.0000
0.0000	0.0006	0.0000	0.0000	0.0007	0.0000	0.9987
0.0000	0.0000	0.0000	0.0000	0.0795	0.0000	0.9204
0.0000	0.0000	1.0000	0.0000	0.0000	0.0000	0.0000
0.0000	0.0024	0.0001	0.0000	0.0006	0.0000	0.9969
0.0000	0.4492	0.4864	0.0003	0.0130	0.0000	0.0511
0.0000	1.0000	0.0000	0.0000	0.0000	0.0000	0.0000
0.0000	0.0000	0.0000	1.0000	0.0000	0.0000	0.0000
0.0000	0.0615	0.0004	0.0000	0.0000	0.0000	0.9382
0.9561	0.0274	0.0012	0.0004	0.0000	0.0150	0.0000
0.1024	0.5165	0.2565	0.0000	0.0000	0.0006	0.1240
0.0000	0.0000	0.0000	0.9446	0.0000	0.0000	0.0554
0.0000	0.1118	0.0000	0.0000	0.0000	0.8881	0.0001
0.3421	0.6560	0.0017	0.0000	0.0000	0.0000	0.0002
0.0002	0.9840	0.0019	0.0000	0.0000	0.0022	0.0116
0.3941	0.1035	0.1777	0.0004	0.0000	0.0334	0.2909
0.0000	0.0000	0.0000	0.9884	0.0000	0.0000	0.0116
0.0000	0.0000	0.0000	0.6448	0.0000	0.0000	0.3552
0.0000	0.0000	0.0000	0.0000	1.0000	0.0000	0.0000
0.0000	0.0000	0.0000	0.0000	0.0000	0.0000	1.0000
