1.0000	0.0000	0.0000	0.0000	0.0000	0.0000	0.0000
0.1991	0.6783	0.0000	0.0156	0.0010	0.0979	0.0081
0.7106	0.0478	0.0000	0.0516	0.0011	0.1861	0.0027
0.1894	0.5616	0.0000	0.0356	0.0002	0.2130	0.0002
0.4220	0.5078	0.0000	0.0286	0.0004	0.0378	0.0034
0.0000	0.0000	0.9992	0.0000	0.0006	0.0000	0.0003
0.0000	0.0000	0.9919	0.0000	0.0029	0.0000	0.0052
0.0000	0.0000	0.9995	0.0000	0.0002	0.0000	0.0003
0.0000	0.0000	1.0000	0.0000	0.0000	0.0000	0.0000
0.0000	0.0000	0.0000	1.0000	0.0000	0.0000	0.0000
0.0000	0.0000	0.0000	1.0000	0.0000	0.0000	0.0000
0.0000	0.0000	0.0014	0.0000	0.9955	0.0000	0.0031
0.0000	0.0000	0.0000	0.0000	0.9874	0.0000	0.0126
0.0000	0.0000	0.0000	0.0000	1.0000	0.0000	0.0000
0.0047	0.0000	0.0000	0.0344	0.0000	0.9608	0.0000
0.0611	0.0131	0.0000	0.0000	0.0000	0.9255	0.0003
0.0000	0.0001	0.0001	0.0000	0.0074	0.0000	0.9924
0.0000	0.0000	0.0002	0.0000	0.0025	0.0000	0.9973
0.9999	0.0000	0.0000	0.0001	0.0000	0.0000	0.0000
0.9865	0.0006	0.0000	0.0122	0.0000	0.0007	0.0000
0.4712	0.2213	0.0000	0.0427	0.0012	0.2617	0.0018
0.0000	0.0000	1.0000	0.0000	0.0000	0.0000	0.0000
0.0000	0.0000	0.0000	1.0000	0.0000	0.0000	0.0000
0.0847	0.0155	0.0000	0.8989	0.0001	0.0007	0.0000
0.0000	0.0000	0.0000	0.0000	0.9906	0.0000	0.0094
0.0000	0.0000	0.0000	0.0000	1.0000	0.0000	0.0000
0.0000	0.0000	0.0000	0.0000	0.0000	1.0000	0.0000
0.0000	0.0000	0.0000	0.0000	0.0000	1.0000	0.0000
0.0000	0.0000	0.0000	0.0000	0.0000	1.0000	0.0000
0.0000	0.1579	0.0000	0.0000	0.0031	0.0000	0.8391
0.0000	0.0000	0.0044	0.0000	0.0066	0.0000	0.9890
0.0000	0.0000	1.0000	0.0000	0.0000	0.0000	0.0000
0.0000	0.0005	0.0023	0.0000	0.0000	0.0000	0.9972
0.0000	0.0228	0.8482	0.0000	0.0000	0.0000	0.1289
0.0000	0.9964	0.0007	0.0001	0.0000	0.0000	0.0028
0.0000	0.0000	0.0000	1.0000	0.0000	0.0000	0.0000
0.0000	0.0389	0.0060	0.0000	0.0000	0.0000	0.9551
0.3022	0.1256	0.1204	0.0057	0.0027	0.3990	0.0444
0.1981	0.0262	0.6600	0.0000	0.0000	0.0378	0.0778
0.0000	0.0000	0.0000	1.0000	0.0000	0.0000	0.0000
0.0000	0.0935	0.0792	0.0000	0.0000	0.7998	0.0274
0.2517	0.6711	0.0069	0.0002	0.0001	0.0025	0.0674
0.0000	0.2284	0.0299	0.0000	0.0000	0.7019	0.0398
0.0399	0.8386	0.1164	0.0001	0.0003	0.0021	0.0026
0.0000	0.0000	0.0000	1.0000	0.0000	0.0000	0.0000
0.0000	0.0000	0.0000	1.0000	0.0000	0.0000	0.0000
0.0000	0.0000	0.0000	0.0000	1.0000	0.0000	0.0000
0.0000	0.0706	0.0000	0.0000	0.0000	0.0000	0.9294
