1.0000	0.0000	0.0000	0.0000	0.0000	0.0000	0.0000
0.1741	0.5725	0.0000	0.2019	0.0000	0.0380	0.0135
0.3287	0.2032	0.0000	0.4206	0.0000	0.0445	0.0030
0.1291	0.4799	0.0000	0.1357	0.0000	0.2549	0.0004
0.0107	0.6758	0.0000	0.3079	0.0000	0.0039	0.0017
0.0000	0.0000	0.9703	0.0000	0.0100	0.0000	0.0197
0.0000	0.0000	0.8581	0.0000	0.0190	0.0000	0.1229
0.0000	0.0000	0.9377	0.0000	0.0105	0.0000	0.0518
0.0000	0.0000	0.9957	0.0000	0.0004	0.0000	0.0038
0.0000	0.0000	0.0000	1.0000	0.0000	0.0000	0.0000
0.0000	0.0000	0.0000	1.0000	0.0000	0.0000	0.0000
0.0000	0.0000	0.0049	0.0000	0.9800	0.0000	0.0150
0.0000	0.0000	0.0000	0.0000	0.9153	0.0000	0.0847
0.0000	0.0000	0.0000	0.0000	0.9998	0.0000	0.0002
0.0992	0.0031	0.0000	0.0820	0.0000	0.8114	0.0043
0.0111	0.0073	0.0000	0.0000	0.0000	0.9815	0.0001
0.0000	0.0004	0.0001	0.0002	0.0207	0.0002	0.9784
0.0000	0.0004	0.0000	0.0001	0.0118	0.0003	0.9873
1.0000	0.0000	0.0000	0.0000	0.0000	0.0000	0.0000
0.9642	0.0084	0.0000	0.0239	0.0000	0.0034	0.0001
0.0360	0.9196	0.0000	0.0171	0.0000	0.0271	0.0002
0.0000	0.0000	0.9997	0.0000	0.0000	0.0000	0.0002
0.0000	0.0000	0.0000	1.0000	0.0000	0.0000	0.0000
0.0224	0.0204	0.0000	0.9562	0.0000	0.0009	0.0000
0.0000	0.0000	0.0013	0.0000	0.9778	0.0000	0.0209
0.0000	0.0000	0.0000	0.0000	0.9987	0.0000	0.0012
0.0000	0.0000	0.0000	0.0000	0.0000	1.0000	0.0000
0.0000	0.0000	0.0000	0.0000	0.0000	1.0000	0.0000
0.0010	0.0001	0.0000	0.0000	0.0000	0.9989	0.0000
0.0000	0.0171	0.0000	0.0001	0.0017	0.0000	0.9811
0.0000	0.0000	0.0064	0.0000	0.0657	0.0000	0.9279
0.0000	0.0000	0.9998	0.0000	0.0000	0.0000	0.0002
0.0000	0.0285	0.0020	0.0516	0.0007	0.0000	0.9172
0.0000	0.5285	0.1043	0.0019	0.0065	0.0000	0.3587
0.0000	0.9903	0.0005	0.0017	0.0003	0.0000	0.0073
0.0000	0.0000	0.0000	1.0000	0.0000	0.0000	0.0000
0.0000	0.0753	0.0008	0.0005	0.0000	0.0000	0.9234
0.2396	0.5835	0.0291	0.0160	0.0000	0.1307	0.0011
0.0094	0.5047	0.3911	0.0007	0.0000	0.0575	0.0366
0.0000	0.0001	0.0000	0.9990	0.0000	0.0000	0.0009
0.0001	0.1423	0.0059	0.0008	0.0000	0.8470	0.0040
0.0171	0.9598	0.0177	0.0024	0.0000	0.0016	0.0014
0.0005	0.9031	0.0235	0.0063	0.0000	0.0291	0.0374
0.0329	0.3756	0.4823	0.0478	0.0012	0.0289	0.0312
0.0000	0.0000	0.0000	1.0000	0.0000	0.0000	0.0000
0.0000	0.0000	0.0000	0.9989	0.0000	0.0000	0.0011
0.0000	0.0000	0.0001	0.0000	0.9999	0.0000	0.0000
0.0000	0.0009	0.0000	0.0000	0.0000	0.0000	0.9991
