1.0000	0.0000	0.0000	0.0000	0.0000	0.0000	0.0000
0.0180	0.7599	0.0000	0.1938	0.0000	0.0280	0.0003
0.1922	0.2572	0.0000	0.4316	0.0000	0.1189	0.0002
0.0012	0.7864	0.0000	0.0607	0.0000	0.1518	0.0000
0.0001	0.9121	0.0000	0.0862	0.0000	0.0016	0.0000
0.0000	0.0000	0.9995	0.0000	0.0000	0.0000	0.0005
0.0000	0.0000	0.8896	0.0000	0.0000	0.0000	0.1104
0.0000	0.0000	0.9873	0.0000	0.0000	0.0000	0.0127
0.0000	0.0000	1.0000	0.0000	0.0000	0.0000	0.0000
0.0000	0.0000	0.0000	0.9999	0.0001	0.0000	0.0000
0.0000	0.0000	0.0000	1.0000	0.0000	0.0000	0.0000
0.0000	0.0000	0.0000	0.0000	1.0000	0.0000	0.0000
0.0000	0.0000	0.0000	0.0000	0.4100	0.0000	0.5900
0.0000	0.0000	0.0000	0.0000	1.0000	0.0000	0.0000
0.0007	0.0003	0.0000	0.0250	0.0000	0.9741	0.0000
0.0853	0.0031	0.0000	0.0000	0.0000	0.9107	0.0009
0.0000	0.0000	0.0000	0.0001	0.0018	0.0000	0.9981
0.0000	0.0000	0.0000	0.0000	0.0001	0.0000	0.9999
1.0000	0.0000	0.0000	0.0000	0.0000	0.0000	0.0000
0.9632	0.0134	0.0000	0.0204	0.0000	0.0030	0.0000
0.0115	0.9235	0.0000	0.0293	0.0000	0.0357	0.0000
0.0000	0.0000	1.0000	0.0000	0.0000	0.0000	0.0000
0.0000	0.0000	0.0000	1.0000	0.0000	0.0000	0.0000
0.0000	0.0114	0.0000	0.9885	0.0000	0.0001	0.0000
0.0000	0.0000	0.0000	0.0000	0.9740	0.0000	0.0260
0.0000	0.0000	0.0000	0.0000	1.0000	0.0000	0.0000
0.0000	0.0000	0.0000	0.0000	0.0000	1.0000	0.0000
0.0000	0.0000	0.0000	0.0000	0.0000	1.0000	0.0000
0.0000	0.0000	0.0000	0.0000	0.0000	1.0000	0.0000
0.0000	0.0221	0.0000	0.0011	0.0063	0.0000	0.9704
0.0000	0.0000	0.0008	0.0000	0.0012	0.0000	0.9981
0.0000	0.0000	1.0000	0.0000	0.0000	0.0000	0.0000
0.0000	0.0224	0.0005	0.0000	0.0000	0.0000	0.9772
0.0000	0.3270	0.6292	0.0000	0.0000	0.0000	0.0438
0.0000	1.0000	0.0000	0.0000	0.0000	0.0000	0.0000
0.0000	0.0000	0.0000	1.0000	0.0000	0.0000	0.0000
0.0000	0.0492	0.0229	0.0000	0.0000	0.0000	0.9278
0.4639	0.0629	0.0069	0.0002	0.0000	0.4656	0.0005
0.1032	0.2008	0.3912	0.0000	0.0000	0.0424	0.2624
0.0000	0.0000	0.0000	1.0000	0.0000	0.0000	0.0000
0.0000	0.1825	0.0003	0.0000	0.0000	0.8169	0.0003
0.2360	0.7558	0.0035	0.0001	0.0000	0.0008	0.0039
0.0003	0.9587	0.0038	0.0000	0.0000	0.0186	0.0185
0.0765	0.2212	0.6376	0.0003	0.0005	0.0169	0.0469
0.0000	0.0000	0.0000	1.0000	0.0000	0.0000	0.0000
0.0000	0.0000	0.0000	1.0000	0.0000	0.0000	0.0000
0.0000	0.0000	0.0000	0.0000	1.0000	0.0000	0.0000
0.0000	0.0003	0.0000	0.0000	0.0001	0.0000	0.9996
