1.0000	0.0000	0.0000	0.0000	0.0000	0.0000	0.0000
0.0065	0.9845	0.0000	0.0064	0.0000	0.0014	0.0012
0.2889	0.5488	0.0000	0.1113	0.0000	0.0508	0.0002
0.0219	0.8187	0.0000	0.0178	0.0000	0.1416	0.0000
0.0012	0.9172	0.0000	0.0814	0.0000	0.0001	0.0001
0.0000	0.0000	0.9999	0.0000	0.0000	0.0000	0.0001
0.0000	0.0000	0.9778	0.0000	0.0005	0.0000	0.0217
0.0000	0.0000	0.9999	0.0000	0.0000	0.0000	0.0000
0.0000	0.0000	1.0000	0.0000	0.0000	0.0000	0.0000
0.0000	0.0000	0.0000	1.0000	0.0000	0.0000	0.0000
0.0000	0.0000	0.0000	1.0000	0.0000	0.0000	0.0000
0.0000	0.0002	0.0012	0.0000	0.9149	0.0000	0.0838
0.0000	0.0000	0.0000	0.0000	0.7081	0.0000	0.2919
0.0000	0.0000	0.0000	0.0000	1.0000	0.0000	0.0000
0.2025	0.0155	0.0000	0.0222	0.0000	0.7578	0.0020
0.0004	0.0022	0.0000	0.0000	0.0000	0.9975	0.0000
0.0000	0.0000	0.0000	0.0000	0.0004	0.0000	0.9995
0.0000	0.0000	0.0000	0.0000	0.0002	0.0000	0.9998
1.0000	0.0000	0.0000	0.0000	0.0000	0.0000	0.0000
0.9985	0.0014	0.0000	0.0001	0.0000	0.0000	0.0000
0.0069	0.9900	0.0000	0.0021	0.0000	0.0010	0.0000
0.0000	0.0000	1.0000	0.0000	0.0000	0.0000	0.0000
0.0000	0.0000	0.0000	1.0000	0.0000	0.0000	0.0000
0.0002	0.0006	0.0000	0.9992	0.0000	0.0000	0.0000
0.0000	0.0000	0.0000	0.0000	0.5373	0.0000	0.4627
0.0000	0.0000	0.0000	0.0000	0.9999	0.0000	0.0001
0.0000	0.0000	0.0000	0.0000	0.0000	1.0000	0.0000
0.0001	0.0000	0.0000	0.0000	0.0000	0.9999	0.0000
0.0026	0.0005	0.0000	0.0000	0.0000	0.9969	0.0000
0.0000	0.0004	0.0000	0.0000	0.0000	0.0000	0.9996
0.0000	0.0000	0.0000	0.0000	0.0128	0.0000	0.9872
0.0000	0.0000	1.0000	0.0000	0.0000	0.0000	0.0000
0.0000	0.0013	0.0003	0.0000	0.0000	0.0000	0.9984
0.0000	0.4190	0.0214	0.0000	0.0004	0.0000	0.5592
0.0000	0.9941	0.0001	0.0000	0.0001	0.0000	0.0057
0.0000	0.0000	0.0000	1.0000	0.0000	0.0000	0.0000
0.0000	0.0015	0.0000	0.0000	0.0000	0.0000	0.9984
0.2701	0.5763	0.1161	0.0001	0.0000	0.0368	0.0006
0.0013	0.2702	0.6191	0.0000	0.0000	0.0014	0.1080
0.0000	0.0000	0.0000	0.9999	0.0000	0.0000	0.0001
0.0000	0.0378	0.0072	0.0000	0.0000	0.8635	0.0914
0.0151	0.9723	0.0125	0.0000	0.0000	0.0000	0.0001
0.0000	0.5137	0.0017	0.0000	0.0000	0.0000	0.4846
0.0026	0.9458	0.0179	0.0001	0.0000	0.0099	0.0238
0.0000	0.0000	0.0000	1.0000	0.0000	0.0000	0.0000
0.0000	0.0000	0.0000	1.0000	0.0000	0.0000	0.0000
0.0000	0.0000	0.0000	0.0000	1.0000	0.0000	0.0000
0.0000	0.0000	0.0000	0.0000	0.0000	0.0000	1.0000
