1.0000	0.0000	0.0000	0.0000	0.0000	0.0000	0.0000
0.0169	0.9599	0.0000	0.0193	0.0000	0.0038	0.0002
0.3176	0.2992	0.0000	0.3382	0.0000	0.0450	0.0000
0.0000	0.8549	0.0000	0.0690	0.0000	0.0760	0.0000
0.0000	0.7321	0.0000	0.2667	0.0000	0.0012	0.0000
0.0000	0.0000	1.0000	0.0000	0.0000	0.0000	0.0000
0.0000	0.0000	1.0000	0.0000	0.0000	0.0000	0.0000
0.0000	0.0000	1.0000	0.0000	0.0000	0.0000	0.0000
0.0000	0.0000	1.0000	0.0000	0.0000	0.0000	0.0000
0.0000	0.0000	0.0000	0.9999	0.0000	0.0000	0.0000
0.0000	0.0000	0.0000	1.0000	0.0000	0.0000	0.0000
0.0000	0.0000	0.0000	0.0000	0.9995	0.0000	0.0005
0.0000	0.0000	0.0000	0.0000	0.8892	0.0000	0.1108
0.0000	0.0000	0.0000	0.0000	1.0000	0.0000	0.0000
0.0053	0.0000	0.0000	0.0137	0.0000	0.9810	0.0001
0.1367	0.0038	0.0000	0.0000	0.0000	0.8595	0.0000
0.0000	0.0000	0.0000	0.0004	0.0288	0.0000	0.9708
0.0000	0.0000	0.0000	0.0002	0.0014	0.0000	0.9984
1.0000	0.0000	0.0000	0.0000	0.0000	0.0000	0.0000
0.9998	0.0000	0.0000	0.0002	0.0000	0.0000	0.0000
0.0091	0.9543	0.0000	0.0255	0.0000	0.0111	0.0000
0.0000	0.0000	1.0000	0.0000	0.0000	0.0000	0.0000
0.0000	0.0000	0.0000	0.9999	0.0001	0.0000	0.0000
0.0000	0.0000	0.0000	1.0000	0.0000	0.0000	0.0000
0.0000	0.0000	0.0000	0.0000	0.7719	0.0000	0.2281
0.0000	0.0000	0.0000	0.0000	0.9997	0.0000	0.0003
0.0000	0.0000	0.0000	0.0000	0.0000	1.0000	0.0000
0.0000	0.0000	0.0000	0.0000	0.0000	1.0000	0.0000
0.0000	0.0000	0.0000	0.0000	0.0000	1.0000	0.0000
0.0000	0.0388	0.0000	0.0000	0.0003	0.0000	0.9608
0.0000	0.0000	0.0194	0.0000	0.0267	0.0000	0.9540
0.0000	0.0000	1.0000	0.0000	0.0000	0.0000	0.0000
0.0000	0.0001	0.0001	0.0000	0.0001	0.0000	0.9997
0.0000	0.7246	0.2669	0.0000	0.0071	0.0000	0.0014
0.0000	1.0000	0.0000	0.0000	0.0000	0.0000	0.0000
0.0000	0.0000	0.0000	1.0000	0.0000	0.0000	0.0000
0.0000	0.0036	0.0000	0.0000	0.0000	0.0000	0.9963
0.9736	0.0060	0.0066	0.0000	0.0000	0.0133	0.0004
0.0005	0.0060	0.1196	0.0000	0.0000	0.0002	0.8737
0.0000	0.0000	0.0000	1.0000	0.0000	0.0000	0.0000
0.0000	0.0113	0.0001	0.0000	0.0000	0.9884	0.0002
0.2217	0.7649	0.0069	0.0000	0.0000	0.0000	0.0065
0.0000	0.9394	0.0003	0.0000	0.0000	0.0001	0.0601
0.0004	0.0045	0.0370	0.0000	0.0000	0.0007	0.9575
0.0000	0.0000	0.0000	1.0000	0.0000	0.0000	0.0000
0.0000	0.0000	0.0000	1.0000	0.0000	0.0000	0.0000
0.0000	0.0000	0.0000	0.0000	1.0000	0.0000	0.0000
0.0000	0.0000	0.0000	0.0000	0.0000	0.0000	1.0000
