1.0000	0.0000	0.0000	0.0000	0.0000	0.0000	0.0000
0.0170	0.9722	0.0000	0.0025	0.0000	0.0081	0.0002
0.1611	0.1227	0.0000	0.0182	0.0000	0.6980	0.0000
0.0000	0.8636	0.0000	0.0060	0.0000	0.1303	0.0000
0.0000	0.9486	0.0000	0.0485	0.0000	0.0028	0.0000
0.0000	0.0000	1.0000	0.0000	0.0000	0.0000	0.0000
0.0000	0.0000	0.9995	0.0000	0.0004	0.0000	0.0000
0.0000	0.0000	1.0000	0.0000	0.0000	0.0000	0.0000
0.0000	0.0000	1.0000	0.0000	0.0000	0.0000	0.0000
0.0000	0.0000	0.0000	0.9999	0.0000	0.0000	0.0000
0.0000	0.0000	0.0000	1.0000	0.0000	0.0000	0.0000
0.0000	0.0000	0.0000	0.0000	0.9613	0.0000	0.0387
0.0000	0.0000	0.0000	0.0000	0.9846	0.0000	0.0154
0.0000	0.0000	0.0000	0.0000	1.0000	0.0000	0.0000
0.0026	0.0001	0.0000	0.0000	0.0000	0.9972	0.0001
0.1227	0.0025	0.0000	0.0000	0.0000	0.8748	0.0000
0.0000	0.0002	0.0000	0.0000	0.1359	0.0000	0.8639
0.0000	0.0001	0.0000	0.0000	0.0137	0.0000	0.9862
1.0000	0.0000	0.0000	0.0000	0.0000	0.0000	0.0000
1.0000	0.0000	0.0000	0.0000	0.0000	0.0000	0.0000
0.0059	0.9517	0.0000	0.0063	0.0000	0.0361	0.0000
0.0000	0.0000	1.0000	0.0000	0.0000	0.0000	0.0000
0.0000	0.0000	0.0000	1.0000	0.0000	0.0000	0.0000
0.0000	0.0000	0.0000	1.0000	0.0000	0.0000	0.0000
0.0000	0.0000	0.0000	0.0000	0.9827	0.0000	0.0173
0.0000	0.0000	0.0000	0.0000	1.0000	0.0000	0.0000
0.0000	0.0000	0.0000	0.0000	0.0000	1.0000	0.0000
0.2132	0.0000	0.0000	0.0000	0.0000	0.7868	0.0000
0.0001	0.0000	0.0000	0.0000	0.0000	0.9999	0.0000
0.0000	0.0003	0.0000	0.0000	0.0000	0.0000	0.9997
0.0000	0.0000	0.0004	0.0000	0.3464	0.0000	0.6532
0.0000	0.0000	1.0000	0.0000	0.0000	0.0000	0.0000
0.0000	0.0022	0.0002	0.0000	0.0000	0.0000	0.9976
0.0000	0.5911	0.4080	0.0000	0.0000	0.0000	0.0009
0.0000	0.9999	0.0000	0.0000	0.0000	0.0000	0.0001
0.0000	0.0000	0.0000	1.0000	0.0000	0.0000	0.0000
0.0000	0.0035	0.0001	0.0000	0.0000	0.0000	0.9964
0.7564	0.2166	0.0007	0.0001	0.0000	0.0207	0.0055
0.0002	0.0005	0.0126	0.0000	0.0000	0.0038	0.9829
0.0000	0.0000	0.0005	0.9991	0.0000	0.0000	0.0004
0.0000	0.0010	0.0000	0.0000	0.0000	0.9976	0.0013
0.1979	0.7720	0.0009	0.0000	0.0000	0.0000	0.0292
0.0000	0.9239	0.0000	0.0000	0.0000	0.0000	0.0760
0.0091	0.0361	0.0019	0.0000	0.0000	0.0016	0.9512
0.0000	0.0000	0.0000	0.9999	0.0000	0.0000	0.0001
0.0000	0.0000	0.0014	0.9985	0.0000	0.0000	0.0001
0.0000	0.0000	0.0000	0.0000	1.0000	0.0000	0.0000
0.0000	0.0000	0.0000	0.0000	0.0000	0.0000	1.0000
