1.0000	0.0000	0.0000	0.0000	0.0000	0.0000	0.0000
0.0165	0.8559	0.0000	0.0573	0.0000	0.0589	0.0114
0.0871	0.4485	0.0000	0.1439	0.0000	0.3185	0.0020
0.0016	0.7951	0.0000	0.0359	0.0000	0.1674	0.0000
0.0003	0.7605	0.0000	0.2281	0.0000	0.0111	0.0000
0.0000	0.0000	0.9994	0.0000	0.0001	0.0000	0.0004
0.0000	0.0000	0.9300	0.0000	0.0046	0.0000	0.0655
0.0000	0.0000	0.9868	0.0000	0.0009	0.0000	0.0122
0.0000	0.0000	0.9998	0.0000	0.0000	0.0000	0.0002
0.0000	0.0000	0.0000	0.9971	0.0024	0.0000	0.0005
0.0000	0.0000	0.0000	0.9995	0.0003	0.0000	0.0001
0.0000	0.0000	0.0000	0.0000	0.9588	0.0000	0.0412
0.0000	0.0000	0.0000	0.0000	0.8703	0.0000	0.1297
0.0000	0.0000	0.0000	0.0000	0.9991	0.0000	0.0009
0.0452	0.0038	0.0000	0.0051	0.0000	0.9408	0.0051
0.0445	0.0268	0.0000	0.0000	0.0000	0.9264	0.0023
0.0000	0.0000	0.0000	0.0001	0.0063	0.0000	0.9936
0.0000	0.0000	0.0000	0.0000	0.0006	0.0000	0.9994
1.0000	0.0000	0.0000	0.0000	0.0000	0.0000	0.0000
0.9902	0.0033	0.0000	0.0001	0.0000	0.0063	0.0002
0.0062	0.9261	0.0000	0.0179	0.0000	0.0496	0.0002
0.0000	0.0000	1.0000	0.0000	0.0000	0.0000	0.0000
0.0000	0.0000	0.0000	0.9985	0.0015	0.0000	0.0000
0.0000	0.0017	0.0000	0.9981	0.0000	0.0003	0.0000
0.0000	0.0000	0.0000	0.0000	0.8829	0.0000	0.1171
0.0000	0.0000	0.0000	0.0000	0.9967	0.0000	0.0033
0.0000	0.0000	0.0000	0.0000	0.0000	1.0000	0.0000
0.0000	0.0000	0.0000	0.0000	0.0000	1.0000	0.0000
0.0002	0.0000	0.0000	0.0000	0.0000	0.9998	0.0000
0.0000	0.0003	0.0000	0.0000	0.0012	0.0000	0.9985
0.0000	0.0000	0.0001	0.0000	0.1764	0.0000	0.8235
0.0000	0.0000	1.0000	0.0000	0.0000	0.0000	0.0000
0.0000	0.0146	0.0072	0.0000	0.0024	0.0000	0.9757
0.0000	0.5365	0.2814	0.0000	0.0377	0.0000	0.1444
0.0000	0.9979	0.0001	0.0000	0.0001	0.0000	0.0020
0.0000	0.0000	0.0000	1.0000	0.0000	0.0000	0.0000
0.0000	0.0040	0.0079	0.0000	0.0002	0.0000	0.9878
0.6931	0.1860	0.0117	0.0004	0.0000	0.1083	0.0004
0.0131	0.0736	0.6582	0.0000	0.0000	0.0098	0.2453
0.0000	0.0000	0.0000	0.9998	0.0000	0.0000	0.0002
0.0010	0.0465	0.0034	0.0001	0.0000	0.9436	0.0053
0.2403	0.7369	0.0201	0.0002	0.0000	0.0008	0.0017
0.0059	0.7551	0.0237	0.0001	0.0000	0.0021	0.2130
0.0924	0.3949	0.1390	0.0022	0.0007	0.0304	0.3404
0.0000	0.0000	0.0000	1.0000	0.0000	0.0000	0.0000
0.0000	0.0000	0.0000	0.9999	0.0000	0.0000	0.0001
0.0000	0.0000	0.0000	0.0000	1.0000	0.0000	0.0000
0.0000	0.0000	0.0000	0.0000	0.0000	0.0000	0.9999
