1.0000	0.0000	0.0000	0.0000	0.0000	0.0000	0.0000
0.2678	0.5770	0.0000	0.1393	0.0000	0.0157	0.0003
0.2253	0.4722	0.0000	0.2534	0.0000	0.0490	0.0001
0.0068	0.4376	0.0000	0.1346	0.0000	0.4209	0.0000
0.0003	0.7300	0.0000	0.2685	0.0000	0.0013	0.0000
0.0000	0.0000	0.9994	0.0000	0.0000	0.0000	0.0006
0.0000	0.0000	0.9214	0.0000	0.0001	0.0000	0.0785
0.0000	0.0000	0.9784	0.0000	0.0000	0.0000	0.0216
0.0000	0.0000	0.9999	0.0000	0.0000	0.0000	0.0001
0.0008	0.0000	0.0000	0.9989	0.0003	0.0000	0.0000
0.0014	0.0000	0.0000	0.9982	0.0002	0.0000	0.0002
0.0000	0.0000	0.0000	0.0000	0.9900	0.0000	0.0100
0.0000	0.0000	0.0000	0.0000	0.4590	0.0000	0.5410
0.0000	0.0000	0.0000	0.0000	0.9988	0.0000	0.0012
0.0840	0.0025	0.0000	0.0246	0.0000	0.8889	0.0001
0.1992	0.0028	0.0000	0.0000	0.0000	0.7979	0.0001
0.0000	0.0002	0.0000	0.0000	0.0006	0.0003	0.9989
0.0000	0.0024	0.0000	0.0003	0.0002	0.0037	0.9935
1.0000	0.0000	0.0000	0.0000	0.0000	0.0000	0.0000
0.9951	0.0029	0.0000	0.0010	0.0000	0.0011	0.0000
0.0127	0.9650	0.0000	0.0066	0.0000	0.0157	0.0000
0.0000	0.0000	1.0000	0.0000	0.0000	0.0000	0.0000
0.0004	0.0000	0.0000	0.9994	0.0002	0.0000	0.0000
0.0001	0.0020	0.0000	0.9976	0.0000	0.0003	0.0000
0.0000	0.0000	0.0001	0.0000	0.9979	0.0000	0.0020
0.0000	0.0000	0.0000	0.0000	0.9988	0.0000	0.0012
0.0000	0.0000	0.0000	0.0000	0.0000	1.0000	0.0000
0.0950	0.0000	0.0000	0.0000	0.0000	0.9050	0.0000
0.0007	0.0000	0.0000	0.0000	0.0000	0.9992	0.0000
0.0000	0.1614	0.0000	0.0000	0.0020	0.0000	0.8365
0.0000	0.0000	0.0009	0.0000	0.0076	0.0000	0.9915
0.0000	0.0000	1.0000	0.0000	0.0000	0.0000	0.0000
0.0000	0.0042	0.0003	0.0000	0.0001	0.0000	0.9954
0.0000	0.7555	0.0884	0.0000	0.0069	0.0000	0.1491
0.0000	0.9998	0.0000	0.0000	0.0000	0.0000	0.0002
0.0000	0.0000	0.0000	1.0000	0.0000	0.0000	0.0000
0.0000	0.0475	0.0001	0.0000	0.0000	0.0000	0.9524
0.1048	0.0369	0.0072	0.0005	0.0000	0.8505	0.0002
0.0015	0.0400	0.7991	0.0000	0.0000	0.0879	0.0715
0.0000	0.0000	0.0000	0.9999	0.0000	0.0000	0.0001
0.0000	0.0414	0.0013	0.0000	0.0000	0.9571	0.0002
0.0925	0.8675	0.0273	0.0002	0.0000	0.0067	0.0059
0.0006	0.9757	0.0025	0.0000	0.0000	0.0078	0.0134
0.0141	0.0331	0.2398	0.0003	0.0000	0.1380	0.5748
0.0000	0.0000	0.0000	1.0000	0.0000	0.0000	0.0000
0.0000	0.0000	0.0000	0.9998	0.0000	0.0000	0.0002
0.0000	0.0000	0.0000	0.0000	1.0000	0.0000	0.0000
0.0000	0.0000	0.0000	0.0000	0.0000	0.0000	1.0000
