1.0000	0.0000	0.0000	0.0000	0.0000	0.0000	0.0000
0.0267	0.9530	0.0000	0.0107	0.0000	0.0090	0.0006
0.3089	0.5527	0.0000	0.0822	0.0000	0.0560	0.0002
0.0013	0.5592	0.0000	0.0130	0.0000	0.4265	0.0000
0.0000	0.9184	0.0000	0.0809	0.0000	0.0007	0.0000
0.0000	0.0000	0.9998	0.0000	0.0002	0.0000	0.0000
0.0000	0.0000	0.9870	0.0000	0.0105	0.0000	0.0025
0.0000	0.0000	0.9920	0.0000	0.0059	0.0000	0.0020
0.0000	0.0000	1.0000	0.0000	0.0000	0.0000	0.0000
0.0000	0.0000	0.0000	0.9999	0.0000	0.0000	0.0000
0.0001	0.0000	0.0000	0.9997	0.0001	0.0000	0.0000
0.0000	0.0001	0.0000	0.0000	0.9767	0.0000	0.0233
0.0000	0.0000	0.0000	0.0000	0.8953	0.0000	0.1047
0.0000	0.0000	0.0000	0.0000	0.9997	0.0000	0.0003
0.0092	0.0015	0.0000	0.0000	0.0000	0.9893	0.0000
0.0039	0.0069	0.0000	0.0000	0.0000	0.9892	0.0001
0.0000	0.0001	0.0000	0.0000	0.0002	0.0000	0.9998
0.0000	0.0002	0.0000	0.0000	0.0001	0.0002	0.9995
1.0000	0.0000	0.0000	0.0000	0.0000	0.0000	0.0000
0.9995	0.0003	0.0000	0.0000	0.0000	0.0002	0.0000
0.0023	0.9907	0.0000	0.0048	0.0000	0.0022	0.0000
0.0000	0.0000	1.0000	0.0000	0.0000	0.0000	0.0000
0.0000	0.0000	0.0000	0.9995	0.0005	0.0000	0.0000
0.0000	0.0001	0.0000	0.9999	0.0000	0.0000	0.0000
0.0000	0.0000	0.0000	0.0000	0.9848	0.0000	0.0152
0.0000	0.0000	0.0000	0.0000	0.9933	0.0000	0.0067
0.0000	0.0000	0.0000	0.0000	0.0000	1.0000	0.0000
0.0001	0.0000	0.0000	0.0000	0.0000	0.9999	0.0000
0.0001	0.0000	0.0000	0.0000	0.0000	0.9999	0.0000
0.0000	0.0002	0.0000	0.0000	0.0001	0.0000	0.9997
0.0000	0.0000	0.0000	0.0000	0.0801	0.0000	0.9199
0.0000	0.0000	1.0000	0.0000	0.0000	0.0000	0.0000
0.0000	0.0013	0.0000	0.0000	0.0003	0.0000	0.9984
0.0000	0.4717	0.0098	0.0000	0.0020	0.0000	0.5165
0.0000	0.9974	0.0000	0.0000	0.0000	0.0000	0.0026
0.0000	0.0000	0.0000	1.0000	0.0000	0.0000	0.0000
0.0000	0.0040	0.0000	0.0000	0.0000	0.0000	0.9960
0.3496	0.3104	0.0128	0.0008	0.0000	0.3263	0.0001
0.0086	0.2918	0.6063	0.0000	0.0000	0.0124	0.0809
0.0000	0.0000	0.0000	0.9997	0.0000	0.0000	0.0003
0.0000	0.0320	0.0002	0.0000	0.0000	0.9676	0.0002
0.2200	0.7606	0.0146	0.0009	0.0000	0.0004	0.0035
0.0003	0.9899	0.0021	0.0000	0.0000	0.0001	0.0076
0.0800	0.2573	0.1503	0.0012	0.0000	0.1596	0.3516
0.0000	0.0000	0.0000	0.9999	0.0000	0.0000	0.0000
0.0000	0.0000	0.0000	0.9996	0.0000	0.0000	0.0004
0.0000	0.0000	0.0000	0.0000	1.0000	0.0000	0.0000
0.0000	0.0000	0.0000	0.0000	0.0000	0.0000	1.0000
