1.0000	0.0000	0.0000	0.0000	0.0000	0.0000	0.0000
0.0965	0.8057	0.0000	0.0492	0.0000	0.0465	0.0021
0.3987	0.2841	0.0000	0.1443	0.0000	0.1726	0.0003
0.0650	0.5943	0.0000	0.0369	0.0000	0.3037	0.0000
0.0187	0.7569	0.0000	0.2165	0.0000	0.0079	0.0001
0.0000	0.0000	0.9570	0.0000	0.0006	0.0000	0.0424
0.0000	0.0000	0.4211	0.0000	0.0118	0.0000	0.5670
0.0000	0.0000	0.8663	0.0000	0.0019	0.0000	0.1318
0.0000	0.0000	0.9950	0.0000	0.0000	0.0000	0.0050
0.0000	0.0000	0.0000	1.0000	0.0000	0.0000	0.0000
0.0000	0.0000	0.0000	1.0000	0.0000	0.0000	0.0000
0.0000	0.0000	0.0001	0.0000	0.8656	0.0000	0.1343
0.0000	0.0000	0.0000	0.0000	0.8253	0.0000	0.1747
0.0000	0.0000	0.0000	0.0000	0.9998	0.0000	0.0002
0.0232	0.0005	0.0000	0.0107	0.0000	0.9653	0.0003
0.0709	0.0191	0.0000	0.0000	0.0000	0.9098	0.0001
0.0000	0.0001	0.0000	0.0000	0.0020	0.0000	0.9978
0.0000	0.0000	0.0000	0.0000	0.0007	0.0000	0.9992
1.0000	0.0000	0.0000	0.0000	0.0000	0.0000	0.0000
0.9923	0.0041	0.0000	0.0017	0.0000	0.0018	0.0000
0.0789	0.8655	0.0000	0.0189	0.0000	0.0367	0.0000
0.0000	0.0000	1.0000	0.0000	0.0000	0.0000	0.0000
0.0000	0.0000	0.0000	1.0000	0.0000	0.0000	0.0000
0.0025	0.0045	0.0000	0.9927	0.0000	0.0003	0.0000
0.0000	0.0000	0.0000	0.0000	0.8124	0.0000	0.1876
0.0000	0.0000	0.0000	0.0000	0.9988	0.0000	0.0012
0.0000	0.0000	0.0000	0.0000	0.0000	1.0000	0.0000
0.0000	0.0000	0.0000	0.0000	0.0000	1.0000	0.0000
0.0006	0.0000	0.0000	0.0000	0.0000	0.9993	0.0000
0.0000	0.0018	0.0000	0.0000	0.0000	0.0000	0.9981
0.0000	0.0000	0.0000	0.0000	0.0124	0.0000	0.9876
0.0000	0.0000	0.9998	0.0000	0.0000	0.0000	0.0002
0.0000	0.0336	0.0080	0.0022	0.0017	0.0000	0.9546
0.0000	0.7799	0.1126	0.0000	0.0043	0.0000	0.1032
0.0000	0.9957	0.0000	0.0000	0.0000	0.0000	0.0042
0.0000	0.0000	0.0000	1.0000	0.0000	0.0000	0.0000
0.0000	0.0142	0.0011	0.0000	0.0000	0.0000	0.9846
0.3210	0.3911	0.0329	0.0053	0.0000	0.2471	0.0026
0.0068	0.2684	0.4476	0.0000	0.0000	0.0253	0.2519
0.0000	0.0003	0.0000	0.9986	0.0000	0.0000	0.0011
0.0000	0.0163	0.0058	0.0000	0.0000	0.9687	0.0092
0.0234	0.9664	0.0072	0.0004	0.0000	0.0003	0.0023
0.0001	0.8968	0.0063	0.0002	0.0000	0.0013	0.0953
0.0502	0.6972	0.1117	0.0086	0.0000	0.0547	0.0777
0.0000	0.0000	0.0000	0.9999	0.0000	0.0000	0.0001
0.0000	0.0000	0.0000	0.9998	0.0000	0.0000	0.0002
0.0000	0.0000	0.0001	0.0000	0.9999	0.0000	0.0000
0.0000	0.0003	0.0000	0.0000	0.0000	0.0000	0.9996
