1.0000	0.0000	0.0000	0.0000	0.0000	0.0000	0.0000
0.0150	0.9459	0.0000	0.0083	0.0000	0.0306	0.0002
0.3342	0.1214	0.0000	0.1820	0.0000	0.3624	0.0000
0.0000	0.9292	0.0000	0.0249	0.0000	0.0460	0.0000
0.0000	0.9599	0.0000	0.0396	0.0000	0.0005	0.0000
0.0000	0.0000	1.0000	0.0000	0.0000	0.0000	0.0000
0.0000	0.0000	0.9980	0.0000	0.0020	0.0000	0.0000
0.0000	0.0000	1.0000	0.0000	0.0000	0.0000	0.0000
0.0000	0.0000	1.0000	0.0000	0.0000	0.0000	0.0000
0.0000	0.0000	0.0000	0.9999	0.0001	0.0000	0.0000
0.0000	0.0000	0.0000	1.0000	0.0000	0.0000	0.0000
0.0000	0.0000	0.0000	0.0000	0.9941	0.0000	0.0059
0.0000	0.0000	0.0000	0.0000	0.8346	0.0000	0.1654
0.0000	0.0000	0.0000	0.0000	1.0000	0.0000	0.0000
0.0001	0.0000	0.0000	0.0036	0.0000	0.9963	0.0000
0.2944	0.0038	0.0000	0.0000	0.0000	0.7017	0.0000
0.0000	0.0000	0.0000	0.0000	0.1932	0.0000	0.8068
0.0000	0.0000	0.0000	0.0000	0.0093	0.0000	0.9907
1.0000	0.0000	0.0000	0.0000	0.0000	0.0000	0.0000
0.9986	0.0005	0.0000	0.0004	0.0000	0.0004	0.0000
0.0238	0.9265	0.0000	0.0168	0.0000	0.0329	0.0000
0.0000	0.0000	1.0000	0.0000	0.0000	0.0000	0.0000
0.0000	0.0000	0.0000	1.0000	0.0000	0.0000	0.0000
0.0000	0.0001	0.0000	0.9999	0.0000	0.0000	0.0000
0.0000	0.0000	0.0000	0.0000	0.6210	0.0000	0.3790
0.0000	0.0000	0.0000	0.0000	0.9999	0.0000	0.0001
0.0000	0.0000	0.0000	0.0000	0.0000	1.0000	0.0000
0.0037	0.0000	0.0000	0.0000	0.0000	0.9963	0.0000
0.0000	0.0000	0.0000	0.0000	0.0000	1.0000	0.0000
0.0000	0.0053	0.0000	0.0000	0.0002	0.0000	0.9945
0.0000	0.0000	0.0014	0.0000	0.2709	0.0000	0.7278
0.0000	0.0000	1.0000	0.0000	0.0000	0.0000	0.0000
0.0000	0.0074	0.0026	0.0000	0.0001	0.0000	0.9899
0.0000	0.0067	0.9932	0.0000	0.0000	0.0000	0.0000
0.0000	1.0000	0.0000	0.0000	0.0000	0.0000	0.0000
0.0000	0.0001	0.0000	0.9999	0.0000	0.0000	0.0000
0.0000	0.0045	0.0008	0.0000	0.0000	0.0000	0.9947
0.9831	0.0131	0.0001	0.0000	0.0000	0.0036	0.0001
0.0443	0.0175	0.0160	0.0000	0.0000	0.0021	0.9202
0.0000	0.0000	0.0000	1.0000	0.0000	0.0000	0.0000
0.0000	0.0110	0.0000	0.0000	0.0000	0.9887	0.0003
0.4841	0.5149	0.0001	0.0000	0.0000	0.0000	0.0010
0.0000	0.9822	0.0000	0.0000	0.0000	0.0005	0.0173
0.2665	0.0362	0.0221	0.0002	0.0000	0.0073	0.6677
0.0000	0.0000	0.0000	1.0000	0.0000	0.0000	0.0000
0.0000	0.0000	0.0000	0.9999	0.0000	0.0000	0.0001
0.0000	0.0000	0.0000	0.0000	1.0000	0.0000	0.0000
0.0000	0.0000	0.0000	0.0000	0.0000	0.0000	1.0000
