1.0000	0.0000	0.0000	0.0000	0.0000	0.0000	0.0000
0.0101	0.8677	0.0000	0.0589	0.0000	0.0623	0.0010
0.0704	0.3418	0.0000	0.1537	0.0000	0.4340	0.0001
0.0004	0.7785	0.0000	0.0820	0.0000	0.1391	0.0000
0.0001	0.6174	0.0000	0.3729	0.0000	0.0096	0.0000
0.0000	0.0000	0.9985	0.0000	0.0015	0.0000	0.0000
0.0000	0.0000	0.9216	0.0000	0.0693	0.0000	0.0090
0.0000	0.0000	0.9985	0.0000	0.0012	0.0000	0.0003
0.0000	0.0000	1.0000	0.0000	0.0000	0.0000	0.0000
0.0023	0.0000	0.0000	0.9842	0.0133	0.0000	0.0002
0.0004	0.0000	0.0000	0.9962	0.0034	0.0000	0.0000
0.0000	0.0000	0.0001	0.0000	0.9888	0.0000	0.0110
0.0000	0.0000	0.0000	0.0000	0.9094	0.0000	0.0906
0.0000	0.0000	0.0000	0.0000	0.9999	0.0000	0.0001
0.0089	0.0039	0.0000	0.0374	0.0000	0.9491	0.0007
0.1672	0.0679	0.0000	0.0000	0.0000	0.7619	0.0031
0.0000	0.0007	0.0000	0.0000	0.1201	0.0000	0.8792
0.0000	0.0003	0.0000	0.0000	0.0211	0.0000	0.9785
1.0000	0.0000	0.0000	0.0000	0.0000	0.0000	0.0000
0.9837	0.0086	0.0000	0.0013	0.0000	0.0063	0.0001
0.0088	0.9107	0.0000	0.0174	0.0000	0.0631	0.0000
0.0000	0.0000	1.0000	0.0000	0.0000	0.0000	0.0000
0.0001	0.0000	0.0000	0.9991	0.0009	0.0000	0.0000
0.0000	0.0013	0.0000	0.9986	0.0000	0.0001	0.0000
0.0000	0.0000	0.0000	0.0000	0.9247	0.0000	0.0753
0.0000	0.0000	0.0000	0.0000	0.9972	0.0000	0.0028
0.0000	0.0000	0.0000	0.0000	0.0000	1.0000	0.0000
0.0086	0.0000	0.0000	0.0000	0.0000	0.9914	0.0000
0.0002	0.0000	0.0000	0.0000	0.0000	0.9998	0.0000
0.0000	0.0166	0.0000	0.0000	0.0065	0.0000	0.9769
0.0000	0.0000	0.0013	0.0000	0.5859	0.0000	0.4128
0.0000	0.0000	0.9999	0.0000	0.0000	0.0000	0.0001
0.0000	0.0237	0.0109	0.0000	0.0283	0.0000	0.9372
0.0000	0.1868	0.7239	0.0000	0.0667	0.0000	0.0227
0.0000	0.9994	0.0000	0.0000	0.0000	0.0000	0.0006
0.0000	0.0005	0.0000	0.9995	0.0000	0.0001	0.0000
0.0000	0.0348	0.0014	0.0000	0.0001	0.0000	0.9637
0.5909	0.0520	0.0055	0.0019	0.0000	0.3494	0.0003
0.0554	0.0411	0.1096	0.0000	0.0000	0.0418	0.7521
0.0000	0.0000	0.0000	0.9999	0.0000	0.0000	0.0001
0.0003	0.0712	0.0019	0.0001	0.0000	0.9202	0.0064
0.2497	0.7422	0.0045	0.0002	0.0000	0.0013	0.0020
0.0026	0.8623	0.0046	0.0001	0.0000	0.0031	0.1273
0.1756	0.3267	0.1681	0.0009	0.0014	0.1218	0.2054
0.0000	0.0000	0.0000	0.9997	0.0000	0.0000	0.0003
0.0000	0.0000	0.0000	0.9999	0.0000	0.0000	0.0001
0.0000	0.0000	0.0000	0.0000	1.0000	0.0000	0.0000
0.0000	0.0004	0.0000	0.0000	0.0000	0.0000	0.9995
