0.9999	0.0000	0.0000	0.0001	0.0000	0.0000	0.0000
0.4140	0.3722	0.0005	0.0185	0.0013	0.1699	0.0234
0.5906	0.0457	0.0001	0.0897	0.0006	0.2694	0.0039
0.1968	0.5800	0.0007	0.0936	0.0003	0.1278	0.0007
0.1262	0.7727	0.0010	0.0511	0.0006	0.0462	0.0023
0.0000	0.0000	0.9473	0.0000	0.0244	0.0000	0.0283
0.0000	0.0000	0.8746	0.0000	0.0671	0.0000	0.0584
0.0000	0.0000	0.9930	0.0000	0.0025	0.0000	0.0045
0.0000	0.0000	0.9998	0.0000	0.0001	0.0000	0.0001
0.0002	0.0000	0.0000	0.9998	0.0000	0.0000	0.0000
0.0000	0.0000	0.0000	1.0000	0.0000	0.0000	0.0000
0.0000	0.0000	0.0011	0.0000	0.9747	0.0000	0.0242
0.0000	0.0000	0.0000	0.0000	0.8646	0.0000	0.1354
0.0000	0.0000	0.0000	0.0000	1.0000	0.0000	0.0000
0.0356	0.0000	0.0000	0.0553	0.0000	0.9089	0.0001
0.1179	0.0758	0.0003	0.0000	0.0008	0.8038	0.0013
0.0000	0.0000	0.0000	0.0000	0.0016	0.0000	0.9984
0.0000	0.0000	0.0001	0.0000	0.0021	0.0000	0.9978
0.9986	0.0000	0.0000	0.0014	0.0000	0.0000	0.0000
0.9762	0.0003	0.0001	0.0169	0.0000	0.0064	0.0000
0.1669	0.3336	0.0009	0.0977	0.0022	0.3961	0.0026
0.0000	0.0000	0.9995	0.0000	0.0000	0.0000	0.0005
0.0000	0.0000	0.0000	1.0000	0.0000	0.0000	0.0000
0.0451	0.0054	0.0002	0.9451	0.0003	0.0037	0.0001
0.0000	0.0000	0.0000	0.0000	0.9827	0.0000	0.0173
0.0000	0.0000	0.0000	0.0000	1.0000	0.0000	0.0000
0.0004	0.0000	0.0000	0.0000	0.0000	0.9996	0.0000
0.0000	0.0000	0.0000	0.0000	0.0000	1.0000	0.0000
0.0000	0.0001	0.0000	0.0000	0.0000	0.9998	0.0000
0.0000	0.0021	0.0000	0.0000	0.0040	0.0000	0.9938
0.0000	0.0000	0.0003	0.0000	0.0016	0.0000	0.9980
0.0000	0.0009	0.9991	0.0000	0.0000	0.0000	0.0000
0.0000	0.0030	0.0021	0.0001	0.0000	0.0000	0.9948
0.0000	0.0172	0.1356	0.0001	0.0000	0.0000	0.8471
0.0000	0.9816	0.0093	0.0017	0.0002	0.0000	0.0072
0.0000	0.0000	0.0000	1.0000	0.0000	0.0000	0.0000
0.0000	0.1566	0.0049	0.0003	0.0000	0.0001	0.8382
0.2008	0.1341	0.2213	0.0111	0.0013	0.3583	0.0732
0.1410	0.0357	0.5723	0.0000	0.0002	0.0677	0.1832
0.0000	0.0000	0.0000	1.0000	0.0000	0.0000	0.0000
0.0001	0.2390	0.1623	0.0001	0.0003	0.5470	0.0513
0.2003	0.6149	0.0331	0.0015	0.0007	0.0191	0.1305
0.0004	0.0888	0.0752	0.0013	0.0003	0.6834	0.1506
0.0140	0.8090	0.1670	0.0003	0.0010	0.0054	0.0033
0.0000	0.0000	0.0000	1.0000	0.0000	0.0000	0.0000
0.0000	0.0000	0.0000	1.0000	0.0000	0.0000	0.0000
0.0000	0.0000	0.0000	0.0000	0.9999	0.0000	0.0001
0.0000	0.0869	0.0000	0.0000	0.0001	0.0001	0.9129
