1.0000	0.0000	0.0000	0.0000	0.0000	0.0000	0.0000
0.0819	0.8269	0.0000	0.0663	0.0000	0.0245	0.0003
0.1056	0.7563	0.0000	0.1020	0.0000	0.0360	0.0001
0.0012	0.4122	0.0000	0.0063	0.0000	0.5802	0.0000
0.0000	0.9314	0.0000	0.0678	0.0000	0.0007	0.0000
0.0000	0.0000	1.0000	0.0000	0.0000	0.0000	0.0000
0.0000	0.0000	0.9973	0.0000	0.0015	0.0000	0.0012
0.0000	0.0000	0.8790	0.0000	0.1161	0.0000	0.0048
0.0000	0.0000	1.0000	0.0000	0.0000	0.0000	0.0000
0.0000	0.0000	0.0000	0.9998	0.0002	0.0000	0.0000
0.0000	0.0000	0.0000	1.0000	0.0000	0.0000	0.0000
0.0000	0.0000	0.0000	0.0000	0.9904	0.0000	0.0096
0.0000	0.0000	0.0000	0.0000	0.9499	0.0000	0.0501
0.0000	0.0000	0.0000	0.0000	0.9996	0.0000	0.0004
0.0070	0.0006	0.0000	0.0001	0.0000	0.9922	0.0001
0.0658	0.0008	0.0000	0.0000	0.0000	0.9334	0.0000
0.0000	0.0000	0.0000	0.0000	0.0004	0.0003	0.9993
0.0000	0.0000	0.0000	0.0001	0.0001	0.0190	0.9809
1.0000	0.0000	0.0000	0.0000	0.0000	0.0000	0.0000
0.9988	0.0008	0.0000	0.0000	0.0000	0.0003	0.0000
0.0005	0.9960	0.0000	0.0022	0.0000	0.0012	0.0000
0.0000	0.0000	1.0000	0.0000	0.0000	0.0000	0.0000
0.0000	0.0000	0.0000	0.9997	0.0003	0.0000	0.0000
0.0000	0.0002	0.0000	0.9998	0.0000	0.0000	0.0000
0.0000	0.0000	0.0001	0.0000	0.9975	0.0000	0.0025
0.0000	0.0000	0.0000	0.0000	0.9988	0.0000	0.0012
0.0000	0.0000	0.0000	0.0000	0.0000	1.0000	0.0000
0.0001	0.0000	0.0000	0.0000	0.0000	0.9999	0.0000
0.0000	0.0000	0.0000	0.0000	0.0000	1.0000	0.0000
0.0000	0.0020	0.0000	0.0000	0.0012	0.0000	0.9969
0.0000	0.0000	0.0002	0.0000	0.1431	0.0000	0.8567
0.0000	0.0000	0.9992	0.0000	0.0000	0.0000	0.0008
0.0000	0.0002	0.0000	0.0000	0.0000	0.0000	0.9998
0.0000	0.0306	0.0135	0.0000	0.0002	0.0000	0.9556
0.0000	0.9994	0.0000	0.0000	0.0004	0.0000	0.0002
0.0000	0.0000	0.0000	1.0000	0.0000	0.0000	0.0000
0.0000	0.0011	0.0000	0.0000	0.0000	0.0000	0.9989
0.7452	0.0989	0.0000	0.0003	0.0000	0.1556	0.0001
0.0048	0.2970	0.5816	0.0000	0.0000	0.1056	0.0110
0.0002	0.0012	0.0050	0.9915	0.0000	0.0000	0.0020
0.0000	0.0931	0.0001	0.0000	0.0000	0.9066	0.0001
0.2951	0.7015	0.0012	0.0001	0.0000	0.0011	0.0010
0.0028	0.9916	0.0016	0.0000	0.0000	0.0001	0.0040
0.0493	0.0780	0.0046	0.0000	0.0000	0.7630	0.1051
0.0000	0.0000	0.0002	0.7909	0.2089	0.0000	0.0000
0.0005	0.0000	0.0153	0.9782	0.0055	0.0000	0.0006
0.0000	0.0000	0.0000	0.0000	1.0000	0.0000	0.0000
0.0000	0.0000	0.0000	0.0000	0.0000	0.0000	1.0000
