1.0000	0.0000	0.0000	0.0000	0.0000	0.0000	0.0000
0.3761	0.5449	0.0000	0.0400	0.0001	0.0367	0.0022
0.8185	0.0383	0.0000	0.0673	0.0001	0.0757	0.0001
0.3081	0.4480	0.0000	0.0706	0.0000	0.1733	0.0000
0.3082	0.5447	0.0000	0.1089	0.0000	0.0374	0.0006
0.0000	0.0000	1.0000	0.0000	0.0000	0.0000	0.0000
0.0000	0.0000	0.9967	0.0000	0.0002	0.0000	0.0031
0.0000	0.0000	0.9999	0.0000	0.0000	0.0000	0.0001
0.0000	0.0000	1.0000	0.0000	0.0000	0.0000	0.0000
0.0000	0.0000	0.0000	1.0000	0.0000	0.0000	0.0000
0.0000	0.0000	0.0000	1.0000	0.0000	0.0000	0.0000
0.0000	0.0000	0.0001	0.0000	0.9917	0.0000	0.0081
0.0000	0.0000	0.0000	0.0000	0.9679	0.0000	0.0321
0.0000	0.0000	0.0000	0.0000	1.0000	0.0000	0.0000
0.1188	0.0010	0.0000	0.0247	0.0000	0.8553	0.0002
0.5147	0.0324	0.0000	0.0000	0.0000	0.4525	0.0004
0.0000	0.0000	0.0000	0.0000	0.0057	0.0000	0.9942
0.0000	0.0000	0.0000	0.0000	0.0015	0.0000	0.9985
1.0000	0.0000	0.0000	0.0000	0.0000	0.0000	0.0000
0.9944	0.0023	0.0000	0.0033	0.0000	0.0000	0.0000
0.5823	0.2636	0.0000	0.0608	0.0001	0.0931	0.0001
0.0000	0.0000	1.0000	0.0000	0.0000	0.0000	0.0000
0.0001	0.0000	0.0000	0.9999	0.0000	0.0000	0.0000
0.0754	0.0217	0.0000	0.9025	0.0000	0.0004	0.0000
0.0000	0.0000	0.0000	0.0000	0.7932	0.0000	0.2068
0.0000	0.0000	0.0000	0.0000	0.9996	0.0000	0.0004
0.0000	0.0000	0.0000	0.0000	0.0000	1.0000	0.0000
0.0000	0.0000	0.0000	0.0000	0.0000	1.0000	0.0000
0.0004	0.0000	0.0000	0.0001	0.0000	0.9994	0.0000
0.0000	0.0000	0.0000	0.0000	0.0001	0.0000	0.9999
0.0000	0.0000	0.0010	0.0000	0.0108	0.0000	0.9882
0.0000	0.0000	0.9999	0.0000	0.0000	0.0000	0.0001
0.0000	0.0068	0.0079	0.0001	0.0003	0.0000	0.9850
0.0000	0.4561	0.2657	0.0001	0.0053	0.0000	0.2728
0.0000	0.9999	0.0000	0.0000	0.0000	0.0000	0.0001
0.0000	0.0000	0.0000	1.0000	0.0000	0.0000	0.0000
0.0000	0.2265	0.0025	0.0002	0.0000	0.0000	0.7708
0.4211	0.1073	0.0104	0.0041	0.0000	0.4487	0.0083
0.0193	0.1459	0.2364	0.0000	0.0000	0.0931	0.5052
0.0000	0.0001	0.0000	0.9999	0.0000	0.0000	0.0000
0.0000	0.0018	0.0031	0.0000	0.0000	0.9918	0.0033
0.0473	0.9247	0.0017	0.0002	0.0000	0.0003	0.0257
0.0002	0.7016	0.0029	0.0010	0.0000	0.0095	0.2847
0.0664	0.9017	0.0197	0.0023	0.0008	0.0010	0.0081
0.0000	0.0000	0.0000	1.0000	0.0000	0.0000	0.0000
0.0000	0.0000	0.0000	1.0000	0.0000	0.0000	0.0000
0.0000	0.0000	0.0000	0.0000	1.0000	0.0000	0.0000
0.0000	0.0100	0.0000	0.0000	0.0000	0.0000	0.9899
