1.0000	0.0000	0.0000	0.0000	0.0000	0.0000	0.0000
1.0000	0.0000	0.0000	0.0000	0.0000	0.0000	0.0000
0.7900	0.0245	0.0000	0.1764	0.0000	0.0091	0.0000
0.9697	0.0057	0.0000	0.0237	0.0007	0.0000	0.0001
0.9878	0.0110	0.0001	0.0002	0.0003	0.0000	0.0005
0.1869	0.6776	0.0000	0.0980	0.0000	0.0373	0.0002
0.0194	0.7796	0.0000	0.1877	0.0000	0.0131	0.0002
0.0000	0.0000	0.9992	0.0000	0.0002	0.0000	0.0007
0.0000	0.0000	0.0000	1.0000	0.0000	0.0000	0.0000
0.0340	0.0718	0.0000	0.8642	0.0000	0.0300	0.0000
0.0368	0.0629	0.0000	0.8787	0.0000	0.0216	0.0000
0.0000	0.0000	0.0888	0.0000	0.7484	0.0000	0.1628
0.0000	0.0000	0.0000	0.0000	0.5966	0.0000	0.4034
0.0110	0.0024	0.0000	0.3829	0.0000	0.6037	0.0000
0.1650	0.6413	0.0000	0.0100	0.0000	0.1836	0.0001
0.0299	0.9446	0.0000	0.0002	0.0000	0.0253	0.0001
0.0000	0.0017	0.0003	0.0001	0.0098	0.0001	0.9880
0.0000	0.0004	0.0004	0.0000	0.0088	0.0001	0.9903
0.0000	0.0000	0.0000	0.0000	0.0011	0.0000	0.9989
0.9789	0.0193	0.0000	0.0001	0.0000	0.0001	0.0016
0.0174	0.9459	0.0000	0.0280	0.0000	0.0087	0.0000
0.0000	0.0000	1.0000	0.0000	0.0000	0.0000	0.0000
0.0000	0.0000	0.9999	0.0000	0.0001	0.0000	0.0000
0.0000	0.0000	0.0000	0.0000	0.9994	0.0000	0.0006
0.0000	0.0000	0.0000	0.0000	0.9979	0.0000	0.0021
0.0000	0.0000	0.0000	0.0000	0.0000	1.0000	0.0000
0.0000	0.0000	0.0000	0.0000	0.0000	1.0000	0.0000
0.0000	0.0000	0.0000	0.0000	0.0001	0.0000	0.9998
0.0000	0.9794	0.0024	0.0000	0.0000	0.0000	0.0182
0.0000	0.9950	0.0001	0.0000	0.0000	0.0000	0.0050
0.0000	0.0001	0.9998	0.0000	0.0000	0.0000	0.0001
0.0000	0.0000	0.0000	1.0000	0.0000	0.0000	0.0000
0.0000	0.0000	0.0000	1.0000	0.0000	0.0000	0.0000
0.0000	0.9365	0.0218	0.0000	0.0111	0.0000	0.0306
0.0000	0.9919	0.0007	0.0000	0.0012	0.0000	0.0062
0.0000	0.0000	1.0000	0.0000	0.0000	0.0000	0.0000
0.0000	0.0002	0.9998	0.0000	0.0000	0.0000	0.0000
0.0000	0.0194	0.9458	0.0000	0.0035	0.0000	0.0313
0.0000	0.0001	0.0061	0.9808	0.0000	0.0000	0.0130
0.0305	0.1584	0.0795	0.0001	0.0000	0.7252	0.0063
0.2403	0.0449	0.0092	0.0139	0.0000	0.6916	0.0000
0.0000	0.0000	0.0000	0.9876	0.0000	0.0000	0.0124
0.0000	0.0000	0.0000	0.9993	0.0000	0.0000	0.0007
0.0000	0.0000	0.0000	0.0000	1.0000	0.0000	0.0000
0.0000	0.0000	0.0000	0.0000	1.0000	0.0000	0.0000
0.0000	0.0001	0.0003	0.0001	0.0000	0.9995	0.0000
0.0001	0.0154	0.0016	0.0000	0.0000	0.0045	0.9783
0.0014	0.1084	0.0057	0.0038	0.0005	0.6609	0.2194
