1.0000	0.0000	0.0000	0.0000	0.0000	0.0000	0.0000
1.0000	0.0000	0.0000	0.0000	0.0000	0.0000	0.0000
0.3451	0.0020	0.0000	0.6528	0.0000	0.0001	0.0000
0.9969	0.0000	0.0000	0.0027	0.0004	0.0000	0.0000
0.9998	0.0000	0.0000	0.0000	0.0001	0.0000	0.0001
0.0399	0.9387	0.0000	0.0206	0.0000	0.0007	0.0000
0.0009	0.7497	0.0000	0.2492	0.0000	0.0000	0.0002
0.0000	0.0000	1.0000	0.0000	0.0000	0.0000	0.0000
0.0000	0.0000	0.0000	1.0000	0.0000	0.0000	0.0000
0.0001	0.0108	0.0000	0.9891	0.0000	0.0001	0.0000
0.0063	0.0024	0.0000	0.9897	0.0000	0.0016	0.0000
0.0000	0.0000	0.0006	0.0000	0.9977	0.0000	0.0016
0.0000	0.0000	0.0000	0.0000	0.6771	0.0000	0.3229
0.0000	0.0000	0.0000	0.4486	0.0000	0.5514	0.0000
0.0405	0.7134	0.0000	0.0004	0.0000	0.2457	0.0000
0.0000	0.9997	0.0000	0.0000	0.0000	0.0003	0.0000
0.0000	0.0000	0.0000	0.0001	0.0001	0.0000	0.9998
0.0000	0.0000	0.0000	0.0000	0.0004	0.0000	0.9996
0.0000	0.0000	0.0000	0.0000	0.0000	0.0000	1.0000
1.0000	0.0000	0.0000	0.0000	0.0000	0.0000	0.0000
0.0001	0.9998	0.0000	0.0000	0.0000	0.0000	0.0000
0.0000	0.0000	1.0000	0.0000	0.0000	0.0000	0.0000
0.0000	0.0000	1.0000	0.0000	0.0000	0.0000	0.0000
0.0000	0.0000	0.0000	0.0000	1.0000	0.0000	0.0000
0.0000	0.0000	0.0000	0.0000	1.0000	0.0000	0.0000
0.0000	0.0000	0.0000	0.0000	0.0000	1.0000	0.0000
0.0000	0.0000	0.0000	0.0000	0.0000	1.0000	0.0000
0.0000	0.0000	0.0000	0.0000	0.0000	0.0000	1.0000
0.0000	0.8620	0.0004	0.0000	0.0000	0.0000	0.1375
0.0000	0.9356	0.0000	0.0000	0.0000	0.0000	0.0644
0.0000	0.0000	1.0000	0.0000	0.0000	0.0000	0.0000
0.0000	0.0000	0.0000	1.0000	0.0000	0.0000	0.0000
0.0000	0.0000	0.0000	1.0000	0.0000	0.0000	0.0000
0.0000	0.8181	0.0000	0.0002	0.0000	0.0000	0.1817
0.0000	0.9986	0.0000	0.0014	0.0000	0.0000	0.0000
0.0000	0.0000	1.0000	0.0000	0.0000	0.0000	0.0000
0.0000	0.0000	0.9999	0.0000	0.0001	0.0000	0.0000
0.0000	0.1597	0.8326	0.0001	0.0002	0.0000	0.0073
0.0000	0.0001	0.0000	0.8312	0.0000	0.0000	0.1687
0.0000	0.0003	0.0000	0.0000	0.0000	0.9997	0.0000
0.1804	0.1332	0.0350	0.0007	0.0000	0.6508	0.0000
0.0000	0.0000	0.0000	0.7652	0.0000	0.0000	0.2348
0.0000	0.0000	0.0000	0.9984	0.0000	0.0000	0.0016
0.0000	0.0000	0.0000	0.0000	1.0000	0.0000	0.0000
0.0000	0.0000	0.0000	0.0000	1.0000	0.0000	0.0000
0.0000	0.0000	0.0000	0.0000	0.0000	1.0000	0.0000
0.0000	0.0004	0.0000	0.0000	0.0000	0.0002	0.9994
0.0000	0.0001	0.0000	0.0002	0.0000	0.7505	0.2491
