1.0000	0.0000	0.0000	0.0000	0.0000	0.0000	0.0000
1.0000	0.0000	0.0000	0.0000	0.0000	0.0000	0.0000
0.4223	0.4253	0.0000	0.1098	0.0000	0.0425	0.0001
0.9959	0.0003	0.0000	0.0002	0.0000	0.0000	0.0036
0.9978	0.0003	0.0000	0.0000	0.0000	0.0000	0.0018
0.0135	0.9624	0.0000	0.0176	0.0000	0.0063	0.0001
0.0001	0.8930	0.0000	0.1048	0.0000	0.0022	0.0000
0.0000	0.0000	1.0000	0.0000	0.0000	0.0000	0.0000
0.0000	0.0000	0.0000	1.0000	0.0000	0.0000	0.0000
0.0082	0.2018	0.0000	0.7718	0.0000	0.0182	0.0000
0.0001	0.0024	0.0000	0.9963	0.0000	0.0012	0.0000
0.0000	0.0000	0.0000	0.0000	0.9705	0.0000	0.0295
0.0000	0.0000	0.0000	0.0000	0.8483	0.0000	0.1517
0.0058	0.0002	0.0000	0.0136	0.0000	0.9804	0.0000
0.0034	0.9059	0.0000	0.0016	0.0000	0.0891	0.0000
0.0012	0.9977	0.0000	0.0000	0.0000	0.0008	0.0003
0.0000	0.0002	0.0000	0.0001	0.0002	0.0001	0.9993
0.0000	0.0007	0.0000	0.0005	0.0003	0.0011	0.9973
0.0000	0.0000	0.0000	0.0000	0.0001	0.0000	0.9999
0.8178	0.1767	0.0000	0.0000	0.0000	0.0000	0.0054
0.0007	0.9942	0.0000	0.0032	0.0000	0.0018	0.0000
0.0000	0.0000	1.0000	0.0000	0.0000	0.0000	0.0000
0.0000	0.0000	1.0000	0.0000	0.0000	0.0000	0.0000
0.0000	0.0000	0.0000	0.0000	0.9999	0.0000	0.0001
0.0000	0.0000	0.0000	0.0000	0.9994	0.0000	0.0006
0.0000	0.0000	0.0000	0.0000	0.0000	1.0000	0.0000
0.0000	0.0000	0.0000	0.0000	0.0000	1.0000	0.0000
0.0000	0.0000	0.0000	0.0000	0.0001	0.0000	0.9999
0.0000	1.0000	0.0000	0.0000	0.0000	0.0000	0.0000
0.0000	1.0000	0.0000	0.0000	0.0000	0.0000	0.0000
0.0000	0.0025	0.9971	0.0000	0.0000	0.0000	0.0003
0.0000	0.0000	0.0000	1.0000	0.0000	0.0000	0.0000
0.0000	0.0000	0.0000	1.0000	0.0000	0.0000	0.0000
0.0000	0.9423	0.0001	0.0000	0.0037	0.0000	0.0540
0.0000	0.9997	0.0000	0.0000	0.0000	0.0000	0.0002
0.0000	0.1599	0.8399	0.0000	0.0000	0.0001	0.0000
0.0000	0.0161	0.9809	0.0000	0.0030	0.0000	0.0000
0.0000	0.1068	0.4060	0.0000	0.1233	0.0000	0.3639
0.0000	0.0000	0.0000	0.9997	0.0000	0.0000	0.0003
0.0413	0.2205	0.0916	0.0000	0.0000	0.6464	0.0003
0.8277	0.0061	0.0000	0.0000	0.0000	0.1663	0.0000
0.0000	0.0000	0.0000	0.8800	0.0000	0.0000	0.1200
0.0000	0.0000	0.0000	0.6374	0.0000	0.0000	0.3626
0.0000	0.0000	0.0000	0.0000	1.0000	0.0000	0.0000
0.0000	0.0000	0.0000	0.0000	1.0000	0.0000	0.0000
0.0000	0.0004	0.0000	0.0000	0.0000	0.9996	0.0000
0.0003	0.0054	0.0100	0.0000	0.0000	0.0026	0.9817
0.0099	0.0188	0.0484	0.0002	0.0000	0.8055	0.1173
