1.0000	0.0000	0.0000	0.0000	0.0000	0.0000	0.0000
1.0000	0.0000	0.0000	0.0000	0.0000	0.0000	0.0000
0.8343	0.0864	0.0000	0.0266	0.0000	0.0525	0.0002
0.9997	0.0002	0.0000	0.0000	0.0000	0.0000	0.0002
0.9995	0.0003	0.0000	0.0000	0.0000	0.0000	0.0002
0.0271	0.9409	0.0000	0.0236	0.0000	0.0081	0.0004
0.0001	0.8938	0.0000	0.1052	0.0000	0.0009	0.0000
0.0000	0.0000	1.0000	0.0000	0.0000	0.0000	0.0000
0.0000	0.0000	0.0000	1.0000	0.0000	0.0000	0.0000
0.0029	0.1310	0.0000	0.8319	0.0000	0.0341	0.0001
0.0003	0.0078	0.0000	0.9870	0.0000	0.0049	0.0000
0.0000	0.0000	0.0001	0.0000	0.9815	0.0000	0.0184
0.0000	0.0000	0.0000	0.0000	0.8610	0.0000	0.1390
0.0028	0.0000	0.0000	0.0408	0.0000	0.9563	0.0000
0.0186	0.9518	0.0000	0.0007	0.0000	0.0289	0.0000
0.0039	0.9952	0.0000	0.0000	0.0000	0.0000	0.0009
0.0000	0.0001	0.0000	0.0002	0.0000	0.0000	0.9997
0.0000	0.0002	0.0000	0.0010	0.0000	0.0000	0.9988
0.0000	0.0000	0.0000	0.0000	0.0000	0.0000	0.9999
0.9004	0.0974	0.0000	0.0000	0.0000	0.0000	0.0022
0.0017	0.9817	0.0000	0.0120	0.0000	0.0046	0.0001
0.0000	0.0000	1.0000	0.0000	0.0000	0.0000	0.0000
0.0000	0.0000	1.0000	0.0000	0.0000	0.0000	0.0000
0.0000	0.0000	0.0000	0.0000	0.9985	0.0000	0.0015
0.0000	0.0000	0.0000	0.0000	0.9841	0.0000	0.0159
0.0000	0.0000	0.0000	0.0000	0.0000	1.0000	0.0000
0.0000	0.0000	0.0000	0.0000	0.0000	1.0000	0.0000
0.0000	0.0000	0.0000	0.0000	0.0002	0.0000	0.9998
0.0000	1.0000	0.0000	0.0000	0.0000	0.0000	0.0000
0.0000	1.0000	0.0000	0.0000	0.0000	0.0000	0.0000
0.0000	0.0069	0.9855	0.0000	0.0035	0.0000	0.0040
0.0000	0.0000	0.0000	1.0000	0.0000	0.0000	0.0000
0.0000	0.0000	0.0000	1.0000	0.0000	0.0000	0.0000
0.0000	0.9794	0.0000	0.0000	0.0035	0.0000	0.0171
0.0000	0.9993	0.0000	0.0000	0.0001	0.0000	0.0006
0.0000	0.0727	0.9271	0.0000	0.0000	0.0001	0.0000
0.0000	0.1279	0.7546	0.0000	0.1173	0.0000	0.0002
0.0000	0.0537	0.0183	0.0000	0.1868	0.0000	0.7412
0.0000	0.0001	0.0000	0.9970	0.0000	0.0000	0.0029
0.0254	0.1363	0.0191	0.0000	0.0000	0.8181	0.0011
0.9835	0.0014	0.0000	0.0000	0.0000	0.0152	0.0000
0.0000	0.0000	0.0000	0.3056	0.0000	0.0000	0.6944
0.0000	0.0000	0.0000	0.5879	0.0000	0.0000	0.4121
0.0000	0.0000	0.0001	0.0000	0.9999	0.0000	0.0000
0.0000	0.0000	0.0000	0.0000	1.0000	0.0000	0.0000
0.0000	0.0000	0.0000	0.0000	0.0000	1.0000	0.0000
0.0000	0.0036	0.0058	0.0000	0.0002	0.0023	0.9881
0.0023	0.0736	0.0663	0.0012	0.0001	0.7086	0.1479
