1.0000	0.0000	0.0000	0.0000	0.0000	0.0000	0.0000
1.0000	0.0000	0.0000	0.0000	0.0000	0.0000	0.0000
0.4728	0.1165	0.0000	0.1706	0.0000	0.2399	0.0002
0.9893	0.0100	0.0000	0.0001	0.0002	0.0000	0.0005
0.9645	0.0333	0.0000	0.0000	0.0001	0.0000	0.0022
0.0399	0.7791	0.0000	0.0764	0.0000	0.1037	0.0010
0.0004	0.8414	0.0000	0.1476	0.0000	0.0106	0.0001
0.0000	0.0000	1.0000	0.0000	0.0000	0.0000	0.0000
0.0000	0.0000	0.0000	1.0000	0.0000	0.0000	0.0000
0.0138	0.0819	0.0000	0.8403	0.0000	0.0638	0.0002
0.0005	0.0198	0.0000	0.9712	0.0000	0.0085	0.0000
0.0000	0.0000	0.0011	0.0000	0.9373	0.0000	0.0616
0.0000	0.0000	0.0000	0.0000	0.9257	0.0000	0.0743
0.0243	0.0011	0.0000	0.0149	0.0000	0.9596	0.0000
0.0073	0.9338	0.0000	0.0019	0.0000	0.0569	0.0001
0.0016	0.9971	0.0000	0.0000	0.0000	0.0011	0.0002
0.0000	0.0015	0.0000	0.0004	0.0005	0.0000	0.9975
0.0000	0.0004	0.0000	0.0001	0.0001	0.0000	0.9993
0.0000	0.0000	0.0000	0.0000	0.0000	0.0000	1.0000
0.8797	0.0440	0.0000	0.0000	0.0000	0.0011	0.0751
0.0011	0.9812	0.0000	0.0107	0.0000	0.0070	0.0000
0.0000	0.0000	1.0000	0.0000	0.0000	0.0000	0.0000
0.0000	0.0000	1.0000	0.0000	0.0000	0.0000	0.0000
0.0000	0.0000	0.0000	0.0000	0.9992	0.0000	0.0008
0.0000	0.0000	0.0000	0.0000	0.9963	0.0000	0.0036
0.0000	0.0000	0.0000	0.0000	0.0000	1.0000	0.0000
0.0000	0.0000	0.0000	0.0000	0.0000	1.0000	0.0000
0.0000	0.0000	0.0000	0.0000	0.0001	0.0000	0.9999
0.0000	0.9988	0.0000	0.0000	0.0000	0.0000	0.0012
0.0000	0.9999	0.0000	0.0000	0.0000	0.0000	0.0001
0.0000	0.0001	0.9948	0.0000	0.0000	0.0000	0.0051
0.0000	0.0000	0.0000	1.0000	0.0000	0.0000	0.0000
0.0000	0.0000	0.0000	1.0000	0.0000	0.0000	0.0000
0.0000	0.8990	0.0000	0.0000	0.0108	0.0000	0.0902
0.0000	0.9896	0.0000	0.0000	0.0026	0.0000	0.0077
0.0000	0.0000	0.9999	0.0000	0.0000	0.0000	0.0000
0.0000	0.0003	0.9952	0.0000	0.0045	0.0000	0.0000
0.0000	0.0129	0.0351	0.0000	0.0596	0.0000	0.8924
0.0000	0.0000	0.0003	0.9995	0.0000	0.0000	0.0002
0.1056	0.6700	0.0262	0.0001	0.0001	0.1972	0.0009
0.8491	0.0184	0.0001	0.0001	0.0000	0.1323	0.0000
0.0000	0.0000	0.0000	0.9999	0.0000	0.0000	0.0001
0.0000	0.0000	0.0000	1.0000	0.0000	0.0000	0.0000
0.0000	0.0000	0.0000	0.0000	1.0000	0.0000	0.0000
0.0000	0.0000	0.0000	0.0000	1.0000	0.0000	0.0000
0.0000	0.0002	0.0003	0.0004	0.0000	0.9991	0.0000
0.0001	0.1078	0.0053	0.0000	0.0476	0.0058	0.8334
0.0041	0.7321	0.0094	0.0029	0.0242	0.1535	0.0738
