1.0000	0.0000	0.0000	0.0000	0.0000	0.0000	0.0000
1.0000	0.0000	0.0000	0.0000	0.0000	0.0000	0.0000
0.6995	0.2332	0.0000	0.0284	0.0000	0.0389	0.0000
0.9998	0.0000	0.0000	0.0000	0.0000	0.0000	0.0002
0.9991	0.0000	0.0000	0.0000	0.0000	0.0000	0.0009
0.0029	0.9678	0.0000	0.0257	0.0000	0.0036	0.0000
0.0000	0.8414	0.0000	0.1585	0.0000	0.0001	0.0000
0.0000	0.0000	1.0000	0.0000	0.0000	0.0000	0.0000
0.0000	0.0000	0.0000	1.0000	0.0000	0.0000	0.0000
0.0029	0.3399	0.0000	0.6416	0.0000	0.0156	0.0000
0.0000	0.0013	0.0000	0.9974	0.0000	0.0012	0.0000
0.0000	0.0000	0.0000	0.0000	0.9967	0.0000	0.0033
0.0000	0.0000	0.0000	0.0000	0.9437	0.0000	0.0563
0.0010	0.0000	0.0000	0.0063	0.0000	0.9928	0.0000
0.0008	0.9262	0.0000	0.0018	0.0000	0.0712	0.0000
0.0001	0.9997	0.0000	0.0000	0.0000	0.0001	0.0001
0.0000	0.0002	0.0000	0.0022	0.0000	0.0000	0.9976
0.0000	0.0007	0.0000	0.0039	0.0000	0.0001	0.9953
0.0000	0.0000	0.0000	0.0001	0.0000	0.0000	0.9999
0.9900	0.0081	0.0000	0.0000	0.0000	0.0000	0.0019
0.0001	0.9983	0.0000	0.0011	0.0000	0.0005	0.0000
0.0000	0.0000	1.0000	0.0000	0.0000	0.0000	0.0000
0.0000	0.0000	1.0000	0.0000	0.0000	0.0000	0.0000
0.0000	0.0000	0.0000	0.0000	1.0000	0.0000	0.0000
0.0000	0.0000	0.0000	0.0000	0.9997	0.0000	0.0003
0.0000	0.0000	0.0000	0.0000	0.0000	1.0000	0.0000
0.0000	0.0000	0.0000	0.0000	0.0000	1.0000	0.0000
0.0000	0.0000	0.0000	0.0000	0.0000	0.0000	1.0000
0.0000	1.0000	0.0000	0.0000	0.0000	0.0000	0.0000
0.0000	1.0000	0.0000	0.0000	0.0000	0.0000	0.0000
0.0000	0.0007	0.9990	0.0000	0.0000	0.0000	0.0004
0.0000	0.0000	0.0000	1.0000	0.0000	0.0000	0.0000
0.0000	0.0000	0.0000	1.0000	0.0000	0.0000	0.0000
0.0000	0.8414	0.0000	0.0001	0.0090	0.0000	0.1496
0.0000	1.0000	0.0000	0.0000	0.0000	0.0000	0.0000
0.0000	0.0261	0.9738	0.0000	0.0000	0.0001	0.0000
0.0000	0.0581	0.8986	0.0000	0.0434	0.0000	0.0000
0.0000	0.4860	0.0116	0.0000	0.4212	0.0000	0.0813
0.0000	0.0000	0.0000	0.9986	0.0000	0.0000	0.0014
0.0018	0.0111	0.0037	0.0000	0.0000	0.9834	0.0000
0.7339	0.0007	0.0000	0.0000	0.0000	0.2654	0.0000
0.0000	0.0000	0.0000	0.0958	0.0000	0.0000	0.9042
0.0000	0.0000	0.0000	0.1031	0.0000	0.0000	0.8969
0.0000	0.0000	0.0000	0.0000	1.0000	0.0000	0.0000
0.0000	0.0000	0.0000	0.0000	1.0000	0.0000	0.0000
0.0000	0.0001	0.0000	0.0000	0.0000	0.9999	0.0000
0.0000	0.0074	0.0015	0.0000	0.0001	0.0022	0.9888
0.0002	0.0107	0.0040	0.0000	0.0000	0.8939	0.0911
