0.9984	0.0000	0.0000	0.0014	0.0002	0.0000	0.0000
0.9997	0.0000	0.0000	0.0002	0.0001	0.0000	0.0000
0.5167	0.0337	0.0000	0.3204	0.0001	0.1286	0.0005
0.8757	0.0292	0.0000	0.0663	0.0254	0.0004	0.0030
0.8583	0.1334	0.0001	0.0001	0.0067	0.0005	0.0009
0.1103	0.4610	0.0000	0.1519	0.0000	0.2749	0.0019
0.0033	0.6626	0.0000	0.2998	0.0000	0.0332	0.0012
0.0000	0.0000	0.9998	0.0000	0.0001	0.0000	0.0000
0.0001	0.0000	0.0000	0.9999	0.0000	0.0000	0.0000
0.0518	0.2570	0.0000	0.3117	0.0001	0.3776	0.0019
0.0022	0.0861	0.0000	0.8784	0.0000	0.0331	0.0002
0.0000	0.0000	0.0217	0.0000	0.9745	0.0000	0.0038
0.0000	0.0000	0.0000	0.0000	0.8777	0.0000	0.1223
0.1802	0.0085	0.0000	0.1275	0.0002	0.6831	0.0004
0.0247	0.6484	0.0000	0.0273	0.0000	0.2985	0.0011
0.0753	0.6672	0.0000	0.0007	0.0001	0.2558	0.0009
0.0004	0.0294	0.0055	0.0001	0.1010	0.0006	0.8630
0.0000	0.0132	0.0027	0.0000	0.0210	0.0001	0.9629
0.0000	0.0006	0.0009	0.0000	0.0041	0.0000	0.9944
0.9817	0.0108	0.0000	0.0006	0.0010	0.0014	0.0045
0.0341	0.7576	0.0000	0.0596	0.0000	0.1479	0.0007
0.0000	0.0000	1.0000	0.0000	0.0000	0.0000	0.0000
0.0000	0.0000	0.9990	0.0000	0.0010	0.0000	0.0000
0.0000	0.0000	0.0000	0.0000	0.9966	0.0000	0.0034
0.0000	0.0000	0.0001	0.0000	0.9884	0.0000	0.0115
0.0012	0.0002	0.0000	0.0008	0.0000	0.9977	0.0000
0.0000	0.0000	0.0000	0.0000	0.0000	1.0000	0.0000
0.0000	0.0000	0.0001	0.0000	0.0009	0.0000	0.9989
0.0000	0.4492	0.0000	0.0000	0.0000	0.0017	0.5491
0.0000	0.9541	0.0000	0.0000	0.0000	0.0005	0.0453
0.0000	0.2212	0.5680	0.0000	0.0000	0.0277	0.1831
0.0000	0.0000	0.0000	1.0000	0.0000	0.0000	0.0000
0.0000	0.0000	0.0000	1.0000	0.0000	0.0000	0.0000
0.0000	0.9140	0.0002	0.0000	0.0000	0.0000	0.0858
0.0000	0.9994	0.0000	0.0000	0.0000	0.0001	0.0006
0.0000	0.0362	0.9538	0.0000	0.0000	0.0055	0.0045
0.0000	0.9968	0.0032	0.0000	0.0000	0.0000	0.0000
0.0000	0.9234	0.0052	0.0000	0.0001	0.0003	0.0710
0.0000	0.0000	0.0008	0.9992	0.0000	0.0000	0.0000
0.2426	0.6001	0.0459	0.0001	0.0007	0.1074	0.0032
0.8529	0.0061	0.0003	0.0019	0.0000	0.1389	0.0000
0.0000	0.0000	0.0000	1.0000	0.0000	0.0000	0.0000
0.0000	0.0000	0.0000	1.0000	0.0000	0.0000	0.0000
0.0000	0.0000	0.0006	0.0000	0.9994	0.0000	0.0000
0.0000	0.0000	0.0000	0.0000	1.0000	0.0000	0.0000
0.0001	0.0175	0.0005	0.0002	0.0000	0.9817	0.0000
0.0001	0.5593	0.0111	0.0000	0.0805	0.0003	0.3487
0.0142	0.9148	0.0130	0.0010	0.0237	0.0172	0.0163
