1.0000	0.0000	0.0000	0.0000	0.0000	0.0000	0.0000
1.0000	0.0000	0.0000	0.0000	0.0000	0.0000	0.0000
0.7749	0.0330	0.0000	0.1825	0.0000	0.0096	0.0000
0.9999	0.0000	0.0000	0.0000	0.0000	0.0000	0.0000
0.9996	0.0000	0.0000	0.0000	0.0000	0.0000	0.0004
0.0039	0.9634	0.0000	0.0312	0.0000	0.0016	0.0000
0.0000	0.9886	0.0000	0.0109	0.0000	0.0005	0.0000
0.0000	0.0000	1.0000	0.0000	0.0000	0.0000	0.0000
0.0000	0.0000	0.0000	0.9999	0.0001	0.0000	0.0000
0.0029	0.0840	0.0000	0.9115	0.0000	0.0015	0.0000
0.0001	0.0016	0.0000	0.9965	0.0000	0.0018	0.0000
0.0000	0.0000	0.0000	0.0000	0.9991	0.0000	0.0009
0.0000	0.0000	0.0000	0.0000	0.7016	0.0000	0.2984
0.2087	0.0069	0.0000	0.2045	0.0000	0.5798	0.0000
0.0097	0.8328	0.0000	0.0022	0.0000	0.1553	0.0000
0.0001	0.9987	0.0000	0.0000	0.0000	0.0001	0.0011
0.0000	0.0000	0.0000	0.0003	0.0000	0.0000	0.9996
0.0000	0.0024	0.0000	0.0054	0.0000	0.0063	0.9858
0.0000	0.0000	0.0000	0.0001	0.0000	0.0000	0.9999
0.9978	0.0020	0.0000	0.0000	0.0000	0.0000	0.0002
0.0000	0.9997	0.0000	0.0002	0.0000	0.0000	0.0000
0.0000	0.0000	1.0000	0.0000	0.0000	0.0000	0.0000
0.0000	0.0000	1.0000	0.0000	0.0000	0.0000	0.0000
0.0000	0.0000	0.0000	0.0000	1.0000	0.0000	0.0000
0.0000	0.0000	0.0000	0.0000	1.0000	0.0000	0.0000
0.0000	0.0000	0.0000	0.0000	0.0000	1.0000	0.0000
0.0000	0.0000	0.0000	0.0000	0.0000	1.0000	0.0000
0.0000	0.0000	0.0000	0.0000	0.0003	0.0000	0.9996
0.0000	1.0000	0.0000	0.0000	0.0000	0.0000	0.0000
0.0000	1.0000	0.0000	0.0000	0.0000	0.0000	0.0000
0.0000	0.0004	0.9989	0.0000	0.0002	0.0000	0.0006
0.0000	0.0000	0.0000	1.0000	0.0000	0.0000	0.0000
0.0000	0.0000	0.0000	1.0000	0.0000	0.0000	0.0000
0.0000	0.0483	0.0000	0.0000	0.0000	0.0000	0.9517
0.0000	0.9991	0.0000	0.0001	0.0005	0.0000	0.0003
0.0000	0.0111	0.9889	0.0000	0.0000	0.0000	0.0000
0.0000	0.0000	1.0000	0.0000	0.0000	0.0000	0.0000
0.0000	0.0018	0.1405	0.0000	0.0606	0.0000	0.7970
0.0000	0.0000	0.0000	1.0000	0.0000	0.0000	0.0000
0.0002	0.0013	0.1532	0.0000	0.0000	0.8446	0.0006
0.5264	0.0134	0.0000	0.0000	0.0000	0.4602	0.0000
0.0000	0.0000	0.0000	1.0000	0.0000	0.0000	0.0000
0.0000	0.0000	0.0000	1.0000	0.0000	0.0000	0.0000
0.0000	0.0000	0.0000	0.0000	1.0000	0.0000	0.0000
0.0000	0.0000	0.0000	0.0000	1.0000	0.0000	0.0000
0.0000	0.0007	0.0000	0.0000	0.0000	0.9993	0.0000
0.0000	0.0010	0.0672	0.0000	0.0001	0.0150	0.9168
0.0000	0.0000	0.0152	0.0000	0.0000	0.9831	0.0017
