1.0000	0.0000	0.0000	0.0000	0.0000	0.0000	0.0000
1.0000	0.0000	0.0000	0.0000	0.0000	0.0000	0.0000
0.4282	0.0190	0.0000	0.5468	0.0001	0.0059	0.0000
0.9928	0.0000	0.0000	0.0071	0.0001	0.0000	0.0000
0.9999	0.0000	0.0000	0.0000	0.0000	0.0000	0.0001
0.0918	0.7606	0.0000	0.1281	0.0000	0.0189	0.0006
0.0124	0.7289	0.0000	0.2557	0.0000	0.0027	0.0003
0.0000	0.0000	0.9992	0.0000	0.0000	0.0000	0.0008
0.0000	0.0000	0.0000	1.0000	0.0000	0.0000	0.0000
0.0078	0.2121	0.0000	0.7688	0.0000	0.0112	0.0000
0.0104	0.0322	0.0000	0.9468	0.0000	0.0106	0.0000
0.0000	0.0000	0.0109	0.0000	0.9649	0.0000	0.0242
0.0000	0.0000	0.0000	0.0000	0.8393	0.0000	0.1607
0.0019	0.0005	0.0000	0.2453	0.0000	0.7522	0.0000
0.0586	0.6933	0.0000	0.0279	0.0000	0.2201	0.0001
0.0004	0.9869	0.0000	0.0001	0.0000	0.0126	0.0000
0.0000	0.0003	0.0000	0.0001	0.0060	0.0000	0.9936
0.0000	0.0000	0.0001	0.0000	0.0126	0.0000	0.9872
0.0000	0.0000	0.0000	0.0000	0.0016	0.0000	0.9984
0.9901	0.0095	0.0000	0.0001	0.0000	0.0000	0.0003
0.0097	0.9795	0.0000	0.0088	0.0000	0.0020	0.0000
0.0000	0.0000	1.0000	0.0000	0.0000	0.0000	0.0000
0.0000	0.0000	1.0000	0.0000	0.0000	0.0000	0.0000
0.0000	0.0000	0.0000	0.0000	1.0000	0.0000	0.0000
0.0000	0.0000	0.0000	0.0000	1.0000	0.0000	0.0000
0.0000	0.0000	0.0000	0.0000	0.0000	1.0000	0.0000
0.0000	0.0000	0.0000	0.0000	0.0000	1.0000	0.0000
0.0000	0.0000	0.0000	0.0000	0.0000	0.0000	0.9999
0.0000	0.9959	0.0001	0.0000	0.0000	0.0000	0.0039
0.0000	0.9998	0.0000	0.0000	0.0000	0.0000	0.0002
0.0000	0.0013	0.9987	0.0000	0.0000	0.0000	0.0000
0.0000	0.0000	0.0000	1.0000	0.0000	0.0000	0.0000
0.0000	0.0000	0.0000	1.0000	0.0000	0.0000	0.0000
0.0000	0.9943	0.0001	0.0000	0.0001	0.0000	0.0056
0.0000	0.9990	0.0000	0.0000	0.0000	0.0000	0.0010
0.0000	0.0002	0.9997	0.0000	0.0000	0.0001	0.0000
0.0000	0.9578	0.0422	0.0000	0.0000	0.0000	0.0000
0.0000	0.9484	0.0441	0.0000	0.0010	0.0000	0.0066
0.0000	0.0000	0.0000	1.0000	0.0000	0.0000	0.0000
0.0008	0.0649	0.0060	0.0001	0.0000	0.9280	0.0003
0.0768	0.1339	0.0073	0.0026	0.0000	0.7794	0.0000
0.0000	0.0000	0.0000	0.9991	0.0000	0.0000	0.0009
0.0000	0.0000	0.0000	0.9999	0.0000	0.0000	0.0001
0.0000	0.0000	0.0001	0.0000	0.9999	0.0000	0.0000
0.0000	0.0000	0.0000	0.0000	1.0000	0.0000	0.0000
0.0000	0.0000	0.0000	0.0000	0.0000	1.0000	0.0000
0.0000	0.0347	0.0027	0.0000	0.0000	0.0140	0.9486
0.0000	0.0117	0.0010	0.0081	0.0000	0.9703	0.0089
