0.9957	0.0000	0.0000	0.0043	0.0000	0.0000	0.0000
0.9998	0.0000	0.0000	0.0002	0.0000	0.0000	0.0000
0.2665	0.0366	0.0000	0.6621	0.0001	0.0347	0.0000
0.6241	0.0106	0.0000	0.3648	0.0004	0.0002	0.0000
0.9313	0.0638	0.0000	0.0017	0.0024	0.0006	0.0002
0.1631	0.4395	0.0000	0.1030	0.0002	0.2935	0.0007
0.0644	0.6533	0.0000	0.1859	0.0002	0.0946	0.0016
0.0000	0.0000	0.9977	0.0000	0.0011	0.0000	0.0011
0.0000	0.0000	0.0000	1.0000	0.0000	0.0000	0.0000
0.0490	0.3398	0.0000	0.3369	0.0001	0.2740	0.0002
0.0105	0.0549	0.0000	0.8954	0.0000	0.0390	0.0001
0.0000	0.0000	0.3328	0.0000	0.6528	0.0000	0.0143
0.0000	0.0000	0.0000	0.0000	0.9847	0.0000	0.0153
0.0120	0.0032	0.0000	0.5031	0.0001	0.4816	0.0000
0.0900	0.5463	0.0000	0.0192	0.0002	0.3439	0.0003
0.0303	0.8410	0.0000	0.0012	0.0000	0.1274	0.0001
0.0001	0.0062	0.0053	0.0002	0.1198	0.0001	0.8684
0.0000	0.0005	0.0071	0.0000	0.0769	0.0000	0.9154
0.0000	0.0000	0.0003	0.0000	0.0070	0.0000	0.9927
0.9727	0.0205	0.0000	0.0046	0.0002	0.0014	0.0005
0.0940	0.6699	0.0000	0.0731	0.0002	0.1623	0.0005
0.0000	0.0000	0.9996	0.0000	0.0000	0.0000	0.0004
0.0000	0.0000	0.9892	0.0000	0.0108	0.0000	0.0000
0.0000	0.0000	0.0000	0.0000	0.9999	0.0000	0.0000
0.0000	0.0000	0.0000	0.0000	0.9997	0.0000	0.0002
0.0004	0.0000	0.0000	0.0005	0.0000	0.9991	0.0000
0.0000	0.0000	0.0000	0.0000	0.0000	1.0000	0.0000
0.0000	0.0000	0.0001	0.0000	0.0002	0.0000	0.9996
0.0000	0.7337	0.0032	0.0000	0.0000	0.0009	0.2622
0.0000	0.9765	0.0000	0.0000	0.0000	0.0000	0.0235
0.0000	0.0048	0.9906	0.0000	0.0000	0.0027	0.0019
0.0000	0.0000	0.0000	1.0000	0.0000	0.0000	0.0000
0.0000	0.0000	0.0000	1.0000	0.0000	0.0000	0.0000
0.0000	0.9207	0.0183	0.0000	0.0001	0.0000	0.0609
0.0000	0.9980	0.0001	0.0000	0.0000	0.0000	0.0018
0.0000	0.0002	0.9994	0.0000	0.0000	0.0003	0.0001
0.0000	0.4573	0.5427	0.0000	0.0000	0.0000	0.0000
0.0000	0.6465	0.1694	0.0000	0.0003	0.0006	0.1831
0.0000	0.0000	0.0000	1.0000	0.0000	0.0000	0.0000
0.0983	0.4383	0.0757	0.0009	0.0012	0.3725	0.0131
0.2070	0.2009	0.0203	0.0968	0.0000	0.4750	0.0001
0.0000	0.0000	0.0000	1.0000	0.0000	0.0000	0.0000
0.0000	0.0000	0.0000	1.0000	0.0000	0.0000	0.0000
0.0000	0.0000	0.0151	0.0000	0.9849	0.0000	0.0000
0.0000	0.0000	0.0000	0.0000	1.0000	0.0000	0.0000
0.0000	0.0009	0.0035	0.0004	0.0000	0.9952	0.0000
0.0056	0.6939	0.0242	0.0000	0.0054	0.0166	0.2543
0.0127	0.9078	0.0089	0.0059	0.0087	0.0491	0.0070
