1.0000	0.0000	0.0000	0.0000	0.0000	0.0000	0.0000
1.0000	0.0000	0.0000	0.0000	0.0000	0.0000	0.0000
0.8501	0.0019	0.0000	0.1459	0.0000	0.0020	0.0000
1.0000	0.0000	0.0000	0.0000	0.0000	0.0000	0.0000
1.0000	0.0000	0.0000	0.0000	0.0000	0.0000	0.0000
0.1216	0.7918	0.0000	0.0523	0.0000	0.0342	0.0000
0.0051	0.9607	0.0000	0.0323	0.0000	0.0019	0.0001
0.0000	0.0000	0.9998	0.0000	0.0000	0.0000	0.0002
0.0000	0.0000	0.0000	1.0000	0.0000	0.0000	0.0000
0.0027	0.0479	0.0000	0.9441	0.0000	0.0052	0.0000
0.0105	0.0677	0.0000	0.9157	0.0000	0.0061	0.0000
0.0000	0.0000	0.0155	0.0000	0.9731	0.0000	0.0114
0.0000	0.0000	0.0000	0.0000	0.9319	0.0000	0.0681
0.0009	0.0005	0.0000	0.0219	0.0000	0.9767	0.0000
0.2761	0.6097	0.0000	0.0021	0.0000	0.1120	0.0000
0.0128	0.9749	0.0000	0.0001	0.0000	0.0121	0.0001
0.0000	0.0001	0.0000	0.0000	0.0031	0.0000	0.9968
0.0000	0.0000	0.0000	0.0000	0.0094	0.0000	0.9905
0.0000	0.0000	0.0000	0.0000	0.0006	0.0000	0.9994
0.9997	0.0003	0.0000	0.0000	0.0000	0.0000	0.0000
0.0037	0.9880	0.0000	0.0070	0.0000	0.0013	0.0000
0.0000	0.0000	1.0000	0.0000	0.0000	0.0000	0.0000
0.0000	0.0000	1.0000	0.0000	0.0000	0.0000	0.0000
0.0000	0.0000	0.0000	0.0000	1.0000	0.0000	0.0000
0.0000	0.0000	0.0000	0.0000	0.9997	0.0000	0.0003
0.0000	0.0000	0.0000	0.0000	0.0000	1.0000	0.0000
0.0000	0.0000	0.0000	0.0000	0.0000	1.0000	0.0000
0.0000	0.0000	0.0000	0.0000	0.0000	0.0000	1.0000
0.0000	0.8668	0.1132	0.0000	0.0000	0.0000	0.0200
0.0000	0.9953	0.0005	0.0000	0.0000	0.0000	0.0042
0.0000	0.0000	1.0000	0.0000	0.0000	0.0000	0.0000
0.0000	0.0000	0.0000	1.0000	0.0000	0.0000	0.0000
0.0000	0.0000	0.0000	1.0000	0.0000	0.0000	0.0000
0.0000	0.8353	0.0009	0.0000	0.0003	0.0000	0.1635
0.0000	0.9988	0.0000	0.0000	0.0000	0.0000	0.0012
0.0000	0.0000	1.0000	0.0000	0.0000	0.0000	0.0000
0.0000	0.0000	0.9999	0.0000	0.0000	0.0000	0.0000
0.0000	0.0226	0.8779	0.0000	0.0014	0.0000	0.0981
0.0000	0.0000	0.0000	1.0000	0.0000	0.0000	0.0000
0.0158	0.3141	0.0039	0.0001	0.0000	0.6603	0.0059
0.5855	0.0960	0.0012	0.0176	0.0000	0.2996	0.0000
0.0000	0.0000	0.0000	1.0000	0.0000	0.0000	0.0000
0.0000	0.0000	0.0000	1.0000	0.0000	0.0000	0.0000
0.0000	0.0000	0.0000	0.0000	1.0000	0.0000	0.0000
0.0000	0.0000	0.0000	0.0000	1.0000	0.0000	0.0000
0.0000	0.0001	0.0001	0.0000	0.0000	0.9998	0.0000
0.0000	0.2643	0.0010	0.0000	0.0000	0.0220	0.7127
0.0001	0.4038	0.0003	0.0271	0.0009	0.4897	0.0780
