1.0000	0.0000	0.0000	0.0000	0.0000	0.0000	0.0000
1.0000	0.0000	0.0000	0.0000	0.0000	0.0000	0.0000
0.9113	0.0005	0.0000	0.0879	0.0000	0.0002	0.0000
0.9995	0.0000	0.0000	0.0005	0.0000	0.0000	0.0000
1.0000	0.0000	0.0000	0.0000	0.0000	0.0000	0.0000
0.2760	0.6522	0.0000	0.0497	0.0000	0.0221	0.0000
0.0046	0.9137	0.0000	0.0797	0.0000	0.0018	0.0001
0.0000	0.0000	0.9999	0.0000	0.0000	0.0000	0.0001
0.0000	0.0000	0.0000	1.0000	0.0000	0.0000	0.0000
0.0036	0.0025	0.0000	0.9930	0.0000	0.0009	0.0000
0.0129	0.0068	0.0000	0.9792	0.0000	0.0011	0.0000
0.0000	0.0000	0.0397	0.0000	0.9488	0.0000	0.0115
0.0000	0.0000	0.0000	0.0000	0.9791	0.0000	0.0209
0.0003	0.0000	0.0000	0.0490	0.0000	0.9507	0.0000
0.4712	0.4113	0.0000	0.0011	0.0000	0.1164	0.0000
0.0124	0.9704	0.0000	0.0000	0.0000	0.0173	0.0000
0.0000	0.0003	0.0000	0.0000	0.0014	0.0000	0.9983
0.0000	0.0000	0.0000	0.0000	0.0084	0.0000	0.9915
0.0000	0.0000	0.0000	0.0000	0.0004	0.0000	0.9996
0.9992	0.0008	0.0000	0.0000	0.0000	0.0000	0.0000
0.0065	0.9827	0.0000	0.0097	0.0000	0.0012	0.0000
0.0000	0.0000	1.0000	0.0000	0.0000	0.0000	0.0000
0.0000	0.0000	0.9999	0.0000	0.0001	0.0000	0.0000
0.0000	0.0000	0.0000	0.0000	1.0000	0.0000	0.0000
0.0000	0.0000	0.0000	0.0000	1.0000	0.0000	0.0000
0.0000	0.0000	0.0000	0.0000	0.0000	1.0000	0.0000
0.0000	0.0000	0.0000	0.0000	0.0000	1.0000	0.0000
0.0000	0.0000	0.0000	0.0000	0.0000	0.0000	1.0000
0.0000	0.9716	0.0002	0.0000	0.0000	0.0000	0.0282
0.0000	0.9784	0.0000	0.0000	0.0000	0.0000	0.0216
0.0000	0.0000	0.9990	0.0000	0.0000	0.0001	0.0009
0.0000	0.0000	0.0000	1.0000	0.0000	0.0000	0.0000
0.0000	0.0000	0.0000	1.0000	0.0000	0.0000	0.0000
0.0000	0.9230	0.0000	0.0000	0.0000	0.0000	0.0770
0.0000	0.9996	0.0000	0.0000	0.0000	0.0000	0.0004
0.0000	0.0000	0.9990	0.0000	0.0000	0.0010	0.0000
0.0000	0.0356	0.9643	0.0000	0.0002	0.0000	0.0000
0.0000	0.6683	0.0766	0.0000	0.0028	0.0000	0.2524
0.0000	0.0000	0.0000	1.0000	0.0000	0.0000	0.0000
0.0134	0.0500	0.0008	0.0000	0.0000	0.9355	0.0003
0.2033	0.3196	0.0116	0.0127	0.0000	0.4527	0.0000
0.0000	0.0000	0.0000	1.0000	0.0000	0.0000	0.0000
0.0000	0.0000	0.0000	1.0000	0.0000	0.0000	0.0000
0.0000	0.0000	0.0000	0.0000	1.0000	0.0000	0.0000
0.0000	0.0000	0.0000	0.0000	1.0000	0.0000	0.0000
0.0000	0.0000	0.0000	0.0000	0.0000	1.0000	0.0000
0.0006	0.2866	0.0016	0.0000	0.0000	0.1588	0.5524
0.0000	0.0529	0.0000	0.0001	0.0001	0.9451	0.0017
