1.0000	0.0000	0.0000	0.0000	0.0000	0.0000	0.0000
1.0000	0.0000	0.0000	0.0000	0.0000	0.0000	0.0000
0.7024	0.1711	0.0000	0.0857	0.0000	0.0408	0.0000
0.9983	0.0000	0.0000	0.0001	0.0015	0.0000	0.0001
0.9994	0.0000	0.0000	0.0000	0.0000	0.0000	0.0006
0.0111	0.9131	0.0000	0.0632	0.0000	0.0112	0.0014
0.0000	0.9808	0.0000	0.0190	0.0000	0.0002	0.0000
0.0000	0.0000	1.0000	0.0000	0.0000	0.0000	0.0000
0.0000	0.0000	0.0000	1.0000	0.0000	0.0000	0.0000
0.0114	0.0433	0.0000	0.9270	0.0000	0.0183	0.0000
0.0000	0.0007	0.0000	0.9987	0.0000	0.0006	0.0000
0.0000	0.0000	0.0000	0.0000	0.9849	0.0000	0.0151
0.0000	0.0000	0.0000	0.0000	0.5818	0.0000	0.4182
0.0054	0.0004	0.0000	0.2238	0.0000	0.7704	0.0000
0.0027	0.6406	0.0000	0.0093	0.0000	0.3473	0.0000
0.0027	0.9718	0.0000	0.0000	0.0000	0.0249	0.0006
0.0000	0.0042	0.0000	0.0003	0.0000	0.0000	0.9954
0.0000	0.0281	0.0000	0.0035	0.0000	0.0012	0.9671
0.0000	0.0000	0.0000	0.0001	0.0000	0.0000	0.9999
0.9876	0.0101	0.0000	0.0000	0.0000	0.0000	0.0022
0.0001	0.9996	0.0000	0.0002	0.0000	0.0001	0.0000
0.0000	0.0000	1.0000	0.0000	0.0000	0.0000	0.0000
0.0000	0.0000	1.0000	0.0000	0.0000	0.0000	0.0000
0.0000	0.0000	0.0000	0.0000	1.0000	0.0000	0.0000
0.0000	0.0000	0.0000	0.0000	1.0000	0.0000	0.0000
0.0000	0.0000	0.0000	0.0000	0.0000	1.0000	0.0000
0.0000	0.0000	0.0000	0.0000	0.0000	1.0000	0.0000
0.0000	0.0000	0.0000	0.0000	0.0000	0.0000	0.9999
0.0000	1.0000	0.0000	0.0000	0.0000	0.0000	0.0000
0.0000	1.0000	0.0000	0.0000	0.0000	0.0000	0.0000
0.0000	0.0003	0.9997	0.0000	0.0000	0.0000	0.0000
0.0000	0.0000	0.0000	1.0000	0.0000	0.0000	0.0000
0.0000	0.0000	0.0000	1.0000	0.0000	0.0000	0.0000
0.0000	0.8968	0.0000	0.0000	0.0001	0.0000	0.1031
0.0000	0.9999	0.0000	0.0000	0.0000	0.0000	0.0001
0.0000	0.0021	0.9979	0.0000	0.0000	0.0000	0.0000
0.0000	0.0006	0.9994	0.0000	0.0000	0.0000	0.0000
0.0000	0.0079	0.7599	0.0000	0.0268	0.0000	0.2054
0.0000	0.0000	0.0003	0.9787	0.0000	0.0000	0.0210
0.0044	0.0164	0.0477	0.0000	0.0000	0.9312	0.0001
0.6448	0.0020	0.0000	0.0000	0.0000	0.3531	0.0000
0.0000	0.0000	0.0000	0.0247	0.0000	0.0000	0.9753
0.0000	0.0000	0.0000	0.0143	0.0000	0.0000	0.9857
0.0000	0.0000	0.0000	0.0000	1.0000	0.0000	0.0000
0.0000	0.0000	0.0000	0.0000	1.0000	0.0000	0.0000
0.0000	0.0005	0.0000	0.0000	0.0000	0.9995	0.0000
0.0000	0.0196	0.0117	0.0000	0.0003	0.0018	0.9666
0.0000	0.0006	0.0110	0.0001	0.0000	0.9662	0.0221
