1.0000	0.0000	0.0000	0.0000	0.0000	0.0000	0.0000
1.0000	0.0000	0.0000	0.0000	0.0000	0.0000	0.0000
0.7610	0.1138	0.0000	0.0802	0.0000	0.0448	0.0001
0.4807	0.0527	0.0000	0.0002	0.4510	0.0000	0.0154
0.4257	0.0938	0.0004	0.0000	0.3539	0.0000	0.1262
0.0043	0.9180	0.0000	0.0618	0.0000	0.0158	0.0001
0.0000	0.9573	0.0000	0.0415	0.0000	0.0012	0.0000
0.0000	0.0000	1.0000	0.0000	0.0000	0.0000	0.0000
0.0000	0.0000	0.0000	1.0000	0.0000	0.0000	0.0000
0.0050	0.2118	0.0000	0.7649	0.0000	0.0183	0.0000
0.0000	0.0003	0.0000	0.9994	0.0000	0.0003	0.0000
0.0000	0.0000	0.0000	0.0000	0.9993	0.0000	0.0007
0.0000	0.0000	0.0000	0.0000	0.5908	0.0000	0.4092
0.0395	0.0001	0.0000	0.0114	0.0000	0.9489	0.0001
0.0027	0.9482	0.0000	0.0001	0.0000	0.0489	0.0000
0.0006	0.9994	0.0000	0.0000	0.0000	0.0000	0.0000
0.0000	0.0002	0.0000	0.0000	0.0035	0.0000	0.9963
0.0000	0.0002	0.0000	0.0000	0.0000	0.0000	0.9998
0.0000	0.0000	0.0000	0.0000	0.0000	0.0000	1.0000
0.9994	0.0006	0.0000	0.0000	0.0000	0.0000	0.0000
0.0000	0.9934	0.0000	0.0060	0.0000	0.0006	0.0000
0.0000	0.0000	1.0000	0.0000	0.0000	0.0000	0.0000
0.0000	0.0000	1.0000	0.0000	0.0000	0.0000	0.0000
0.0000	0.0000	0.0000	0.0000	1.0000	0.0000	0.0000
0.0000	0.0000	0.0000	0.0000	1.0000	0.0000	0.0000
0.0000	0.0000	0.0000	0.0000	0.0000	1.0000	0.0000
0.0000	0.0000	0.0000	0.0000	0.0000	1.0000	0.0000
0.0000	0.0000	0.0000	0.0000	0.0000	0.0000	1.0000
0.0000	0.9985	0.0001	0.0000	0.0000	0.0000	0.0014
0.0000	1.0000	0.0000	0.0000	0.0000	0.0000	0.0000
0.0000	0.0001	0.9998	0.0000	0.0000	0.0000	0.0001
0.0000	0.0000	0.0000	1.0000	0.0000	0.0000	0.0000
0.0000	0.0000	0.0000	1.0000	0.0000	0.0000	0.0000
0.0000	0.8754	0.0002	0.0000	0.0000	0.0000	0.1244
0.0000	0.9999	0.0000	0.0000	0.0000	0.0000	0.0001
0.0000	0.0000	1.0000	0.0000	0.0000	0.0000	0.0000
0.0000	0.0000	1.0000	0.0000	0.0000	0.0000	0.0000
0.0000	0.3196	0.2920	0.0000	0.0000	0.0000	0.3884
0.0000	0.0000	0.0006	0.9994	0.0000	0.0000	0.0000
0.6257	0.2170	0.1149	0.0000	0.0000	0.0424	0.0001
0.5628	0.0119	0.0000	0.0000	0.0000	0.4252	0.0000
0.0000	0.0000	0.0000	1.0000	0.0000	0.0000	0.0000
0.0000	0.0000	0.0000	1.0000	0.0000	0.0000	0.0000
0.0000	0.0000	0.0001	0.0000	0.9999	0.0000	0.0000
0.0000	0.0000	0.0000	0.0000	1.0000	0.0000	0.0000
0.0000	0.0009	0.0000	0.0000	0.0000	0.9991	0.0000
0.0000	0.0478	0.0769	0.0000	0.0371	0.0000	0.8381
0.0008	0.8764	0.0795	0.0001	0.0005	0.0015	0.0413
