1.0000	0.0000	0.0000	0.0000	0.0000	0.0000	0.0000
1.0000	0.0000	0.0000	0.0000	0.0000	0.0000	0.0000
0.5138	0.0023	0.0000	0.4826	0.0000	0.0013	0.0000
0.9999	0.0000	0.0000	0.0001	0.0000	0.0000	0.0000
0.9999	0.0000	0.0000	0.0000	0.0000	0.0000	0.0001
0.0819	0.8599	0.0000	0.0473	0.0000	0.0105	0.0004
0.0024	0.9581	0.0000	0.0373	0.0000	0.0003	0.0019
0.0000	0.0000	0.9999	0.0000	0.0000	0.0000	0.0001
0.0000	0.0000	0.0000	1.0000	0.0000	0.0000	0.0000
0.0010	0.0147	0.0000	0.9827	0.0000	0.0017	0.0000
0.0141	0.0178	0.0011	0.9630	0.0000	0.0040	0.0000
0.0000	0.0000	0.0836	0.0000	0.8902	0.0000	0.0262
0.0000	0.0000	0.0000	0.0000	0.6321	0.0000	0.3679
0.0040	0.0003	0.0000	0.0712	0.0000	0.9245	0.0000
0.0558	0.7183	0.0001	0.0037	0.0000	0.2220	0.0002
0.0000	0.9639	0.0000	0.0000	0.0000	0.0361	0.0000
0.0000	0.0000	0.0000	0.0000	0.0001	0.0000	0.9999
0.0000	0.0000	0.0001	0.0000	0.0021	0.0000	0.9978
0.0000	0.0000	0.0000	0.0000	0.0002	0.0000	0.9998
0.9998	0.0002	0.0000	0.0000	0.0000	0.0000	0.0000
0.0018	0.9969	0.0000	0.0011	0.0000	0.0002	0.0000
0.0000	0.0000	1.0000	0.0000	0.0000	0.0000	0.0000
0.0000	0.0000	1.0000	0.0000	0.0000	0.0000	0.0000
0.0000	0.0000	0.0000	0.0000	1.0000	0.0000	0.0000
0.0000	0.0000	0.0000	0.0000	1.0000	0.0000	0.0000
0.0000	0.0000	0.0000	0.0000	0.0000	1.0000	0.0000
0.0000	0.0000	0.0000	0.0000	0.0000	1.0000	0.0000
0.0000	0.0000	0.0000	0.0000	0.0000	0.0000	1.0000
0.0000	0.9985	0.0010	0.0000	0.0000	0.0000	0.0005
0.0000	0.9997	0.0000	0.0000	0.0000	0.0000	0.0003
0.0000	0.0000	1.0000	0.0000	0.0000	0.0000	0.0000
0.0000	0.0000	0.0000	1.0000	0.0000	0.0000	0.0000
0.0000	0.0000	0.0000	1.0000	0.0000	0.0000	0.0000
0.0000	0.0633	0.0011	0.0000	0.0000	0.0000	0.9356
0.0000	0.9999	0.0000	0.0000	0.0000	0.0000	0.0000
0.0000	0.0000	1.0000	0.0000	0.0000	0.0000	0.0000
0.0000	0.0000	1.0000	0.0000	0.0000	0.0000	0.0000
0.0000	0.0028	0.9483	0.0000	0.0000	0.0000	0.0489
0.0000	0.0000	0.0000	1.0000	0.0000	0.0000	0.0000
0.0069	0.0052	0.0124	0.0000	0.0000	0.9714	0.0040
0.4263	0.3243	0.0055	0.0500	0.0000	0.1939	0.0000
0.0000	0.0000	0.0000	1.0000	0.0000	0.0000	0.0000
0.0000	0.0000	0.0000	1.0000	0.0000	0.0000	0.0000
0.0000	0.0000	0.0013	0.0000	0.9987	0.0000	0.0000
0.0000	0.0000	0.0000	0.0000	1.0000	0.0000	0.0000
0.0000	0.0000	0.0000	0.0001	0.0000	0.9999	0.0000
0.0000	0.0185	0.0006	0.0000	0.0001	0.0662	0.9146
0.0000	0.0002	0.0000	0.0001	0.0001	0.9985	0.0010
