1.0000	0.0000	0.0000	0.0000	0.0000	0.0000	0.0000
0.4633	0.0707	0.0000	0.0191	0.0000	0.4465	0.0003
0.9977	0.0008	0.0000	0.0001	0.0000	0.0003	0.0011
0.0132	0.8834	0.0000	0.0699	0.0000	0.0297	0.0038
0.0000	0.0000	0.9987	0.0000	0.0001	0.0000	0.0012
0.0167	0.2544	0.0000	0.6721	0.0000	0.0564	0.0003
0.0000	0.0000	0.0000	0.0000	0.9976	0.0000	0.0024
0.0000	0.0000	0.0000	0.0000	1.0000	0.0000	0.0000
0.0780	0.0570	0.0000	0.0119	0.0000	0.8520	0.0011
0.0069	0.2300	0.0000	0.0022	0.0000	0.7607	0.0003
0.0000	0.0000	0.0000	0.0000	0.0000	0.0000	1.0000
0.0000	0.0000	0.0000	0.0003	0.0001	0.0003	0.9994
0.9974	0.0022	0.0000	0.0001	0.0000	0.0001	0.0002
0.9912	0.0053	0.0000	0.0002	0.0000	0.0033	0.0000
0.0080	0.9915	0.0000	0.0002	0.0000	0.0000	0.0002
0.0005	0.9854	0.0000	0.0127	0.0000	0.0000	0.0014
0.0000	0.0000	1.0000	0.0000	0.0000	0.0000	0.0000
0.0000	0.0000	0.0000	0.9998	0.0002	0.0000	0.0000
0.0000	0.0034	0.0000	0.9966	0.0000	0.0001	0.0000
0.0009	0.0642	0.0000	0.9316	0.0000	0.0002	0.0031
0.0000	0.0001	0.0000	0.0000	0.9382	0.0000	0.0617
0.0000	0.0000	0.0000	0.0000	0.0000	1.0000	0.0000
0.7405	0.0000	0.0000	0.0000	0.0000	0.2595	0.0000
0.0027	0.0002	0.0000	0.0000	0.0000	0.9971	0.0000
0.0000	0.0000	0.0000	0.0000	0.0022	0.0000	0.9978
0.0000	0.0000	0.9866	0.0000	0.0040	0.0000	0.0094
0.0000	0.1026	0.0005	0.0000	0.0000	0.0000	0.8969
0.0000	1.0000	0.0000	0.0000	0.0000	0.0000	0.0000
0.0000	0.9993	0.0000	0.0000	0.0000	0.0000	0.0006
0.0000	0.0000	1.0000	0.0000	0.0000	0.0000	0.0000
0.0000	0.0000	1.0000	0.0000	0.0000	0.0000	0.0000
0.0000	0.0000	0.9553	0.0000	0.0446	0.0000	0.0001
0.0000	0.0000	0.0000	1.0000	0.0000	0.0000	0.0000
0.0000	0.9130	0.0001	0.0000	0.0002	0.0000	0.0867
0.0000	0.0000	0.0009	0.9904	0.0000	0.0001	0.0085
0.0000	0.0108	0.0002	0.0000	0.0000	0.0000	0.9889
0.0000	0.0012	0.0006	0.0000	0.0002	0.0000	0.9981
0.0000	0.0085	0.0000	0.0000	0.0000	0.0000	0.9915
0.9732	0.0148	0.0001	0.0000	0.0000	0.0120	0.0000
0.0016	0.0000	0.9982	0.0000	0.0001	0.0000	0.0002
0.0000	0.0000	0.0004	0.9913	0.0000	0.0000	0.0083
0.0000	0.0742	0.5194	0.2437	0.0000	0.0057	0.1568
0.0000	0.0000	0.0281	0.0014	0.9691	0.0000	0.0014
0.0013	0.1228	0.0000	0.0000	0.0000	0.8759	0.0000
0.0092	0.0048	0.0077	0.0000	0.0000	0.9413	0.0370
0.7294	0.1826	0.0265	0.0000	0.0000	0.0590	0.0025
0.0000	0.0000	0.0031	0.0000	0.9962	0.0000	0.0007
0.0000	0.0000	0.0000	0.0000	1.0000	0.0000	0.0000
