1.0000	0.0000	0.0000	0.0000	0.0000	0.0000	0.0000
0.9296	0.0243	0.0000	0.0020	0.0000	0.0441	0.0000
1.0000	0.0000	0.0000	0.0000	0.0000	0.0000	0.0000
0.0023	0.9891	0.0000	0.0068	0.0000	0.0019	0.0000
0.0000	0.0000	0.9990	0.0000	0.0000	0.0000	0.0010
0.0120	0.3914	0.0000	0.5875	0.0000	0.0091	0.0000
0.0000	0.0000	0.0000	0.0000	0.9999	0.0000	0.0001
0.0000	0.0000	0.0000	0.0000	1.0000	0.0000	0.0000
0.0298	0.0233	0.0000	0.0118	0.0000	0.9351	0.0000
0.0024	0.0313	0.0000	0.0002	0.0000	0.9662	0.0000
0.0000	0.0000	0.0000	0.0000	0.0000	0.0000	1.0000
0.0000	0.0000	0.0000	0.0001	0.0000	0.0000	0.9999
1.0000	0.0000	0.0000	0.0000	0.0000	0.0000	0.0000
0.9993	0.0005	0.0000	0.0000	0.0000	0.0001	0.0000
0.0000	1.0000	0.0000	0.0000	0.0000	0.0000	0.0000
0.0000	0.9994	0.0000	0.0006	0.0000	0.0000	0.0000
0.0000	0.0000	1.0000	0.0000	0.0000	0.0000	0.0000
0.0000	0.0000	0.0000	1.0000	0.0000	0.0000	0.0000
0.0000	0.0001	0.0000	0.9999	0.0000	0.0000	0.0000
0.0001	0.0028	0.0000	0.9970	0.0000	0.0000	0.0001
0.0000	0.0000	0.0000	0.0000	0.9894	0.0000	0.0106
0.0000	0.0000	0.0000	0.0000	0.0000	1.0000	0.0000
0.9952	0.0000	0.0000	0.0000	0.0000	0.0048	0.0000
0.0005	0.0000	0.0000	0.0000	0.0000	0.9995	0.0000
0.0000	0.0000	0.0000	0.0000	0.0000	0.0000	1.0000
0.0000	0.0000	0.9997	0.0000	0.0000	0.0000	0.0003
0.0000	0.0252	0.0000	0.0000	0.0000	0.0000	0.9748
0.0000	1.0000	0.0000	0.0000	0.0000	0.0000	0.0000
0.0000	1.0000	0.0000	0.0000	0.0000	0.0000	0.0000
0.0000	0.0000	1.0000	0.0000	0.0000	0.0000	0.0000
0.0000	0.0000	1.0000	0.0000	0.0000	0.0000	0.0000
0.0000	0.0000	0.9506	0.0000	0.0494	0.0000	0.0000
0.0000	0.0000	0.0000	1.0000	0.0000	0.0000	0.0000
0.0000	0.9568	0.0000	0.0000	0.0000	0.0000	0.0432
0.0000	0.0000	0.0001	0.9986	0.0000	0.0000	0.0013
0.0000	0.0105	0.0000	0.0000	0.0000	0.0000	0.9895
0.0000	0.0001	0.0000	0.0000	0.0000	0.0000	0.9998
0.0000	0.0007	0.0000	0.0000	0.0000	0.0000	0.9993
0.9979	0.0003	0.0000	0.0000	0.0000	0.0017	0.0000
0.0002	0.0000	0.9998	0.0000	0.0000	0.0000	0.0000
0.0000	0.0000	0.0001	0.9228	0.0000	0.0000	0.0771
0.0000	0.0004	0.0260	0.0000	0.0000	0.0000	0.9736
0.0000	0.0000	0.0678	0.0000	0.6905	0.0000	0.2418
0.0000	0.0473	0.0000	0.0000	0.0000	0.9527	0.0000
0.0002	0.0000	0.0003	0.0000	0.0000	0.9930	0.0065
0.9486	0.0273	0.0174	0.0000	0.0000	0.0053	0.0015
0.0000	0.0000	0.0015	0.0000	0.9764	0.0000	0.0221
0.0000	0.0000	0.0000	0.0000	1.0000	0.0000	0.0000
