1.0000	0.0000	0.0000	0.0000	0.0000	0.0000	0.0000
0.9054	0.0150	0.0000	0.0140	0.0000	0.0655	0.0000
0.9896	0.0091	0.0000	0.0012	0.0000	0.0001	0.0000
0.0797	0.8134	0.0000	0.0635	0.0000	0.0429	0.0004
0.0000	0.0000	0.7163	0.0000	0.0230	0.0000	0.2607
0.0618	0.1753	0.0000	0.7279	0.0000	0.0349	0.0002
0.0000	0.0022	0.0000	0.0000	0.9527	0.0000	0.0450
0.0000	0.0000	0.0000	0.0000	0.9999	0.0000	0.0001
0.0918	0.4148	0.0000	0.0343	0.0000	0.4588	0.0002
0.0815	0.1961	0.0000	0.0016	0.0000	0.7207	0.0001
0.0000	0.0000	0.0000	0.0000	0.0000	0.0000	1.0000
0.0000	0.0005	0.0000	0.0000	0.0019	0.0000	0.9976
0.9961	0.0037	0.0000	0.0002	0.0000	0.0000	0.0000
0.9586	0.0316	0.0000	0.0059	0.0000	0.0040	0.0000
0.0000	1.0000	0.0000	0.0000	0.0000	0.0000	0.0000
0.0000	0.9997	0.0000	0.0003	0.0000	0.0000	0.0000
0.0000	0.0000	0.9983	0.0000	0.0000	0.0000	0.0017
0.0000	0.0000	0.0000	1.0000	0.0000	0.0000	0.0000
0.0036	0.0086	0.0000	0.9873	0.0000	0.0005	0.0000
0.1096	0.5524	0.0000	0.3316	0.0000	0.0001	0.0063
0.0000	0.0281	0.0000	0.0000	0.9422	0.0000	0.0296
0.0000	0.0000	0.0000	0.0000	0.0000	1.0000	0.0000
0.0000	0.0000	0.0000	0.0000	0.0000	1.0000	0.0000
0.0000	0.0014	0.0000	0.0002	0.0000	0.9984	0.0000
0.0000	0.0000	0.0001	0.0000	0.0033	0.0000	0.9966
0.0017	0.0001	0.1683	0.8040	0.0093	0.0000	0.0166
0.0000	0.9956	0.0000	0.0000	0.0000	0.0000	0.0044
0.0000	0.9936	0.0000	0.0000	0.0001	0.0000	0.0063
0.0000	0.9811	0.0000	0.0000	0.0000	0.0000	0.0189
0.0000	0.0000	0.9999	0.0001	0.0000	0.0000	0.0000
0.0000	0.0000	0.9998	0.0001	0.0000	0.0000	0.0001
0.0000	0.0000	0.0023	0.9977	0.0000	0.0000	0.0000
0.0000	0.0000	0.0000	1.0000	0.0000	0.0000	0.0000
0.0000	0.9387	0.0002	0.0000	0.0003	0.0000	0.0609
0.0000	0.0000	0.0000	1.0000	0.0000	0.0000	0.0000
0.0000	0.0480	0.0018	0.0002	0.0001	0.0000	0.9499
0.0000	0.0841	0.0006	0.0003	0.0001	0.0000	0.9150
0.0000	0.0718	0.0003	0.0000	0.0000	0.0000	0.9278
0.7492	0.1016	0.0124	0.0000	0.0000	0.1369	0.0000
0.0001	0.0000	0.9999	0.0000	0.0000	0.0000	0.0000
0.0000	0.0588	0.0385	0.8475	0.0000	0.0000	0.0552
0.0001	0.7961	0.0689	0.0019	0.0000	0.0028	0.1303
0.0021	0.0000	0.5718	0.0000	0.4260	0.0000	0.0001
0.0005	0.1293	0.0018	0.0000	0.0000	0.8587	0.0097
0.0120	0.2542	0.0052	0.0000	0.0000	0.4584	0.2703
0.1947	0.7064	0.0177	0.0000	0.0000	0.0250	0.0561
0.0001	0.0000	0.0617	0.0000	0.9361	0.0010	0.0011
0.0000	0.0000	0.0001	0.0000	0.9999	0.0000	0.0000
