1.0000	0.0000	0.0000	0.0000	0.0000	0.0000	0.0000
0.9122	0.0277	0.0000	0.0463	0.0000	0.0139	0.0000
0.9996	0.0000	0.0000	0.0004	0.0000	0.0000	0.0000
0.0421	0.9500	0.0000	0.0071	0.0000	0.0007	0.0000
0.0000	0.0000	0.8373	0.0000	0.0020	0.0000	0.1606
0.0492	0.3596	0.0000	0.5855	0.0000	0.0057	0.0000
0.0000	0.0000	0.0000	0.0000	1.0000	0.0000	0.0000
0.0000	0.0000	0.0000	0.0000	1.0000	0.0000	0.0000
0.0077	0.0024	0.0000	0.0079	0.0000	0.9819	0.0000
0.0666	0.0617	0.0000	0.0000	0.0000	0.8717	0.0000
0.0000	0.0000	0.0000	0.0000	0.0000	0.0000	1.0000
0.0000	0.0000	0.0000	0.0000	0.0000	0.0000	1.0000
0.9999	0.0000	0.0000	0.0000	0.0000	0.0000	0.0000
0.9989	0.0001	0.0000	0.0009	0.0000	0.0000	0.0000
0.0000	1.0000	0.0000	0.0000	0.0000	0.0000	0.0000
0.0000	0.9998	0.0000	0.0002	0.0000	0.0000	0.0000
0.0000	0.0000	1.0000	0.0000	0.0000	0.0000	0.0000
0.0000	0.0000	0.0000	1.0000	0.0000	0.0000	0.0000
0.0037	0.0097	0.0000	0.9866	0.0000	0.0000	0.0000
0.9338	0.0555	0.0000	0.0000	0.0103	0.0000	0.0005
0.0000	0.0000	0.0000	0.0000	0.9999	0.0000	0.0001
0.0000	0.0000	0.0000	0.0000	0.0000	1.0000	0.0000
0.0000	0.0000	0.0000	0.0000	0.0000	1.0000	0.0000
0.0001	0.0000	0.0000	0.0000	0.0000	0.9999	0.0000
0.0000	0.0000	0.0000	0.0000	0.0000	0.0000	1.0000
0.0000	0.0000	0.9993	0.0000	0.0000	0.0000	0.0007
0.0000	0.9999	0.0000	0.0000	0.0000	0.0000	0.0001
0.0000	0.9987	0.0000	0.0000	0.0000	0.0000	0.0013
0.0000	0.9936	0.0000	0.0000	0.0000	0.0000	0.0064
0.0000	0.0000	1.0000	0.0000	0.0000	0.0000	0.0000
0.0000	0.0000	0.9999	0.0000	0.0000	0.0000	0.0000
0.0000	0.0000	1.0000	0.0000	0.0000	0.0000	0.0000
0.0000	0.0000	0.0000	1.0000	0.0000	0.0000	0.0000
0.0000	0.9994	0.0000	0.0000	0.0000	0.0000	0.0006
0.0000	0.0000	0.0000	1.0000	0.0000	0.0000	0.0000
0.0000	0.0292	0.0000	0.0000	0.0000	0.0000	0.9708
0.0000	0.0001	0.0000	0.0000	0.0000	0.0000	0.9999
0.0000	0.0003	0.0000	0.0000	0.0000	0.0000	0.9997
0.9669	0.0105	0.0071	0.0000	0.0000	0.0154	0.0002
0.0525	0.0059	0.9417	0.0000	0.0000	0.0000	0.0000
0.0000	0.0000	0.0000	1.0000	0.0000	0.0000	0.0000
0.0000	0.9689	0.0004	0.0009	0.0000	0.0000	0.0298
0.0000	0.0000	0.0287	0.0000	0.9706	0.0000	0.0007
0.0000	0.0006	0.0001	0.0000	0.0000	0.9988	0.0005
0.0001	0.0068	0.0087	0.0000	0.0000	0.0174	0.9669
0.6056	0.3520	0.0360	0.0000	0.0000	0.0000	0.0065
0.0000	0.0000	0.0143	0.0000	0.9815	0.0000	0.0041
0.0000	0.0000	0.0000	0.0000	1.0000	0.0000	0.0000
