1.0000	0.0000	0.0000	0.0000	0.0000	0.0000	0.0000
0.7086	0.0250	0.0000	0.0019	0.0000	0.2644	0.0000
0.9999	0.0000	0.0000	0.0000	0.0000	0.0000	0.0001
0.0057	0.9731	0.0000	0.0152	0.0000	0.0042	0.0018
0.0000	0.0000	0.9971	0.0000	0.0000	0.0000	0.0028
0.0129	0.1818	0.0000	0.7860	0.0000	0.0193	0.0000
0.0000	0.0000	0.0000	0.0000	0.9999	0.0000	0.0001
0.0000	0.0000	0.0000	0.0000	1.0000	0.0000	0.0000
0.0907	0.0821	0.0000	0.0300	0.0000	0.7954	0.0018
0.0008	0.0712	0.0000	0.0001	0.0000	0.9279	0.0000
0.0000	0.0000	0.0000	0.0000	0.0000	0.0000	1.0000
0.0000	0.0000	0.0000	0.0000	0.0000	0.0001	0.9999
1.0000	0.0000	0.0000	0.0000	0.0000	0.0000	0.0000
0.9999	0.0001	0.0000	0.0000	0.0000	0.0000	0.0000
0.0000	1.0000	0.0000	0.0000	0.0000	0.0000	0.0000
0.0000	1.0000	0.0000	0.0000	0.0000	0.0000	0.0000
0.0000	0.0000	1.0000	0.0000	0.0000	0.0000	0.0000
0.0000	0.0000	0.0000	0.9999	0.0001	0.0000	0.0000
0.0000	0.0001	0.0000	0.9999	0.0000	0.0000	0.0000
0.0051	0.7137	0.0000	0.2812	0.0000	0.0000	0.0001
0.0000	0.0000	0.0000	0.0000	0.9934	0.0000	0.0066
0.0000	0.0000	0.0000	0.0000	0.0000	1.0000	0.0000
0.0342	0.0000	0.0000	0.0000	0.0000	0.9658	0.0000
0.0000	0.0000	0.0000	0.0000	0.0000	1.0000	0.0000
0.0000	0.0000	0.0000	0.0000	0.0000	0.0000	1.0000
0.0000	0.0000	1.0000	0.0000	0.0000	0.0000	0.0000
0.0000	0.0356	0.0000	0.0000	0.0000	0.0000	0.9644
0.0000	1.0000	0.0000	0.0000	0.0000	0.0000	0.0000
0.0000	1.0000	0.0000	0.0000	0.0000	0.0000	0.0000
0.0000	0.0000	1.0000	0.0000	0.0000	0.0000	0.0000
0.0000	0.0000	1.0000	0.0000	0.0000	0.0000	0.0000
0.0000	0.0000	0.9971	0.0000	0.0029	0.0000	0.0000
0.0000	0.0000	0.0000	1.0000	0.0000	0.0000	0.0000
0.0000	0.9704	0.0000	0.0000	0.0000	0.0000	0.0296
0.0000	0.0000	0.0017	0.9981	0.0000	0.0000	0.0002
0.0000	0.0002	0.0000	0.0000	0.0000	0.0000	0.9998
0.0000	0.0000	0.0000	0.0000	0.0000	0.0000	1.0000
0.0000	0.0001	0.0000	0.0000	0.0000	0.0000	0.9999
0.9971	0.0024	0.0000	0.0000	0.0000	0.0005	0.0000
0.0000	0.0000	1.0000	0.0000	0.0000	0.0000	0.0000
0.0000	0.0000	0.0000	0.9998	0.0000	0.0000	0.0002
0.0000	0.0013	0.0145	0.7635	0.0000	0.0000	0.2206
0.0000	0.0000	0.1945	0.0005	0.7941	0.0000	0.0109
0.0000	0.0359	0.0000	0.0000	0.0000	0.9641	0.0000
0.0027	0.0005	0.0004	0.0000	0.0000	0.9884	0.0080
0.9207	0.0436	0.0032	0.0000	0.0000	0.0308	0.0017
0.0000	0.0000	0.0307	0.0000	0.9303	0.0000	0.0391
0.0000	0.0000	0.0000	0.0000	1.0000	0.0000	0.0000
