1.0000	0.0000	0.0000	0.0000	0.0000	0.0000	0.0000
0.7407	0.0143	0.0000	0.2369	0.0000	0.0081	0.0000
0.9976	0.0001	0.0000	0.0023	0.0000	0.0000	0.0000
0.0124	0.9659	0.0000	0.0156	0.0000	0.0060	0.0001
0.0000	0.0000	0.9780	0.0000	0.0084	0.0000	0.0135
0.0171	0.1158	0.0000	0.8475	0.0000	0.0196	0.0000
0.0000	0.0001	0.0000	0.0000	0.9974	0.0000	0.0025
0.0000	0.0000	0.0000	0.0000	1.0000	0.0000	0.0000
0.0012	0.0104	0.0000	0.1013	0.0000	0.8869	0.0002
0.0138	0.0393	0.0000	0.0008	0.0000	0.9461	0.0000
0.0000	0.0000	0.0000	0.0000	0.0000	0.0000	1.0000
0.0000	0.0004	0.0000	0.0000	0.0000	0.0000	0.9996
0.9998	0.0001	0.0000	0.0001	0.0000	0.0000	0.0000
0.9961	0.0002	0.0000	0.0037	0.0000	0.0000	0.0000
0.0000	1.0000	0.0000	0.0000	0.0000	0.0000	0.0000
0.0001	0.9998	0.0000	0.0001	0.0000	0.0000	0.0000
0.0000	0.0000	1.0000	0.0000	0.0000	0.0000	0.0000
0.0000	0.0000	0.0000	1.0000	0.0000	0.0000	0.0000
0.0007	0.0011	0.0000	0.9982	0.0000	0.0000	0.0000
0.8457	0.0664	0.0000	0.0873	0.0000	0.0000	0.0006
0.0000	0.0489	0.0000	0.0000	0.8636	0.0000	0.0876
0.0000	0.0000	0.0000	0.0000	0.0000	1.0000	0.0000
0.0000	0.0000	0.0000	0.0000	0.0000	1.0000	0.0000
0.0000	0.0000	0.0000	0.0001	0.0000	0.9999	0.0000
0.0000	0.0000	0.0000	0.0000	0.0000	0.0000	1.0000
0.0000	0.0000	1.0000	0.0000	0.0000	0.0000	0.0000
0.0000	1.0000	0.0000	0.0000	0.0000	0.0000	0.0000
0.0000	0.9999	0.0000	0.0000	0.0000	0.0000	0.0001
0.0000	0.9984	0.0000	0.0000	0.0000	0.0000	0.0016
0.0000	0.0000	1.0000	0.0000	0.0000	0.0000	0.0000
0.0000	0.0000	1.0000	0.0000	0.0000	0.0000	0.0000
0.0000	0.0000	0.8833	0.1167	0.0000	0.0000	0.0000
0.0000	0.0000	0.0000	1.0000	0.0000	0.0000	0.0000
0.0000	0.9999	0.0000	0.0000	0.0000	0.0000	0.0001
0.0000	0.0000	0.0000	1.0000	0.0000	0.0000	0.0000
0.0000	0.3440	0.0000	0.0000	0.0000	0.0000	0.6560
0.0000	0.0060	0.0000	0.0000	0.0000	0.0000	0.9940
0.0000	0.0629	0.0000	0.0000	0.0000	0.0000	0.9370
0.9606	0.0347	0.0012	0.0000	0.0000	0.0034	0.0000
0.0067	0.0000	0.9933	0.0000	0.0000	0.0000	0.0000
0.0000	0.0000	0.0000	1.0000	0.0000	0.0000	0.0000
0.0000	0.8194	0.0000	0.1788	0.0000	0.0000	0.0018
0.0000	0.0000	0.0009	0.0000	0.9991	0.0000	0.0000
0.0000	0.0234	0.0001	0.0000	0.0000	0.9763	0.0002
0.0013	0.4390	0.0017	0.0000	0.0000	0.3849	0.1731
0.3425	0.6506	0.0033	0.0000	0.0000	0.0002	0.0034
0.0000	0.0000	0.0006	0.0000	0.9990	0.0000	0.0004
0.0000	0.0000	0.0000	0.0000	1.0000	0.0000	0.0000
