1.0000	0.0000	0.0000	0.0000	0.0000	0.0000	0.0000
0.9936	0.0003	0.0000	0.0002	0.0000	0.0059	0.0000
1.0000	0.0000	0.0000	0.0000	0.0000	0.0000	0.0000
0.0092	0.9867	0.0000	0.0023	0.0000	0.0010	0.0007
0.0000	0.0000	0.9996	0.0000	0.0001	0.0000	0.0003
0.0080	0.0448	0.0000	0.9463	0.0000	0.0009	0.0000
0.0000	0.0000	0.0000	0.0000	0.9993	0.0000	0.0006
0.0000	0.0000	0.0000	0.0000	1.0000	0.0000	0.0000
0.0054	0.0131	0.0001	0.0299	0.0000	0.9514	0.0000
0.0243	0.0046	0.0000	0.0000	0.0000	0.9711	0.0000
0.0000	0.0000	0.0000	0.0000	0.0000	0.0000	1.0000
0.0000	0.0000	0.0000	0.0000	0.0000	0.0000	1.0000
1.0000	0.0000	0.0000	0.0000	0.0000	0.0000	0.0000
0.9999	0.0001	0.0000	0.0001	0.0000	0.0000	0.0000
0.0000	1.0000	0.0000	0.0000	0.0000	0.0000	0.0000
0.0000	1.0000	0.0000	0.0000	0.0000	0.0000	0.0000
0.0000	0.0000	1.0000	0.0000	0.0000	0.0000	0.0000
0.0000	0.0000	0.0000	1.0000	0.0000	0.0000	0.0000
0.0001	0.0005	0.0000	0.9993	0.0000	0.0000	0.0000
0.4535	0.3322	0.0000	0.2096	0.0000	0.0000	0.0046
0.0000	0.0000	0.0000	0.0000	0.9991	0.0000	0.0009
0.0000	0.0000	0.0000	0.0000	0.0000	1.0000	0.0000
0.0000	0.0000	0.0000	0.0000	0.0000	1.0000	0.0000
0.0000	0.0000	0.0000	0.0000	0.0000	1.0000	0.0000
0.0000	0.0000	0.0000	0.0000	0.0003	0.0000	0.9997
0.0000	0.0000	0.8730	0.0229	0.0066	0.0001	0.0973
0.0000	0.9999	0.0000	0.0000	0.0000	0.0000	0.0001
0.0000	0.9908	0.0001	0.0000	0.0000	0.0000	0.0091
0.0000	0.9869	0.0000	0.0000	0.0000	0.0000	0.0130
0.0000	0.0000	1.0000	0.0000	0.0000	0.0000	0.0000
0.0000	0.0000	1.0000	0.0000	0.0000	0.0000	0.0000
0.0000	0.0000	0.0164	0.9836	0.0000	0.0000	0.0000
0.0000	0.0000	0.0000	1.0000	0.0000	0.0000	0.0000
0.0000	0.9147	0.0000	0.0019	0.0000	0.0000	0.0833
0.0000	0.0000	0.0000	1.0000	0.0000	0.0000	0.0000
0.0000	0.0028	0.0003	0.0003	0.0000	0.0000	0.9966
0.0000	0.0002	0.0000	0.0001	0.0000	0.0000	0.9997
0.0000	0.0000	0.0000	0.0000	0.0000	0.0000	0.9999
0.9950	0.0031	0.0019	0.0000	0.0000	0.0000	0.0000
0.0009	0.0003	0.9988	0.0000	0.0000	0.0000	0.0000
0.0000	0.0000	0.0000	0.9999	0.0000	0.0000	0.0000
0.0000	0.4412	0.3560	0.2024	0.0000	0.0000	0.0003
0.0000	0.0000	0.0065	0.0000	0.9934	0.0000	0.0001
0.0000	0.0015	0.0004	0.0000	0.0000	0.9941	0.0039
0.0000	0.0000	0.0000	0.0000	0.0000	0.0668	0.9332
0.1923	0.6578	0.1286	0.0000	0.0000	0.0034	0.0179
0.0000	0.0000	0.0049	0.0000	0.9906	0.0000	0.0044
0.0000	0.0000	0.0000	0.0000	1.0000	0.0000	0.0000
