1.0000	0.0000	0.0000	0.0000	0.0000	0.0000	0.0000
0.6585	0.0468	0.0000	0.0061	0.0000	0.2886	0.0000
0.9984	0.0015	0.0000	0.0001	0.0000	0.0000	0.0001
0.0105	0.9127	0.0000	0.0386	0.0000	0.0362	0.0020
0.0000	0.0000	0.9949	0.0000	0.0000	0.0000	0.0051
0.0071	0.0996	0.0000	0.8479	0.0000	0.0451	0.0003
0.0000	0.0000	0.0000	0.0000	0.9974	0.0000	0.0026
0.0000	0.0000	0.0000	0.0000	1.0000	0.0000	0.0000
0.0563	0.3131	0.0000	0.0485	0.0000	0.5772	0.0050
0.0078	0.3170	0.0000	0.0035	0.0000	0.6713	0.0004
0.0000	0.0000	0.0000	0.0000	0.0000	0.0000	1.0000
0.0000	0.0001	0.0000	0.0008	0.0001	0.0000	0.9989
0.9942	0.0057	0.0000	0.0000	0.0000	0.0000	0.0000
0.9959	0.0039	0.0000	0.0001	0.0000	0.0001	0.0000
0.0000	1.0000	0.0000	0.0000	0.0000	0.0000	0.0000
0.0001	0.9538	0.0000	0.0253	0.0000	0.0000	0.0208
0.0000	0.0000	1.0000	0.0000	0.0000	0.0000	0.0000
0.0000	0.0000	0.0000	1.0000	0.0000	0.0000	0.0000
0.0000	0.0024	0.0000	0.9976	0.0000	0.0000	0.0000
0.0003	0.0062	0.0000	0.9766	0.0000	0.0000	0.0169
0.0000	0.0008	0.0000	0.0000	0.9595	0.0000	0.0397
0.0000	0.0000	0.0000	0.0000	0.0000	1.0000	0.0000
0.0000	0.0000	0.0000	0.0000	0.0000	1.0000	0.0000
0.0000	0.0000	0.0000	0.0000	0.0000	0.9999	0.0000
0.0000	0.0000	0.0000	0.0000	0.0001	0.0000	0.9999
0.0001	0.0000	0.9365	0.0000	0.0029	0.0000	0.0605
0.0000	0.9513	0.0003	0.0000	0.0000	0.0000	0.0483
0.0000	1.0000	0.0000	0.0000	0.0000	0.0000	0.0000
0.0000	0.9981	0.0000	0.0000	0.0000	0.0000	0.0019
0.0000	0.0000	1.0000	0.0000	0.0000	0.0000	0.0000
0.0000	0.0000	1.0000	0.0000	0.0000	0.0000	0.0000
0.0000	0.0000	0.9954	0.0021	0.0023	0.0000	0.0002
0.0000	0.0000	0.0000	1.0000	0.0000	0.0000	0.0000
0.0000	0.9943	0.0000	0.0000	0.0000	0.0000	0.0057
0.0000	0.0000	0.0000	1.0000	0.0000	0.0000	0.0000
0.0000	0.0152	0.0006	0.0000	0.0000	0.0000	0.9842
0.0000	0.0003	0.0001	0.0000	0.0000	0.0000	0.9996
0.0000	0.0061	0.0000	0.0000	0.0000	0.0000	0.9939
0.9931	0.0054	0.0001	0.0000	0.0000	0.0015	0.0000
0.0025	0.0000	0.9975	0.0000	0.0000	0.0000	0.0000
0.0000	0.0015	0.0313	0.9290	0.0000	0.0000	0.0381
0.0000	0.1447	0.2978	0.2731	0.0000	0.0277	0.2567
0.0000	0.0000	0.0001	0.0000	0.9999	0.0000	0.0000
0.0002	0.0760	0.0000	0.0000	0.0000	0.9236	0.0001
0.0519	0.0175	0.0054	0.0000	0.0000	0.7240	0.2012
0.7637	0.1880	0.0179	0.0000	0.0000	0.0209	0.0095
0.0000	0.0000	0.0000	0.0000	1.0000	0.0000	0.0000
0.0000	0.0000	0.0000	0.0000	1.0000	0.0000	0.0000
