1.0000	0.0000	0.0000	0.0000	0.0000	0.0000	0.0000
0.7713	0.1484	0.0000	0.0157	0.0000	0.0645	0.0000
0.9996	0.0002	0.0000	0.0000	0.0000	0.0000	0.0001
0.0089	0.9650	0.0000	0.0168	0.0000	0.0086	0.0007
0.0000	0.0000	0.9985	0.0000	0.0000	0.0000	0.0015
0.0138	0.5687	0.0000	0.4035	0.0000	0.0139	0.0001
0.0000	0.0000	0.0000	0.0000	0.9999	0.0000	0.0001
0.0000	0.0000	0.0000	0.0000	1.0000	0.0000	0.0000
0.0177	0.0675	0.0000	0.0054	0.0000	0.9087	0.0007
0.0102	0.2071	0.0000	0.0027	0.0000	0.7800	0.0001
0.0000	0.0000	0.0000	0.0000	0.0000	0.0000	1.0000
0.0000	0.0000	0.0000	0.0000	0.0001	0.0000	0.9998
0.9995	0.0005	0.0000	0.0000	0.0000	0.0000	0.0000
0.9985	0.0013	0.0000	0.0001	0.0000	0.0001	0.0000
0.0000	1.0000	0.0000	0.0000	0.0000	0.0000	0.0000
0.0001	0.9973	0.0000	0.0025	0.0000	0.0000	0.0001
0.0000	0.0000	1.0000	0.0000	0.0000	0.0000	0.0000
0.0000	0.0000	0.0000	0.9987	0.0013	0.0000	0.0000
0.0000	0.0009	0.0000	0.9991	0.0000	0.0000	0.0000
0.0030	0.0490	0.0000	0.9471	0.0004	0.0000	0.0005
0.0000	0.0000	0.0000	0.0000	0.9915	0.0000	0.0085
0.0000	0.0000	0.0000	0.0000	0.0000	1.0000	0.0000
0.0001	0.0000	0.0000	0.0000	0.0000	0.9999	0.0000
0.0000	0.0000	0.0000	0.0000	0.0000	1.0000	0.0000
0.0000	0.0000	0.0000	0.0000	0.0003	0.0000	0.9997
0.0000	0.0000	1.0000	0.0000	0.0000	0.0000	0.0000
0.0000	0.5836	0.0001	0.0000	0.0000	0.0000	0.4163
0.0000	1.0000	0.0000	0.0000	0.0000	0.0000	0.0000
0.0000	0.9999	0.0000	0.0000	0.0000	0.0000	0.0001
0.0000	0.0000	1.0000	0.0000	0.0000	0.0000	0.0000
0.0000	0.0000	1.0000	0.0000	0.0000	0.0000	0.0000
0.0000	0.0000	0.9532	0.0000	0.0468	0.0000	0.0000
0.0000	0.0000	0.0000	1.0000	0.0000	0.0000	0.0000
0.0000	0.9775	0.0000	0.0000	0.0000	0.0000	0.0225
0.0000	0.0000	0.0004	0.9929	0.0000	0.0001	0.0065
0.0000	0.0035	0.0000	0.0000	0.0000	0.0000	0.9965
0.0000	0.0001	0.0001	0.0000	0.0000	0.0000	0.9998
0.0000	0.0015	0.0000	0.0000	0.0000	0.0000	0.9985
0.9777	0.0043	0.0001	0.0000	0.0000	0.0179	0.0000
0.0010	0.0000	0.9990	0.0000	0.0000	0.0000	0.0000
0.0000	0.0000	0.0001	0.9787	0.0000	0.0000	0.0211
0.0000	0.0124	0.0452	0.0074	0.0000	0.0001	0.9349
0.0000	0.0000	0.0014	0.0000	0.9986	0.0000	0.0000
0.0000	0.1359	0.0000	0.0000	0.0000	0.8640	0.0000
0.0029	0.0049	0.0030	0.0000	0.0000	0.9035	0.0856
0.8972	0.0670	0.0126	0.0000	0.0000	0.0193	0.0039
0.0000	0.0000	0.0000	0.0000	1.0000	0.0000	0.0000
0.0000	0.0000	0.0000	0.0000	1.0000	0.0000	0.0000
