0.9990	0.0000	0.0000	0.0010	0.0000	0.0000	0.0000
0.8286	0.0036	0.0000	0.1674	0.0000	0.0004	0.0000
0.9974	0.0008	0.0000	0.0018	0.0000	0.0000	0.0000
0.3733	0.5714	0.0000	0.0139	0.0012	0.0335	0.0066
0.0000	0.0000	0.9763	0.0000	0.0095	0.0000	0.0142
0.0282	0.1834	0.0000	0.7747	0.0000	0.0136	0.0001
0.0000	0.0001	0.0000	0.0000	0.9869	0.0000	0.0130
0.0000	0.0000	0.0000	0.0000	1.0000	0.0000	0.0000
0.0015	0.0091	0.0000	0.0915	0.0001	0.8974	0.0004
0.4829	0.0499	0.0000	0.0003	0.0062	0.4605	0.0003
0.0000	0.0000	0.0000	0.0000	0.0000	0.0000	1.0000
0.0000	0.0000	0.0000	0.0000	0.0001	0.0000	0.9999
0.9995	0.0004	0.0000	0.0000	0.0001	0.0000	0.0000
0.9020	0.0012	0.0000	0.0966	0.0000	0.0000	0.0000
0.0000	1.0000	0.0000	0.0000	0.0000	0.0000	0.0000
0.0733	0.8705	0.0047	0.0133	0.0009	0.0329	0.0043
0.0000	0.0000	1.0000	0.0000	0.0000	0.0000	0.0000
0.0000	0.0000	0.0000	1.0000	0.0000	0.0000	0.0000
0.0911	0.0113	0.0001	0.8973	0.0001	0.0000	0.0001
0.9967	0.0004	0.0000	0.0000	0.0007	0.0000	0.0021
0.0000	0.0024	0.0000	0.0000	0.6509	0.0000	0.3467
0.0000	0.0000	0.0000	0.0000	0.0000	1.0000	0.0000
0.0000	0.0000	0.0000	0.0000	0.0000	1.0000	0.0000
0.0000	0.0000	0.0000	0.0002	0.0000	0.9997	0.0000
0.0000	0.0000	0.0000	0.0000	0.0000	0.0000	1.0000
0.0000	0.2117	0.7595	0.0000	0.0000	0.0000	0.0288
0.0000	0.9992	0.0000	0.0000	0.0000	0.0000	0.0008
0.0000	0.9587	0.0006	0.0000	0.0000	0.0000	0.0406
0.0000	0.3256	0.0000	0.0001	0.0000	0.0000	0.6743
0.0000	0.0000	1.0000	0.0000	0.0000	0.0000	0.0000
0.0000	0.0000	1.0000	0.0000	0.0000	0.0000	0.0000
0.0000	0.0000	0.9997	0.0000	0.0000	0.0000	0.0003
0.0000	0.0000	0.0000	1.0000	0.0000	0.0000	0.0000
0.0000	0.9999	0.0000	0.0000	0.0000	0.0000	0.0001
0.0000	0.0000	0.0000	1.0000	0.0000	0.0000	0.0000
0.0000	0.0797	0.0035	0.0000	0.0000	0.0000	0.9169
0.0000	0.0004	0.0000	0.0000	0.0000	0.0000	0.9996
0.0000	0.0006	0.0001	0.0000	0.0000	0.0000	0.9993
0.5086	0.0844	0.1031	0.0014	0.0154	0.2602	0.0270
0.0734	0.0002	0.9263	0.0002	0.0000	0.0000	0.0000
0.0000	0.0000	0.0000	1.0000	0.0000	0.0000	0.0000
0.0000	0.0003	0.0000	0.9984	0.0000	0.0000	0.0013
0.0000	0.0000	0.0000	0.0000	1.0000	0.0000	0.0000
0.0000	0.0659	0.0024	0.0000	0.0013	0.9279	0.0026
0.0448	0.7110	0.1321	0.0000	0.0029	0.0009	0.1082
0.1711	0.8192	0.0035	0.0000	0.0059	0.0000	0.0002
0.0000	0.0000	0.0000	0.0000	1.0000	0.0000	0.0000
0.0000	0.0000	0.0000	0.0000	1.0000	0.0000	0.0000
