1.0000	0.0000	0.0000	0.0000	0.0000	0.0000	0.0000
0.8270	0.0419	0.0000	0.0150	0.0000	0.1160	0.0000
0.9934	0.0049	0.0000	0.0015	0.0000	0.0001	0.0002
0.1051	0.8140	0.0000	0.0360	0.0000	0.0433	0.0016
0.0000	0.0000	0.9160	0.0000	0.0073	0.0000	0.0768
0.0790	0.2080	0.0000	0.6533	0.0000	0.0592	0.0005
0.0000	0.0016	0.0000	0.0000	0.9384	0.0000	0.0601
0.0000	0.0000	0.0000	0.0000	0.9998	0.0000	0.0002
0.2863	0.1465	0.0000	0.0336	0.0000	0.5269	0.0066
0.0803	0.1721	0.0000	0.0014	0.0000	0.7461	0.0001
0.0000	0.0000	0.0000	0.0000	0.0000	0.0000	1.0000
0.0000	0.0004	0.0000	0.0002	0.0006	0.0002	0.9986
0.9949	0.0048	0.0000	0.0003	0.0000	0.0000	0.0000
0.9926	0.0062	0.0000	0.0008	0.0000	0.0004	0.0000
0.0000	0.9999	0.0000	0.0000	0.0000	0.0000	0.0000
0.0002	0.9941	0.0000	0.0053	0.0000	0.0000	0.0004
0.0000	0.0000	1.0000	0.0000	0.0000	0.0000	0.0000
0.0000	0.0000	0.0000	1.0000	0.0000	0.0000	0.0000
0.0018	0.0087	0.0000	0.9888	0.0000	0.0007	0.0000
0.0303	0.1655	0.0000	0.7932	0.0001	0.0001	0.0109
0.0000	0.0107	0.0000	0.0000	0.8968	0.0000	0.0925
0.0000	0.0000	0.0000	0.0000	0.0000	1.0000	0.0000
0.0000	0.0000	0.0000	0.0000	0.0000	1.0000	0.0000
0.0021	0.0010	0.0000	0.0001	0.0000	0.9969	0.0000
0.0000	0.0000	0.0001	0.0000	0.0008	0.0000	0.9992
0.0004	0.0000	0.9467	0.0044	0.0025	0.0000	0.0459
0.0000	0.9748	0.0000	0.0000	0.0000	0.0000	0.0251
0.0000	0.9932	0.0000	0.0000	0.0001	0.0002	0.0066
0.0000	0.9818	0.0000	0.0000	0.0000	0.0002	0.0179
0.0000	0.0000	1.0000	0.0000	0.0000	0.0000	0.0000
0.0000	0.0000	0.9998	0.0000	0.0000	0.0000	0.0002
0.0000	0.0000	0.3876	0.6122	0.0002	0.0000	0.0001
0.0000	0.0000	0.0000	1.0000	0.0000	0.0000	0.0000
0.0000	0.9482	0.0006	0.0001	0.0002	0.0000	0.0510
0.0000	0.0001	0.0000	0.9999	0.0000	0.0000	0.0000
0.0000	0.0134	0.0007	0.0000	0.0000	0.0000	0.9858
0.0000	0.0045	0.0004	0.0001	0.0000	0.0000	0.9950
0.0000	0.0280	0.0001	0.0000	0.0000	0.0000	0.9718
0.9019	0.0486	0.0036	0.0000	0.0000	0.0458	0.0001
0.0073	0.0000	0.9927	0.0001	0.0000	0.0000	0.0000
0.0000	0.0026	0.0253	0.9032	0.0000	0.0000	0.0688
0.0000	0.1286	0.1847	0.2804	0.0000	0.0027	0.4035
0.0000	0.0000	0.1755	0.0054	0.8183	0.0000	0.0007
0.0006	0.0258	0.0002	0.0000	0.0000	0.9722	0.0012
0.0106	0.0539	0.0044	0.0000	0.0000	0.7262	0.2049
0.5202	0.4032	0.0232	0.0001	0.0000	0.0193	0.0341
0.0000	0.0000	0.0216	0.0004	0.9762	0.0000	0.0018
0.0000	0.0000	0.0000	0.0000	1.0000	0.0000	0.0000
