1.0000	0.0000	0.0000	0.0000	0.0000	0.0000	0.0000
0.8272	0.0049	0.0000	0.0170	0.0000	0.1509	0.0001
0.9981	0.0013	0.0000	0.0000	0.0000	0.0000	0.0006
0.0081	0.9700	0.0000	0.0055	0.0000	0.0159	0.0006
0.0000	0.0000	0.9994	0.0000	0.0000	0.0000	0.0006
0.0043	0.3317	0.0000	0.6039	0.0000	0.0598	0.0003
0.0000	0.0000	0.0000	0.0000	0.9999	0.0000	0.0001
0.0000	0.0000	0.0000	0.0000	0.9999	0.0000	0.0001
0.0534	0.4909	0.0000	0.0010	0.0000	0.4541	0.0007
0.0077	0.3536	0.0000	0.0004	0.0000	0.6382	0.0001
0.0000	0.0000	0.0000	0.0000	0.0000	0.0000	1.0000
0.0000	0.0000	0.0000	0.0001	0.0001	0.0000	0.9997
0.9982	0.0011	0.0000	0.0000	0.0000	0.0000	0.0007
0.9956	0.0043	0.0000	0.0000	0.0000	0.0001	0.0000
0.0005	0.9967	0.0000	0.0026	0.0000	0.0000	0.0002
0.0000	0.9930	0.0000	0.0042	0.0000	0.0000	0.0028
0.0000	0.0000	1.0000	0.0000	0.0000	0.0000	0.0000
0.0000	0.0000	0.0000	0.9998	0.0002	0.0000	0.0000
0.0000	0.0037	0.0000	0.9963	0.0000	0.0000	0.0000
0.0003	0.2505	0.0000	0.7359	0.0000	0.0000	0.0133
0.0000	0.0000	0.0000	0.0000	0.9947	0.0000	0.0053
0.0000	0.0000	0.0000	0.0000	0.0000	1.0000	0.0000
0.0000	0.0000	0.0000	0.0000	0.0000	1.0000	0.0000
0.0000	0.0000	0.0000	0.0000	0.0000	1.0000	0.0000
0.0000	0.0000	0.0000	0.0000	0.0008	0.0000	0.9992
0.0016	0.0000	0.4594	0.0000	0.0055	0.0000	0.5335
0.0000	0.9081	0.0000	0.0000	0.0000	0.0000	0.0919
0.0000	1.0000	0.0000	0.0000	0.0000	0.0000	0.0000
0.0000	0.9983	0.0000	0.0000	0.0000	0.0000	0.0017
0.0000	0.0000	1.0000	0.0000	0.0000	0.0000	0.0000
0.0000	0.0000	1.0000	0.0000	0.0000	0.0000	0.0000
0.0000	0.0000	0.9948	0.0000	0.0029	0.0000	0.0023
0.0000	0.0000	0.0000	1.0000	0.0000	0.0000	0.0000
0.0000	0.9923	0.0000	0.0000	0.0001	0.0000	0.0076
0.0000	0.0000	0.0001	0.9941	0.0000	0.0000	0.0059
0.0000	0.0006	0.0000	0.0000	0.0000	0.0000	0.9993
0.0000	0.0001	0.0001	0.0000	0.0000	0.0000	0.9998
0.0000	0.0010	0.0000	0.0000	0.0000	0.0000	0.9990
0.9872	0.0038	0.0001	0.0000	0.0000	0.0089	0.0000
0.0001	0.0000	0.9998	0.0000	0.0000	0.0000	0.0001
0.0000	0.0000	0.0002	0.9998	0.0000	0.0000	0.0000
0.0000	0.0264	0.3150	0.6049	0.0000	0.0001	0.0535
0.0000	0.0000	0.0000	0.0000	1.0000	0.0000	0.0000
0.0001	0.0444	0.0000	0.0000	0.0000	0.9555	0.0000
0.0163	0.0053	0.0212	0.0000	0.0000	0.3015	0.6556
0.6981	0.2123	0.0121	0.0000	0.0000	0.0533	0.0242
0.0000	0.0000	0.0000	0.0000	1.0000	0.0000	0.0000
0.0000	0.0000	0.0000	0.0000	1.0000	0.0000	0.0000
