1.0000	0.0000	0.0000	0.0000	0.0000	0.0000	0.0000
0.0437	0.7892	0.0000	0.0140	0.0000	0.1497	0.0034
0.1333	0.8667	0.0000	0.0000	0.0000	0.0000	0.0000
0.0110	0.8995	0.0000	0.0742	0.0000	0.0059	0.0093
0.0000	0.0000	0.5532	0.0000	0.0087	0.0000	0.4381
0.0000	0.0000	0.9771	0.0000	0.0052	0.0000	0.0177
0.1126	0.2019	0.0000	0.5950	0.0000	0.0893	0.0012
0.0000	0.0000	0.1909	0.0044	0.5422	0.0000	0.2625
0.0001	0.0000	0.0007	0.0000	0.9987	0.0000	0.0006
0.0003	0.0000	0.0000	0.0002	0.9995	0.0000	0.0000
0.0383	0.0005	0.0000	0.3885	0.0000	0.5726	0.0000
0.1982	0.0227	0.0000	0.0126	0.0000	0.7141	0.0524
0.1828	0.0826	0.0000	0.0005	0.0000	0.7322	0.0020
0.0000	0.0000	0.0000	0.0000	0.0000	0.0000	1.0000
0.0000	0.0000	0.0000	0.0000	0.0000	0.0000	1.0000
0.9944	0.0056	0.0000	0.0000	0.0000	0.0000	0.0000
1.0000	0.0000	0.0000	0.0000	0.0000	0.0000	0.0000
0.5475	0.0001	0.0000	0.4516	0.0000	0.0009	0.0000
0.1877	0.4890	0.0000	0.2829	0.0000	0.0383	0.0021
0.0000	0.0000	0.9808	0.0000	0.0006	0.0000	0.0186
0.0000	0.0000	0.9993	0.0000	0.0000	0.0000	0.0007
0.0000	0.0000	0.0000	1.0000	0.0000	0.0000	0.0000
0.0003	0.0000	0.0000	0.9996	0.0000	0.0000	0.0000
0.0004	0.0000	0.0000	0.9995	0.0000	0.0000	0.0000
0.0000	0.0001	0.0039	0.0020	0.8534	0.0000	0.1406
0.0000	0.0000	0.0000	0.0000	0.0000	1.0000	0.0000
0.0165	0.0000	0.9629	0.0000	0.0007	0.0000	0.0200
0.0000	0.9981	0.0000	0.0000	0.0000	0.0000	0.0019
0.0000	0.0000	0.9966	0.0000	0.0000	0.0000	0.0034
0.0000	0.0000	0.0000	1.0000	0.0000	0.0000	0.0000
0.0000	0.0000	0.0000	1.0000	0.0000	0.0000	0.0000
0.0000	0.0000	0.0000	1.0000	0.0000	0.0000	0.0000
0.0000	0.0140	0.0008	0.0765	0.0000	0.0000	0.9087
0.0000	0.0000	0.0000	0.0018	0.0000	0.0000	0.9981
0.0000	0.1861	0.0005	0.2351	0.0005	0.0000	0.5777
0.0000	0.8960	0.0006	0.0105	0.0003	0.0000	0.0926
0.0000	0.0000	1.0000	0.0000	0.0000	0.0000	0.0000
0.0000	0.0221	0.0007	0.0010	0.0000	0.0000	0.9762
0.5679	0.0246	0.3908	0.0006	0.0000	0.0021	0.0140
0.0107	0.7164	0.1228	0.0171	0.0000	0.0001	0.1330
0.0002	0.0000	0.9998	0.0000	0.0000	0.0000	0.0000
0.0000	0.0000	0.0000	0.0094	0.9906	0.0000	0.0000
0.0020	0.1025	0.1154	0.0037	0.0000	0.7251	0.0513
0.0013	0.0981	0.0282	0.0069	0.0001	0.6424	0.2229
0.8115	0.1778	0.0011	0.0058	0.0000	0.0021	0.0017
0.0000	0.0000	0.0000	1.0000	0.0000	0.0000	0.0000
0.0000	0.0000	0.0000	0.0001	0.9999	0.0000	0.0000
0.0000	0.0001	0.0000	0.0000	0.0000	0.0000	0.9999
