0.9998	0.0000	0.0000	0.0000	0.0000	0.0000	0.0002
0.0005	0.9125	0.0000	0.0360	0.0000	0.0508	0.0001
0.0652	0.9090	0.0000	0.0000	0.0000	0.0004	0.0254
0.0026	0.9019	0.0000	0.0794	0.0000	0.0147	0.0014
0.0000	0.0000	0.9639	0.0000	0.0004	0.0000	0.0357
0.0000	0.0000	0.9999	0.0000	0.0000	0.0000	0.0001
0.0004	0.5806	0.0000	0.3749	0.0000	0.0440	0.0001
0.0000	0.0000	0.1399	0.0000	0.8510	0.0000	0.0091
0.0000	0.0000	0.0000	0.0000	0.9993	0.0000	0.0007
0.0000	0.0000	0.0000	0.0000	0.9972	0.0000	0.0028
0.0461	0.0000	0.0000	0.0019	0.0000	0.9520	0.0000
0.0508	0.0786	0.0000	0.4658	0.0000	0.3900	0.0148
0.0069	0.3216	0.0000	0.0046	0.0000	0.6663	0.0005
0.0000	0.0000	0.0000	0.0000	0.0000	0.0000	1.0000
0.0000	0.0000	0.0000	0.0000	0.0000	0.0000	1.0000
0.9380	0.0490	0.0000	0.0103	0.0000	0.0005	0.0022
1.0000	0.0000	0.0000	0.0000	0.0000	0.0000	0.0000
0.9305	0.0010	0.0000	0.0419	0.0000	0.0266	0.0000
0.1037	0.3537	0.0000	0.3657	0.0000	0.1661	0.0108
0.0000	0.0000	0.9990	0.0000	0.0002	0.0000	0.0008
0.0000	0.0000	1.0000	0.0000	0.0000	0.0000	0.0000
0.0007	0.0000	0.0000	0.9993	0.0000	0.0000	0.0000
0.0139	0.0005	0.0000	0.9855	0.0000	0.0001	0.0000
0.0157	0.0046	0.0000	0.9788	0.0000	0.0009	0.0000
0.0000	0.0000	0.0001	0.0000	0.9748	0.0000	0.0251
0.0000	0.0000	0.0000	0.0000	0.0000	1.0000	0.0000
0.0000	0.0000	0.7367	0.0000	0.0000	0.0000	0.2633
0.0000	0.9999	0.0000	0.0000	0.0000	0.0000	0.0001
0.0000	0.0000	0.9999	0.0000	0.0000	0.0000	0.0001
0.0000	0.0000	0.0000	1.0000	0.0000	0.0000	0.0000
0.0000	0.0000	0.0000	1.0000	0.0000	0.0000	0.0000
0.0000	0.0000	0.0000	1.0000	0.0000	0.0000	0.0000
0.0000	0.0002	0.0005	0.0000	0.0000	0.0000	0.9993
0.0000	0.0000	0.0924	0.0000	0.0000	0.0000	0.9076
0.0000	0.0011	0.0001	0.0000	0.0000	0.0000	0.9987
0.0000	0.8526	0.0009	0.0000	0.0000	0.0009	0.1456
0.0000	0.0000	1.0000	0.0000	0.0000	0.0000	0.0000
0.0000	0.1599	0.0016	0.0000	0.0000	0.0000	0.8385
0.0576	0.0000	0.8828	0.0000	0.0000	0.0028	0.0567
0.1691	0.4431	0.3617	0.0000	0.0000	0.0014	0.0247
0.0010	0.0000	0.9987	0.0000	0.0000	0.0000	0.0003
0.0000	0.0000	0.0000	0.0000	1.0000	0.0000	0.0000
0.0008	0.2513	0.0470	0.0000	0.0000	0.6993	0.0016
0.0013	0.6978	0.0172	0.0000	0.0000	0.2773	0.0064
0.7528	0.2470	0.0001	0.0000	0.0000	0.0000	0.0000
0.0000	0.0000	0.0000	1.0000	0.0000	0.0000	0.0000
0.0000	0.0000	0.0000	0.0000	1.0000	0.0000	0.0000
0.0000	0.0003	0.0005	0.0000	0.0001	0.0000	0.9992
