1.0000	0.0000	0.0000	0.0000	0.0000	0.0000	0.0000
0.0011	0.8554	0.0000	0.0028	0.0000	0.1407	0.0000
0.0037	0.9962	0.0000	0.0000	0.0000	0.0000	0.0000
0.0017	0.9617	0.0000	0.0150	0.0000	0.0211	0.0005
0.0000	0.0000	0.9992	0.0000	0.0000	0.0000	0.0008
0.0000	0.0000	0.9992	0.0000	0.0000	0.0000	0.0008
0.0022	0.4979	0.0000	0.3447	0.0000	0.1552	0.0001
0.0000	0.0000	0.0011	0.0000	0.5374	0.0000	0.4614
0.0000	0.0000	0.0000	0.0000	0.9975	0.0000	0.0025
0.0000	0.0000	0.0000	0.0000	0.9998	0.0000	0.0002
0.0379	0.0010	0.0000	0.2789	0.0000	0.6820	0.0003
0.1341	0.2030	0.0000	0.0024	0.0000	0.6596	0.0008
0.0200	0.2906	0.0000	0.0004	0.0000	0.6888	0.0002
0.0000	0.0000	0.0000	0.0000	0.0000	0.0000	1.0000
0.0000	0.0000	0.0000	0.0000	0.0001	0.0000	0.9999
0.9971	0.0028	0.0000	0.0000	0.0000	0.0000	0.0000
1.0000	0.0000	0.0000	0.0000	0.0000	0.0000	0.0000
0.9358	0.0003	0.0000	0.0251	0.0000	0.0388	0.0000
0.0969	0.5550	0.0000	0.1542	0.0000	0.1924	0.0015
0.0000	0.0000	1.0000	0.0000	0.0000	0.0000	0.0000
0.0000	0.0000	1.0000	0.0000	0.0000	0.0000	0.0000
0.0000	0.0000	0.0000	1.0000	0.0000	0.0000	0.0000
0.0018	0.0003	0.0000	0.9978	0.0000	0.0001	0.0000
0.0014	0.0004	0.0000	0.9981	0.0000	0.0001	0.0000
0.0000	0.0000	0.0001	0.0000	0.8810	0.0000	0.1189
0.0000	0.0000	0.0000	0.0000	0.0000	1.0000	0.0000
0.0000	0.0000	0.7009	0.0000	0.0001	0.0000	0.2990
0.0000	1.0000	0.0000	0.0000	0.0000	0.0000	0.0000
0.0000	0.0000	0.9999	0.0000	0.0000	0.0000	0.0001
0.0000	0.0000	0.0000	1.0000	0.0000	0.0000	0.0000
0.0000	0.0000	0.0000	1.0000	0.0000	0.0000	0.0000
0.0000	0.0000	0.0000	1.0000	0.0000	0.0000	0.0000
0.0000	0.0089	0.0007	0.0046	0.0561	0.0000	0.9296
0.0000	0.0000	0.0002	0.0001	0.0006	0.0000	0.9991
0.0000	0.2925	0.0003	0.0137	0.2165	0.0000	0.4771
0.0000	0.9888	0.0001	0.0000	0.0020	0.0000	0.0091
0.0000	0.0000	1.0000	0.0000	0.0000	0.0000	0.0000
0.0000	0.0652	0.0002	0.0000	0.0003	0.0000	0.9342
0.0861	0.0057	0.8935	0.0000	0.0000	0.0028	0.0119
0.0969	0.5432	0.3544	0.0001	0.0000	0.0008	0.0045
0.0000	0.0000	1.0000	0.0000	0.0000	0.0000	0.0000
0.0000	0.0000	0.0000	0.0028	0.9972	0.0000	0.0000
0.0071	0.2173	0.0127	0.0000	0.0000	0.7594	0.0034
0.0072	0.6862	0.0044	0.0000	0.0000	0.2952	0.0070
0.6239	0.3756	0.0001	0.0000	0.0000	0.0005	0.0000
0.0000	0.0000	0.0000	1.0000	0.0000	0.0000	0.0000
0.0000	0.0000	0.0000	0.0000	1.0000	0.0000	0.0000
0.0000	0.0001	0.0001	0.0000	0.0001	0.0000	0.9997
