1.0000	0.0000	0.0000	0.0000	0.0000	0.0000	0.0000
0.0008	0.3414	0.0000	0.0044	0.0000	0.6534	0.0000
0.0137	0.9863	0.0000	0.0000	0.0000	0.0000	0.0000
0.0000	0.9989	0.0000	0.0009	0.0000	0.0001	0.0001
0.0000	0.0000	0.6698	0.0000	0.0001	0.0000	0.3301
0.0000	0.0000	0.9987	0.0000	0.0000	0.0000	0.0012
0.0011	0.1384	0.0000	0.6286	0.0000	0.2319	0.0000
0.0000	0.0000	0.0176	0.0000	0.9712	0.0000	0.0112
0.0000	0.0000	0.0001	0.0000	0.9999	0.0000	0.0000
0.0000	0.0000	0.0000	0.0000	0.9999	0.0000	0.0001
0.0102	0.0000	0.0000	0.0001	0.0000	0.9896	0.0001
0.0472	0.0048	0.0000	0.0010	0.0000	0.9442	0.0028
0.0018	0.0101	0.0000	0.0000	0.0000	0.9880	0.0000
0.0000	0.0000	0.0000	0.0000	0.0000	0.0000	1.0000
0.0000	0.0000	0.0000	0.0000	0.0000	0.0000	1.0000
0.9944	0.0054	0.0000	0.0000	0.0000	0.0002	0.0000
1.0000	0.0000	0.0000	0.0000	0.0000	0.0000	0.0000
0.5443	0.0027	0.0000	0.3564	0.0000	0.0966	0.0000
0.0222	0.2220	0.0000	0.1083	0.0000	0.6452	0.0023
0.0000	0.0000	0.7329	0.0000	0.0002	0.0000	0.2669
0.0000	0.0000	1.0000	0.0000	0.0000	0.0000	0.0000
0.0000	0.0000	0.0000	1.0000	0.0000	0.0000	0.0000
0.0000	0.0000	0.0000	1.0000	0.0000	0.0000	0.0000
0.0000	0.0006	0.0000	0.9994	0.0000	0.0000	0.0000
0.0000	0.0000	0.0000	0.0000	0.9678	0.0000	0.0322
0.6440	0.0000	0.0000	0.0000	0.0000	0.3560	0.0000
0.0000	0.0000	0.0056	0.0000	0.0039	0.0000	0.9905
0.0000	0.9998	0.0000	0.0000	0.0002	0.0000	0.0000
0.0000	0.0000	1.0000	0.0000	0.0000	0.0000	0.0000
0.0000	0.0000	0.0000	1.0000	0.0000	0.0000	0.0000
0.0000	0.0000	0.0000	1.0000	0.0000	0.0000	0.0000
0.0000	0.0000	0.0000	1.0000	0.0000	0.0000	0.0000
0.0000	0.0012	0.0000	0.0000	0.0000	0.0000	0.9988
0.0000	0.0001	0.0000	0.0000	0.0000	0.0000	0.9999
0.0000	0.0218	0.0000	0.0000	0.0001	0.0000	0.9780
0.0000	0.9411	0.0014	0.0000	0.0250	0.0000	0.0325
0.0000	0.0000	1.0000	0.0000	0.0000	0.0000	0.0000
0.0000	0.0900	0.0005	0.0000	0.0000	0.0000	0.9095
0.0116	0.0034	0.9834	0.0000	0.0000	0.0011	0.0005
0.0091	0.9821	0.0072	0.0000	0.0000	0.0014	0.0001
0.0000	0.0000	1.0000	0.0000	0.0000	0.0000	0.0000
0.0000	0.0000	0.0000	0.6855	0.3145	0.0000	0.0000
0.0026	0.8398	0.0014	0.0000	0.0000	0.1562	0.0000
0.0055	0.8429	0.0027	0.0000	0.0000	0.1489	0.0001
0.3397	0.6595	0.0000	0.0000	0.0000	0.0009	0.0000
0.0000	0.0000	0.0000	1.0000	0.0000	0.0000	0.0000
0.0000	0.0000	0.0000	0.0000	1.0000	0.0000	0.0000
0.0000	0.0000	0.0000	0.0000	0.0000	0.0000	1.0000
