1.0000	0.0000	0.0000	0.0000	0.0000	0.0000	0.0000
0.0000	0.9783	0.0000	0.0002	0.0000	0.0214	0.0000
0.0803	0.9197	0.0000	0.0000	0.0000	0.0000	0.0000
0.0000	0.9902	0.0000	0.0095	0.0000	0.0003	0.0000
0.0000	0.0000	0.9540	0.0000	0.0000	0.0000	0.0460
0.0000	0.0000	0.9906	0.0000	0.0000	0.0000	0.0094
0.0001	0.1540	0.0000	0.7861	0.0000	0.0598	0.0000
0.0000	0.0000	0.0000	0.0000	0.9645	0.0000	0.0355
0.0000	0.0000	0.0000	0.0000	0.9998	0.0000	0.0002
0.0000	0.0000	0.0000	0.0000	1.0000	0.0000	0.0000
0.0051	0.0000	0.0000	0.5555	0.0000	0.4394	0.0000
0.0012	0.0076	0.0000	0.0006	0.0000	0.9902	0.0004
0.0015	0.0943	0.0000	0.0000	0.0000	0.9042	0.0000
0.0000	0.0000	0.0000	0.0000	0.0000	0.0000	1.0000
0.0000	0.0000	0.0000	0.0000	0.0000	0.0000	1.0000
0.9915	0.0085	0.0000	0.0000	0.0000	0.0000	0.0000
1.0000	0.0000	0.0000	0.0000	0.0000	0.0000	0.0000
0.9454	0.0000	0.0000	0.0521	0.0000	0.0025	0.0000
0.0227	0.5087	0.0000	0.4034	0.0000	0.0650	0.0002
0.0000	0.0000	0.9995	0.0000	0.0000	0.0000	0.0005
0.0000	0.0000	1.0000	0.0000	0.0000	0.0000	0.0000
0.0000	0.0000	0.0000	1.0000	0.0000	0.0000	0.0000
0.0000	0.0000	0.0000	1.0000	0.0000	0.0000	0.0000
0.0000	0.0000	0.0000	1.0000	0.0000	0.0000	0.0000
0.0000	0.0000	0.0000	0.0000	0.9532	0.0000	0.0467
0.0000	0.0000	0.0000	0.0000	0.0000	1.0000	0.0000
0.0002	0.0000	0.9997	0.0000	0.0000	0.0000	0.0001
0.0000	1.0000	0.0000	0.0000	0.0000	0.0000	0.0000
0.0000	0.0000	1.0000	0.0000	0.0000	0.0000	0.0000
0.0000	0.0000	0.0000	1.0000	0.0000	0.0000	0.0000
0.0000	0.0000	0.0000	1.0000	0.0000	0.0000	0.0000
0.0000	0.0000	0.0000	1.0000	0.0000	0.0000	0.0000
0.0000	0.0000	0.0000	0.0176	0.0004	0.0000	0.9819
0.0000	0.0000	0.0002	0.0002	0.0000	0.0000	0.9996
0.0000	0.0043	0.0000	0.7422	0.0092	0.0000	0.2443
0.0000	0.9603	0.0000	0.0004	0.0013	0.0000	0.0380
0.0000	0.0000	1.0000	0.0000	0.0000	0.0000	0.0000
0.0000	0.0259	0.0000	0.0000	0.0000	0.0000	0.9741
0.6254	0.0013	0.3635	0.0000	0.0000	0.0000	0.0097
0.0091	0.9615	0.0294	0.0000	0.0000	0.0000	0.0001
0.0000	0.0000	1.0000	0.0000	0.0000	0.0000	0.0000
0.0000	0.0000	0.0000	0.6964	0.3036	0.0000	0.0000
0.0004	0.3462	0.0009	0.0000	0.0000	0.6525	0.0000
0.0001	0.6945	0.0001	0.0000	0.0000	0.3052	0.0001
0.5914	0.4086	0.0000	0.0000	0.0000	0.0000	0.0000
0.0000	0.0000	0.0000	1.0000	0.0000	0.0000	0.0000
0.0000	0.0000	0.0000	0.0000	1.0000	0.0000	0.0000
0.0000	0.0000	0.0000	0.0000	0.0000	0.0000	1.0000
