1.0000	0.0000	0.0000	0.0000	0.0000	0.0000	0.0000
0.0352	0.8878	0.0000	0.0162	0.0003	0.0587	0.0018
0.0796	0.9165	0.0008	0.0000	0.0007	0.0018	0.0006
0.0909	0.7482	0.0001	0.0400	0.0005	0.1127	0.0077
0.0000	0.0000	0.6992	0.0000	0.0088	0.0000	0.2920
0.0000	0.0000	0.9996	0.0000	0.0001	0.0000	0.0003
0.0405	0.5921	0.0000	0.3391	0.0001	0.0270	0.0011
0.0000	0.0000	0.0104	0.0000	0.9824	0.0000	0.0073
0.0000	0.0000	0.0000	0.0000	1.0000	0.0000	0.0000
0.0000	0.0000	0.0000	0.0000	1.0000	0.0000	0.0000
0.0103	0.0001	0.0000	0.4843	0.0006	0.5048	0.0000
0.0682	0.0593	0.0000	0.3885	0.0047	0.4763	0.0030
0.1232	0.1286	0.0000	0.0016	0.0022	0.7437	0.0006
0.0000	0.0000	0.0000	0.0000	0.0000	0.0000	1.0000
0.0000	0.0000	0.0000	0.0000	0.0000	0.0000	1.0000
0.9867	0.0078	0.0000	0.0052	0.0001	0.0000	0.0001
1.0000	0.0000	0.0000	0.0000	0.0000	0.0000	0.0000
0.9716	0.0002	0.0000	0.0255	0.0000	0.0028	0.0000
0.4028	0.3071	0.0000	0.2241	0.0018	0.0615	0.0027
0.0000	0.0000	0.9981	0.0000	0.0002	0.0000	0.0017
0.0000	0.0000	0.9999	0.0000	0.0001	0.0000	0.0000
0.0004	0.0000	0.0000	0.9996	0.0000	0.0000	0.0000
0.3050	0.0002	0.0000	0.6943	0.0000	0.0004	0.0000
0.3647	0.0034	0.0000	0.6236	0.0008	0.0075	0.0000
0.0000	0.0000	0.0048	0.0000	0.9288	0.0000	0.0664
0.0000	0.0000	0.0000	0.0000	0.0000	1.0000	0.0000
0.0000	0.0000	0.3569	0.0000	0.0000	0.0000	0.6431
0.0000	0.9918	0.0001	0.0000	0.0000	0.0000	0.0081
0.0000	0.0000	0.9982	0.0000	0.0000	0.0000	0.0018
0.0000	0.0000	0.0000	1.0000	0.0000	0.0000	0.0000
0.0000	0.0000	0.0000	1.0000	0.0000	0.0000	0.0000
0.0000	0.0000	0.0000	1.0000	0.0000	0.0000	0.0000
0.0000	0.0088	0.0022	0.0005	0.0000	0.0000	0.9884
0.0000	0.0001	0.0001	0.0000	0.0000	0.0000	0.9998
0.0000	0.0068	0.0002	0.0004	0.0000	0.0000	0.9926
0.0000	0.5428	0.0089	0.0015	0.0000	0.0000	0.4468
0.0000	0.0118	0.9881	0.0000	0.0000	0.0000	0.0000
0.0000	0.3026	0.0170	0.0020	0.0000	0.0000	0.6784
0.7390	0.0005	0.2141	0.0000	0.0000	0.0147	0.0318
0.6463	0.1387	0.1410	0.0000	0.0034	0.0001	0.0706
0.0232	0.0009	0.9759	0.0000	0.0000	0.0000	0.0000
0.0000	0.0000	0.0000	0.0000	1.0000	0.0000	0.0000
0.0049	0.1998	0.1047	0.0000	0.0000	0.6811	0.0094
0.0014	0.1697	0.0108	0.0000	0.0005	0.8079	0.0096
0.5886	0.3781	0.0040	0.0006	0.0002	0.0050	0.0235
0.0000	0.0000	0.0000	1.0000	0.0000	0.0000	0.0000
0.0000	0.0000	0.0000	0.0000	1.0000	0.0000	0.0000
0.0001	0.1018	0.0002	0.0000	0.0001	0.0000	0.8977
