1.0000	0.0000	0.0000	0.0000	0.0000	0.0000	0.0000
0.2144	0.5865	0.0003	0.0433	0.0000	0.1490	0.0066
0.1674	0.8326	0.0000	0.0000	0.0000	0.0000	0.0000
0.0695	0.8787	0.0003	0.0148	0.0000	0.0012	0.0355
0.0000	0.0000	0.9448	0.0000	0.0001	0.0000	0.0550
0.0000	0.0000	0.9985	0.0000	0.0001	0.0000	0.0014
0.0986	0.1364	0.0001	0.7355	0.0000	0.0274	0.0020
0.0000	0.0000	0.4612	0.0000	0.4561	0.0000	0.0826
0.0000	0.0000	0.0000	0.0000	0.9999	0.0000	0.0001
0.0000	0.0000	0.0001	0.0000	0.9998	0.0000	0.0001
0.4207	0.0082	0.0000	0.0799	0.0000	0.4911	0.0001
0.7078	0.0435	0.0003	0.0405	0.0000	0.1997	0.0083
0.1469	0.0105	0.0000	0.0008	0.0000	0.8412	0.0006
0.0000	0.0000	0.0000	0.0000	0.0000	0.0000	1.0000
0.0000	0.0000	0.0000	0.0000	0.0000	0.0000	1.0000
0.9935	0.0064	0.0000	0.0000	0.0000	0.0001	0.0000
1.0000	0.0000	0.0000	0.0000	0.0000	0.0000	0.0000
0.8162	0.0002	0.0001	0.1808	0.0000	0.0028	0.0000
0.6240	0.1956	0.0007	0.1490	0.0000	0.0274	0.0032
0.0000	0.0000	0.9972	0.0000	0.0000	0.0000	0.0028
0.0000	0.0000	0.9996	0.0000	0.0000	0.0000	0.0003
0.0000	0.0000	0.0000	1.0000	0.0000	0.0000	0.0000
0.0011	0.0007	0.0002	0.9978	0.0001	0.0000	0.0002
0.0008	0.0024	0.0001	0.9964	0.0000	0.0000	0.0003
0.0000	0.0000	0.0312	0.0000	0.8999	0.0000	0.0688
0.0000	0.0000	0.0000	0.0000	0.0000	1.0000	0.0000
0.0000	0.0000	0.0337	0.0000	0.0271	0.0000	0.9392
0.0000	0.9568	0.0009	0.0012	0.0002	0.0013	0.0396
0.0000	0.0000	0.9988	0.0000	0.0000	0.0000	0.0012
0.0000	0.0000	0.0000	1.0000	0.0000	0.0000	0.0000
0.0000	0.0000	0.0000	1.0000	0.0000	0.0000	0.0000
0.0000	0.0000	0.0000	1.0000	0.0000	0.0000	0.0000
0.0000	0.0112	0.0017	0.0026	0.0000	0.0000	0.9845
0.0000	0.0001	0.0000	0.0003	0.0001	0.0000	0.9996
0.0000	0.0392	0.0002	0.0047	0.0005	0.0000	0.9553
0.0000	0.4772	0.0049	0.0077	0.0027	0.0001	0.5074
0.0000	0.0000	1.0000	0.0000	0.0000	0.0000	0.0000
0.0000	0.0076	0.0017	0.0005	0.0001	0.0000	0.9901
0.6528	0.0024	0.3424	0.0000	0.0001	0.0006	0.0018
0.1711	0.1503	0.6359	0.0009	0.0034	0.0006	0.0378
0.0034	0.0001	0.9965	0.0000	0.0000	0.0000	0.0000
0.0000	0.0000	0.0000	0.0000	1.0000	0.0000	0.0000
0.0860	0.0838	0.4269	0.0001	0.0005	0.3309	0.0717
0.0515	0.0670	0.2905	0.0002	0.0016	0.4008	0.1883
0.9340	0.0485	0.0122	0.0006	0.0000	0.0022	0.0024
0.0000	0.0000	0.0000	1.0000	0.0000	0.0000	0.0000
0.0000	0.0000	0.0001	0.0000	0.9999	0.0000	0.0000
0.0000	0.0001	0.0001	0.0000	0.0000	0.0001	0.9997
