1.0000	0.0000	0.0000	0.0000	0.0000	0.0000	0.0000
0.0153	0.9016	0.0000	0.0021	0.0000	0.0805	0.0006
0.0153	0.9847	0.0000	0.0000	0.0000	0.0000	0.0000
0.0103	0.9840	0.0000	0.0037	0.0000	0.0007	0.0013
0.0000	0.0000	0.9676	0.0000	0.0016	0.0000	0.0308
0.0000	0.0000	0.9999	0.0000	0.0000	0.0000	0.0001
0.0202	0.1505	0.0000	0.8145	0.0000	0.0146	0.0001
0.0000	0.0000	0.0227	0.0000	0.9644	0.0000	0.0129
0.0000	0.0000	0.0000	0.0000	1.0000	0.0000	0.0000
0.0000	0.0000	0.0000	0.0000	1.0000	0.0000	0.0000
0.2303	0.0036	0.0000	0.1766	0.0000	0.5895	0.0000
0.2052	0.0672	0.0000	0.0417	0.0000	0.6759	0.0101
0.0220	0.0067	0.0000	0.0000	0.0000	0.9712	0.0000
0.0000	0.0000	0.0000	0.0000	0.0000	0.0000	1.0000
0.0000	0.0000	0.0000	0.0000	0.0000	0.0000	1.0000
0.9989	0.0011	0.0000	0.0000	0.0000	0.0000	0.0000
1.0000	0.0000	0.0000	0.0000	0.0000	0.0000	0.0000
0.9204	0.0000	0.0000	0.0793	0.0000	0.0002	0.0000
0.2028	0.6871	0.0000	0.1015	0.0000	0.0084	0.0003
0.0000	0.0000	0.9996	0.0000	0.0000	0.0000	0.0003
0.0000	0.0000	1.0000	0.0000	0.0000	0.0000	0.0000
0.0000	0.0000	0.0000	1.0000	0.0000	0.0000	0.0000
0.0001	0.0000	0.0000	0.9999	0.0000	0.0000	0.0000
0.0001	0.0000	0.0000	0.9998	0.0000	0.0000	0.0000
0.0000	0.0000	0.0004	0.0000	0.9880	0.0000	0.0116
0.0000	0.0000	0.0000	0.0000	0.0000	1.0000	0.0000
0.0000	0.0000	0.0006	0.0000	0.0001	0.0000	0.9994
0.0000	0.9983	0.0000	0.0000	0.0000	0.0000	0.0017
0.0000	0.0000	1.0000	0.0000	0.0000	0.0000	0.0000
0.0000	0.0000	0.0000	1.0000	0.0000	0.0000	0.0000
0.0000	0.0000	0.0000	1.0000	0.0000	0.0000	0.0000
0.0000	0.0000	0.0000	1.0000	0.0000	0.0000	0.0000
0.0000	0.0001	0.0002	0.0004	0.0000	0.0000	0.9994
0.0000	0.0000	0.0000	0.0000	0.0000	0.0000	1.0000
0.0000	0.0072	0.0000	0.0010	0.0000	0.0000	0.9918
0.0000	0.9333	0.0004	0.0009	0.0001	0.0000	0.0654
0.0000	0.0000	1.0000	0.0000	0.0000	0.0000	0.0000
0.0000	0.0039	0.0000	0.0000	0.0000	0.0000	0.9960
0.9592	0.0020	0.0376	0.0000	0.0000	0.0000	0.0011
0.0371	0.8729	0.0506	0.0001	0.0000	0.0000	0.0392
0.0000	0.0000	1.0000	0.0000	0.0000	0.0000	0.0000
0.0000	0.0000	0.0000	0.0000	1.0000	0.0000	0.0000
0.0008	0.0366	0.0179	0.0000	0.0000	0.9202	0.0245
0.0001	0.0111	0.0011	0.0000	0.0000	0.9570	0.0307
0.8032	0.1959	0.0001	0.0000	0.0000	0.0005	0.0002
0.0000	0.0000	0.0000	1.0000	0.0000	0.0000	0.0000
0.0000	0.0000	0.0000	0.0000	1.0000	0.0000	0.0000
0.0000	0.0003	0.0000	0.0000	0.0000	0.0000	0.9997
