1.0000	0.0000	0.0000	0.0000	0.0000	0.0000	0.0000
0.0031	0.7872	0.0000	0.0085	0.0000	0.2010	0.0001
0.0428	0.9572	0.0000	0.0000	0.0000	0.0000	0.0000
0.0040	0.9627	0.0000	0.0109	0.0000	0.0212	0.0012
0.0000	0.0000	0.9267	0.0000	0.0004	0.0000	0.0729
0.0000	0.0000	0.9787	0.0000	0.0003	0.0000	0.0211
0.0059	0.2993	0.0000	0.5338	0.0000	0.1609	0.0001
0.0000	0.0003	0.0072	0.0000	0.8591	0.0000	0.1334
0.0000	0.0000	0.0001	0.0000	0.9993	0.0000	0.0006
0.0000	0.0000	0.0000	0.0000	1.0000	0.0000	0.0000
0.1699	0.0024	0.0000	0.2530	0.0000	0.5741	0.0006
0.1160	0.0557	0.0000	0.0066	0.0000	0.8184	0.0033
0.0192	0.1337	0.0000	0.0010	0.0000	0.8459	0.0002
0.0000	0.0004	0.0000	0.0000	0.0000	0.0000	0.9996
0.0000	0.0000	0.0000	0.0000	0.0001	0.0000	0.9999
0.9952	0.0044	0.0000	0.0000	0.0000	0.0003	0.0000
1.0000	0.0000	0.0000	0.0000	0.0000	0.0000	0.0000
0.8313	0.0052	0.0000	0.1059	0.0000	0.0576	0.0000
0.1151	0.6486	0.0000	0.0753	0.0000	0.1585	0.0025
0.0000	0.0000	0.9808	0.0000	0.0000	0.0000	0.0191
0.0000	0.0000	0.9999	0.0000	0.0000	0.0000	0.0001
0.0000	0.0000	0.0000	1.0000	0.0000	0.0000	0.0000
0.0004	0.0005	0.0000	0.9991	0.0000	0.0001	0.0000
0.0007	0.0012	0.0000	0.9978	0.0000	0.0002	0.0001
0.0000	0.0005	0.0002	0.0000	0.8133	0.0000	0.1859
0.0000	0.0000	0.0000	0.0000	0.0000	1.0000	0.0000
0.0061	0.0000	0.0784	0.0000	0.0325	0.0000	0.8830
0.0000	0.9999	0.0000	0.0000	0.0001	0.0000	0.0000
0.0000	0.0000	0.9998	0.0000	0.0000	0.0000	0.0002
0.0000	0.0000	0.0000	1.0000	0.0000	0.0000	0.0000
0.0000	0.0000	0.0000	1.0000	0.0000	0.0000	0.0000
0.0000	0.0000	0.0000	1.0000	0.0000	0.0000	0.0000
0.0000	0.0182	0.0005	0.0001	0.0046	0.0000	0.9766
0.0000	0.0008	0.0011	0.0000	0.0026	0.0000	0.9956
0.0000	0.4130	0.0010	0.0015	0.0415	0.0000	0.5429
0.0000	0.9590	0.0004	0.0000	0.0114	0.0000	0.0292
0.0000	0.0000	0.9999	0.0000	0.0001	0.0000	0.0000
0.0000	0.0321	0.0023	0.0000	0.0012	0.0000	0.9644
0.1933	0.0527	0.7442	0.0001	0.0000	0.0019	0.0077
0.0509	0.8501	0.0923	0.0001	0.0000	0.0019	0.0048
0.0000	0.0000	0.9999	0.0000	0.0000	0.0000	0.0001
0.0000	0.0000	0.0000	0.1674	0.8326	0.0000	0.0000
0.0296	0.4803	0.0275	0.0001	0.0000	0.4613	0.0013
0.0140	0.6942	0.0109	0.0000	0.0000	0.2775	0.0033
0.2722	0.7256	0.0005	0.0000	0.0000	0.0017	0.0000
0.0000	0.0000	0.0000	1.0000	0.0000	0.0000	0.0000
0.0000	0.0000	0.0000	0.0004	0.9996	0.0000	0.0000
0.0000	0.0005	0.0006	0.0000	0.0001	0.0000	0.9988
