1.0000	0.0000	0.0000	0.0000	0.0000	0.0000	0.0000
0.0080	0.9410	0.0000	0.0057	0.0000	0.0453	0.0000
0.8427	0.1474	0.0000	0.0000	0.0002	0.0004	0.0092
0.0862	0.7013	0.0000	0.0123	0.0000	0.2002	0.0001
0.0000	0.0000	0.6203	0.0000	0.0004	0.0000	0.3793
0.0000	0.0000	0.9993	0.0000	0.0000	0.0000	0.0007
0.0495	0.2116	0.0000	0.6973	0.0000	0.0416	0.0000
0.0000	0.0000	0.0011	0.0000	0.9748	0.0000	0.0241
0.0000	0.0000	0.0000	0.0000	1.0000	0.0000	0.0000
0.0000	0.0000	0.0000	0.0000	1.0000	0.0000	0.0000
0.0064	0.0000	0.0000	0.9013	0.0000	0.0923	0.0000
0.0011	0.0037	0.0000	0.0363	0.0000	0.9589	0.0001
0.1105	0.0256	0.0000	0.0000	0.0003	0.8636	0.0000
0.0000	0.0000	0.0000	0.0000	0.0000	0.0000	1.0000
0.0000	0.0000	0.0000	0.0000	0.0000	0.0000	1.0000
0.9980	0.0005	0.0000	0.0015	0.0000	0.0000	0.0000
1.0000	0.0000	0.0000	0.0000	0.0000	0.0000	0.0000
0.7418	0.0000	0.0000	0.2575	0.0000	0.0007	0.0000
0.1657	0.2926	0.0000	0.5244	0.0001	0.0170	0.0001
0.0000	0.0000	0.9992	0.0000	0.0000	0.0000	0.0008
0.0000	0.0000	1.0000	0.0000	0.0000	0.0000	0.0000
0.0000	0.0000	0.0000	1.0000	0.0000	0.0000	0.0000
0.0186	0.0000	0.0000	0.9814	0.0000	0.0000	0.0000
0.1957	0.0000	0.0000	0.8039	0.0000	0.0004	0.0000
0.0000	0.0000	0.0006	0.0000	0.8983	0.0000	0.1011
0.0000	0.0000	0.0000	0.0000	0.0000	1.0000	0.0000
0.0000	0.0000	0.0001	0.0000	0.0000	0.0000	0.9999
0.0000	0.9995	0.0000	0.0000	0.0000	0.0000	0.0005
0.0000	0.0000	1.0000	0.0000	0.0000	0.0000	0.0000
0.0000	0.0000	0.0000	1.0000	0.0000	0.0000	0.0000
0.0000	0.0000	0.0000	1.0000	0.0000	0.0000	0.0000
0.0000	0.0000	0.0000	1.0000	0.0000	0.0000	0.0000
0.0000	0.0000	0.0002	0.0001	0.0000	0.0000	0.9997
0.0000	0.0000	0.0000	0.0000	0.0000	0.0000	1.0000
0.0000	0.0001	0.0000	0.0005	0.0000	0.0000	0.9994
0.0000	0.6697	0.0004	0.0007	0.0000	0.0000	0.3293
0.0000	0.0000	1.0000	0.0000	0.0000	0.0000	0.0000
0.0000	0.2977	0.0034	0.0002	0.0000	0.0000	0.6987
0.8537	0.0003	0.0807	0.0000	0.0000	0.0177	0.0476
0.5971	0.1910	0.1614	0.0000	0.0000	0.0001	0.0505
0.0055	0.0001	0.9944	0.0000	0.0000	0.0000	0.0001
0.0000	0.0000	0.0000	0.0000	1.0000	0.0000	0.0000
0.0000	0.1589	0.0873	0.0000	0.0000	0.7165	0.0373
0.0000	0.0735	0.0071	0.0000	0.0000	0.9063	0.0131
0.3057	0.6835	0.0012	0.0002	0.0000	0.0046	0.0048
0.0001	0.0000	0.0000	0.9999	0.0000	0.0000	0.0000
0.0000	0.0000	0.0000	0.0000	1.0000	0.0000	0.0000
0.0000	0.0117	0.0000	0.0000	0.0000	0.0000	0.9882
