1.0000	0.0000	0.0000	0.0000	0.0000	0.0000	0.0000
0.0011	0.8220	0.0000	0.0027	0.0000	0.1743	0.0000
0.0113	0.9887	0.0000	0.0000	0.0000	0.0000	0.0000
0.0010	0.9770	0.0000	0.0165	0.0000	0.0050	0.0005
0.0000	0.0000	0.9846	0.0000	0.0000	0.0000	0.0154
0.0000	0.0000	0.9979	0.0000	0.0000	0.0000	0.0021
0.0039	0.2136	0.0000	0.6379	0.0000	0.1446	0.0000
0.0000	0.0000	0.0032	0.0004	0.7993	0.0000	0.1971
0.0000	0.0000	0.0000	0.0000	0.9999	0.0000	0.0000
0.0000	0.0000	0.0000	0.0000	1.0000	0.0000	0.0000
0.0431	0.0004	0.0000	0.2257	0.0000	0.7295	0.0013
0.0218	0.0389	0.0000	0.0007	0.0000	0.9378	0.0008
0.0088	0.0981	0.0000	0.0001	0.0000	0.8929	0.0001
0.0000	0.0000	0.0000	0.0000	0.0000	0.0000	1.0000
0.0000	0.0000	0.0000	0.0000	0.0000	0.0000	1.0000
0.9660	0.0340	0.0000	0.0000	0.0000	0.0000	0.0000
1.0000	0.0000	0.0000	0.0000	0.0000	0.0000	0.0000
0.8783	0.0001	0.0000	0.1153	0.0000	0.0063	0.0000
0.0751	0.6435	0.0000	0.1909	0.0000	0.0898	0.0008
0.0000	0.0000	0.9993	0.0000	0.0000	0.0000	0.0007
0.0000	0.0000	1.0000	0.0000	0.0000	0.0000	0.0000
0.0000	0.0000	0.0000	1.0000	0.0000	0.0000	0.0000
0.0000	0.0000	0.0000	1.0000	0.0000	0.0000	0.0000
0.0000	0.0000	0.0000	1.0000	0.0000	0.0000	0.0000
0.0000	0.0000	0.0000	0.0011	0.8869	0.0000	0.1119
0.0000	0.0000	0.0000	0.0000	0.0000	1.0000	0.0000
0.0002	0.0000	0.9966	0.0000	0.0002	0.0000	0.0031
0.0000	1.0000	0.0000	0.0000	0.0000	0.0000	0.0000
0.0000	0.0000	1.0000	0.0000	0.0000	0.0000	0.0000
0.0000	0.0000	0.0000	1.0000	0.0000	0.0000	0.0000
0.0000	0.0000	0.0000	1.0000	0.0000	0.0000	0.0000
0.0000	0.0000	0.0000	1.0000	0.0000	0.0000	0.0000
0.0000	0.0005	0.0000	0.0047	0.0043	0.0000	0.9906
0.0000	0.0000	0.0000	0.0001	0.0003	0.0000	0.9996
0.0000	0.0378	0.0000	0.1978	0.3743	0.0000	0.3900
0.0000	0.9752	0.0000	0.0001	0.0136	0.0000	0.0112
0.0000	0.0000	1.0000	0.0000	0.0000	0.0000	0.0000
0.0000	0.0136	0.0001	0.0000	0.0001	0.0000	0.9863
0.2400	0.0054	0.7534	0.0000	0.0000	0.0003	0.0009
0.0357	0.8363	0.1273	0.0000	0.0000	0.0001	0.0005
0.0000	0.0000	1.0000	0.0000	0.0000	0.0000	0.0000
0.0000	0.0000	0.0000	0.9590	0.0410	0.0000	0.0000
0.0067	0.3589	0.0157	0.0000	0.0000	0.6185	0.0002
0.0042	0.6730	0.0042	0.0000	0.0000	0.3176	0.0010
0.6320	0.3678	0.0000	0.0000	0.0000	0.0002	0.0000
0.0000	0.0000	0.0000	1.0000	0.0000	0.0000	0.0000
0.0000	0.0000	0.0000	0.0022	0.9978	0.0000	0.0000
0.0000	0.0000	0.0000	0.0000	0.0000	0.0000	1.0000
