1.0000	0.0000	0.0000	0.0000	0.0000	0.0000	0.0000
0.0153	0.8435	0.0000	0.0012	0.0000	0.1400	0.0000
0.0138	0.9862	0.0000	0.0000	0.0000	0.0000	0.0000
0.0082	0.9829	0.0000	0.0051	0.0000	0.0037	0.0000
0.0000	0.0000	0.9555	0.0000	0.0001	0.0000	0.0444
0.0000	0.0000	0.9999	0.0000	0.0000	0.0000	0.0000
0.0153	0.4154	0.0000	0.5297	0.0000	0.0396	0.0000
0.0000	0.0000	0.0116	0.0000	0.9520	0.0000	0.0364
0.0000	0.0000	0.0000	0.0000	0.9977	0.0000	0.0023
0.0000	0.0000	0.0000	0.0000	0.9999	0.0000	0.0001
0.0010	0.0007	0.0000	0.0146	0.0000	0.9836	0.0000
0.1851	0.3738	0.0000	0.0143	0.0000	0.4265	0.0003
0.0445	0.0343	0.0000	0.0000	0.0000	0.9213	0.0000
0.0000	0.0000	0.0000	0.0000	0.0000	0.0000	1.0000
0.0000	0.0000	0.0000	0.0000	0.0000	0.0000	1.0000
0.9609	0.0391	0.0000	0.0000	0.0000	0.0000	0.0000
1.0000	0.0000	0.0000	0.0000	0.0000	0.0000	0.0000
0.9891	0.0000	0.0000	0.0106	0.0000	0.0003	0.0000
0.2361	0.6247	0.0000	0.1018	0.0000	0.0374	0.0000
0.0000	0.0000	0.9996	0.0000	0.0000	0.0000	0.0004
0.0000	0.0000	1.0000	0.0000	0.0000	0.0000	0.0000
0.0000	0.0000	0.0000	1.0000	0.0000	0.0000	0.0000
0.0004	0.0000	0.0000	0.9995	0.0000	0.0000	0.0000
0.0003	0.0001	0.0000	0.9996	0.0000	0.0000	0.0000
0.0000	0.0000	0.0000	0.0000	0.9820	0.0000	0.0179
0.0000	0.0000	0.0000	0.0000	0.0000	1.0000	0.0000
0.0000	0.0000	0.0140	0.0000	0.0000	0.0000	0.9860
0.0000	0.9998	0.0000	0.0000	0.0000	0.0000	0.0002
0.0000	0.0000	0.9999	0.0000	0.0000	0.0000	0.0001
0.0000	0.0000	0.0000	1.0000	0.0000	0.0000	0.0000
0.0000	0.0000	0.0000	1.0000	0.0000	0.0000	0.0000
0.0000	0.0000	0.0000	1.0000	0.0000	0.0000	0.0000
0.0000	0.0006	0.0000	0.0006	0.0000	0.0000	0.9987
0.0000	0.0000	0.0000	0.0000	0.0000	0.0000	1.0000
0.0000	0.0279	0.0000	0.0021	0.0002	0.0000	0.9698
0.0000	0.9672	0.0001	0.0000	0.0003	0.0000	0.0324
0.0000	0.0000	1.0000	0.0000	0.0000	0.0000	0.0000
0.0000	0.0145	0.0001	0.0000	0.0000	0.0000	0.9854
0.5143	0.0016	0.4628	0.0000	0.0000	0.0027	0.0187
0.0178	0.5331	0.4212	0.0000	0.0000	0.0000	0.0278
0.0000	0.0000	1.0000	0.0000	0.0000	0.0000	0.0000
0.0000	0.0000	0.0000	0.0000	1.0000	0.0000	0.0000
0.0001	0.0073	0.0087	0.0000	0.0000	0.9797	0.0043
0.0001	0.0692	0.0044	0.0000	0.0000	0.8906	0.0357
0.3863	0.6108	0.0013	0.0000	0.0000	0.0006	0.0010
0.0000	0.0000	0.0000	1.0000	0.0000	0.0000	0.0000
0.0000	0.0000	0.0000	0.0000	1.0000	0.0000	0.0000
0.0000	0.0000	0.0000	0.0000	0.0000	0.0000	1.0000
