1.0000	0.0000	0.0000	0.0000	0.0000	0.0000	0.0000
0.0006	0.5146	0.0000	0.0015	0.0000	0.4834	0.0000
0.0052	0.9948	0.0000	0.0000	0.0000	0.0000	0.0000
0.0001	0.9988	0.0000	0.0006	0.0000	0.0005	0.0000
0.0000	0.0000	0.9996	0.0000	0.0000	0.0000	0.0004
0.0000	0.0000	0.9985	0.0000	0.0001	0.0000	0.0014
0.0002	0.0751	0.0000	0.8073	0.0000	0.1174	0.0000
0.0000	0.0000	0.0000	0.0001	0.9837	0.0000	0.0161
0.0000	0.0000	0.0000	0.0000	1.0000	0.0000	0.0000
0.0000	0.0000	0.0000	0.0000	1.0000	0.0000	0.0000
0.1430	0.0001	0.0000	0.0330	0.0000	0.8239	0.0000
0.0079	0.0185	0.0000	0.0001	0.0000	0.9735	0.0000
0.0021	0.0061	0.0000	0.0000	0.0000	0.9918	0.0000
0.0000	0.0000	0.0000	0.0000	0.0000	0.0000	1.0000
0.0000	0.0000	0.0000	0.0000	0.0000	0.0000	1.0000
0.9980	0.0020	0.0000	0.0000	0.0000	0.0000	0.0000
1.0000	0.0000	0.0000	0.0000	0.0000	0.0000	0.0000
0.9370	0.0003	0.0000	0.0473	0.0000	0.0153	0.0000
0.0917	0.7605	0.0000	0.0572	0.0000	0.0907	0.0000
0.0000	0.0000	1.0000	0.0000	0.0000	0.0000	0.0000
0.0000	0.0000	1.0000	0.0000	0.0000	0.0000	0.0000
0.0000	0.0000	0.0000	1.0000	0.0000	0.0000	0.0000
0.0000	0.0000	0.0000	1.0000	0.0000	0.0000	0.0000
0.0000	0.0001	0.0000	0.9999	0.0000	0.0000	0.0000
0.0000	0.0000	0.0000	0.0001	0.9633	0.0000	0.0365
0.0000	0.0000	0.0000	0.0000	0.0000	1.0000	0.0000
0.0000	0.0000	0.0061	0.0000	0.0010	0.0000	0.9929
0.0000	1.0000	0.0000	0.0000	0.0000	0.0000	0.0000
0.0000	0.0000	0.9998	0.0000	0.0000	0.0000	0.0002
0.0000	0.0000	0.0000	1.0000	0.0000	0.0000	0.0000
0.0000	0.0000	0.0000	1.0000	0.0000	0.0000	0.0000
0.0000	0.0000	0.0000	1.0000	0.0000	0.0000	0.0000
0.0000	0.0148	0.0000	0.0000	0.0003	0.0000	0.9849
0.0000	0.0000	0.0000	0.0000	0.0003	0.0000	0.9997
0.0000	0.6581	0.0000	0.0004	0.0844	0.0000	0.2571
0.0000	0.9993	0.0000	0.0000	0.0004	0.0000	0.0003
0.0000	0.0000	1.0000	0.0000	0.0000	0.0000	0.0000
0.0000	0.0167	0.0000	0.0000	0.0000	0.0000	0.9833
0.3276	0.0272	0.6441	0.0000	0.0000	0.0002	0.0009
0.0172	0.9242	0.0576	0.0000	0.0000	0.0003	0.0007
0.0000	0.0000	1.0000	0.0000	0.0000	0.0000	0.0000
0.0000	0.0000	0.0000	0.6977	0.3023	0.0000	0.0000
0.0009	0.3129	0.0028	0.0000	0.0000	0.6833	0.0001
0.0005	0.3434	0.0011	0.0000	0.0000	0.6542	0.0008
0.3174	0.6821	0.0000	0.0000	0.0000	0.0004	0.0000
0.0000	0.0000	0.0000	1.0000	0.0000	0.0000	0.0000
0.0000	0.0000	0.0000	0.0004	0.9996	0.0000	0.0000
0.0000	0.0000	0.0000	0.0000	0.0000	0.0000	1.0000
