0.9999	0.0000	0.0000	0.0000	0.0000	0.0000	0.0000
0.0159	0.8673	0.0000	0.0638	0.0000	0.0510	0.0020
0.0010	0.9096	0.0000	0.0675	0.0000	0.0215	0.0003
0.0000	0.0000	1.0000	0.0000	0.0000	0.0000	0.0000
0.0011	0.0000	0.0000	0.9961	0.0027	0.0000	0.0000
0.0329	0.2082	0.0000	0.6653	0.0000	0.0927	0.0008
0.0000	0.0000	0.0000	0.0000	0.9598	0.0000	0.0401
0.0000	0.0000	0.0000	0.0000	0.9999	0.0000	0.0001
0.0022	0.0000	0.0000	0.0000	0.9976	0.0000	0.0002
0.0777	0.1752	0.0000	0.0001	0.0000	0.7384	0.0087
0.0000	0.0000	0.0000	0.0000	0.0006	0.0000	0.9994
0.0000	0.0007	0.0000	0.0004	0.0011	0.0000	0.9977
1.0000	0.0000	0.0000	0.0000	0.0000	0.0000	0.0000
0.1212	0.4767	0.0000	0.1460	0.0000	0.2541	0.0019
0.0015	0.9980	0.0000	0.0004	0.0000	0.0001	0.0002
0.0005	0.9794	0.0000	0.0186	0.0000	0.0001	0.0014
0.0000	0.0000	1.0000	0.0000	0.0000	0.0000	0.0000
0.0001	0.0211	0.0000	0.9756	0.0000	0.0032	0.0000
0.0022	0.0006	0.0000	0.9969	0.0000	0.0004	0.0000
0.0000	0.0000	0.0000	0.0000	0.9966	0.0000	0.0034
0.0000	0.0025	0.0000	0.0000	0.5814	0.0000	0.4161
0.0001	0.0000	0.0000	0.0000	0.0000	0.9998	0.0000
0.0004	0.0000	0.0000	0.0000	0.0000	0.9996	0.0000
0.0374	0.0000	0.0001	0.0000	0.0000	0.9625	0.0000
0.2340	0.0000	0.0866	0.0000	0.0001	0.6793	0.0000
0.0000	0.0000	0.0020	0.0000	0.0115	0.0000	0.9866
0.0000	0.0000	0.9999	0.0000	0.0000	0.0000	0.0001
0.0000	0.0000	0.0000	1.0000	0.0000	0.0000	0.0000
0.0000	0.9990	0.0000	0.0000	0.0000	0.0000	0.0010
0.0000	0.0000	1.0000	0.0000	0.0000	0.0000	0.0000
0.0000	0.0000	0.9996	0.0000	0.0004	0.0000	0.0000
0.0000	0.0000	0.0000	1.0000	0.0000	0.0000	0.0000
0.0000	0.0724	0.0152	0.0000	0.0008	0.0000	0.9115
0.0000	0.0079	0.0053	0.0000	0.0028	0.0000	0.9840
0.0000	0.1009	0.0060	0.0000	0.0054	0.0000	0.8878
0.0000	0.2346	0.0275	0.0000	0.0000	0.7379	0.0000
0.0000	0.2239	0.5660	0.0001	0.0000	0.2086	0.0015
0.0000	0.0002	0.9974	0.0000	0.0001	0.0000	0.0023
0.0000	0.0000	0.9811	0.0000	0.0000	0.0000	0.0188
0.0000	0.0000	0.0000	0.9999	0.0000	0.0000	0.0001
0.0000	0.0898	0.0009	0.0000	0.0000	0.9093	0.0000
0.0000	0.0694	0.1339	0.0001	0.0000	0.7868	0.0098
0.0000	0.8564	0.0003	0.0000	0.0000	0.1433	0.0000
0.0000	0.9215	0.0507	0.0000	0.0000	0.0278	0.0000
0.0000	0.5980	0.0001	0.0000	0.0000	0.4019	0.0000
0.0000	0.0000	0.0000	0.9997	0.0000	0.0000	0.0003
0.0000	0.0000	0.0000	0.0000	1.0000	0.0000	0.0000
0.0001	0.2073	0.0628	0.0027	0.0036	0.4666	0.2569
