1.0000	0.0000	0.0000	0.0000	0.0000	0.0000	0.0000
0.0075	0.9234	0.0000	0.0031	0.0000	0.0643	0.0016
0.0000	0.9951	0.0000	0.0034	0.0000	0.0015	0.0000
0.0000	0.0000	1.0000	0.0000	0.0000	0.0000	0.0000
0.0000	0.0000	0.0000	1.0000	0.0000	0.0000	0.0000
0.0074	0.0001	0.0000	0.9527	0.0000	0.0397	0.0000
0.0000	0.0000	0.0000	0.0000	0.9592	0.0000	0.0408
0.0000	0.0000	0.0000	0.0000	0.9999	0.0000	0.0001
0.0000	0.0000	0.0000	0.0000	0.9694	0.0000	0.0306
0.0006	0.0001	0.0000	0.0000	0.0000	0.9993	0.0000
0.0000	0.0000	0.0000	0.0000	0.0000	0.0000	1.0000
0.0000	0.0000	0.0000	0.0000	0.0007	0.0000	0.9993
1.0000	0.0000	0.0000	0.0000	0.0000	0.0000	0.0000
0.3478	0.1201	0.0000	0.0511	0.0000	0.4808	0.0002
0.0000	1.0000	0.0000	0.0000	0.0000	0.0000	0.0000
0.0000	0.9999	0.0000	0.0001	0.0000	0.0000	0.0000
0.0000	0.0000	1.0000	0.0000	0.0000	0.0000	0.0000
0.0000	0.0031	0.0000	0.9969	0.0000	0.0000	0.0000
0.0001	0.0000	0.0000	0.9999	0.0000	0.0000	0.0000
0.0000	0.0000	0.0000	0.0000	1.0000	0.0000	0.0000
0.0000	0.0000	0.0000	0.0000	0.9983	0.0000	0.0017
0.0000	0.0000	0.0000	0.0012	0.0000	0.9987	0.0000
0.0001	0.0000	0.0000	0.0000	0.0000	0.9999	0.0000
0.0998	0.0000	0.0000	0.0000	0.0000	0.9002	0.0000
0.7401	0.0000	0.0000	0.0000	0.0000	0.2599	0.0000
0.0000	0.0000	0.0003	0.0000	0.0000	0.0000	0.9997
0.0000	0.0000	0.9739	0.0000	0.0000	0.0000	0.0261
0.0000	0.0000	0.0000	1.0000	0.0000	0.0000	0.0000
0.0000	1.0000	0.0000	0.0000	0.0000	0.0000	0.0000
0.0000	0.0000	1.0000	0.0000	0.0000	0.0000	0.0000
0.0000	0.0000	1.0000	0.0000	0.0000	0.0000	0.0000
0.0000	0.0000	0.0000	1.0000	0.0000	0.0000	0.0000
0.0000	0.0183	0.0036	0.0000	0.0000	0.0000	0.9781
0.0000	0.0002	0.0000	0.0000	0.0000	0.0000	0.9998
0.0000	0.5325	0.0022	0.0000	0.0000	0.0000	0.4653
0.0000	0.0000	0.0000	0.0000	0.0000	1.0000	0.0000
0.0000	0.0000	0.0035	0.0000	0.0000	0.9965	0.0000
0.0000	0.0000	1.0000	0.0000	0.0000	0.0000	0.0000
0.0000	0.0000	1.0000	0.0000	0.0000	0.0000	0.0000
0.0000	0.0000	0.0000	1.0000	0.0000	0.0000	0.0000
0.0000	0.0110	0.0001	0.0000	0.0000	0.9889	0.0000
0.0000	0.6075	0.0478	0.0000	0.0000	0.3447	0.0000
0.0000	0.8166	0.0000	0.0000	0.0000	0.1834	0.0000
0.0000	0.7249	0.0200	0.0001	0.0000	0.2550	0.0000
0.0000	0.9691	0.0000	0.0001	0.0000	0.0309	0.0000
0.0000	0.0000	0.0000	1.0000	0.0000	0.0000	0.0000
0.0000	0.0000	0.0000	0.0000	1.0000	0.0000	0.0000
0.0000	0.9975	0.0001	0.0000	0.0000	0.0001	0.0024
