1.0000	0.0000	0.0000	0.0000	0.0000	0.0000	0.0000
0.0107	0.9593	0.0000	0.0226	0.0000	0.0057	0.0017
0.0001	0.9986	0.0000	0.0010	0.0000	0.0003	0.0000
0.0000	0.0000	1.0000	0.0000	0.0000	0.0000	0.0000
0.0000	0.0000	0.0000	1.0000	0.0000	0.0000	0.0000
0.0038	0.0014	0.0000	0.9865	0.0000	0.0084	0.0000
0.0000	0.0000	0.0000	0.0000	0.9547	0.0000	0.0453
0.0000	0.0000	0.0000	0.0000	1.0000	0.0000	0.0000
0.0004	0.0000	0.0000	0.0000	0.9996	0.0000	0.0000
0.0275	0.0181	0.0000	0.0000	0.0000	0.9544	0.0000
0.0000	0.0000	0.0000	0.0000	0.0000	0.0000	1.0000
0.0000	0.0000	0.0000	0.0000	0.0000	0.0000	0.9999
1.0000	0.0000	0.0000	0.0000	0.0000	0.0000	0.0000
0.2743	0.5325	0.0000	0.1357	0.0000	0.0568	0.0007
0.0043	0.9954	0.0000	0.0004	0.0000	0.0000	0.0000
0.0000	0.9995	0.0000	0.0004	0.0000	0.0000	0.0000
0.0000	0.0000	1.0000	0.0000	0.0000	0.0000	0.0000
0.0000	0.0011	0.0000	0.9987	0.0000	0.0001	0.0000
0.0001	0.0000	0.0000	0.9999	0.0000	0.0000	0.0000
0.0000	0.0000	0.0000	0.0000	1.0000	0.0000	0.0000
0.0000	0.0009	0.0000	0.0000	0.9707	0.0000	0.0284
0.0000	0.0000	0.0000	0.0000	0.0000	1.0000	0.0000
0.0000	0.0000	0.0000	0.0000	0.0000	1.0000	0.0000
0.5411	0.0000	0.0000	0.0000	0.0000	0.4589	0.0000
0.9856	0.0000	0.0000	0.0000	0.0000	0.0144	0.0000
0.0000	0.0000	0.0008	0.0000	0.0002	0.0000	0.9989
0.0000	0.0000	1.0000	0.0000	0.0000	0.0000	0.0000
0.0000	0.0000	0.0000	1.0000	0.0000	0.0000	0.0000
0.0000	1.0000	0.0000	0.0000	0.0000	0.0000	0.0000
0.0000	0.0000	1.0000	0.0000	0.0000	0.0000	0.0000
0.0000	0.0000	1.0000	0.0000	0.0000	0.0000	0.0000
0.0000	0.0000	0.0000	1.0000	0.0000	0.0000	0.0000
0.0000	0.0386	0.0057	0.0000	0.0007	0.0000	0.9550
0.0000	0.0009	0.0014	0.0000	0.0003	0.0000	0.9974
0.0000	0.0127	0.0203	0.0000	0.0023	0.0000	0.9647
0.0000	0.6429	0.1420	0.0000	0.0000	0.2150	0.0000
0.0000	0.0815	0.5662	0.0000	0.0000	0.3523	0.0001
0.0000	0.0000	1.0000	0.0000	0.0000	0.0000	0.0000
0.0000	0.0000	1.0000	0.0000	0.0000	0.0000	0.0000
0.0000	0.0000	0.0001	0.9993	0.0000	0.0000	0.0006
0.0000	0.0099	0.0003	0.0000	0.0000	0.9898	0.0000
0.0000	0.0004	0.0405	0.0000	0.0000	0.9586	0.0005
0.0000	0.9885	0.0003	0.0000	0.0000	0.0113	0.0000
0.0000	0.6439	0.3406	0.0000	0.0000	0.0155	0.0000
0.0000	0.9413	0.0000	0.0000	0.0000	0.0587	0.0000
0.0000	0.0000	0.0000	0.9999	0.0000	0.0000	0.0001
0.0000	0.0000	0.0000	0.0000	1.0000	0.0000	0.0000
0.0000	0.0004	0.0542	0.0004	0.0000	0.5122	0.4328
