1.0000	0.0000	0.0000	0.0000	0.0000	0.0000	0.0000
0.0092	0.9886	0.0000	0.0007	0.0000	0.0013	0.0001
0.0017	0.9932	0.0000	0.0047	0.0000	0.0004	0.0000
0.0000	0.0000	1.0000	0.0000	0.0000	0.0000	0.0000
0.0000	0.0000	0.0000	1.0000	0.0000	0.0000	0.0000
0.0089	0.0706	0.0000	0.9088	0.0000	0.0116	0.0000
0.0000	0.0001	0.0000	0.0000	0.9799	0.0000	0.0200
0.0000	0.0000	0.0000	0.0000	1.0000	0.0000	0.0000
0.0000	0.0000	0.0000	0.0000	1.0000	0.0000	0.0000
0.0004	0.0067	0.0000	0.0000	0.0000	0.9929	0.0000
0.0000	0.0000	0.0000	0.0000	0.0000	0.0000	1.0000
0.0000	0.0000	0.0000	0.0000	0.0001	0.0000	0.9999
1.0000	0.0000	0.0000	0.0000	0.0000	0.0000	0.0000
0.2891	0.6621	0.0000	0.0300	0.0000	0.0188	0.0000
0.0000	1.0000	0.0000	0.0000	0.0000	0.0000	0.0000
0.0000	0.9999	0.0000	0.0001	0.0000	0.0000	0.0000
0.0000	0.0000	1.0000	0.0000	0.0000	0.0000	0.0000
0.0007	0.0098	0.0000	0.9895	0.0000	0.0000	0.0000
0.0021	0.0002	0.0000	0.9977	0.0000	0.0000	0.0000
0.0000	0.0000	0.0000	0.0000	0.9997	0.0000	0.0003
0.0000	0.0031	0.0000	0.0000	0.8743	0.0000	0.1227
0.0000	0.0000	0.0000	0.0000	0.0000	1.0000	0.0000
0.0000	0.0000	0.0000	0.0000	0.0000	1.0000	0.0000
0.0025	0.0000	0.0000	0.0000	0.0000	0.9975	0.0000
0.0008	0.0000	0.0000	0.0000	0.0000	0.9992	0.0000
0.0000	0.0000	0.0000	0.0000	0.0000	0.0000	1.0000
0.0000	0.0000	0.9999	0.0000	0.0000	0.0000	0.0001
0.0000	0.0000	0.0000	1.0000	0.0000	0.0000	0.0000
0.0000	0.9996	0.0000	0.0000	0.0000	0.0000	0.0004
0.0000	0.0000	0.9999	0.0000	0.0000	0.0001	0.0000
0.0000	0.0000	1.0000	0.0000	0.0000	0.0000	0.0000
0.0000	0.0000	0.0000	1.0000	0.0000	0.0000	0.0000
0.0000	0.0438	0.0002	0.0000	0.0000	0.0000	0.9560
0.0000	0.0006	0.0000	0.0000	0.0000	0.0000	0.9994
0.0000	0.0250	0.0002	0.0000	0.0000	0.0000	0.9747
0.0000	0.0103	0.0131	0.0027	0.0000	0.9739	0.0000
0.0000	0.0522	0.2257	0.0000	0.0000	0.7152	0.0069
0.0000	0.0000	0.9995	0.0000	0.0000	0.0000	0.0005
0.0000	0.0000	1.0000	0.0000	0.0000	0.0000	0.0000
0.0000	0.0000	0.0000	1.0000	0.0000	0.0000	0.0000
0.0000	0.0001	0.0002	0.0000	0.0000	0.9996	0.0001
0.0000	0.1951	0.0066	0.0000	0.0000	0.4432	0.3551
0.0000	0.4978	0.0103	0.0120	0.0000	0.4798	0.0001
0.0000	0.8518	0.1383	0.0006	0.0000	0.0086	0.0007
0.0000	0.0677	0.0029	0.0167	0.0000	0.9126	0.0001
0.0000	0.0000	0.0000	1.0000	0.0000	0.0000	0.0000
0.0000	0.0000	0.0000	0.0000	1.0000	0.0000	0.0000
0.0000	0.0123	0.0000	0.0000	0.0000	0.0003	0.9874
