1.0000	0.0000	0.0000	0.0000	0.0000	0.0000	0.0000
0.0340	0.9431	0.0000	0.0126	0.0000	0.0089	0.0014
0.0082	0.9475	0.0000	0.0408	0.0000	0.0031	0.0004
0.0000	0.0000	1.0000	0.0000	0.0000	0.0000	0.0000
0.0000	0.0000	0.0000	1.0000	0.0000	0.0000	0.0000
0.0117	0.0401	0.0000	0.9387	0.0000	0.0094	0.0000
0.0000	0.0008	0.0000	0.0000	0.8971	0.0000	0.1021
0.0000	0.0000	0.0000	0.0000	1.0000	0.0000	0.0000
0.0000	0.0000	0.0000	0.0000	1.0000	0.0000	0.0000
0.0018	0.0215	0.0000	0.0000	0.0000	0.9767	0.0000
0.0000	0.0000	0.0000	0.0000	0.0000	0.0000	1.0000
0.0000	0.0000	0.0000	0.0000	0.0002	0.0000	0.9997
1.0000	0.0000	0.0000	0.0000	0.0000	0.0000	0.0000
0.4973	0.3034	0.0000	0.1523	0.0000	0.0465	0.0004
0.0000	1.0000	0.0000	0.0000	0.0000	0.0000	0.0000
0.0000	0.9997	0.0000	0.0003	0.0000	0.0000	0.0000
0.0000	0.0000	1.0000	0.0000	0.0000	0.0000	0.0000
0.0014	0.0049	0.0000	0.9936	0.0000	0.0001	0.0000
0.0030	0.0001	0.0000	0.9970	0.0000	0.0000	0.0000
0.0000	0.0000	0.0002	0.0000	0.9995	0.0000	0.0003
0.0000	0.0087	0.0001	0.0000	0.7498	0.0000	0.2414
0.0000	0.0000	0.0000	0.0000	0.0000	1.0000	0.0000
0.0000	0.0000	0.0000	0.0000	0.0000	1.0000	0.0000
0.0117	0.0000	0.0002	0.0000	0.0000	0.9881	0.0000
0.0085	0.0000	0.0002	0.0000	0.0000	0.9913	0.0000
0.0000	0.0000	0.0004	0.0000	0.0004	0.0000	0.9993
0.0000	0.0000	1.0000	0.0000	0.0000	0.0000	0.0000
0.0000	0.0000	0.0000	1.0000	0.0000	0.0000	0.0000
0.0000	0.9929	0.0000	0.0000	0.0000	0.0000	0.0071
0.0000	0.0000	1.0000	0.0000	0.0000	0.0000	0.0000
0.0000	0.0000	1.0000	0.0000	0.0000	0.0000	0.0000
0.0000	0.0000	0.0000	1.0000	0.0000	0.0000	0.0000
0.0000	0.2464	0.0024	0.0000	0.0000	0.0000	0.7512
0.0000	0.0238	0.0001	0.0001	0.0000	0.0000	0.9760
0.0000	0.1047	0.0014	0.0000	0.0001	0.0000	0.8938
0.0000	0.0736	0.4618	0.0008	0.0000	0.4637	0.0000
0.0000	0.0599	0.9093	0.0001	0.0000	0.0280	0.0027
0.0000	0.0001	0.9996	0.0000	0.0000	0.0000	0.0002
0.0000	0.0000	1.0000	0.0000	0.0000	0.0000	0.0000
0.0000	0.0000	0.0000	0.9987	0.0000	0.0000	0.0012
0.0000	0.0076	0.0060	0.0000	0.0000	0.9861	0.0003
0.0000	0.0703	0.0163	0.0001	0.0000	0.6832	0.2301
0.0000	0.8533	0.0460	0.0012	0.0000	0.0994	0.0001
0.0000	0.6134	0.3849	0.0004	0.0000	0.0012	0.0001
0.0000	0.4483	0.0244	0.0036	0.0000	0.5236	0.0001
0.0000	0.0000	0.0000	1.0000	0.0000	0.0000	0.0000
0.0000	0.0000	0.0000	0.0000	1.0000	0.0000	0.0000
0.0000	0.0042	0.0001	0.0001	0.0000	0.0013	0.9944
