1.0000	0.0000	0.0000	0.0000	0.0000	0.0000	0.0000
0.0053	0.9643	0.0000	0.0178	0.0000	0.0123	0.0003
0.0001	0.9703	0.0000	0.0270	0.0000	0.0027	0.0000
0.0000	0.0000	1.0000	0.0000	0.0000	0.0000	0.0000
0.0001	0.0000	0.0000	0.9998	0.0000	0.0000	0.0000
0.0159	0.1105	0.0000	0.8597	0.0000	0.0138	0.0001
0.0000	0.0000	0.0000	0.0000	0.9536	0.0000	0.0464
0.0000	0.0000	0.0000	0.0000	1.0000	0.0000	0.0000
0.0001	0.0000	0.0000	0.0000	0.9999	0.0000	0.0000
0.0026	0.0010	0.0000	0.0000	0.0000	0.9963	0.0001
0.0000	0.0000	0.0000	0.0000	0.0000	0.0000	1.0000
0.0000	0.0000	0.0000	0.0000	0.0000	0.0000	1.0000
1.0000	0.0000	0.0000	0.0000	0.0000	0.0000	0.0000
0.1577	0.3957	0.0000	0.1577	0.0000	0.2884	0.0004
0.0000	1.0000	0.0000	0.0000	0.0000	0.0000	0.0000
0.0000	0.9950	0.0000	0.0050	0.0000	0.0000	0.0000
0.0000	0.0000	1.0000	0.0000	0.0000	0.0000	0.0000
0.0000	0.0017	0.0000	0.9982	0.0000	0.0001	0.0000
0.0003	0.0000	0.0000	0.9997	0.0000	0.0000	0.0000
0.0000	0.0000	0.0000	0.0000	0.9998	0.0000	0.0002
0.0000	0.0005	0.0000	0.0000	0.8063	0.0000	0.1932
0.0000	0.0000	0.0000	0.0000	0.0000	1.0000	0.0000
0.1346	0.0000	0.0000	0.0000	0.0000	0.8654	0.0000
0.0014	0.0000	0.0000	0.0000	0.0000	0.9986	0.0000
0.0242	0.0000	0.0011	0.0000	0.0000	0.9747	0.0000
0.0000	0.0000	0.0005	0.0000	0.0004	0.0000	0.9991
0.0000	0.0000	1.0000	0.0000	0.0000	0.0000	0.0000
0.0000	0.0000	0.0000	1.0000	0.0000	0.0000	0.0000
0.0000	0.9993	0.0000	0.0000	0.0000	0.0000	0.0007
0.0000	0.0000	1.0000	0.0000	0.0000	0.0000	0.0000
0.0000	0.0000	1.0000	0.0000	0.0000	0.0000	0.0000
0.0000	0.0000	0.0000	1.0000	0.0000	0.0000	0.0000
0.0000	0.0025	0.0011	0.0000	0.0000	0.0000	0.9963
0.0000	0.0007	0.0005	0.0000	0.0001	0.0000	0.9988
0.0000	0.0220	0.0011	0.0000	0.0002	0.0000	0.9767
0.0000	0.0167	0.0035	0.0000	0.0000	0.9798	0.0000
0.0000	0.0624	0.6922	0.0000	0.0000	0.2454	0.0000
0.0000	0.0000	0.9999	0.0000	0.0000	0.0000	0.0001
0.0000	0.0000	0.9951	0.0000	0.0000	0.0000	0.0049
0.0000	0.0000	0.0000	1.0000	0.0000	0.0000	0.0000
0.0000	0.0108	0.0004	0.0000	0.0000	0.9889	0.0000
0.0000	0.0059	0.0563	0.0000	0.0000	0.9368	0.0010
0.0000	0.6297	0.0000	0.0000	0.0000	0.3702	0.0000
0.0000	0.9261	0.0468	0.0000	0.0000	0.0271	0.0000
0.0000	0.1947	0.0000	0.0000	0.0000	0.8053	0.0000
0.0000	0.0000	0.0000	1.0000	0.0000	0.0000	0.0000
0.0000	0.0000	0.0000	0.0000	1.0000	0.0000	0.0000
0.0000	0.1924	0.0535	0.0001	0.0005	0.4178	0.3359
