1.0000	0.0000	0.0000	0.0000	0.0000	0.0000	0.0000
0.0017	0.9896	0.0000	0.0037	0.0000	0.0034	0.0016
0.0000	0.9893	0.0000	0.0102	0.0000	0.0005	0.0000
0.0000	0.0000	1.0000	0.0000	0.0000	0.0000	0.0000
0.0000	0.0000	0.0000	1.0000	0.0000	0.0000	0.0000
0.0084	0.0150	0.0000	0.9486	0.0000	0.0280	0.0001
0.0000	0.0000	0.0000	0.0000	0.9527	0.0000	0.0473
0.0000	0.0000	0.0000	0.0000	1.0000	0.0000	0.0000
0.0000	0.0000	0.0000	0.0000	0.9999	0.0000	0.0001
0.0014	0.0002	0.0000	0.0000	0.0000	0.9984	0.0000
0.0000	0.0000	0.0000	0.0000	0.0000	0.0000	1.0000
0.0000	0.0000	0.0000	0.0000	0.0000	0.0000	1.0000
1.0000	0.0000	0.0000	0.0000	0.0000	0.0000	0.0000
0.2596	0.4116	0.0000	0.1441	0.0000	0.1831	0.0016
0.0000	1.0000	0.0000	0.0000	0.0000	0.0000	0.0000
0.0000	0.9973	0.0000	0.0016	0.0000	0.0000	0.0011
0.0000	0.0000	1.0000	0.0000	0.0000	0.0000	0.0000
0.0000	0.0001	0.0000	0.9999	0.0000	0.0000	0.0000
0.0001	0.0000	0.0000	0.9999	0.0000	0.0000	0.0000
0.0000	0.0000	0.0000	0.0000	1.0000	0.0000	0.0000
0.0000	0.0002	0.0000	0.0000	0.8561	0.0000	0.1437
0.0000	0.0000	0.0000	0.0000	0.0000	1.0000	0.0000
0.0000	0.0000	0.0000	0.0000	0.0000	1.0000	0.0000
0.1315	0.0000	0.0000	0.0000	0.0000	0.8685	0.0000
0.6841	0.0000	0.0000	0.0000	0.0000	0.3158	0.0000
0.0000	0.0000	0.0001	0.0000	0.0001	0.0000	0.9999
0.0000	0.0000	0.9998	0.0000	0.0000	0.0000	0.0002
0.0000	0.0000	0.0000	1.0000	0.0000	0.0000	0.0000
0.0000	1.0000	0.0000	0.0000	0.0000	0.0000	0.0000
0.0000	0.0000	1.0000	0.0000	0.0000	0.0000	0.0000
0.0000	0.0000	1.0000	0.0000	0.0000	0.0000	0.0000
0.0000	0.0000	0.0000	1.0000	0.0000	0.0000	0.0000
0.0000	0.0054	0.0008	0.0000	0.0000	0.0000	0.9939
0.0000	0.0002	0.0000	0.0000	0.0000	0.0000	0.9998
0.0000	0.0548	0.0009	0.0000	0.0000	0.0000	0.9442
0.0000	0.4277	0.0320	0.0000	0.0000	0.5402	0.0000
0.0000	0.0174	0.3982	0.0000	0.0000	0.5843	0.0001
0.0000	0.0000	1.0000	0.0000	0.0000	0.0000	0.0000
0.0000	0.0000	0.9999	0.0000	0.0000	0.0000	0.0001
0.0000	0.0000	0.0000	1.0000	0.0000	0.0000	0.0000
0.0000	0.0046	0.0000	0.0000	0.0000	0.9954	0.0000
0.0000	0.0092	0.0035	0.0000	0.0000	0.9869	0.0004
0.0000	0.9974	0.0000	0.0000	0.0000	0.0026	0.0000
0.0000	0.9801	0.0188	0.0000	0.0000	0.0011	0.0000
0.0000	0.9803	0.0000	0.0000	0.0000	0.0197	0.0000
0.0000	0.0000	0.0000	0.9998	0.0000	0.0000	0.0002
0.0000	0.0000	0.0000	0.0000	1.0000	0.0000	0.0000
0.0000	0.2140	0.0023	0.0000	0.0000	0.1788	0.6049
