1.0000	0.0000	0.0000	0.0000	0.0000	0.0000	0.0000
0.0058	0.9720	0.0000	0.0091	0.0000	0.0052	0.0080
0.0000	0.9880	0.0000	0.0112	0.0000	0.0007	0.0001
0.0000	0.0000	1.0000	0.0000	0.0000	0.0000	0.0000
0.0000	0.0000	0.0000	1.0000	0.0000	0.0000	0.0000
0.0132	0.0331	0.0000	0.9241	0.0000	0.0292	0.0004
0.0000	0.0000	0.0000	0.0000	0.9763	0.0000	0.0237
0.0000	0.0000	0.0000	0.0000	1.0000	0.0000	0.0000
0.0001	0.0000	0.0000	0.0000	0.9999	0.0000	0.0000
0.0009	0.0003	0.0000	0.0000	0.0000	0.9986	0.0002
0.0000	0.0000	0.0000	0.0000	0.0000	0.0000	1.0000
0.0000	0.0000	0.0000	0.0000	0.0000	0.0000	0.9999
1.0000	0.0000	0.0000	0.0000	0.0000	0.0000	0.0000
0.2495	0.5632	0.0000	0.0710	0.0000	0.1118	0.0045
0.0000	1.0000	0.0000	0.0000	0.0000	0.0000	0.0000
0.0000	0.9956	0.0000	0.0031	0.0000	0.0000	0.0013
0.0000	0.0000	1.0000	0.0000	0.0000	0.0000	0.0000
0.0000	0.0007	0.0000	0.9993	0.0000	0.0000	0.0000
0.0002	0.0000	0.0000	0.9998	0.0000	0.0000	0.0000
0.0000	0.0000	0.0000	0.0000	1.0000	0.0000	0.0000
0.0000	0.0003	0.0000	0.0000	0.9466	0.0000	0.0531
0.0000	0.0000	0.0000	0.0000	0.0000	1.0000	0.0000
0.0000	0.0000	0.0000	0.0000	0.0000	1.0000	0.0000
0.0530	0.0000	0.0000	0.0000	0.0000	0.9470	0.0000
0.5518	0.0000	0.0028	0.0000	0.0000	0.4454	0.0000
0.0000	0.0000	0.0002	0.0000	0.0001	0.0000	0.9996
0.0000	0.0000	1.0000	0.0000	0.0000	0.0000	0.0000
0.0000	0.0000	0.0000	1.0000	0.0000	0.0000	0.0000
0.0000	1.0000	0.0000	0.0000	0.0000	0.0000	0.0000
0.0000	0.0000	1.0000	0.0000	0.0000	0.0000	0.0000
0.0000	0.0000	1.0000	0.0000	0.0000	0.0000	0.0000
0.0000	0.0000	0.0000	1.0000	0.0000	0.0000	0.0000
0.0000	0.0190	0.0032	0.0000	0.0000	0.0000	0.9778
0.0000	0.0005	0.0003	0.0000	0.0000	0.0000	0.9992
0.0000	0.0309	0.0031	0.0000	0.0004	0.0000	0.9656
0.0000	0.0863	0.0115	0.0000	0.0000	0.9021	0.0000
0.0000	0.0437	0.6511	0.0000	0.0000	0.3051	0.0000
0.0000	0.0000	1.0000	0.0000	0.0000	0.0000	0.0000
0.0000	0.0000	1.0000	0.0000	0.0000	0.0000	0.0000
0.0000	0.0000	0.0000	0.9999	0.0000	0.0000	0.0001
0.0000	0.0041	0.0000	0.0000	0.0000	0.9959	0.0000
0.0000	0.0026	0.0046	0.0000	0.0000	0.9926	0.0001
0.0000	0.7238	0.0001	0.0000	0.0000	0.2762	0.0000
0.0000	0.9406	0.0527	0.0000	0.0000	0.0066	0.0000
0.0000	0.3192	0.0000	0.0000	0.0000	0.6808	0.0000
0.0000	0.0000	0.0000	0.9997	0.0000	0.0000	0.0003
0.0000	0.0000	0.0000	0.0000	1.0000	0.0000	0.0000
0.0000	0.0234	0.0075	0.0018	0.0001	0.7126	0.2545
