1.0000	0.0000	0.0000	0.0000	0.0000	0.0000	0.0000
0.0537	0.9049	0.0000	0.0076	0.0000	0.0319	0.0018
0.0312	0.9072	0.0000	0.0327	0.0000	0.0283	0.0006
0.0000	0.0000	1.0000	0.0000	0.0000	0.0000	0.0000
0.0000	0.0000	0.0000	1.0000	0.0000	0.0000	0.0000
0.0849	0.1431	0.0000	0.6544	0.0000	0.1175	0.0001
0.0000	0.0009	0.0000	0.0000	0.9565	0.0000	0.0425
0.0000	0.0000	0.0000	0.0000	0.9999	0.0000	0.0001
0.0000	0.0000	0.0000	0.0000	0.9997	0.0000	0.0003
0.0118	0.0372	0.0000	0.0000	0.0000	0.9510	0.0001
0.0000	0.0000	0.0000	0.0000	0.0000	0.0000	1.0000
0.0000	0.0000	0.0000	0.0000	0.0009	0.0000	0.9991
1.0000	0.0000	0.0000	0.0000	0.0000	0.0000	0.0000
0.5275	0.2819	0.0000	0.0747	0.0000	0.1152	0.0007
0.0002	0.9998	0.0000	0.0000	0.0000	0.0000	0.0000
0.0003	0.9977	0.0000	0.0019	0.0000	0.0000	0.0001
0.0000	0.0000	0.9999	0.0000	0.0001	0.0000	0.0001
0.0120	0.0481	0.0000	0.9359	0.0000	0.0041	0.0000
0.1092	0.0021	0.0000	0.8883	0.0000	0.0004	0.0000
0.0000	0.0000	0.0000	0.0000	0.9983	0.0000	0.0016
0.0000	0.0095	0.0002	0.0000	0.7409	0.0000	0.2494
0.0000	0.0000	0.0000	0.0000	0.0000	1.0000	0.0000
0.0000	0.0000	0.0000	0.0000	0.0000	1.0000	0.0000
0.0305	0.0000	0.0001	0.0000	0.0000	0.9694	0.0000
0.0192	0.0000	0.0001	0.0000	0.0000	0.9807	0.0000
0.0000	0.0000	0.0001	0.0000	0.0005	0.0000	0.9994
0.0000	0.0000	0.9969	0.0000	0.0000	0.0002	0.0028
0.0000	0.0000	0.0000	1.0000	0.0000	0.0000	0.0000
0.0000	0.9978	0.0001	0.0000	0.0000	0.0000	0.0021
0.0000	0.0003	0.9995	0.0000	0.0000	0.0003	0.0000
0.0000	0.0000	0.9999	0.0000	0.0001	0.0000	0.0000
0.0000	0.0000	0.0000	1.0000	0.0000	0.0000	0.0000
0.0000	0.4138	0.0025	0.0000	0.0000	0.0000	0.5836
0.0000	0.0249	0.0002	0.0000	0.0000	0.0000	0.9749
0.0000	0.3575	0.0056	0.0001	0.0004	0.0000	0.6364
0.0000	0.2854	0.0651	0.0191	0.0000	0.6290	0.0014
0.0000	0.4180	0.2747	0.0003	0.0000	0.2919	0.0151
0.0000	0.0010	0.9962	0.0000	0.0000	0.0000	0.0027
0.0000	0.0001	0.9999	0.0000	0.0000	0.0000	0.0000
0.0000	0.0000	0.0000	0.9999	0.0000	0.0000	0.0001
0.0000	0.0195	0.0035	0.0001	0.0000	0.9753	0.0016
0.0000	0.6092	0.0286	0.0005	0.0000	0.1683	0.1933
0.0000	0.8811	0.0094	0.0174	0.0000	0.0908	0.0013
0.0000	0.9272	0.0622	0.0026	0.0000	0.0038	0.0042
0.0000	0.5532	0.0089	0.0693	0.0000	0.3668	0.0017
0.0000	0.0000	0.0000	1.0000	0.0000	0.0000	0.0000
0.0000	0.0000	0.0000	0.0000	1.0000	0.0000	0.0000
0.0000	0.1708	0.0003	0.0015	0.0001	0.0012	0.8261
