0.9529	0.0000	0.0000	0.0000	0.0444	0.0001	0.0025
0.0958	0.8777	0.0002	0.0035	0.0001	0.0154	0.0073
0.2307	0.7383	0.0052	0.0151	0.0001	0.0096	0.0010
0.0000	0.0000	1.0000	0.0000	0.0000	0.0000	0.0000
0.0000	0.0000	0.0000	1.0000	0.0000	0.0000	0.0000
0.0219	0.0076	0.0000	0.9507	0.0000	0.0197	0.0000
0.0000	0.0002	0.0000	0.0000	0.9939	0.0000	0.0059
0.0000	0.0000	0.0000	0.0000	1.0000	0.0000	0.0000
0.0000	0.0001	0.0000	0.0000	0.9996	0.0000	0.0003
0.0384	0.0174	0.0000	0.0000	0.0000	0.9436	0.0006
0.0000	0.0000	0.0000	0.0000	0.0000	0.0000	1.0000
0.0000	0.0000	0.0000	0.0000	0.0004	0.0000	0.9995
1.0000	0.0000	0.0000	0.0000	0.0000	0.0000	0.0000
0.8174	0.0800	0.0002	0.0907	0.0002	0.0106	0.0009
0.0002	0.9998	0.0000	0.0000	0.0000	0.0000	0.0000
0.0047	0.9584	0.0003	0.0164	0.0003	0.0184	0.0015
0.0000	0.0000	1.0000	0.0000	0.0000	0.0000	0.0000
0.0696	0.0274	0.0001	0.9021	0.0001	0.0006	0.0001
0.2325	0.0000	0.0000	0.7673	0.0000	0.0001	0.0000
0.0000	0.0000	0.0002	0.0000	0.9995	0.0000	0.0003
0.0000	0.0022	0.0002	0.0000	0.7098	0.0000	0.2878
0.0000	0.0000	0.0000	0.0000	0.0000	0.9999	0.0000
0.0000	0.0000	0.0000	0.0000	0.0000	1.0000	0.0000
0.0313	0.0000	0.0189	0.0000	0.0000	0.9498	0.0000
0.0105	0.0000	0.0009	0.0000	0.0000	0.9886	0.0000
0.0000	0.0000	0.0000	0.0000	0.0000	0.0000	1.0000
0.0000	0.0000	0.9998	0.0000	0.0000	0.0000	0.0002
0.0000	0.0000	0.0000	1.0000	0.0000	0.0000	0.0000
0.0000	0.9989	0.0000	0.0010	0.0000	0.0000	0.0000
0.0000	0.0000	1.0000	0.0000	0.0000	0.0000	0.0000
0.0000	0.0000	1.0000	0.0000	0.0000	0.0000	0.0000
0.0000	0.0000	0.0000	1.0000	0.0000	0.0000	0.0000
0.0000	0.6987	0.0017	0.0000	0.0000	0.0000	0.2996
0.0000	0.0853	0.0000	0.0001	0.0000	0.0000	0.9146
0.0000	0.8056	0.0041	0.0029	0.0001	0.0000	0.1874
0.0002	0.1580	0.1141	0.0053	0.0043	0.7022	0.0159
0.0012	0.0186	0.5729	0.0000	0.0000	0.3876	0.0197
0.0000	0.0000	0.9924	0.0000	0.0015	0.0000	0.0061
0.0000	0.0000	0.9998	0.0001	0.0000	0.0000	0.0000
0.0000	0.0000	0.0000	1.0000	0.0000	0.0000	0.0000
0.0000	0.0356	0.0021	0.0001	0.0002	0.9616	0.0004
0.0005	0.7134	0.1156	0.0002	0.0017	0.0205	0.1482
0.0020	0.9771	0.0086	0.0041	0.0001	0.0061	0.0021
0.0016	0.9269	0.0440	0.0023	0.0007	0.0072	0.0173
0.0012	0.4890	0.0067	0.1572	0.0010	0.3430	0.0018
0.0000	0.0000	0.0000	1.0000	0.0000	0.0000	0.0000
0.0000	0.0000	0.0000	0.0000	1.0000	0.0000	0.0000
0.0001	0.9925	0.0001	0.0004	0.0006	0.0000	0.0063
