1.0000	0.0000	0.0000	0.0000	0.0000	0.0000	0.0000
0.0184	0.8874	0.0000	0.0142	0.0000	0.0679	0.0121
0.0004	0.9530	0.0000	0.0364	0.0000	0.0101	0.0001
0.0000	0.0000	1.0000	0.0000	0.0000	0.0000	0.0000
0.0000	0.0000	0.0000	1.0000	0.0000	0.0000	0.0000
0.0427	0.0336	0.0000	0.7196	0.0000	0.2038	0.0003
0.0000	0.0000	0.0000	0.0000	0.9879	0.0000	0.0121
0.0000	0.0000	0.0000	0.0000	1.0000	0.0000	0.0000
0.0001	0.0000	0.0000	0.0000	0.9970	0.0000	0.0030
0.0066	0.0098	0.0000	0.0000	0.0000	0.9835	0.0002
0.0000	0.0000	0.0000	0.0000	0.0001	0.0000	0.9999
0.0000	0.0000	0.0000	0.0000	0.0067	0.0000	0.9933
1.0000	0.0000	0.0000	0.0000	0.0000	0.0000	0.0000
0.2998	0.2843	0.0000	0.1056	0.0000	0.3050	0.0053
0.0000	0.9999	0.0000	0.0000	0.0000	0.0000	0.0000
0.0001	0.9976	0.0000	0.0015	0.0000	0.0002	0.0007
0.0000	0.0000	1.0000	0.0000	0.0000	0.0000	0.0000
0.0000	0.0024	0.0000	0.9975	0.0000	0.0000	0.0000
0.0019	0.0001	0.0000	0.9980	0.0000	0.0000	0.0000
0.0000	0.0000	0.0000	0.0000	0.9989	0.0000	0.0011
0.0000	0.0002	0.0000	0.0000	0.6064	0.0000	0.3934
0.0000	0.0000	0.0000	0.0000	0.0000	1.0000	0.0000
0.0000	0.0000	0.0000	0.0000	0.0000	1.0000	0.0000
0.0435	0.0000	0.0000	0.0000	0.0000	0.9565	0.0000
0.0718	0.0000	0.0000	0.0000	0.0000	0.9282	0.0000
0.0000	0.0000	0.0003	0.0000	0.0004	0.0000	0.9992
0.0000	0.0000	0.9966	0.0000	0.0000	0.0000	0.0034
0.0000	0.0000	0.0000	1.0000	0.0000	0.0000	0.0000
0.0000	1.0000	0.0000	0.0000	0.0000	0.0000	0.0000
0.0000	0.0000	1.0000	0.0000	0.0000	0.0000	0.0000
0.0000	0.0000	0.9999	0.0000	0.0001	0.0000	0.0000
0.0000	0.0000	0.0000	1.0000	0.0000	0.0000	0.0000
0.0000	0.4392	0.0043	0.0000	0.0000	0.0000	0.5565
0.0000	0.0036	0.0001	0.0000	0.0000	0.0000	0.9964
0.0000	0.4391	0.0021	0.0000	0.0000	0.0000	0.5588
0.0000	0.1609	0.0294	0.0010	0.0000	0.8088	0.0000
0.0000	0.0018	0.0128	0.0000	0.0000	0.9853	0.0001
0.0000	0.0000	0.9990	0.0000	0.0003	0.0003	0.0004
0.0000	0.0000	0.9999	0.0000	0.0000	0.0001	0.0000
0.0000	0.0000	0.0000	1.0000	0.0000	0.0000	0.0000
0.0000	0.0651	0.0007	0.0000	0.0000	0.9341	0.0000
0.0000	0.2854	0.0057	0.0000	0.0000	0.7080	0.0009
0.0000	0.9966	0.0000	0.0000	0.0000	0.0033	0.0000
0.0000	0.9807	0.0152	0.0001	0.0000	0.0040	0.0000
0.0000	0.9901	0.0001	0.0003	0.0000	0.0096	0.0000
0.0000	0.0000	0.0000	1.0000	0.0000	0.0000	0.0000
0.0000	0.0000	0.0000	0.0000	1.0000	0.0000	0.0000
0.0000	0.9694	0.0003	0.0002	0.0010	0.0023	0.0268
