0.9997	0.0003	0.0000	0.0000	0.0000	0.0000	0.0000
0.0000	0.0000	1.0000	0.0000	0.0000	0.0000	0.0000
0.0000	0.0000	1.0000	0.0000	0.0000	0.0000	0.0000
0.0000	0.0000	0.0000	1.0000	0.0000	0.0000	0.0000
0.0003	0.0213	0.0000	0.9781	0.0000	0.0002	0.0000
0.0001	0.0000	0.0008	0.0000	0.9991	0.0000	0.0000
0.0000	0.0001	0.0000	0.0000	0.9999	0.0000	0.0000
0.0013	0.0022	0.0000	0.9959	0.0000	0.0006	0.0000
0.2367	0.5990	0.0000	0.0983	0.0000	0.0466	0.0195
0.0366	0.2895	0.0000	0.0002	0.0000	0.6736	0.0000
0.0206	0.2099	0.0000	0.7200	0.0000	0.0495	0.0000
0.0000	0.0009	0.0000	0.0000	0.0000	0.0000	0.9991
0.0000	0.0000	0.0000	0.0000	0.0000	0.0000	1.0000
0.0000	0.9133	0.0000	0.0000	0.0866	0.0000	0.0000
0.9361	0.0639	0.0000	0.0000	0.0000	0.0000	0.0000
1.0000	0.0000	0.0000	0.0000	0.0000	0.0000	0.0000
0.0000	0.8903	0.0000	0.0000	0.0000	0.0000	0.1097
0.0076	0.9827	0.0000	0.0030	0.0000	0.0066	0.0000
0.0004	0.9947	0.0000	0.0040	0.0000	0.0001	0.0008
0.0000	0.0000	1.0000	0.0000	0.0000	0.0000	0.0000
0.0000	0.0000	1.0000	0.0000	0.0000	0.0000	0.0000
0.0000	0.0000	1.0000	0.0000	0.0000	0.0000	0.0000
0.0000	0.0000	0.0000	1.0000	0.0000	0.0000	0.0000
0.0375	0.0002	0.0000	0.9623	0.0000	0.0000	0.0000
0.0212	0.0010	0.0000	0.9777	0.0000	0.0000	0.0000
0.0000	0.0000	0.0000	0.0000	0.9985	0.0000	0.0015
0.0000	0.2346	0.0000	0.0000	0.7645	0.0000	0.0009
0.0001	0.0000	0.0000	0.0000	0.0000	0.9999	0.0000
0.0000	0.0000	0.0000	0.0000	0.0000	1.0000	0.0000
0.0000	0.0000	0.0002	0.0000	0.0000	0.0000	0.9997
0.0000	0.0092	0.0000	0.0000	0.0000	0.0000	0.9907
0.0000	0.0009	0.1945	0.0000	0.0647	0.0000	0.7399
0.0000	0.9992	0.0000	0.0000	0.0000	0.0006	0.0002
0.0000	0.9945	0.0000	0.0000	0.0000	0.0035	0.0020
0.0000	0.0000	1.0000	0.0000	0.0000	0.0000	0.0000
0.0000	0.0000	0.0000	1.0000	0.0000	0.0000	0.0000
0.0000	0.9999	0.0000	0.0000	0.0000	0.0000	0.0001
0.0000	0.0000	0.0000	1.0000	0.0000	0.0000	0.0000
0.0000	0.0000	0.0000	1.0000	0.0000	0.0000	0.0000
0.0000	0.0080	0.0018	0.0000	0.0000	0.0000	0.9902
0.7675	0.0457	0.0383	0.0021	0.0000	0.1448	0.0016
0.0014	0.0001	0.9269	0.0000	0.0000	0.0319	0.0397
0.0035	0.6174	0.3614	0.0001	0.0000	0.0002	0.0174
0.0000	0.0000	0.0000	0.0000	1.0000	0.0000	0.0000
0.2484	0.6089	0.1322	0.0002	0.0000	0.0006	0.0097
0.0749	0.0001	0.9195	0.0025	0.0031	0.0000	0.0000
0.0000	0.0000	0.0000	0.0000	1.0000	0.0000	0.0000
0.0000	0.0152	0.0001	0.0000	0.0000	0.0000	0.9846
