0.9974	0.0024	0.0000	0.0001	0.0000	0.0000	0.0000
0.0000	0.0000	1.0000	0.0000	0.0000	0.0000	0.0000
0.0000	0.0000	1.0000	0.0000	0.0000	0.0000	0.0000
0.0000	0.0000	0.0000	1.0000	0.0000	0.0000	0.0000
0.0014	0.0413	0.0000	0.9566	0.0000	0.0006	0.0001
0.0000	0.0001	0.0011	0.0000	0.9988	0.0000	0.0000
0.0000	0.0002	0.0005	0.0000	0.9990	0.0000	0.0003
0.0845	0.1146	0.0000	0.7401	0.0000	0.0605	0.0003
0.4716	0.4036	0.0000	0.0144	0.0000	0.1059	0.0046
0.0652	0.1059	0.0000	0.0010	0.0000	0.8279	0.0000
0.1257	0.3348	0.0000	0.4233	0.0000	0.1162	0.0002
0.0000	0.0045	0.0000	0.0000	0.0018	0.0000	0.9937
0.0000	0.0000	0.0000	0.0000	0.0000	0.0000	1.0000
0.0000	0.4281	0.0000	0.0000	0.5718	0.0000	0.0000
0.9889	0.0104	0.0000	0.0000	0.0000	0.0006	0.0000
1.0000	0.0000	0.0000	0.0000	0.0000	0.0000	0.0000
0.0000	0.9948	0.0000	0.0001	0.0000	0.0000	0.0051
0.0043	0.9791	0.0000	0.0115	0.0000	0.0050	0.0000
0.0000	0.9948	0.0000	0.0050	0.0000	0.0000	0.0002
0.0000	0.0000	0.9995	0.0000	0.0000	0.0000	0.0005
0.0000	0.0000	1.0000	0.0000	0.0000	0.0000	0.0000
0.0000	0.0000	1.0000	0.0000	0.0000	0.0000	0.0000
0.0000	0.0000	0.0000	1.0000	0.0000	0.0000	0.0000
0.0009	0.0011	0.0000	0.9980	0.0000	0.0000	0.0000
0.0010	0.0030	0.0000	0.9960	0.0000	0.0000	0.0000
0.0000	0.0002	0.0000	0.0000	0.9994	0.0000	0.0004
0.0000	0.0039	0.0000	0.0000	0.9948	0.0000	0.0013
0.0000	0.0000	0.0000	0.0000	0.0000	1.0000	0.0000
0.0000	0.0000	0.0000	0.0000	0.0000	1.0000	0.0000
0.0000	0.0000	0.0012	0.0000	0.0016	0.0000	0.9972
0.0000	0.0001	0.0000	0.0000	0.0007	0.0000	0.9992
0.0000	0.0000	0.0014	0.0000	0.0670	0.0000	0.9316
0.0000	0.9916	0.0001	0.0000	0.0002	0.0035	0.0045
0.0000	0.9892	0.0003	0.0000	0.0001	0.0053	0.0051
0.0000	0.0000	0.9996	0.0000	0.0000	0.0000	0.0004
0.0000	0.0000	0.0000	1.0000	0.0000	0.0000	0.0000
0.0000	0.9850	0.0001	0.0000	0.0002	0.0001	0.0146
0.0000	0.0000	0.0000	1.0000	0.0000	0.0000	0.0000
0.0000	0.0000	0.0000	1.0000	0.0000	0.0000	0.0000
0.0000	0.0015	0.0006	0.0000	0.0000	0.0001	0.9978
0.6347	0.0568	0.0385	0.0010	0.0000	0.2675	0.0014
0.0009	0.0064	0.7945	0.0000	0.0000	0.1824	0.0159
0.0287	0.2821	0.6163	0.0005	0.0000	0.0148	0.0576
0.0000	0.0000	0.0000	0.0000	1.0000	0.0000	0.0000
0.4736	0.2908	0.2256	0.0009	0.0000	0.0054	0.0036
0.3340	0.0306	0.4237	0.1281	0.0027	0.0000	0.0810
0.0000	0.0000	0.0000	0.0000	1.0000	0.0000	0.0000
0.0000	0.0003	0.0000	0.0000	0.0000	0.0009	0.9988
