0.9996	0.0004	0.0000	0.0000	0.0000	0.0000	0.0000
0.0000	0.0000	1.0000	0.0000	0.0000	0.0000	0.0000
0.0000	0.0000	1.0000	0.0000	0.0000	0.0000	0.0000
0.0000	0.0000	0.0000	1.0000	0.0000	0.0000	0.0000
0.0000	0.0588	0.0000	0.9411	0.0000	0.0001	0.0000
0.0000	0.0000	0.0000	0.0000	1.0000	0.0000	0.0000
0.0000	0.0000	0.0000	0.0000	1.0000	0.0000	0.0000
0.0456	0.1963	0.0000	0.7433	0.0000	0.0147	0.0001
0.0077	0.9744	0.0000	0.0001	0.0000	0.0173	0.0006
0.0030	0.2534	0.0000	0.0000	0.0000	0.7436	0.0000
0.0003	0.3643	0.0000	0.5967	0.0000	0.0387	0.0000
0.0000	0.0011	0.0000	0.0000	0.0000	0.0000	0.9989
0.0000	0.0000	0.0001	0.0000	0.0000	0.0000	0.9999
0.0000	0.0000	0.0000	0.0000	1.0000	0.0000	0.0000
0.9998	0.0002	0.0000	0.0000	0.0000	0.0001	0.0000
1.0000	0.0000	0.0000	0.0000	0.0000	0.0000	0.0000
0.0000	0.7177	0.0000	0.0000	0.0000	0.0000	0.2823
0.0005	0.9875	0.0000	0.0102	0.0000	0.0018	0.0000
0.0000	0.5777	0.0000	0.0030	0.0000	0.0001	0.4191
0.0000	0.0000	1.0000	0.0000	0.0000	0.0000	0.0000
0.0000	0.0000	1.0000	0.0000	0.0000	0.0000	0.0000
0.0000	0.0000	1.0000	0.0000	0.0000	0.0000	0.0000
0.0000	0.0000	0.0000	1.0000	0.0000	0.0000	0.0000
0.0000	0.0001	0.0000	0.9998	0.0000	0.0000	0.0000
0.0001	0.0005	0.0000	0.9994	0.0000	0.0000	0.0000
0.0000	0.0000	0.0000	0.0000	0.9998	0.0000	0.0002
0.0000	0.0001	0.0000	0.0000	0.9997	0.0000	0.0002
0.0002	0.0000	0.0000	0.0000	0.0000	0.9998	0.0000
0.0000	0.0000	0.0000	0.0000	0.0000	1.0000	0.0000
0.0000	0.0000	0.9439	0.0000	0.0000	0.0000	0.0561
0.0000	0.0001	0.0000	0.0000	0.0058	0.0000	0.9940
0.0000	0.0000	0.3684	0.0000	0.5109	0.0000	0.1207
0.0000	0.9997	0.0000	0.0000	0.0000	0.0003	0.0000
0.0000	0.9998	0.0000	0.0000	0.0000	0.0001	0.0001
0.0000	0.0000	0.9995	0.0000	0.0000	0.0000	0.0005
0.0000	0.0000	0.0000	1.0000	0.0000	0.0000	0.0000
0.0000	0.9999	0.0000	0.0000	0.0000	0.0000	0.0001
0.0000	0.0000	0.0000	1.0000	0.0000	0.0000	0.0000
0.0000	0.0002	0.0000	0.9998	0.0000	0.0000	0.0000
0.0000	0.0000	0.0001	0.0000	0.0000	0.0000	0.9999
0.9324	0.0008	0.0065	0.0001	0.0000	0.0591	0.0012
0.0006	0.0000	0.2989	0.0000	0.0000	0.3243	0.3762
0.0094	0.1845	0.7261	0.0000	0.0000	0.0162	0.0638
0.0012	0.0000	0.0000	0.0000	0.9988	0.0000	0.0000
0.9185	0.0306	0.0475	0.0000	0.0000	0.0006	0.0028
0.3640	0.0089	0.5850	0.0005	0.0000	0.0000	0.0416
0.0000	0.0000	0.0000	0.0000	1.0000	0.0000	0.0000
0.0000	0.0004	0.0012	0.0000	0.0000	0.0001	0.9983
