0.9997	0.0002	0.0000	0.0000	0.0000	0.0000	0.0000
0.0000	0.0000	1.0000	0.0000	0.0000	0.0000	0.0000
0.0000	0.0000	1.0000	0.0000	0.0000	0.0000	0.0000
0.0000	0.0000	0.0000	1.0000	0.0000	0.0000	0.0000
0.0099	0.0745	0.0000	0.9112	0.0000	0.0044	0.0001
0.0000	0.0000	0.0000	0.0000	0.9999	0.0000	0.0001
0.0000	0.0000	0.0000	0.0000	1.0000	0.0000	0.0000
0.0027	0.0042	0.0000	0.9868	0.0000	0.0063	0.0000
0.1110	0.4758	0.0000	0.2060	0.0000	0.1980	0.0092
0.1219	0.1303	0.0000	0.0006	0.0000	0.7470	0.0002
0.0383	0.1758	0.0000	0.5125	0.0000	0.2734	0.0000
0.0000	0.0001	0.0000	0.0000	0.0001	0.0000	0.9998
0.0000	0.0000	0.0000	0.0000	0.0000	0.0000	1.0000
0.0000	0.0001	0.0000	0.0000	0.9995	0.0000	0.0003
0.9474	0.0525	0.0000	0.0000	0.0000	0.0001	0.0000
1.0000	0.0000	0.0000	0.0000	0.0000	0.0000	0.0000
0.0000	1.0000	0.0000	0.0000	0.0000	0.0000	0.0000
0.0121	0.9678	0.0000	0.0011	0.0000	0.0189	0.0000
0.0001	0.9969	0.0000	0.0028	0.0000	0.0000	0.0002
0.0000	0.0000	1.0000	0.0000	0.0000	0.0000	0.0000
0.0000	0.0000	1.0000	0.0000	0.0000	0.0000	0.0000
0.0000	0.0000	1.0000	0.0000	0.0000	0.0000	0.0000
0.0000	0.0000	0.0000	1.0000	0.0000	0.0000	0.0000
0.0077	0.0003	0.0000	0.9919	0.0000	0.0000	0.0000
0.0134	0.0025	0.0000	0.9840	0.0000	0.0000	0.0000
0.0000	0.0000	0.0000	0.0000	0.9998	0.0000	0.0002
0.0000	0.0062	0.0000	0.0000	0.9885	0.0000	0.0053
0.0009	0.0000	0.0000	0.0000	0.0000	0.9991	0.0000
0.0000	0.0000	0.0000	0.0000	0.0000	1.0000	0.0000
0.0000	0.0000	0.0000	0.0000	0.0007	0.0000	0.9992
0.0000	0.0001	0.0000	0.0000	0.0002	0.0000	0.9997
0.0000	0.0000	0.0018	0.0000	0.2343	0.0000	0.7638
0.0000	0.9957	0.0002	0.0000	0.0000	0.0001	0.0041
0.0000	0.9983	0.0001	0.0000	0.0000	0.0000	0.0016
0.0000	0.0000	1.0000	0.0000	0.0000	0.0000	0.0000
0.0000	0.0000	0.0000	1.0000	0.0000	0.0000	0.0000
0.0000	0.9339	0.0001	0.0000	0.0000	0.0000	0.0660
0.0000	0.0000	0.0000	1.0000	0.0000	0.0000	0.0000
0.0000	0.0000	0.0000	1.0000	0.0000	0.0000	0.0000
0.0000	0.0157	0.0059	0.0000	0.0000	0.0000	0.9784
0.7929	0.0991	0.0607	0.0002	0.0000	0.0468	0.0004
0.0317	0.0331	0.6643	0.0000	0.0000	0.1939	0.0771
0.0028	0.9344	0.0453	0.0001	0.0000	0.0002	0.0173
0.0000	0.0000	0.0000	0.0000	1.0000	0.0000	0.0000
0.1504	0.8117	0.0371	0.0000	0.0000	0.0002	0.0006
0.0874	0.1260	0.4173	0.2613	0.0588	0.0000	0.0492
0.0000	0.0000	0.0000	0.0000	1.0000	0.0000	0.0000
0.0000	0.0055	0.0000	0.0000	0.0000	0.0002	0.9943
