1.0000	0.0000	0.0000	0.0000	0.0000	0.0000	0.0000
0.0000	0.0000	1.0000	0.0000	0.0000	0.0000	0.0000
0.0000	0.0000	1.0000	0.0000	0.0000	0.0000	0.0000
0.0000	0.0000	0.0000	1.0000	0.0000	0.0000	0.0000
0.0000	0.0089	0.0000	0.9910	0.0000	0.0001	0.0000
0.0000	0.0000	0.0000	0.0000	0.9995	0.0000	0.0005
0.0000	0.0000	0.0000	0.0000	1.0000	0.0000	0.0000
0.2647	0.0001	0.0000	0.6829	0.0000	0.0521	0.0001
0.0230	0.4049	0.0000	0.0485	0.0000	0.5232	0.0004
0.0031	0.1388	0.0000	0.0041	0.0000	0.8539	0.0001
0.0003	0.0387	0.0000	0.9397	0.0000	0.0213	0.0000
0.0000	0.0000	0.0000	0.0000	0.0000	0.0000	1.0000
0.0000	0.0000	0.0000	0.0000	0.0000	0.0000	1.0000
0.0000	0.0000	0.0000	0.0000	0.9993	0.0000	0.0007
0.9463	0.0524	0.0000	0.0000	0.0000	0.0013	0.0000
1.0000	0.0000	0.0000	0.0000	0.0000	0.0000	0.0000
0.0095	0.9904	0.0000	0.0000	0.0000	0.0001	0.0000
0.0023	0.9483	0.0000	0.0169	0.0000	0.0325	0.0000
0.0014	0.9693	0.0000	0.0284	0.0000	0.0006	0.0003
0.0000	0.0000	1.0000	0.0000	0.0000	0.0000	0.0000
0.0000	0.0000	1.0000	0.0000	0.0000	0.0000	0.0000
0.0000	0.0000	1.0000	0.0000	0.0000	0.0000	0.0000
0.0000	0.0000	0.0000	1.0000	0.0000	0.0000	0.0000
0.0001	0.0000	0.0000	0.9999	0.0000	0.0000	0.0000
0.0002	0.0001	0.0000	0.9997	0.0000	0.0000	0.0000
0.0000	0.0000	0.0000	0.0000	0.9998	0.0000	0.0002
0.0000	0.0000	0.0000	0.0000	0.9542	0.0000	0.0458
0.0016	0.0000	0.0000	0.0000	0.0000	0.9983	0.0000
0.0000	0.0000	0.0000	0.0000	0.0000	1.0000	0.0000
0.0000	0.0000	0.0005	0.0000	0.0040	0.0000	0.9955
0.0000	0.0000	0.0000	0.0000	0.0005	0.0000	0.9995
0.0000	0.0000	0.0025	0.0000	0.5830	0.0000	0.4144
0.0000	1.0000	0.0000	0.0000	0.0000	0.0000	0.0000
0.0000	1.0000	0.0000	0.0000	0.0000	0.0000	0.0000
0.0000	0.0000	1.0000	0.0000	0.0000	0.0000	0.0000
0.0000	0.0000	0.0000	1.0000	0.0000	0.0000	0.0000
0.0000	1.0000	0.0000	0.0000	0.0000	0.0000	0.0000
0.0000	0.0000	0.0000	0.9999	0.0000	0.0000	0.0000
0.0000	0.0025	0.0000	0.9574	0.0000	0.0000	0.0400
0.0000	0.0256	0.0063	0.0000	0.0000	0.0000	0.9680
0.9166	0.0084	0.0220	0.0000	0.0000	0.0530	0.0000
0.0244	0.0006	0.8374	0.0000	0.0000	0.0860	0.0516
0.0107	0.9428	0.0448	0.0001	0.0000	0.0003	0.0013
0.0000	0.0000	0.0000	0.0000	1.0000	0.0000	0.0000
0.7832	0.1788	0.0376	0.0001	0.0000	0.0003	0.0000
0.0001	0.0000	0.0485	0.8785	0.0006	0.0000	0.0722
0.0000	0.0000	0.0000	0.0000	1.0000	0.0000	0.0000
0.0000	0.0000	0.0000	0.0000	0.0000	0.0000	1.0000
