0.9999	0.0000	0.0000	0.0000	0.0000	0.0000	0.0000
0.0000	0.0000	1.0000	0.0000	0.0000	0.0000	0.0000
0.0000	0.0000	1.0000	0.0000	0.0000	0.0000	0.0000
0.0000	0.0000	0.0000	1.0000	0.0000	0.0000	0.0000
0.0133	0.0854	0.0000	0.9001	0.0000	0.0011	0.0001
0.0000	0.0000	0.0000	0.0000	0.9997	0.0000	0.0003
0.0000	0.0000	0.0000	0.0000	1.0000	0.0000	0.0000
0.0326	0.0064	0.0000	0.9564	0.0000	0.0047	0.0000
0.4554	0.3636	0.0000	0.1337	0.0000	0.0332	0.0141
0.0823	0.0848	0.0000	0.0009	0.0000	0.8318	0.0002
0.0576	0.2224	0.0000	0.5064	0.0000	0.2136	0.0000
0.0000	0.0000	0.0000	0.0000	0.0000	0.0000	1.0000
0.0000	0.0000	0.0000	0.0000	0.0000	0.0000	1.0000
0.0000	0.0003	0.0000	0.0000	0.9964	0.0000	0.0033
0.9970	0.0030	0.0000	0.0000	0.0000	0.0000	0.0000
1.0000	0.0000	0.0000	0.0000	0.0000	0.0000	0.0000
0.0004	0.9996	0.0000	0.0000	0.0000	0.0000	0.0000
0.0141	0.9780	0.0000	0.0017	0.0000	0.0061	0.0001
0.0008	0.9956	0.0000	0.0036	0.0000	0.0000	0.0000
0.0000	0.0000	1.0000	0.0000	0.0000	0.0000	0.0000
0.0000	0.0000	1.0000	0.0000	0.0000	0.0000	0.0000
0.0000	0.0000	1.0000	0.0000	0.0000	0.0000	0.0000
0.0000	0.0000	0.0000	1.0000	0.0000	0.0000	0.0000
0.0017	0.0001	0.0000	0.9982	0.0000	0.0000	0.0000
0.0023	0.0007	0.0000	0.9970	0.0000	0.0000	0.0000
0.0000	0.0000	0.0000	0.0000	0.9999	0.0000	0.0001
0.0000	0.0018	0.0000	0.0000	0.9519	0.0000	0.0464
0.0145	0.0000	0.0000	0.0000	0.0000	0.9855	0.0000
0.0000	0.0000	0.0000	0.0000	0.0000	1.0000	0.0000
0.0000	0.0000	0.0002	0.0000	0.0001	0.0000	0.9997
0.0000	0.0000	0.0000	0.0000	0.0001	0.0000	0.9999
0.0000	0.0000	0.0031	0.0000	0.0675	0.0000	0.9295
0.0000	0.9982	0.0000	0.0000	0.0000	0.0000	0.0018
0.0000	0.9980	0.0000	0.0000	0.0000	0.0000	0.0019
0.0000	0.0000	1.0000	0.0000	0.0000	0.0000	0.0000
0.0000	0.0000	0.0000	1.0000	0.0000	0.0000	0.0000
0.0000	0.9850	0.0000	0.0000	0.0000	0.0000	0.0149
0.0000	0.0000	0.0000	1.0000	0.0000	0.0000	0.0000
0.0000	0.0000	0.0000	1.0000	0.0000	0.0000	0.0000
0.0000	0.0125	0.0008	0.0000	0.0000	0.0000	0.9868
0.9134	0.0188	0.0572	0.0002	0.0000	0.0104	0.0001
0.0558	0.0036	0.8734	0.0000	0.0000	0.0158	0.0514
0.0026	0.7161	0.1522	0.0008	0.0000	0.0002	0.1281
0.0000	0.0000	0.0000	0.0000	1.0000	0.0000	0.0000
0.5713	0.3592	0.0689	0.0003	0.0000	0.0000	0.0002
0.0052	0.0103	0.1013	0.4856	0.0095	0.0000	0.3880
0.0000	0.0000	0.0000	0.0000	1.0000	0.0000	0.0000
0.0000	0.0003	0.0000	0.0000	0.0000	0.0000	0.9997
