0.9990	0.0002	0.0000	0.0008	0.0000	0.0000	0.0000
0.0000	0.0000	1.0000	0.0000	0.0000	0.0000	0.0000
0.0000	0.0000	1.0000	0.0000	0.0000	0.0000	0.0000
0.0000	0.0000	0.0000	1.0000	0.0000	0.0000	0.0000
0.0005	0.0091	0.0000	0.9901	0.0000	0.0003	0.0000
0.0000	0.0000	0.0000	0.0000	0.9997	0.0000	0.0002
0.0000	0.0000	0.0000	0.0000	1.0000	0.0000	0.0000
0.0005	0.0006	0.0000	0.9954	0.0000	0.0035	0.0000
0.0436	0.2999	0.0000	0.5897	0.0000	0.0664	0.0005
0.0749	0.1006	0.0000	0.0107	0.0000	0.8138	0.0001
0.0069	0.0230	0.0000	0.9145	0.0000	0.0556	0.0000
0.0000	0.0000	0.0000	0.0000	0.0000	0.0000	1.0000
0.0000	0.0000	0.0000	0.0000	0.0000	0.0000	1.0000
0.0000	0.0000	0.0000	0.0000	0.9857	0.0000	0.0142
0.9351	0.0649	0.0000	0.0000	0.0000	0.0001	0.0000
1.0000	0.0000	0.0000	0.0000	0.0000	0.0000	0.0000
0.0000	1.0000	0.0000	0.0000	0.0000	0.0000	0.0000
0.0120	0.9519	0.0000	0.0230	0.0000	0.0131	0.0001
0.0001	0.9929	0.0000	0.0070	0.0000	0.0000	0.0000
0.0000	0.0000	1.0000	0.0000	0.0000	0.0000	0.0000
0.0000	0.0000	1.0000	0.0000	0.0000	0.0000	0.0000
0.0000	0.0000	1.0000	0.0000	0.0000	0.0000	0.0000
0.0000	0.0000	0.0000	1.0000	0.0000	0.0000	0.0000
0.0002	0.0000	0.0000	0.9998	0.0000	0.0000	0.0000
0.0006	0.0001	0.0000	0.9993	0.0000	0.0000	0.0000
0.0000	0.0000	0.0000	0.0000	0.9994	0.0000	0.0006
0.0000	0.0031	0.0000	0.0002	0.9275	0.0000	0.0692
0.0001	0.0000	0.0000	0.0000	0.0000	0.9999	0.0000
0.0000	0.0000	0.0000	0.0000	0.0000	1.0000	0.0000
0.0000	0.0000	0.0008	0.0000	0.0008	0.0000	0.9984
0.0000	0.0001	0.0000	0.0001	0.0002	0.0000	0.9996
0.0000	0.0000	0.0106	0.0000	0.1408	0.0000	0.8486
0.0000	0.9997	0.0000	0.0000	0.0000	0.0000	0.0003
0.0000	0.9998	0.0000	0.0000	0.0000	0.0000	0.0002
0.0000	0.0000	1.0000	0.0000	0.0000	0.0000	0.0000
0.0000	0.0000	0.0000	1.0000	0.0000	0.0000	0.0000
0.0000	0.9993	0.0000	0.0000	0.0000	0.0000	0.0007
0.0000	0.0000	0.0000	1.0000	0.0000	0.0000	0.0000
0.0000	0.0000	0.0000	1.0000	0.0000	0.0000	0.0000
0.0000	0.3300	0.0134	0.0001	0.0000	0.0000	0.6565
0.5515	0.1393	0.2195	0.0029	0.0000	0.0864	0.0005
0.0025	0.0250	0.8189	0.0002	0.0000	0.1296	0.0239
0.0001	0.7369	0.2460	0.0035	0.0000	0.0001	0.0135
0.0000	0.0000	0.0000	0.0000	1.0000	0.0000	0.0000
0.0697	0.8682	0.0565	0.0044	0.0000	0.0005	0.0006
0.0000	0.0003	0.0180	0.9792	0.0003	0.0000	0.0021
0.0000	0.0000	0.0000	0.0000	1.0000	0.0000	0.0000
0.0000	0.0027	0.0000	0.0000	0.0000	0.0002	0.9971
