0.9843	0.0014	0.0000	0.0008	0.0001	0.0008	0.0126
0.0000	0.0000	1.0000	0.0000	0.0000	0.0000	0.0000
0.0000	0.0000	1.0000	0.0000	0.0000	0.0000	0.0000
0.0002	0.0000	0.0000	0.9975	0.0003	0.0000	0.0020
0.0010	0.0371	0.0000	0.9604	0.0000	0.0014	0.0001
0.0000	0.0000	0.0001	0.0000	0.9997	0.0000	0.0002
0.0000	0.0000	0.0000	0.0000	1.0000	0.0000	0.0000
0.1242	0.0088	0.0000	0.7476	0.0002	0.1010	0.0181
0.1138	0.1452	0.0000	0.0149	0.0000	0.6954	0.0307
0.0292	0.4977	0.0000	0.0099	0.0000	0.4620	0.0011
0.0111	0.1514	0.0000	0.7373	0.0000	0.0999	0.0002
0.0000	0.0007	0.0000	0.0001	0.0126	0.0000	0.9866
0.0000	0.0000	0.0171	0.0000	0.0171	0.0000	0.9658
0.0000	0.0000	0.0000	0.0000	1.0000	0.0000	0.0000
0.9842	0.0143	0.0000	0.0000	0.0000	0.0015	0.0000
1.0000	0.0000	0.0000	0.0000	0.0000	0.0000	0.0000
0.0395	0.9468	0.0000	0.0014	0.0000	0.0026	0.0097
0.0202	0.9034	0.0000	0.0337	0.0000	0.0403	0.0024
0.0060	0.9042	0.0000	0.0791	0.0001	0.0004	0.0103
0.0000	0.0000	1.0000	0.0000	0.0000	0.0000	0.0000
0.0000	0.0000	1.0000	0.0000	0.0000	0.0000	0.0000
0.0000	0.0000	1.0000	0.0000	0.0000	0.0000	0.0000
0.0000	0.0000	0.0000	0.9996	0.0003	0.0000	0.0001
0.0005	0.0001	0.0000	0.9993	0.0000	0.0000	0.0000
0.0009	0.0004	0.0000	0.9986	0.0000	0.0000	0.0001
0.0000	0.0000	0.0000	0.0000	0.9975	0.0000	0.0025
0.0000	0.0007	0.0000	0.0000	0.9765	0.0000	0.0227
0.0008	0.0000	0.5498	0.0000	0.0000	0.4494	0.0001
0.0002	0.0000	0.0063	0.0000	0.0000	0.9936	0.0000
0.0000	0.0000	0.2642	0.0000	0.3805	0.0000	0.3552
0.0000	0.0003	0.0000	0.0002	0.0023	0.0006	0.9966
0.0000	0.0000	0.0614	0.0000	0.8343	0.0000	0.1043
0.0000	0.9978	0.0000	0.0000	0.0000	0.0021	0.0001
0.0000	0.9988	0.0000	0.0000	0.0000	0.0010	0.0001
0.0000	0.0000	0.9996	0.0000	0.0000	0.0000	0.0003
0.0000	0.0000	0.0000	1.0000	0.0000	0.0000	0.0000
0.0000	0.9860	0.0000	0.0000	0.0000	0.0096	0.0044
0.0000	0.0001	0.0013	0.9933	0.0000	0.0044	0.0009
0.0000	0.0083	0.0000	0.9870	0.0000	0.0038	0.0010
0.0000	0.0063	0.0026	0.0000	0.0000	0.0002	0.9909
0.6076	0.1312	0.1142	0.0029	0.0000	0.1439	0.0002
0.0300	0.0102	0.8502	0.0003	0.0000	0.0782	0.0310
0.0505	0.7321	0.1856	0.0063	0.0000	0.0167	0.0089
0.0000	0.0000	0.0000	0.0047	0.9953	0.0000	0.0000
0.3401	0.4488	0.1990	0.0044	0.0000	0.0065	0.0011
0.0034	0.0003	0.0867	0.8955	0.0003	0.0000	0.0138
0.0000	0.0000	0.0000	0.0000	1.0000	0.0000	0.0000
0.0000	0.0002	0.0001	0.0000	0.0001	0.0002	0.9995
