0.9847	0.0028	0.0000	0.0001	0.0000	0.0008	0.0116
0.0000	0.0000	1.0000	0.0000	0.0000	0.0000	0.0000
0.0000	0.0000	1.0000	0.0000	0.0000	0.0000	0.0000
0.0007	0.0000	0.0000	0.9032	0.0000	0.0000	0.0961
0.0009	0.0544	0.0000	0.9436	0.0000	0.0010	0.0000
0.0000	0.0000	0.0000	0.0000	0.9984	0.0000	0.0016
0.0000	0.0000	0.0000	0.0000	0.9974	0.0000	0.0026
0.5323	0.0180	0.0000	0.0744	0.0000	0.3620	0.0133
0.0375	0.1671	0.0000	0.0108	0.0000	0.7824	0.0021
0.0521	0.3532	0.0000	0.0058	0.0000	0.5887	0.0002
0.0245	0.2805	0.0000	0.4673	0.0000	0.2276	0.0000
0.0000	0.0000	0.0000	0.0000	0.0000	0.0000	0.9999
0.0000	0.0000	0.0000	0.0000	0.0001	0.0000	0.9999
0.0000	0.0000	0.0000	0.0000	0.9963	0.0000	0.0037
0.7918	0.0677	0.0000	0.0000	0.0000	0.1403	0.0002
1.0000	0.0000	0.0000	0.0000	0.0000	0.0000	0.0000
0.0004	0.9972	0.0000	0.0003	0.0000	0.0008	0.0013
0.0103	0.9017	0.0000	0.0092	0.0000	0.0785	0.0002
0.0004	0.9911	0.0000	0.0073	0.0000	0.0004	0.0008
0.0000	0.0000	1.0000	0.0000	0.0000	0.0000	0.0000
0.0000	0.0000	1.0000	0.0000	0.0000	0.0000	0.0000
0.0000	0.0000	1.0000	0.0000	0.0000	0.0000	0.0000
0.0001	0.0000	0.0000	0.9990	0.0000	0.0000	0.0009
0.0009	0.0003	0.0000	0.9988	0.0000	0.0000	0.0000
0.0005	0.0006	0.0000	0.9989	0.0000	0.0000	0.0000
0.0000	0.0000	0.0000	0.0000	0.9996	0.0000	0.0004
0.0000	0.0002	0.0000	0.0000	0.9856	0.0000	0.0142
0.0002	0.0000	0.0111	0.0000	0.0000	0.9823	0.0064
0.0000	0.0000	0.0000	0.0000	0.0000	1.0000	0.0000
0.0000	0.0000	0.0003	0.0000	0.0094	0.0000	0.9903
0.0000	0.0002	0.0000	0.0002	0.0014	0.0000	0.9982
0.0000	0.0000	0.0015	0.0000	0.5075	0.0000	0.4910
0.0000	0.9955	0.0001	0.0000	0.0024	0.0007	0.0013
0.0000	0.9966	0.0005	0.0000	0.0003	0.0001	0.0025
0.0000	0.0000	0.9997	0.0000	0.0000	0.0002	0.0001
0.0000	0.0000	0.0000	1.0000	0.0000	0.0000	0.0000
0.0000	0.9599	0.0009	0.0000	0.0012	0.0001	0.0378
0.0001	0.0005	0.0000	0.9724	0.0000	0.0210	0.0060
0.0000	0.0010	0.0000	0.9934	0.0000	0.0017	0.0039
0.0000	0.0099	0.0005	0.0000	0.0000	0.0000	0.9896
0.1680	0.0572	0.0145	0.0012	0.0000	0.7591	0.0000
0.0017	0.0118	0.7843	0.0000	0.0000	0.1754	0.0268
0.0087	0.9621	0.0104	0.0038	0.0000	0.0142	0.0008
0.0000	0.0000	0.0000	1.0000	0.0000	0.0000	0.0000
0.1163	0.7967	0.0752	0.0014	0.0000	0.0103	0.0001
0.0008	0.0011	0.0482	0.9324	0.0000	0.0014	0.0162
0.0000	0.0000	0.0000	0.0000	1.0000	0.0000	0.0000
0.0000	0.0001	0.0001	0.0000	0.0001	0.0001	0.9997
