0.9892	0.0031	0.0000	0.0058	0.0000	0.0004	0.0014
0.0000	0.0000	1.0000	0.0000	0.0000	0.0000	0.0000
0.0000	0.0000	1.0000	0.0000	0.0000	0.0000	0.0000
0.0001	0.0000	0.0000	0.9999	0.0000	0.0000	0.0000
0.0654	0.2224	0.0000	0.6953	0.0005	0.0139	0.0025
0.0004	0.0000	0.0001	0.0000	0.9963	0.0000	0.0032
0.0018	0.0000	0.0000	0.0000	0.9963	0.0000	0.0018
0.0915	0.0129	0.0000	0.8414	0.0002	0.0531	0.0010
0.3039	0.2834	0.0000	0.1244	0.0000	0.2776	0.0106
0.2943	0.2204	0.0000	0.0124	0.0000	0.4689	0.0039
0.1823	0.1787	0.0000	0.4917	0.0001	0.1460	0.0012
0.0000	0.0001	0.0000	0.0000	0.0046	0.0000	0.9952
0.0000	0.0000	0.0001	0.0000	0.0002	0.0000	0.9997
0.0000	0.0000	0.0000	0.0000	0.9961	0.0000	0.0038
0.9548	0.0422	0.0000	0.0000	0.0000	0.0029	0.0000
1.0000	0.0000	0.0000	0.0000	0.0000	0.0000	0.0000
0.0091	0.9899	0.0000	0.0005	0.0000	0.0002	0.0003
0.1140	0.8168	0.0000	0.0276	0.0001	0.0374	0.0040
0.0065	0.9428	0.0000	0.0476	0.0001	0.0002	0.0028
0.0000	0.0000	0.9999	0.0000	0.0000	0.0000	0.0001
0.0000	0.0000	1.0000	0.0000	0.0000	0.0000	0.0000
0.0000	0.0000	1.0000	0.0000	0.0000	0.0000	0.0000
0.0000	0.0000	0.0000	1.0000	0.0000	0.0000	0.0000
0.0271	0.0016	0.0000	0.9708	0.0002	0.0001	0.0002
0.0386	0.0052	0.0000	0.9553	0.0002	0.0002	0.0005
0.0000	0.0002	0.0001	0.0000	0.9908	0.0000	0.0089
0.0000	0.0055	0.0003	0.0001	0.9068	0.0000	0.0873
0.0015	0.0000	0.0038	0.0000	0.0000	0.9947	0.0000
0.0001	0.0000	0.0002	0.0000	0.0000	0.9996	0.0000
0.0000	0.0000	0.0067	0.0000	0.0123	0.0000	0.9810
0.0001	0.0008	0.0002	0.0001	0.0032	0.0002	0.9955
0.0000	0.0000	0.0222	0.0000	0.1852	0.0000	0.7926
0.0000	0.9900	0.0005	0.0000	0.0001	0.0011	0.0082
0.0000	0.9943	0.0004	0.0000	0.0001	0.0013	0.0039
0.0000	0.0000	0.9997	0.0000	0.0000	0.0000	0.0003
0.0000	0.0000	0.0000	1.0000	0.0000	0.0000	0.0000
0.0000	0.9310	0.0009	0.0001	0.0001	0.0009	0.0671
0.0000	0.0001	0.0000	0.9996	0.0000	0.0002	0.0000
0.0000	0.0022	0.0000	0.9975	0.0000	0.0002	0.0001
0.0000	0.1486	0.0228	0.0002	0.0001	0.0001	0.8281
0.1879	0.1865	0.3640	0.0244	0.0000	0.2187	0.0185
0.0080	0.0782	0.6958	0.0023	0.0000	0.1247	0.0909
0.0037	0.6267	0.2044	0.0250	0.0000	0.0022	0.1380
0.0000	0.0000	0.0000	0.0000	1.0000	0.0000	0.0000
0.0529	0.7438	0.1562	0.0151	0.0000	0.0057	0.0263
0.0001	0.0062	0.0594	0.9123	0.0093	0.0000	0.0126
0.0000	0.0000	0.0000	0.0000	0.9999	0.0000	0.0000
0.0000	0.0068	0.0004	0.0000	0.0000	0.0004	0.9924
