0.9998	0.0001	0.0000	0.0000	0.0000	0.0000	0.0001
0.0000	0.0000	1.0000	0.0000	0.0000	0.0000	0.0000
0.0000	0.0000	1.0000	0.0000	0.0000	0.0000	0.0000
0.0000	0.0000	0.0000	1.0000	0.0000	0.0000	0.0000
0.0000	0.0129	0.0000	0.9870	0.0000	0.0001	0.0000
0.0000	0.0000	0.0000	0.0000	1.0000	0.0000	0.0000
0.0000	0.0000	0.0000	0.0000	1.0000	0.0000	0.0000
0.0580	0.0005	0.0000	0.9211	0.0000	0.0198	0.0005
0.0442	0.5502	0.0000	0.0095	0.0000	0.3800	0.0162
0.0054	0.4277	0.0000	0.0017	0.0000	0.5650	0.0002
0.0007	0.0335	0.0000	0.9419	0.0000	0.0240	0.0000
0.0000	0.0000	0.0000	0.0000	0.0012	0.0000	0.9988
0.0000	0.0000	0.0003	0.0000	0.0002	0.0000	0.9995
0.0000	0.0000	0.0000	0.0000	1.0000	0.0000	0.0000
0.9888	0.0112	0.0000	0.0000	0.0000	0.0000	0.0000
1.0000	0.0000	0.0000	0.0000	0.0000	0.0000	0.0000
0.0003	0.9997	0.0000	0.0000	0.0000	0.0000	0.0000
0.0022	0.9734	0.0000	0.0117	0.0000	0.0125	0.0003
0.0002	0.9777	0.0000	0.0126	0.0000	0.0000	0.0094
0.0000	0.0000	1.0000	0.0000	0.0000	0.0000	0.0000
0.0000	0.0000	1.0000	0.0000	0.0000	0.0000	0.0000
0.0000	0.0000	1.0000	0.0000	0.0000	0.0000	0.0000
0.0000	0.0000	0.0000	1.0000	0.0000	0.0000	0.0000
0.0000	0.0000	0.0000	1.0000	0.0000	0.0000	0.0000
0.0001	0.0001	0.0000	0.9998	0.0000	0.0000	0.0000
0.0000	0.0000	0.0000	0.0000	0.9992	0.0000	0.0008
0.0000	0.0000	0.0000	0.0000	0.9927	0.0000	0.0073
0.0001	0.0000	0.0000	0.0000	0.0000	0.9999	0.0000
0.0000	0.0000	0.0000	0.0000	0.0000	1.0000	0.0000
0.0000	0.0000	0.2765	0.0000	0.1919	0.0000	0.5317
0.0000	0.0000	0.0000	0.0000	0.0003	0.0000	0.9997
0.0000	0.0000	0.0147	0.0000	0.9714	0.0000	0.0139
0.0000	1.0000	0.0000	0.0000	0.0000	0.0000	0.0000
0.0000	1.0000	0.0000	0.0000	0.0000	0.0000	0.0000
0.0000	0.0000	0.9999	0.0000	0.0000	0.0000	0.0001
0.0000	0.0000	0.0000	1.0000	0.0000	0.0000	0.0000
0.0000	0.9999	0.0000	0.0000	0.0000	0.0000	0.0001
0.0000	0.0000	0.0000	1.0000	0.0000	0.0000	0.0000
0.0000	0.0000	0.0000	1.0000	0.0000	0.0000	0.0000
0.0000	0.0029	0.0009	0.0000	0.0000	0.0000	0.9962
0.8026	0.0153	0.0821	0.0007	0.0000	0.0993	0.0000
0.0101	0.0011	0.7537	0.0000	0.0000	0.1308	0.1043
0.0040	0.6865	0.3057	0.0014	0.0000	0.0003	0.0021
0.0000	0.0000	0.0000	0.0000	1.0000	0.0000	0.0000
0.5168	0.3603	0.1191	0.0032	0.0000	0.0003	0.0003
0.0001	0.0000	0.0712	0.9266	0.0000	0.0000	0.0020
0.0000	0.0000	0.0000	0.0000	1.0000	0.0000	0.0000
0.0000	0.0000	0.0000	0.0000	0.0000	0.0000	0.9999
