0.9975	0.0000	0.0000	0.0025	0.0000	0.0000	0.0000
0.8838	0.0003	0.0000	0.1159	0.0000	0.0000	0.0000
0.0205	0.7501	0.0000	0.2197	0.0000	0.0097	0.0000
0.0098	0.9839	0.0000	0.0056	0.0000	0.0007	0.0000
0.0000	0.0000	1.0000	0.0000	0.0000	0.0000	0.0000
0.0000	0.0000	1.0000	0.0000	0.0000	0.0000	0.0000
0.0000	0.0000	0.9006	0.0000	0.0001	0.0000	0.0993
0.0000	0.0000	0.0000	0.0000	0.9998	0.0000	0.0002
0.0000	0.0000	0.0010	0.0000	0.9969	0.0000	0.0021
0.0000	0.0000	0.0000	0.0000	1.0000	0.0000	0.0000
0.0004	0.0083	0.0000	0.1223	0.0000	0.8690	0.0000
0.0000	0.0000	0.0000	0.0000	0.0000	0.0000	1.0000
0.9995	0.0000	0.0000	0.0005	0.0000	0.0000	0.0000
0.0032	0.0000	0.0000	0.9968	0.0000	0.0001	0.0000
0.2799	0.0070	0.0000	0.7130	0.0000	0.0001	0.0000
0.0000	0.0372	0.0000	0.9627	0.0000	0.0000	0.0000
0.0000	0.0000	1.0000	0.0000	0.0000	0.0000	0.0000
0.0000	0.0000	1.0000	0.0000	0.0000	0.0000	0.0000
0.0000	0.0000	0.0000	1.0000	0.0000	0.0000	0.0000
0.0002	0.0000	0.0000	0.9998	0.0000	0.0000	0.0000
0.0000	0.0000	0.0000	0.0000	1.0000	0.0000	0.0000
0.0000	0.0000	0.0000	0.0000	1.0000	0.0000	0.0000
0.0000	0.0000	0.0000	0.0000	0.0000	1.0000	0.0000
0.0000	0.0000	0.0000	0.0000	0.0000	1.0000	0.0000
0.0000	0.0000	0.0001	0.0000	0.0000	0.0000	0.9998
0.0000	0.9997	0.0000	0.0000	0.0000	0.0000	0.0003
0.0000	0.9999	0.0000	0.0000	0.0000	0.0000	0.0001
0.0000	0.0000	0.0000	1.0000	0.0000	0.0000	0.0000
0.0000	0.0000	0.0000	1.0000	0.0000	0.0000	0.0000
0.0000	0.0000	0.0000	1.0000	0.0000	0.0000	0.0000
0.0000	0.7932	0.0001	0.0000	0.0000	0.0000	0.2067
0.0000	0.0157	0.0000	0.0000	0.0000	0.0000	0.9843
0.0000	1.0000	0.0000	0.0000	0.0000	0.0000	0.0000
0.0000	1.0000	0.0000	0.0000	0.0000	0.0000	0.0000
0.0000	0.7180	0.2599	0.0000	0.0000	0.0000	0.0221
0.0000	0.0000	0.0000	1.0000	0.0000	0.0000	0.0000
0.0000	0.0311	0.0000	0.0000	0.0000	0.0000	0.9689
0.0000	0.0092	0.0000	0.0000	0.0000	0.0000	0.9908
0.9927	0.0000	0.0006	0.0000	0.0000	0.0068	0.0000
0.0000	0.6368	0.0001	0.3624	0.0005	0.0000	0.0001
0.0000	0.2796	0.0085	0.0000	0.0013	0.7095	0.0010
0.0084	0.8354	0.0937	0.0000	0.0001	0.0008	0.0616
0.0000	0.0000	0.9959	0.0000	0.0041	0.0000	0.0000
0.0000	0.0000	0.0000	1.0000	0.0000	0.0000	0.0000
0.0000	0.0000	0.0000	0.0000	1.0000	0.0000	0.0000
0.0000	0.9547	0.0009	0.0000	0.0400	0.0030	0.0015
0.0000	0.6978	0.0133	0.0000	0.0289	0.2553	0.0046
0.0000	0.9992	0.0000	0.0000	0.0000	0.0000	0.0008
