1.0000	0.0000	0.0000	0.0000	0.0000	0.0000	0.0000
0.9941	0.0019	0.0000	0.0031	0.0000	0.0006	0.0003
0.0192	0.7088	0.0000	0.0311	0.0000	0.2408	0.0001
0.0154	0.9211	0.0000	0.0530	0.0000	0.0101	0.0005
0.0000	0.0000	1.0000	0.0000	0.0000	0.0000	0.0000
0.0000	0.0000	0.9908	0.0000	0.0005	0.0000	0.0087
0.0000	0.0000	0.8636	0.0000	0.0073	0.0000	0.1290
0.0000	0.0115	0.0004	0.0008	0.7995	0.0000	0.1878
0.0000	0.0007	0.1082	0.0008	0.1829	0.0000	0.7073
0.0001	0.0000	0.0001	0.0000	0.9813	0.0000	0.0185
0.2280	0.1886	0.0000	0.0538	0.0000	0.5291	0.0004
0.0000	0.0035	0.0000	0.0001	0.0025	0.0000	0.9939
0.9999	0.0000	0.0000	0.0001	0.0000	0.0000	0.0000
0.5790	0.0045	0.0000	0.2438	0.0000	0.1728	0.0000
0.8994	0.0303	0.0000	0.0235	0.0000	0.0466	0.0003
0.0044	0.9947	0.0000	0.0009	0.0000	0.0000	0.0000
0.0000	0.0000	1.0000	0.0000	0.0000	0.0000	0.0000
0.0000	0.0000	0.9998	0.0000	0.0000	0.0000	0.0002
0.0002	0.0000	0.0000	0.9998	0.0000	0.0000	0.0000
0.0064	0.0027	0.0000	0.9897	0.0000	0.0012	0.0000
0.0000	0.0032	0.0004	0.0001	0.9678	0.0000	0.0285
0.0000	0.0013	0.0000	0.0000	0.9868	0.0000	0.0119
0.0038	0.0044	0.0001	0.0000	0.0000	0.9917	0.0000
0.0001	0.0001	0.0000	0.0000	0.0000	0.9998	0.0000
0.0000	0.0000	0.0052	0.0000	0.0998	0.0000	0.8949
0.0000	0.9644	0.0007	0.0000	0.0000	0.0001	0.0348
0.0000	0.9726	0.0001	0.0000	0.0001	0.0000	0.0272
0.0000	0.0000	0.0000	1.0000	0.0000	0.0000	0.0000
0.0000	0.0000	0.0000	1.0000	0.0000	0.0000	0.0000
0.0000	0.0000	0.0000	1.0000	0.0000	0.0000	0.0000
0.0000	0.7308	0.0075	0.0001	0.0198	0.0000	0.2419
0.0000	0.1994	0.0004	0.0008	0.0216	0.0000	0.7778
0.0000	0.9576	0.0008	0.0001	0.0005	0.0000	0.0410
0.0000	0.9748	0.0011	0.0001	0.0002	0.0000	0.0238
0.0000	0.5082	0.2233	0.0000	0.0064	0.0000	0.2621
0.0000	0.0000	0.0000	1.0000	0.0000	0.0000	0.0000
0.0000	0.1166	0.0051	0.0002	0.0011	0.0000	0.8769
0.0000	0.0281	0.0010	0.0000	0.0001	0.0000	0.9708
0.4467	0.0250	0.2717	0.0001	0.0000	0.2393	0.0172
0.0000	0.0502	0.0066	0.9395	0.0000	0.0000	0.0037
0.0032	0.2827	0.0219	0.0000	0.0000	0.6843	0.0078
0.0347	0.6024	0.0448	0.0009	0.0001	0.2374	0.0798
0.0078	0.2034	0.1218	0.6519	0.0025	0.0000	0.0126
0.0000	0.0000	0.0000	1.0000	0.0000	0.0000	0.0000
0.0000	0.0000	0.0017	0.0000	0.9978	0.0000	0.0005
0.0002	0.1458	0.0775	0.0000	0.0001	0.7444	0.0320
0.0001	0.0268	0.0206	0.0000	0.0000	0.9308	0.0217
0.0035	0.9154	0.0044	0.0176	0.0002	0.0032	0.0558
