1.0000	0.0000	0.0000	0.0000	0.0000	0.0000	0.0000
0.9998	0.0000	0.0000	0.0000	0.0000	0.0000	0.0001
0.0000	0.9752	0.0000	0.0067	0.0000	0.0181	0.0000
0.0000	0.9768	0.0000	0.0231	0.0000	0.0000	0.0000
0.0000	0.0000	1.0000	0.0000	0.0000	0.0000	0.0000
0.0000	0.0000	1.0000	0.0000	0.0000	0.0000	0.0000
0.0000	0.0000	0.9986	0.0000	0.0014	0.0000	0.0000
0.0000	0.0000	0.0000	0.0000	0.9997	0.0000	0.0003
0.0000	0.0000	0.0001	0.0000	0.9475	0.0000	0.0525
0.0000	0.0000	0.0000	0.0000	1.0000	0.0000	0.0000
0.0031	0.0085	0.0000	0.0014	0.0000	0.9868	0.0002
0.0000	0.0000	0.0000	0.0000	0.0001	0.0000	0.9998
1.0000	0.0000	0.0000	0.0000	0.0000	0.0000	0.0000
0.9756	0.0000	0.0000	0.0236	0.0000	0.0007	0.0000
0.9995	0.0004	0.0000	0.0001	0.0000	0.0000	0.0000
0.0001	0.9999	0.0000	0.0000	0.0000	0.0000	0.0000
0.0000	0.0000	1.0000	0.0000	0.0000	0.0000	0.0000
0.0000	0.0000	1.0000	0.0000	0.0000	0.0000	0.0000
0.0000	0.0000	0.0000	1.0000	0.0000	0.0000	0.0000
0.0000	0.0000	0.0000	1.0000	0.0000	0.0000	0.0000
0.0000	0.0000	0.0000	0.0000	0.9999	0.0000	0.0001
0.0000	0.0000	0.0000	0.0000	0.9999	0.0000	0.0001
0.0000	0.0000	0.0000	0.0000	0.0000	1.0000	0.0000
0.0000	0.0000	0.0000	0.0000	0.0000	1.0000	0.0000
0.0000	0.0000	0.0016	0.0000	0.9638	0.0000	0.0345
0.0000	0.0052	0.0002	0.0000	0.0000	0.0000	0.9946
0.0000	1.0000	0.0000	0.0000	0.0000	0.0000	0.0000
0.0000	0.0000	0.0000	1.0000	0.0000	0.0000	0.0000
0.0000	0.0000	0.0000	1.0000	0.0000	0.0000	0.0000
0.0000	0.0000	0.0000	1.0000	0.0000	0.0000	0.0000
0.0000	0.2369	0.0021	0.0000	0.0029	0.0000	0.7582
0.0000	0.0502	0.0000	0.0129	0.0941	0.0000	0.8428
0.0000	0.9956	0.0000	0.0000	0.0000	0.0000	0.0043
0.0000	0.9993	0.0000	0.0000	0.0000	0.0000	0.0006
0.0000	0.0020	0.8340	0.0000	0.0355	0.0000	0.1286
0.0000	0.0000	0.0000	0.9687	0.0000	0.0313	0.0000
0.0000	0.0000	0.0000	0.0000	0.0000	0.0000	0.9999
0.0000	0.0004	0.0000	0.0000	0.0000	0.0000	0.9996
0.6065	0.0023	0.3721	0.0000	0.0000	0.0190	0.0000
0.0000	0.0017	0.0013	0.9970	0.0000	0.0000	0.0000
0.0000	0.0914	0.0000	0.0000	0.0000	0.9086	0.0000
0.0003	0.0005	0.0023	0.0000	0.0000	0.9970	0.0000
0.0002	0.0000	0.0271	0.9726	0.0000	0.0000	0.0000
0.0000	0.0000	0.0000	0.6688	0.0000	0.0000	0.3312
0.0000	0.0000	0.0000	0.0000	1.0000	0.0000	0.0000
0.0000	0.0693	0.0001	0.0003	0.0000	0.9303	0.0000
0.0000	0.0135	0.0003	0.0015	0.0000	0.9847	0.0000
0.0008	0.0207	0.0106	0.0001	0.0001	0.2148	0.7529
