1.0000	0.0000	0.0000	0.0000	0.0000	0.0000	0.0000
0.9990	0.0000	0.0000	0.0010	0.0000	0.0000	0.0000
0.0094	0.9564	0.0000	0.0080	0.0000	0.0262	0.0000
0.0053	0.9767	0.0000	0.0172	0.0000	0.0007	0.0000
0.0000	0.0000	1.0000	0.0000	0.0000	0.0000	0.0000
0.0000	0.0000	0.9997	0.0000	0.0003	0.0000	0.0001
0.0000	0.0000	0.9832	0.0000	0.0032	0.0000	0.0136
0.0000	0.0000	0.0000	0.0000	0.9993	0.0000	0.0006
0.0000	0.0000	0.0627	0.0000	0.7544	0.0000	0.1829
0.0000	0.0000	0.0000	0.0000	1.0000	0.0000	0.0000
0.0029	0.0104	0.0000	0.0728	0.0000	0.9138	0.0001
0.0000	0.0000	0.0000	0.0000	0.0032	0.0000	0.9968
1.0000	0.0000	0.0000	0.0000	0.0000	0.0000	0.0000
0.8651	0.0002	0.0000	0.1344	0.0000	0.0003	0.0000
0.9626	0.0004	0.0000	0.0368	0.0000	0.0002	0.0000
0.0000	1.0000	0.0000	0.0000	0.0000	0.0000	0.0000
0.0000	0.0000	1.0000	0.0000	0.0000	0.0000	0.0000
0.0000	0.0000	1.0000	0.0000	0.0000	0.0000	0.0000
0.0000	0.0000	0.0000	1.0000	0.0000	0.0000	0.0000
0.0038	0.0000	0.0000	0.9962	0.0000	0.0000	0.0000
0.0000	0.0000	0.0000	0.0000	0.9998	0.0000	0.0002
0.0000	0.0000	0.0000	0.0000	1.0000	0.0000	0.0000
0.0000	0.0000	0.0000	0.0000	0.0000	1.0000	0.0000
0.0000	0.0000	0.0000	0.0000	0.0000	1.0000	0.0000
0.0000	0.0000	0.0022	0.0000	0.2369	0.0000	0.7609
0.0000	0.9971	0.0000	0.0000	0.0000	0.0000	0.0029
0.0000	0.9999	0.0000	0.0000	0.0000	0.0000	0.0001
0.0000	0.0000	0.0000	1.0000	0.0000	0.0000	0.0000
0.0000	0.0000	0.0000	1.0000	0.0000	0.0000	0.0000
0.0000	0.0000	0.0000	1.0000	0.0000	0.0000	0.0000
0.0000	0.9951	0.0014	0.0000	0.0003	0.0000	0.0032
0.0000	0.1385	0.0000	0.0000	0.0011	0.0000	0.8603
0.0000	0.9998	0.0000	0.0000	0.0000	0.0000	0.0002
0.0000	0.9999	0.0000	0.0000	0.0000	0.0000	0.0001
0.0000	0.1954	0.7854	0.0000	0.0002	0.0000	0.0190
0.0000	0.0000	0.0000	1.0000	0.0000	0.0000	0.0000
0.0000	0.0549	0.0001	0.0000	0.0000	0.0000	0.9449
0.0000	0.0249	0.0002	0.0000	0.0000	0.0000	0.9749
0.8917	0.0008	0.0104	0.0000	0.0000	0.0970	0.0002
0.0000	0.1692	0.0000	0.8291	0.0000	0.0000	0.0016
0.0000	0.2300	0.0043	0.0000	0.0000	0.7654	0.0003
0.0056	0.4258	0.0116	0.0000	0.0000	0.5514	0.0055
0.0008	0.0001	0.0335	0.9536	0.0120	0.0000	0.0000
0.0000	0.0000	0.0000	1.0000	0.0000	0.0000	0.0000
0.0000	0.0000	0.0000	0.0000	1.0000	0.0000	0.0000
0.0000	0.8021	0.0255	0.0000	0.0000	0.1706	0.0019
0.0000	0.3591	0.0542	0.0000	0.0000	0.5762	0.0105
0.0000	0.8832	0.0000	0.0028	0.0000	0.0001	0.1139
