1.0000	0.0000	0.0000	0.0000	0.0000	0.0000	0.0000
0.9998	0.0001	0.0000	0.0001	0.0000	0.0000	0.0000
0.0982	0.2324	0.0000	0.0137	0.0000	0.6556	0.0001
0.0281	0.8713	0.0000	0.0839	0.0000	0.0030	0.0137
0.0000	0.0000	1.0000	0.0000	0.0000	0.0000	0.0000
0.0000	0.0000	0.9997	0.0000	0.0001	0.0000	0.0002
0.0000	0.0000	0.9894	0.0000	0.0014	0.0000	0.0092
0.0000	0.0013	0.0002	0.0000	0.9547	0.0000	0.0437
0.0000	0.0000	0.1730	0.0000	0.6773	0.0000	0.1497
0.0000	0.0000	0.0000	0.0000	1.0000	0.0000	0.0000
0.1049	0.0171	0.0000	0.0117	0.0000	0.8641	0.0021
0.0000	0.0000	0.0000	0.0000	0.0001	0.0000	0.9999
1.0000	0.0000	0.0000	0.0000	0.0000	0.0000	0.0000
0.9922	0.0001	0.0000	0.0065	0.0000	0.0013	0.0000
0.9995	0.0003	0.0000	0.0001	0.0000	0.0001	0.0000
0.0002	0.9996	0.0000	0.0001	0.0000	0.0000	0.0000
0.0000	0.0000	1.0000	0.0000	0.0000	0.0000	0.0000
0.0000	0.0000	1.0000	0.0000	0.0000	0.0000	0.0000
0.0000	0.0000	0.0000	1.0000	0.0000	0.0000	0.0000
0.0004	0.0001	0.0000	0.9995	0.0000	0.0000	0.0000
0.0000	0.0000	0.0000	0.0000	0.9999	0.0000	0.0001
0.0000	0.0000	0.0000	0.0000	1.0000	0.0000	0.0000
0.0000	0.0000	0.0000	0.0000	0.0000	1.0000	0.0000
0.0000	0.0000	0.0000	0.0000	0.0000	1.0000	0.0000
0.0000	0.0000	0.0067	0.0000	0.1372	0.0000	0.8561
0.0000	0.9951	0.0000	0.0000	0.0000	0.0000	0.0048
0.0000	0.9991	0.0000	0.0000	0.0000	0.0000	0.0008
0.0000	0.0000	0.0000	1.0000	0.0000	0.0000	0.0000
0.0000	0.0000	0.0000	1.0000	0.0000	0.0000	0.0000
0.0000	0.0000	0.0000	1.0000	0.0000	0.0000	0.0000
0.0000	0.8707	0.0007	0.0000	0.0000	0.0000	0.1286
0.0000	0.1160	0.0000	0.0000	0.0005	0.0000	0.8834
0.0000	0.9877	0.0001	0.0000	0.0001	0.0000	0.0121
0.0000	0.9461	0.0010	0.0000	0.0040	0.0000	0.0489
0.0000	0.0003	0.9898	0.0000	0.0004	0.0000	0.0095
0.0000	0.0000	0.0000	1.0000	0.0000	0.0000	0.0000
0.0000	0.0173	0.0001	0.0000	0.0000	0.0000	0.9826
0.0000	0.0048	0.0000	0.0000	0.0000	0.0000	0.9952
0.3716	0.0083	0.5395	0.0000	0.0000	0.0800	0.0006
0.0000	0.3127	0.0118	0.6753	0.0000	0.0000	0.0003
0.0002	0.0659	0.0721	0.0000	0.0000	0.8588	0.0029
0.0060	0.0774	0.1080	0.0000	0.0000	0.7694	0.0392
0.1612	0.0465	0.7161	0.0758	0.0001	0.0000	0.0003
0.0000	0.0000	0.0000	1.0000	0.0000	0.0000	0.0000
0.0000	0.0000	0.0000	0.0000	1.0000	0.0000	0.0000
0.0000	0.0326	0.2094	0.0001	0.0000	0.7529	0.0050
0.0000	0.0114	0.1637	0.0001	0.0000	0.8118	0.0130
0.0000	0.0809	0.0036	0.0001	0.0000	0.0080	0.9074
