1.0000	0.0000	0.0000	0.0000	0.0000	0.0000	0.0000
0.9998	0.0000	0.0000	0.0002	0.0000	0.0000	0.0000
0.0063	0.7707	0.0000	0.0299	0.0000	0.1928	0.0003
0.0005	0.9802	0.0000	0.0031	0.0000	0.0000	0.0162
0.0000	0.0000	1.0000	0.0000	0.0000	0.0000	0.0000
0.0000	0.0000	0.9990	0.0000	0.0001	0.0000	0.0009
0.0000	0.0000	0.9653	0.0000	0.0008	0.0000	0.0339
0.0000	0.0000	0.0000	0.0000	0.9493	0.0000	0.0507
0.0000	0.0000	0.0048	0.0000	0.9319	0.0000	0.0634
0.0000	0.0000	0.0000	0.0000	1.0000	0.0000	0.0000
0.0023	0.0087	0.0000	0.0174	0.0000	0.9714	0.0001
0.0000	0.0000	0.0000	0.0000	0.0000	0.0000	1.0000
1.0000	0.0000	0.0000	0.0000	0.0000	0.0000	0.0000
0.3038	0.0001	0.0000	0.6923	0.0000	0.0039	0.0000
0.9982	0.0004	0.0000	0.0007	0.0000	0.0007	0.0000
0.0183	0.9787	0.0000	0.0030	0.0000	0.0000	0.0000
0.0000	0.0000	1.0000	0.0000	0.0000	0.0000	0.0000
0.0000	0.0000	1.0000	0.0000	0.0000	0.0000	0.0000
0.0000	0.0000	0.0000	1.0000	0.0000	0.0000	0.0000
0.0000	0.0000	0.0000	1.0000	0.0000	0.0000	0.0000
0.0000	0.0000	0.0000	0.0000	1.0000	0.0000	0.0000
0.0000	0.0000	0.0000	0.0000	1.0000	0.0000	0.0000
0.0000	0.0000	0.0000	0.0000	0.0000	1.0000	0.0000
0.0000	0.0000	0.0000	0.0000	0.0000	1.0000	0.0000
0.0000	0.0000	0.0000	0.0000	0.0024	0.0000	0.9976
0.0000	1.0000	0.0000	0.0000	0.0000	0.0000	0.0000
0.0000	0.9999	0.0000	0.0000	0.0000	0.0000	0.0001
0.0000	0.0000	0.0000	1.0000	0.0000	0.0000	0.0000
0.0000	0.0000	0.0000	1.0000	0.0000	0.0000	0.0000
0.0000	0.0000	0.0000	1.0000	0.0000	0.0000	0.0000
0.0000	0.8635	0.0000	0.0000	0.0000	0.0000	0.1365
0.0000	0.3802	0.0000	0.0000	0.0000	0.0000	0.6198
0.0000	0.9999	0.0000	0.0000	0.0000	0.0000	0.0001
0.0000	0.9998	0.0000	0.0000	0.0000	0.0000	0.0002
0.0000	0.0356	0.5932	0.0000	0.0001	0.0000	0.3711
0.0000	0.0000	0.0000	1.0000	0.0000	0.0000	0.0000
0.0000	0.0148	0.0000	0.0000	0.0000	0.0000	0.9852
0.0000	0.0016	0.0000	0.0000	0.0000	0.0000	0.9984
0.9288	0.0009	0.0082	0.0000	0.0000	0.0617	0.0003
0.0000	0.6852	0.0002	0.3127	0.0020	0.0000	0.0000
0.0000	0.0057	0.0004	0.0000	0.0001	0.9903	0.0035
0.0038	0.0292	0.0045	0.0000	0.0002	0.4798	0.4824
0.0000	0.2182	0.1535	0.3134	0.3149	0.0000	0.0001
0.0000	0.0000	0.0000	1.0000	0.0000	0.0000	0.0000
0.0000	0.0000	0.0000	0.0000	1.0000	0.0000	0.0000
0.0000	0.0832	0.0027	0.0000	0.0164	0.8913	0.0064
0.0000	0.0199	0.0031	0.0000	0.0185	0.9435	0.0150
0.0000	0.0114	0.0000	0.0021	0.0034	0.0006	0.9825
