1.0000	0.0000	0.0000	0.0000	0.0000	0.0000	0.0000
0.9976	0.0014	0.0000	0.0001	0.0000	0.0005	0.0004
0.0014	0.8501	0.0000	0.0343	0.0000	0.1141	0.0001
0.0005	0.8905	0.0000	0.1041	0.0000	0.0047	0.0002
0.0000	0.0000	1.0000	0.0000	0.0000	0.0000	0.0000
0.0000	0.0000	0.9990	0.0000	0.0010	0.0000	0.0000
0.0000	0.0000	0.9795	0.0000	0.0203	0.0000	0.0003
0.0000	0.0000	0.0000	0.0000	0.9844	0.0000	0.0156
0.0000	0.0000	0.0151	0.0000	0.6101	0.0000	0.3748
0.0000	0.0000	0.0000	0.0000	0.9995	0.0000	0.0005
0.0811	0.2577	0.0000	0.0248	0.0000	0.6345	0.0020
0.0000	0.0010	0.0002	0.0001	0.0083	0.0001	0.9905
1.0000	0.0000	0.0000	0.0000	0.0000	0.0000	0.0000
0.7363	0.0050	0.0000	0.0717	0.0000	0.1869	0.0000
0.9468	0.0302	0.0000	0.0013	0.0000	0.0211	0.0007
0.0052	0.9943	0.0000	0.0002	0.0000	0.0002	0.0002
0.0000	0.0000	1.0000	0.0000	0.0000	0.0000	0.0000
0.0000	0.0000	1.0000	0.0000	0.0000	0.0000	0.0000
0.0003	0.0000	0.0000	0.9996	0.0001	0.0000	0.0000
0.0007	0.0024	0.0000	0.9966	0.0000	0.0003	0.0000
0.0000	0.0000	0.0000	0.0000	0.9944	0.0000	0.0056
0.0000	0.0000	0.0000	0.0000	0.9972	0.0000	0.0028
0.0085	0.0005	0.0011	0.0000	0.0000	0.9893	0.0005
0.0000	0.0000	0.0000	0.0000	0.0000	1.0000	0.0000
0.0000	0.0000	0.0082	0.0000	0.8842	0.0000	0.1076
0.0000	0.8826	0.0002	0.0000	0.0000	0.0000	0.1172
0.0000	0.9994	0.0000	0.0000	0.0000	0.0000	0.0006
0.0000	0.0000	0.0000	1.0000	0.0000	0.0000	0.0000
0.0000	0.0000	0.0000	1.0000	0.0000	0.0000	0.0000
0.0000	0.0000	0.0000	1.0000	0.0000	0.0000	0.0000
0.0000	0.5841	0.0013	0.0000	0.0477	0.0000	0.3668
0.0000	0.1841	0.0000	0.0000	0.0229	0.0000	0.7930
0.0000	0.9781	0.0000	0.0000	0.0007	0.0000	0.0212
0.0000	0.9826	0.0000	0.0000	0.0006	0.0000	0.0168
0.0000	0.0580	0.2143	0.0000	0.1515	0.0000	0.5761
0.0000	0.0000	0.0001	0.9998	0.0000	0.0001	0.0001
0.0000	0.0216	0.0003	0.0000	0.0019	0.0000	0.9762
0.0000	0.0193	0.0000	0.0000	0.0001	0.0000	0.9805
0.3288	0.0145	0.3552	0.0000	0.0000	0.2988	0.0026
0.0003	0.1231	0.0579	0.8067	0.0004	0.0023	0.0093
0.0059	0.4152	0.0052	0.0000	0.0000	0.5737	0.0001
0.0902	0.2102	0.0857	0.0000	0.0003	0.5931	0.0205
0.0511	0.0937	0.5109	0.3096	0.0275	0.0003	0.0069
0.0000	0.0000	0.0000	1.0000	0.0000	0.0000	0.0000
0.0000	0.0000	0.0006	0.0000	0.9993	0.0000	0.0001
0.0002	0.1564	0.0089	0.0000	0.0000	0.8343	0.0001
0.0001	0.0431	0.0045	0.0000	0.0000	0.9519	0.0003
0.0386	0.5853	0.0401	0.0005	0.0117	0.0740	0.2499
