1.0000	0.0000	0.0000	0.0000	0.0000	0.0000	0.0000
0.9995	0.0001	0.0000	0.0004	0.0000	0.0000	0.0000
0.0127	0.8432	0.0000	0.0165	0.0000	0.1275	0.0000
0.0012	0.9846	0.0000	0.0137	0.0000	0.0000	0.0004
0.0000	0.0000	1.0000	0.0000	0.0000	0.0000	0.0000
0.0000	0.0000	1.0000	0.0000	0.0000	0.0000	0.0000
0.0000	0.0000	0.9995	0.0000	0.0000	0.0000	0.0005
0.0000	0.0002	0.0000	0.0000	0.9800	0.0000	0.0198
0.0000	0.0000	0.1177	0.0000	0.8484	0.0000	0.0339
0.0000	0.0000	0.0000	0.0000	1.0000	0.0000	0.0000
0.0054	0.0112	0.0000	0.0412	0.0000	0.9417	0.0005
0.0000	0.0001	0.0000	0.0000	0.0007	0.0000	0.9992
1.0000	0.0000	0.0000	0.0000	0.0000	0.0000	0.0000
0.8823	0.0001	0.0000	0.1174	0.0000	0.0003	0.0000
0.9971	0.0002	0.0000	0.0026	0.0000	0.0001	0.0000
0.0003	0.9997	0.0000	0.0000	0.0000	0.0000	0.0000
0.0000	0.0000	1.0000	0.0000	0.0000	0.0000	0.0000
0.0000	0.0000	1.0000	0.0000	0.0000	0.0000	0.0000
0.0000	0.0000	0.0000	1.0000	0.0000	0.0000	0.0000
0.0000	0.0000	0.0000	1.0000	0.0000	0.0000	0.0000
0.0000	0.0000	0.0000	0.0000	0.9999	0.0000	0.0000
0.0000	0.0000	0.0000	0.0000	1.0000	0.0000	0.0000
0.0000	0.0000	0.0000	0.0000	0.0000	1.0000	0.0000
0.0000	0.0000	0.0000	0.0000	0.0000	1.0000	0.0000
0.0000	0.0000	0.0291	0.0000	0.0675	0.0000	0.9035
0.0000	0.9896	0.0000	0.0000	0.0000	0.0000	0.0104
0.0000	0.9985	0.0000	0.0000	0.0000	0.0000	0.0015
0.0000	0.0000	0.0000	1.0000	0.0000	0.0000	0.0000
0.0000	0.0000	0.0000	1.0000	0.0000	0.0000	0.0000
0.0000	0.0000	0.0000	1.0000	0.0000	0.0000	0.0000
0.0000	0.4838	0.0000	0.0000	0.0000	0.0000	0.5161
0.0000	0.0091	0.0000	0.0000	0.0000	0.0000	0.9909
0.0000	0.9941	0.0000	0.0000	0.0000	0.0000	0.0059
0.0000	0.9912	0.0000	0.0000	0.0000	0.0000	0.0088
0.0000	0.0048	0.9369	0.0000	0.0000	0.0000	0.0583
0.0000	0.0000	0.0000	1.0000	0.0000	0.0000	0.0000
0.0000	0.0009	0.0000	0.0000	0.0000	0.0000	0.9991
0.0000	0.0006	0.0000	0.0000	0.0000	0.0000	0.9994
0.8339	0.0314	0.0940	0.0000	0.0000	0.0341	0.0066
0.0000	0.9885	0.0003	0.0109	0.0000	0.0000	0.0002
0.0000	0.0757	0.0015	0.0000	0.0000	0.9211	0.0017
0.0009	0.0696	0.0047	0.0000	0.0000	0.8542	0.0705
0.0001	0.0626	0.1518	0.7817	0.0020	0.0000	0.0018
0.0000	0.0000	0.0000	0.9999	0.0000	0.0000	0.0000
0.0000	0.0000	0.0000	0.0000	1.0000	0.0000	0.0000
0.0000	0.1476	0.0028	0.0000	0.0000	0.8471	0.0025
0.0000	0.0617	0.0073	0.0000	0.0000	0.9184	0.0126
0.0000	0.0099	0.0000	0.0000	0.0000	0.0020	0.9881
