1.0000	0.0000	0.0000	0.0000	0.0000	0.0000	0.0000
1.0000	0.0000	0.0000	0.0000	0.0000	0.0000	0.0000
0.0001	0.8423	0.0000	0.0188	0.0000	0.1387	0.0000
0.0000	0.9897	0.0000	0.0102	0.0000	0.0000	0.0000
0.0000	0.0000	1.0000	0.0000	0.0000	0.0000	0.0000
0.0000	0.0000	1.0000	0.0000	0.0000	0.0000	0.0000
0.0000	0.0000	0.9999	0.0000	0.0001	0.0000	0.0000
0.0000	0.0000	0.0000	0.0000	0.9978	0.0000	0.0022
0.0000	0.0000	0.0002	0.0000	0.9784	0.0000	0.0214
0.0000	0.0000	0.0000	0.0000	1.0000	0.0000	0.0000
0.0114	0.0193	0.0000	0.0011	0.0000	0.9681	0.0001
0.0000	0.0000	0.0000	0.0000	0.0001	0.0000	0.9999
1.0000	0.0000	0.0000	0.0000	0.0000	0.0000	0.0000
0.9579	0.0003	0.0000	0.0224	0.0000	0.0194	0.0000
0.9961	0.0024	0.0000	0.0000	0.0000	0.0014	0.0000
0.0001	0.9999	0.0000	0.0000	0.0000	0.0000	0.0000
0.0000	0.0000	1.0000	0.0000	0.0000	0.0000	0.0000
0.0000	0.0000	1.0000	0.0000	0.0000	0.0000	0.0000
0.0000	0.0000	0.0000	1.0000	0.0000	0.0000	0.0000
0.0000	0.0000	0.0000	1.0000	0.0000	0.0000	0.0000
0.0000	0.0000	0.0000	0.0000	1.0000	0.0000	0.0000
0.0000	0.0000	0.0000	0.0000	1.0000	0.0000	0.0000
0.0000	0.0000	0.0000	0.0000	0.0000	1.0000	0.0000
0.0000	0.0000	0.0000	0.0000	0.0000	1.0000	0.0000
0.0000	0.0000	0.0070	0.0000	0.8378	0.0000	0.1552
0.0000	0.0632	0.0000	0.0000	0.0000	0.0000	0.9367
0.0000	1.0000	0.0000	0.0000	0.0000	0.0000	0.0000
0.0000	0.0000	0.0000	1.0000	0.0000	0.0000	0.0000
0.0000	0.0000	0.0000	1.0000	0.0000	0.0000	0.0000
0.0000	0.0000	0.0000	1.0000	0.0000	0.0000	0.0000
0.0000	0.2046	0.0000	0.0000	0.0028	0.0000	0.7925
0.0000	0.0532	0.0000	0.0001	0.0118	0.0000	0.9349
0.0000	0.9823	0.0000	0.0000	0.0001	0.0000	0.0176
0.0000	0.9925	0.0000	0.0000	0.0001	0.0000	0.0074
0.0000	0.0087	0.5094	0.0000	0.2551	0.0000	0.2268
0.0000	0.0000	0.0000	1.0000	0.0000	0.0000	0.0000
0.0000	0.0002	0.0000	0.0000	0.0001	0.0000	0.9997
0.0000	0.0001	0.0000	0.0000	0.0000	0.0000	0.9999
0.3335	0.0028	0.6334	0.0000	0.0000	0.0288	0.0016
0.0000	0.0211	0.1233	0.6563	0.0000	0.0000	0.1992
0.0003	0.1135	0.0015	0.0000	0.0000	0.8847	0.0000
0.0018	0.0011	0.0277	0.0000	0.0000	0.9613	0.0081
0.0012	0.0445	0.9309	0.0054	0.0000	0.0001	0.0180
0.0000	0.0000	0.0000	1.0000	0.0000	0.0000	0.0000
0.0000	0.0000	0.0006	0.0000	0.9990	0.0000	0.0005
0.0000	0.0189	0.0123	0.0000	0.0000	0.9687	0.0001
0.0000	0.0017	0.0080	0.0000	0.0000	0.9897	0.0006
0.0001	0.0041	0.0014	0.0000	0.0000	0.0224	0.9720
