1.0000	0.0000	0.0000	0.0000	0.0000	0.0000	0.0000
0.9987	0.0007	0.0000	0.0002	0.0000	0.0002	0.0002
0.0022	0.5990	0.0000	0.1043	0.0000	0.2945	0.0000
0.0009	0.8974	0.0000	0.0989	0.0000	0.0020	0.0009
0.0000	0.0000	1.0000	0.0000	0.0000	0.0000	0.0000
0.0000	0.0000	0.9995	0.0000	0.0005	0.0000	0.0000
0.0000	0.0000	0.9894	0.0000	0.0084	0.0000	0.0022
0.0000	0.0000	0.0000	0.0000	0.9970	0.0000	0.0030
0.0000	0.0000	0.0009	0.0000	0.9781	0.0000	0.0209
0.0000	0.0000	0.0000	0.0000	1.0000	0.0000	0.0000
0.0046	0.0062	0.0000	0.0138	0.0000	0.9752	0.0001
0.0000	0.0000	0.0000	0.0002	0.0003	0.0000	0.9994
1.0000	0.0000	0.0000	0.0000	0.0000	0.0000	0.0000
0.6593	0.0029	0.0000	0.2812	0.0000	0.0567	0.0000
0.9393	0.0139	0.0000	0.0051	0.0000	0.0416	0.0002
0.0010	0.9990	0.0000	0.0000	0.0000	0.0000	0.0000
0.0000	0.0000	1.0000	0.0000	0.0000	0.0000	0.0000
0.0000	0.0000	1.0000	0.0000	0.0000	0.0000	0.0000
0.0000	0.0000	0.0000	1.0000	0.0000	0.0000	0.0000
0.0000	0.0001	0.0000	0.9999	0.0000	0.0000	0.0000
0.0000	0.0000	0.0000	0.0000	0.9999	0.0000	0.0001
0.0000	0.0000	0.0000	0.0000	1.0000	0.0000	0.0000
0.0000	0.0000	0.0000	0.0000	0.0000	1.0000	0.0000
0.0000	0.0000	0.0000	0.0000	0.0000	1.0000	0.0000
0.0000	0.0000	0.0167	0.0000	0.5114	0.0000	0.4719
0.0000	0.0226	0.0003	0.0000	0.0000	0.0000	0.9770
0.0000	0.9999	0.0000	0.0000	0.0001	0.0000	0.0000
0.0000	0.0000	0.0000	1.0000	0.0000	0.0000	0.0000
0.0000	0.0000	0.0000	1.0000	0.0000	0.0000	0.0000
0.0000	0.0000	0.0000	1.0000	0.0000	0.0000	0.0000
0.0000	0.2601	0.0009	0.0018	0.0130	0.0000	0.7242
0.0000	0.1788	0.0000	0.0262	0.1597	0.0000	0.6353
0.0000	0.7557	0.0000	0.0041	0.0025	0.0000	0.2377
0.0000	0.9106	0.0000	0.0030	0.0012	0.0000	0.0852
0.0000	0.0907	0.4020	0.0002	0.2673	0.0000	0.2398
0.0000	0.0001	0.0002	0.9996	0.0001	0.0000	0.0000
0.0000	0.0012	0.0001	0.0001	0.0023	0.0000	0.9963
0.0000	0.0010	0.0000	0.0000	0.0000	0.0000	0.9990
0.2097	0.0294	0.7181	0.0000	0.0000	0.0423	0.0004
0.0000	0.0258	0.1443	0.8285	0.0000	0.0000	0.0014
0.0027	0.4300	0.0041	0.0000	0.0000	0.5631	0.0000
0.0127	0.0079	0.1057	0.0000	0.0000	0.8670	0.0067
0.0007	0.0047	0.4870	0.5052	0.0000	0.0019	0.0005
0.0000	0.0000	0.0000	0.9964	0.0000	0.0000	0.0036
0.0000	0.0000	0.0007	0.0000	0.9992	0.0000	0.0001
0.0001	0.7617	0.0250	0.0001	0.0000	0.2131	0.0000
0.0001	0.4431	0.1206	0.0010	0.0000	0.4351	0.0001
0.0015	0.0118	0.0130	0.0003	0.0000	0.1870	0.7863
