1.0000	0.0000	0.0000	0.0000	0.0000	0.0000	0.0000
0.9996	0.0004	0.0000	0.0000	0.0000	0.0000	0.0000
0.0001	0.8074	0.0000	0.0018	0.0000	0.1907	0.0000
0.0000	0.9923	0.0000	0.0076	0.0000	0.0000	0.0000
0.0000	0.0000	1.0000	0.0000	0.0000	0.0000	0.0000
0.0000	0.0000	1.0000	0.0000	0.0000	0.0000	0.0000
0.0000	0.0000	0.9999	0.0000	0.0000	0.0000	0.0000
0.0000	0.0000	0.0000	0.0000	0.9988	0.0000	0.0012
0.0000	0.0000	0.0001	0.0000	0.6982	0.0000	0.3017
0.0000	0.0000	0.0000	0.0000	1.0000	0.0000	0.0000
0.0390	0.3401	0.0000	0.0005	0.0000	0.6198	0.0006
0.0000	0.0001	0.0000	0.0000	0.0000	0.0000	0.9999
1.0000	0.0000	0.0000	0.0000	0.0000	0.0000	0.0000
0.9960	0.0008	0.0000	0.0015	0.0000	0.0018	0.0000
0.9991	0.0009	0.0000	0.0000	0.0000	0.0000	0.0000
0.0000	1.0000	0.0000	0.0000	0.0000	0.0000	0.0000
0.0000	0.0000	1.0000	0.0000	0.0000	0.0000	0.0000
0.0000	0.0000	1.0000	0.0000	0.0000	0.0000	0.0000
0.0000	0.0000	0.0000	1.0000	0.0000	0.0000	0.0000
0.0000	0.0000	0.0000	1.0000	0.0000	0.0000	0.0000
0.0000	0.0000	0.0000	0.0000	1.0000	0.0000	0.0000
0.0000	0.0000	0.0000	0.0000	1.0000	0.0000	0.0000
0.0011	0.0000	0.0000	0.0000	0.0000	0.9986	0.0003
0.0000	0.0000	0.0000	0.0000	0.0000	1.0000	0.0000
0.0000	0.0000	0.0046	0.0000	0.2354	0.0000	0.7600
0.0000	0.7864	0.0001	0.0000	0.0000	0.0000	0.2135
0.0000	1.0000	0.0000	0.0000	0.0000	0.0000	0.0000
0.0000	0.0000	0.0000	1.0000	0.0000	0.0000	0.0000
0.0000	0.0000	0.0000	1.0000	0.0000	0.0000	0.0000
0.0000	0.0000	0.0000	1.0000	0.0000	0.0000	0.0000
0.0000	0.9434	0.0000	0.0000	0.0017	0.0000	0.0548
0.0000	0.2851	0.0000	0.0000	0.0007	0.0000	0.7142
0.0000	0.9998	0.0000	0.0000	0.0000	0.0000	0.0002
0.0000	0.9999	0.0000	0.0000	0.0000	0.0000	0.0001
0.0000	0.0270	0.3513	0.0000	0.0025	0.0000	0.6192
0.0000	0.0000	0.0000	1.0000	0.0000	0.0000	0.0000
0.0000	0.0030	0.0000	0.0000	0.0000	0.0000	0.9970
0.0000	0.0041	0.0000	0.0000	0.0000	0.0000	0.9959
0.0802	0.0002	0.2370	0.0000	0.0000	0.6825	0.0001
0.0000	0.0402	0.0000	0.9598	0.0000	0.0000	0.0000
0.0000	0.0266	0.0002	0.0000	0.0000	0.9732	0.0000
0.0009	0.0080	0.0075	0.0000	0.0000	0.9830	0.0006
0.0597	0.1553	0.0764	0.7062	0.0024	0.0000	0.0000
0.0000	0.0000	0.0000	1.0000	0.0000	0.0000	0.0000
0.0000	0.0000	0.0000	0.0000	1.0000	0.0000	0.0000
0.0000	0.2247	0.0013	0.0003	0.0000	0.7737	0.0000
0.0000	0.0152	0.0003	0.0002	0.0000	0.9843	0.0000
0.0002	0.0783	0.0038	0.0000	0.0000	0.0012	0.9164
