1.0000	0.0000	0.0000	0.0000	0.0000	0.0000	0.0000
0.7859	0.1178	0.0000	0.0772	0.0000	0.0190	0.0000
0.9985	0.0002	0.0000	0.0000	0.0000	0.0005	0.0008
0.0007	0.9931	0.0000	0.0040	0.0000	0.0020	0.0002
0.0002	0.9324	0.0000	0.0645	0.0000	0.0028	0.0000
0.0000	0.8478	0.0000	0.1519	0.0000	0.0003	0.0000
0.0000	0.0000	1.0000	0.0000	0.0000	0.0000	0.0000
0.0000	0.0000	0.9999	0.0000	0.0001	0.0000	0.0000
0.0000	0.0000	0.0000	0.0000	1.0000	0.0000	0.0000
0.0005	0.0726	0.0000	0.7331	0.0000	0.1938	0.0000
0.0000	0.0000	0.0000	0.0000	0.9999	0.0000	0.0001
0.0000	0.0013	0.0002	0.0035	0.0074	0.0048	0.9828
0.0000	0.0000	0.0000	0.0001	0.0004	0.0000	0.9994
0.9958	0.0040	0.0000	0.0000	0.0000	0.0002	0.0000
0.9995	0.0005	0.0000	0.0000	0.0000	0.0000	0.0000
0.0000	0.0000	1.0000	0.0000	0.0000	0.0000	0.0000
0.0000	0.0000	1.0000	0.0000	0.0000	0.0000	0.0000
0.0000	0.0000	0.0000	1.0000	0.0000	0.0000	0.0000
0.0000	0.0012	0.0000	0.9988	0.0000	0.0000	0.0000
0.0007	0.1443	0.0000	0.8550	0.0000	0.0000	0.0000
0.0000	0.0001	0.0000	0.9998	0.0000	0.0000	0.0000
0.0000	0.0000	0.0000	0.0000	0.9999	0.0000	0.0000
0.0000	0.0000	0.0000	0.0000	0.0000	1.0000	0.0000
0.0000	0.0000	0.0000	0.0000	0.0000	1.0000	0.0000
0.0003	0.0000	0.0000	0.0000	0.0000	0.9997	0.0000
0.0034	0.0000	0.0188	0.0000	0.0000	0.9778	0.0000
0.0000	0.0000	0.4657	0.0000	0.2941	0.0000	0.2403
0.0000	0.1513	0.0000	0.0000	0.0000	0.0000	0.8486
0.0000	1.0000	0.0000	0.0000	0.0000	0.0000	0.0000
0.0000	0.0000	0.0000	1.0000	0.0000	0.0000	0.0000
0.0000	0.0001	0.0000	0.0000	0.0000	0.0000	0.9999
0.0000	0.5658	0.0000	0.0064	0.0004	0.0000	0.4274
0.0000	0.0000	0.9996	0.0000	0.0000	0.0003	0.0001
0.0000	0.0001	0.0993	0.0000	0.2441	0.0000	0.6566
0.0000	0.0000	0.9999	0.0000	0.0000	0.0000	0.0000
0.0000	0.0000	0.0000	1.0000	0.0000	0.0000	0.0000
0.1607	0.0081	0.7991	0.0000	0.0000	0.0297	0.0023
0.1203	0.6257	0.2486	0.0003	0.0000	0.0043	0.0007
0.0003	0.0004	0.1049	0.0000	0.0000	0.0000	0.8944
0.0000	0.0000	0.0000	0.9997	0.0000	0.0000	0.0003
0.0000	0.0000	0.0000	1.0000	0.0000	0.0000	0.0000
0.0000	0.0000	0.9212	0.0597	0.0000	0.0000	0.0191
0.0002	0.0944	0.0002	0.0000	0.0000	0.9052	0.0000
0.0009	0.0001	0.0366	0.0000	0.0000	0.6904	0.2721
0.0000	0.0000	0.0000	0.0000	0.0000	0.0000	1.0000
0.0000	0.0000	0.0000	0.9628	0.0000	0.0000	0.0372
0.0000	0.0000	0.9707	0.0004	0.0000	0.0000	0.0289
0.0000	0.0000	0.0074	0.9926	0.0000	0.0000	0.0000
