1.0000	0.0000	0.0000	0.0000	0.0000	0.0000	0.0000
0.8073	0.0649	0.0000	0.1227	0.0001	0.0050	0.0001
0.9966	0.0015	0.0000	0.0012	0.0000	0.0002	0.0005
0.0008	0.9968	0.0000	0.0010	0.0000	0.0011	0.0003
0.0077	0.9522	0.0000	0.0349	0.0000	0.0047	0.0005
0.0012	0.9132	0.0000	0.0841	0.0000	0.0007	0.0008
0.0000	0.0000	1.0000	0.0000	0.0000	0.0000	0.0000
0.0000	0.0000	0.9228	0.0000	0.0685	0.0000	0.0087
0.0000	0.0000	0.0000	0.0000	0.9999	0.0000	0.0001
0.0089	0.1026	0.0000	0.3757	0.0000	0.5128	0.0000
0.0000	0.0000	0.0000	0.0000	0.9993	0.0000	0.0007
0.0000	0.0003	0.0003	0.0000	0.0060	0.0001	0.9933
0.0000	0.0000	0.0000	0.0000	0.0004	0.0000	0.9996
0.9862	0.0137	0.0000	0.0000	0.0000	0.0000	0.0001
0.9993	0.0006	0.0000	0.0001	0.0000	0.0000	0.0000
0.0000	0.0000	1.0000	0.0000	0.0000	0.0000	0.0000
0.0000	0.0000	1.0000	0.0000	0.0000	0.0000	0.0000
0.0000	0.0000	0.0000	1.0000	0.0000	0.0000	0.0000
0.0027	0.0143	0.0000	0.9829	0.0000	0.0000	0.0000
0.0237	0.5684	0.0000	0.4062	0.0010	0.0000	0.0007
0.0017	0.0006	0.0000	0.9976	0.0000	0.0000	0.0000
0.0000	0.0000	0.0000	0.0000	0.9999	0.0000	0.0001
0.0000	0.0000	0.0000	0.0000	0.0000	1.0000	0.0000
0.0000	0.0000	0.0000	0.0000	0.0000	1.0000	0.0000
0.0005	0.0000	0.0001	0.0000	0.0000	0.9995	0.0000
0.0004	0.0000	0.0002	0.0000	0.0000	0.9994	0.0000
0.0000	0.0000	0.0264	0.0000	0.1066	0.0000	0.8671
0.0000	0.9998	0.0000	0.0000	0.0000	0.0000	0.0002
0.0000	0.9997	0.0000	0.0000	0.0000	0.0000	0.0002
0.0000	0.0000	0.0000	1.0000	0.0000	0.0000	0.0000
0.0000	0.0000	0.0000	0.0000	0.0000	0.0000	1.0000
0.0000	0.0800	0.0002	0.0016	0.0000	0.0000	0.9183
0.0000	0.0000	1.0000	0.0000	0.0000	0.0000	0.0000
0.0000	0.0173	0.6199	0.0000	0.0140	0.0000	0.3488
0.0000	0.0000	1.0000	0.0000	0.0000	0.0000	0.0000
0.0000	0.0000	0.0000	1.0000	0.0000	0.0000	0.0000
0.2196	0.0691	0.5988	0.0001	0.0000	0.1120	0.0004
0.0161	0.2710	0.7100	0.0011	0.0000	0.0004	0.0015
0.0000	0.0400	0.1045	0.0000	0.0000	0.0000	0.8555
0.0000	0.0000	0.0000	1.0000	0.0000	0.0000	0.0000
0.0000	0.0000	0.0778	0.9222	0.0000	0.0000	0.0000
0.0000	0.0000	0.9968	0.0031	0.0000	0.0000	0.0001
0.0000	0.0072	0.0116	0.0000	0.0000	0.9812	0.0000
0.0001	0.0022	0.0093	0.0002	0.0000	0.9373	0.0508
0.0000	0.0001	0.0000	0.0000	0.0000	0.0000	0.9998
0.0000	0.0000	0.0000	1.0000	0.0000	0.0000	0.0000
0.0000	0.0000	0.9999	0.0000	0.0000	0.0000	0.0001
0.0000	0.0000	0.8728	0.1272	0.0000	0.0000	0.0000
