1.0000	0.0000	0.0000	0.0000	0.0000	0.0000	0.0000
0.8573	0.0142	0.0000	0.1156	0.0000	0.0129	0.0000
0.9982	0.0011	0.0000	0.0004	0.0000	0.0002	0.0001
0.0106	0.9641	0.0000	0.0081	0.0000	0.0155	0.0017
0.0437	0.8088	0.0000	0.0949	0.0000	0.0504	0.0022
0.0095	0.8063	0.0000	0.1567	0.0000	0.0242	0.0033
0.0000	0.0000	1.0000	0.0000	0.0000	0.0000	0.0000
0.0000	0.0000	0.9573	0.0000	0.0054	0.0000	0.0372
0.0000	0.0000	0.0000	0.0000	0.9998	0.0000	0.0002
0.0087	0.0729	0.0000	0.2700	0.0000	0.6485	0.0000
0.0000	0.0000	0.0000	0.0000	0.9995	0.0000	0.0005
0.0000	0.0000	0.0000	0.0000	0.0044	0.0000	0.9955
0.0000	0.0000	0.0000	0.0000	0.0004	0.0000	0.9996
0.9948	0.0050	0.0000	0.0000	0.0000	0.0002	0.0000
0.9976	0.0023	0.0000	0.0001	0.0000	0.0000	0.0000
0.0000	0.0000	1.0000	0.0000	0.0000	0.0000	0.0000
0.0000	0.0000	1.0000	0.0000	0.0000	0.0000	0.0000
0.0000	0.0000	0.0000	1.0000	0.0000	0.0000	0.0000
0.0029	0.0115	0.0000	0.9851	0.0000	0.0005	0.0000
0.0693	0.6673	0.0000	0.2593	0.0001	0.0000	0.0039
0.0056	0.0031	0.0000	0.9908	0.0000	0.0004	0.0000
0.0000	0.0000	0.0000	0.0000	0.9995	0.0000	0.0004
0.0000	0.0000	0.0000	0.0000	0.0000	1.0000	0.0000
0.0000	0.0000	0.0000	0.0000	0.0000	1.0000	0.0000
0.0012	0.0000	0.0000	0.0001	0.0000	0.9987	0.0000
0.0044	0.0000	0.0000	0.0000	0.0000	0.9956	0.0000
0.0000	0.0000	0.0094	0.0000	0.0929	0.0000	0.8977
0.0000	0.9989	0.0000	0.0000	0.0000	0.0000	0.0011
0.0000	0.9932	0.0000	0.0000	0.0001	0.0001	0.0066
0.0000	0.0000	0.0000	1.0000	0.0000	0.0000	0.0000
0.0000	0.0000	0.0000	0.0000	0.0000	0.0000	1.0000
0.0000	0.0245	0.0000	0.0000	0.0002	0.0000	0.9752
0.0000	0.0000	1.0000	0.0000	0.0000	0.0000	0.0000
0.0000	0.0016	0.0771	0.0000	0.0381	0.0000	0.8832
0.0000	0.0000	1.0000	0.0000	0.0000	0.0000	0.0000
0.0000	0.0000	0.0000	1.0000	0.0000	0.0000	0.0000
0.3180	0.0033	0.6051	0.0000	0.0000	0.0733	0.0002
0.0823	0.2872	0.6001	0.0002	0.0000	0.0012	0.0290
0.0000	0.0015	0.0001	0.0000	0.0000	0.0000	0.9984
0.0000	0.0000	0.0000	1.0000	0.0000	0.0000	0.0000
0.0023	0.0000	0.3855	0.6115	0.0007	0.0000	0.0000
0.0127	0.0000	0.9869	0.0004	0.0000	0.0000	0.0000
0.0002	0.0130	0.0140	0.0000	0.0000	0.9726	0.0001
0.0133	0.0649	0.0706	0.0001	0.0000	0.7282	0.1229
0.0000	0.0008	0.0000	0.0000	0.0000	0.0000	0.9991
0.0000	0.0000	0.0000	1.0000	0.0000	0.0000	0.0000
0.0002	0.0000	0.9998	0.0000	0.0000	0.0000	0.0000
0.0001	0.0000	0.9912	0.0087	0.0000	0.0000	0.0000
