1.0000	0.0000	0.0000	0.0000	0.0000	0.0000	0.0000
0.3052	0.3387	0.0000	0.3338	0.0001	0.0220	0.0001
0.9944	0.0005	0.0000	0.0001	0.0000	0.0005	0.0045
0.0012	0.9924	0.0000	0.0030	0.0000	0.0026	0.0008
0.0005	0.9229	0.0000	0.0665	0.0000	0.0100	0.0001
0.0000	0.8559	0.0000	0.1430	0.0000	0.0010	0.0000
0.0000	0.0000	1.0000	0.0000	0.0000	0.0000	0.0000
0.0000	0.0000	0.9908	0.0000	0.0090	0.0000	0.0002
0.0000	0.0000	0.0000	0.0000	1.0000	0.0000	0.0000
0.0003	0.0969	0.0000	0.7020	0.0000	0.2008	0.0000
0.0000	0.0000	0.0000	0.0000	1.0000	0.0000	0.0000
0.0000	0.0192	0.0000	0.0009	0.0048	0.0008	0.9742
0.0000	0.0002	0.0000	0.0000	0.0002	0.0000	0.9996
0.9959	0.0039	0.0000	0.0000	0.0000	0.0001	0.0001
0.9944	0.0053	0.0000	0.0000	0.0000	0.0000	0.0002
0.0000	0.0000	1.0000	0.0000	0.0000	0.0000	0.0000
0.0000	0.0000	1.0000	0.0000	0.0000	0.0000	0.0000
0.0000	0.0000	0.0000	1.0000	0.0000	0.0000	0.0000
0.0000	0.0011	0.0000	0.9989	0.0000	0.0000	0.0000
0.0117	0.3634	0.0000	0.6248	0.0000	0.0000	0.0000
0.0001	0.0004	0.0000	0.9995	0.0000	0.0000	0.0000
0.0000	0.0000	0.0000	0.0000	0.9999	0.0000	0.0001
0.0000	0.0000	0.0000	0.0000	0.0000	1.0000	0.0000
0.0000	0.0000	0.0000	0.0000	0.0000	1.0000	0.0000
0.0002	0.0000	0.0000	0.0000	0.0000	0.9997	0.0000
0.0029	0.0000	0.0000	0.0000	0.0000	0.9971	0.0000
0.0000	0.0000	0.0443	0.0000	0.4213	0.0000	0.5344
0.0000	0.8976	0.0011	0.0000	0.0001	0.0002	0.1011
0.0000	1.0000	0.0000	0.0000	0.0000	0.0000	0.0000
0.0000	0.0000	0.0000	1.0000	0.0000	0.0000	0.0000
0.0000	0.0001	0.0000	0.0000	0.0000	0.0000	0.9999
0.0000	0.5069	0.0000	0.0000	0.0001	0.0000	0.4929
0.0000	0.0000	0.9918	0.0000	0.0000	0.0081	0.0001
0.0000	0.0000	0.1633	0.0000	0.0566	0.0000	0.7800
0.0000	0.0000	1.0000	0.0000	0.0000	0.0000	0.0000
0.0000	0.0000	0.0000	0.9995	0.0000	0.0005	0.0000
0.6992	0.0050	0.2455	0.0000	0.0000	0.0490	0.0012
0.2243	0.4506	0.3162	0.0024	0.0000	0.0038	0.0027
0.0000	0.0000	0.0004	0.0000	0.0002	0.0000	0.9994
0.0000	0.0000	0.0000	1.0000	0.0000	0.0000	0.0000
0.0000	0.0000	0.2944	0.7056	0.0000	0.0000	0.0000
0.0000	0.0000	0.9996	0.0003	0.0000	0.0000	0.0001
0.0001	0.0302	0.0000	0.0000	0.0000	0.9697	0.0000
0.0066	0.0004	0.0184	0.0001	0.0000	0.6580	0.3165
0.0000	0.0000	0.0000	0.0000	0.0005	0.0000	0.9995
0.0000	0.0000	0.0000	0.9982	0.0000	0.0000	0.0018
0.0000	0.0000	0.9993	0.0000	0.0001	0.0000	0.0006
0.0000	0.0000	0.9500	0.0500	0.0000	0.0000	0.0000
