0.0000	0.0000	0.9619	0.0381
0.9996	0.0004	0.0000	0.0000
0.0000	0.9934	0.0013	0.0053
0.5125	0.0000	0.4875	0.0000
1.0000	0.0000	0.0000	0.0000
0.0000	1.0000	0.0000	0.0000
1.0000	0.0000	0.0000	0.0000
0.4067	0.0000	0.0000	0.5933
0.0000	1.0000	0.0000	0.0000
0.0034	0.0001	0.9947	0.0017
0.0035	0.0642	0.0000	0.9322
1.0000	0.0000	0.0000	0.0000
0.0014	0.0356	0.0032	0.9598
1.0000	0.0000	0.0000	0.0000
0.9904	0.0000	0.0096	0.0000
0.0876	0.9123	0.0000	0.0000
0.0086	0.9913	0.0000	0.0000
0.9993	0.0000	0.0007	0.0000
1.0000	0.0000	0.0000	0.0000
0.0036	0.9927	0.0008	0.0029
1.0000	0.0000	0.0000	0.0000
0.0127	0.0181	0.0000	0.9692
0.0388	0.0045	0.9567	0.0000
0.9985	0.0015	0.0000	0.0000
0.8183	0.0416	0.0000	0.1400
0.9699	0.0000	0.0000	0.0301
0.0871	0.0001	0.0001	0.9127
0.0004	0.9996	0.0000	0.0000
0.0002	0.0001	0.0001	0.9996
0.0001	0.9999	0.0000	0.0001
1.0000	0.0000	0.0000	0.0000
0.0001	0.9981	0.0000	0.0019
0.0000	0.0000	1.0000	0.0000
0.0001	0.9999	0.0000	0.0000
0.0000	0.0000	0.0000	1.0000
0.7173	0.0000	0.0000	0.2827
0.9996	0.0003	0.0000	0.0000
0.0000	1.0000	0.0000	0.0000
0.0969	0.0242	0.0000	0.8789
0.9727	0.0125	0.0000	0.0148
1.0000	0.0000	0.0000	0.0000
1.0000	0.0000	0.0000	0.0000
1.0000	0.0000	0.0000	0.0000
0.9871	0.0126	0.0003	0.0000
1.0000	0.0000	0.0000	0.0000
0.8047	0.1953	0.0000	0.0000
0.9998	0.0002	0.0000	0.0000
0.2307	0.0538	0.6663	0.0492
0.0000	0.9898	0.0102	0.0000
0.0000	0.0000	0.0000	1.0000
0.0900	0.0881	0.8217	0.0003
1.0000	0.0000	0.0000	0.0000
0.9572	0.0420	0.0000	0.0008
0.0892	0.9108	0.0000	0.0000
0.9972	0.0027	0.0000	0.0001
0.0084	0.0064	0.0022	0.9830
0.0000	0.0316	0.9684	0.0000
0.0000	1.0000	0.0000	0.0000
0.0000	0.9999	0.0000	0.0000
0.0039	0.9961	0.0000	0.0000
0.0121	0.0001	0.9878	0.0001
0.0000	0.0000	0.0000	1.0000
0.0574	0.0000	0.0000	0.9426
0.0025	0.9975	0.0000	0.0000
1.0000	0.0000	0.0000	0.0000
0.0000	0.0000	0.0000	1.0000
0.0063	0.0000	0.9937	0.0000
0.0462	0.0057	0.8077	0.1405
