1.0000	0.0000	0.0000	0.0000
1.0000	0.0000	0.0000	0.0000
0.0004	0.9995	0.0001	0.0000
0.9997	0.0002	0.0000	0.0001
1.0000	0.0000	0.0000	0.0000
0.9996	0.0004	0.0000	0.0000
1.0000	0.0000	0.0000	0.0000
0.9594	0.0000	0.0000	0.0406
0.0000	1.0000	0.0000	0.0000
0.1952	0.1789	0.6133	0.0126
0.0013	0.0004	0.0000	0.9983
1.0000	0.0000	0.0000	0.0000
0.0438	0.3684	0.0019	0.5859
0.0000	1.0000	0.0000	0.0000
0.3172	0.6828	0.0000	0.0000
0.4160	0.0003	0.0000	0.5837
0.2859	0.6726	0.0291	0.0124
1.0000	0.0000	0.0000	0.0000
1.0000	0.0000	0.0000	0.0000
1.0000	0.0000	0.0000	0.0000
0.9998	0.0000	0.0000	0.0002
0.0697	0.0492	0.0000	0.8811
0.0209	0.0038	0.9590	0.0162
1.0000	0.0000	0.0000	0.0000
0.0779	0.1307	0.0000	0.7914
0.9964	0.0000	0.0000	0.0036
0.0035	0.4535	0.0001	0.5430
0.0003	0.9997	0.0000	0.0000
0.0824	0.0267	0.0019	0.8890
0.0000	1.0000	0.0000	0.0000
1.0000	0.0000	0.0000	0.0000
0.0063	0.9912	0.0000	0.0025
0.0000	0.9913	0.0087	0.0000
0.0000	1.0000	0.0000	0.0000
0.0000	0.0000	0.0000	1.0000
0.1097	0.0000	0.0000	0.8903
0.9986	0.0002	0.0000	0.0011
0.0000	0.9503	0.0000	0.0497
0.8945	0.1012	0.0000	0.0043
0.6959	0.2261	0.0000	0.0780
1.0000	0.0000	0.0000	0.0000
0.9999	0.0000	0.0000	0.0001
0.0055	0.9945	0.0000	0.0000
0.6572	0.3414	0.0000	0.0014
0.9926	0.0074	0.0000	0.0000
0.2055	0.7921	0.0000	0.0024
0.9978	0.0003	0.0000	0.0019
0.9999	0.0000	0.0001	0.0000
0.0000	0.0000	1.0000	0.0000
0.0000	0.0000	0.0000	1.0000
0.0000	1.0000	0.0000	0.0000
0.9610	0.0001	0.0000	0.0389
0.0001	0.9999	0.0000	0.0000
0.0002	0.9998	0.0000	0.0000
0.0024	0.9975	0.0000	0.0001
0.9999	0.0001	0.0000	0.0000
0.4576	0.5424	0.0000	0.0000
0.0000	1.0000	0.0000	0.0000
0.0010	0.9990	0.0000	0.0000
0.0018	0.9982	0.0000	0.0000
0.0321	0.0042	0.9551	0.0086
0.0000	0.0000	0.0000	1.0000
0.0282	0.0000	0.0000	0.9718
0.1596	0.6252	0.2003	0.0149
0.6983	0.0000	0.0000	0.3017
0.0000	0.0000	0.0000	1.0000
1.0000	0.0000	0.0000	0.0000
0.0231	0.0520	0.9125	0.0125
