0.0521	0.6913	0.2126	0.0440
1.0000	0.0000	0.0000	0.0000
0.3378	0.6617	0.0000	0.0005
0.9987	0.0011	0.0000	0.0002
0.9993	0.0006	0.0000	0.0002
0.0000	1.0000	0.0000	0.0000
1.0000	0.0000	0.0000	0.0000
0.4930	0.0000	0.0000	0.5070
0.0000	1.0000	0.0000	0.0000
0.0711	0.0508	0.4239	0.4541
0.1767	0.0000	0.0004	0.8229
1.0000	0.0000	0.0000	0.0000
0.0775	0.0194	0.1855	0.7176
0.0000	0.0000	1.0000	0.0000
0.9895	0.0105	0.0000	0.0000
0.0010	0.9911	0.0071	0.0008
0.9996	0.0003	0.0000	0.0000
1.0000	0.0000	0.0000	0.0000
1.0000	0.0000	0.0000	0.0000
1.0000	0.0000	0.0000	0.0000
0.9985	0.0000	0.0000	0.0015
0.2034	0.0245	0.1021	0.6700
0.0000	0.0002	0.9995	0.0004
0.9999	0.0001	0.0000	0.0000
0.9024	0.0404	0.0003	0.0569
0.9714	0.0001	0.0000	0.0285
0.0124	0.0035	0.1272	0.8569
1.0000	0.0000	0.0000	0.0000
0.0259	0.0093	0.2072	0.7575
0.0000	1.0000	0.0000	0.0000
1.0000	0.0000	0.0000	0.0000
0.1404	0.7994	0.0149	0.0453
0.0000	0.0000	1.0000	0.0000
0.0047	0.9953	0.0000	0.0000
0.0002	0.0000	0.0005	0.9994
0.9950	0.0000	0.0000	0.0050
0.4431	0.1253	0.0910	0.3407
0.0000	1.0000	0.0000	0.0000
0.9997	0.0002	0.0000	0.0001
0.9960	0.0000	0.0000	0.0040
1.0000	0.0000	0.0000	0.0000
0.8738	0.0051	0.0017	0.1194
0.0919	0.9080	0.0000	0.0001
0.5662	0.3881	0.0061	0.0396
1.0000	0.0000	0.0000	0.0000
0.9995	0.0000	0.0000	0.0005
0.9920	0.0002	0.0000	0.0078
0.0000	0.0001	0.9995	0.0004
0.0000	0.0000	1.0000	0.0000
0.0002	0.0000	0.0000	0.9998
0.0000	1.0000	0.0000	0.0000
0.9892	0.0048	0.0000	0.0059
1.0000	0.0000	0.0000	0.0000
0.0000	1.0000	0.0000	0.0000
0.0665	0.9294	0.0012	0.0029
0.5294	0.4148	0.0080	0.0479
0.0000	0.9993	0.0007	0.0000
0.0000	1.0000	0.0000	0.0000
0.9996	0.0000	0.0000	0.0004
0.0583	0.9347	0.0027	0.0043
0.0063	0.0234	0.8438	0.1265
0.0000	0.0000	0.0000	1.0000
0.9760	0.0000	0.0000	0.0240
0.9831	0.0169	0.0000	0.0001
1.0000	0.0000	0.0000	0.0000
1.0000	0.0000	0.0000	0.0000
0.0524	0.9476	0.0000	0.0000
0.0005	0.0054	0.9551	0.0389
