1.0000	0.0000	0.0000	0.0000
0.0107	0.9893	0.0000	0.0000
0.9238	0.0590	0.0004	0.0168
0.0085	0.9915	0.0000	0.0000
0.0018	0.9982	0.0000	0.0000
0.3417	0.6269	0.0047	0.0267
1.0000	0.0000	0.0000	0.0000
1.0000	0.0000	0.0000	0.0000
1.0000	0.0000	0.0000	0.0000
0.9982	0.0018	0.0000	0.0000
1.0000	0.0000	0.0000	0.0000
0.9994	0.0006	0.0000	0.0000
0.8605	0.1025	0.0008	0.0362
0.0001	0.0000	0.0000	0.9999
0.8480	0.1506	0.0000	0.0014
0.4099	0.0362	0.0032	0.5508
1.0000	0.0000	0.0000	0.0000
0.4906	0.4957	0.0032	0.0104
0.9985	0.0003	0.0000	0.0012
0.0000	0.0000	0.0000	1.0000
0.8210	0.1790	0.0000	0.0000
1.0000	0.0000	0.0000	0.0000
1.0000	0.0000	0.0000	0.0000
0.9999	0.0001	0.0000	0.0000
0.5822	0.3852	0.0203	0.0123
0.3220	0.4179	0.1741	0.0859
0.0402	0.0036	0.0659	0.8902
0.9991	0.0009	0.0000	0.0000
0.7898	0.1283	0.0001	0.0818
0.0906	0.0002	0.0005	0.9087
0.1804	0.2774	0.3196	0.2225
0.1439	0.8560	0.0000	0.0001
0.0840	0.0000	0.0000	0.9160
0.4150	0.1412	0.0439	0.4000
1.0000	0.0000	0.0000	0.0000
0.0050	0.9947	0.0003	0.0000
0.9597	0.0310	0.0002	0.0091
1.0000	0.0000	0.0000	0.0000
0.1660	0.8236	0.0035	0.0069
0.4965	0.4888	0.0025	0.0122
0.0023	0.0000	0.0000	0.9977
0.9999	0.0001	0.0000	0.0000
1.0000	0.0000	0.0000	0.0000
0.8494	0.1506	0.0000	0.0000
1.0000	0.0000	0.0000	0.0000
0.2858	0.1232	0.1036	0.4874
0.0000	1.0000	0.0000	0.0000
0.9998	0.0002	0.0000	0.0000
0.0005	0.9995	0.0000	0.0000
1.0000	0.0000	0.0000	0.0000
0.7570	0.0371	0.0030	0.2029
1.0000	0.0000	0.0000	0.0000
0.8329	0.1671	0.0000	0.0000
0.0000	0.0000	0.0016	0.9984
1.0000	0.0000	0.0000	0.0000
1.0000	0.0000	0.0000	0.0000
0.5583	0.2801	0.0418	0.1199
0.0136	0.0004	0.0171	0.9689
0.0001	0.9998	0.0000	0.0000
0.0120	0.0002	0.0070	0.9809
0.9998	0.0002	0.0000	0.0001
1.0000	0.0000	0.0000	0.0000
0.0386	0.9416	0.0186	0.0012
1.0000	0.0000	0.0000	0.0000
0.9999	0.0001	0.0000	0.0000
0.0000	1.0000	0.0000	0.0000
0.3760	0.5935	0.0186	0.0119
0.0410	0.9589	0.0000	0.0000
