0.0001	0.0000	0.0000	0.9999
0.0000	0.0000	0.0000	1.0000
0.9531	0.0468	0.0000	0.0001
0.3164	0.0000	0.0000	0.6836
0.0000	1.0000	0.0000	0.0000
0.0000	1.0000	0.0000	0.0000
0.0026	0.8486	0.1243	0.0244
0.7153	0.2847	0.0000	0.0000
1.0000	0.0000	0.0000	0.0000
0.0000	0.0000	0.7060	0.2940
0.0944	0.0000	0.0000	0.9056
0.0027	0.9973	0.0000	0.0000
0.9976	0.0024	0.0000	0.0000
0.9998	0.0002	0.0000	0.0000
0.0000	1.0000	0.0000	0.0000
0.8086	0.1914	0.0000	0.0000
0.9991	0.0009	0.0000	0.0000
0.0000	1.0000	0.0000	0.0000
1.0000	0.0000	0.0000	0.0000
0.4833	0.0011	0.0000	0.5155
1.0000	0.0000	0.0000	0.0000
0.0904	0.0000	0.0000	0.9096
0.0000	0.0000	1.0000	0.0000
0.0000	0.0000	0.0000	1.0000
0.0000	1.0000	0.0000	0.0000
0.0000	0.0000	0.0000	1.0000
0.0000	1.0000	0.0000	0.0000
0.0000	0.0000	0.0062	0.9938
0.0018	0.9982	0.0000	0.0000
0.0130	0.9870	0.0000	0.0000
0.0000	0.0000	0.0000	1.0000
0.2675	0.0000	0.0000	0.7325
0.3235	0.6765	0.0000	0.0000
0.9506	0.0494	0.0000	0.0000
0.0000	0.0021	0.9977	0.0002
1.0000	0.0000	0.0000	0.0000
0.0000	0.0000	0.0020	0.9980
0.0000	0.0000	1.0000	0.0000
1.0000	0.0000	0.0000	0.0000
0.9996	0.0002	0.0000	0.0002
0.9861	0.0115	0.0000	0.0024
0.9948	0.0000	0.0000	0.0051
0.0069	0.9931	0.0000	0.0000
0.8345	0.1654	0.0000	0.0001
0.0066	0.0048	0.0073	0.9813
0.9998	0.0002	0.0000	0.0000
0.9349	0.0651	0.0000	0.0000
1.0000	0.0000	0.0000	0.0000
0.6700	0.0000	0.0000	0.3300
0.0017	0.0000	0.0000	0.9983
0.0000	0.0000	0.0004	0.9996
0.0000	0.0000	0.9923	0.0076
0.0166	0.0000	0.0000	0.9834
0.0070	0.0000	0.0000	0.9930
0.0003	0.9997	0.0000	0.0000
0.9948	0.0052	0.0000	0.0000
0.9957	0.0043	0.0000	0.0000
0.9987	0.0013	0.0000	0.0000
0.0025	0.0000	0.0000	0.9975
0.0000	1.0000	0.0000	0.0000
1.0000	0.0000	0.0000	0.0000
0.0000	0.0000	0.0000	1.0000
0.9688	0.0003	0.0000	0.0310
0.0278	0.9720	0.0001	0.0001
0.9999	0.0001	0.0000	0.0000
1.0000	0.0000	0.0000	0.0000
0.9890	0.0002	0.0000	0.0109
0.0000	0.0000	0.0000	1.0000
