0.0000	0.0000	0.0002	0.9998
0.0000	0.0000	0.0000	1.0000
0.9991	0.0009	0.0000	0.0000
0.0022	0.0000	0.0000	0.9978
0.0000	1.0000	0.0000	0.0000
0.0000	1.0000	0.0000	0.0000
0.0014	0.7894	0.0920	0.1173
0.9020	0.0980	0.0000	0.0000
0.9893	0.0000	0.0000	0.0107
0.0000	0.0000	0.9417	0.0583
1.0000	0.0000	0.0000	0.0000
0.0007	0.9993	0.0000	0.0000
1.0000	0.0000	0.0000	0.0000
0.9998	0.0002	0.0000	0.0000
0.0000	1.0000	0.0000	0.0000
0.7382	0.2617	0.0000	0.0001
1.0000	0.0000	0.0000	0.0000
0.0000	1.0000	0.0000	0.0000
1.0000	0.0000	0.0000	0.0000
0.9800	0.0160	0.0000	0.0040
1.0000	0.0000	0.0000	0.0000
0.9964	0.0000	0.0000	0.0036
0.0000	0.0000	0.0000	1.0000
0.0000	0.0000	0.0000	1.0000
0.0001	0.9999	0.0000	0.0000
0.0000	0.0000	0.0000	1.0000
0.0000	1.0000	0.0000	0.0000
0.9738	0.0001	0.0000	0.0262
0.9734	0.0266	0.0000	0.0000
0.0210	0.9790	0.0000	0.0000
0.0709	0.0000	0.0000	0.9291
0.9960	0.0000	0.0000	0.0040
0.7686	0.2314	0.0000	0.0000
0.9980	0.0020	0.0000	0.0000
0.4323	0.1494	0.0000	0.4183
0.9993	0.0007	0.0000	0.0000
0.0000	0.0000	0.8649	0.1351
0.0000	0.0000	1.0000	0.0000
0.9490	0.0000	0.0000	0.0510
0.9996	0.0004	0.0000	0.0000
0.7779	0.0648	0.0000	0.1573
0.9997	0.0000	0.0000	0.0003
0.0015	0.9985	0.0000	0.0000
0.3669	0.6331	0.0000	0.0000
0.0071	0.0100	0.0002	0.9828
1.0000	0.0000	0.0000	0.0000
0.5971	0.4029	0.0000	0.0000
1.0000	0.0000	0.0000	0.0000
1.0000	0.0000	0.0000	0.0000
0.0001	0.0000	0.0000	0.9999
0.0000	0.0000	0.2427	0.7573
0.0000	0.0000	1.0000	0.0000
0.9954	0.0000	0.0000	0.0046
0.0483	0.0000	0.0000	0.9517
0.0003	0.9997	0.0000	0.0000
0.9677	0.0323	0.0000	0.0000
0.8117	0.1883	0.0000	0.0000
1.0000	0.0000	0.0000	0.0000
0.0003	0.0000	0.0000	0.9997
0.0000	1.0000	0.0000	0.0000
1.0000	0.0000	0.0000	0.0000
0.8999	0.0000	0.0000	0.1001
0.9848	0.0006	0.0000	0.0147
0.0925	0.9052	0.0000	0.0023
0.9986	0.0014	0.0000	0.0000
1.0000	0.0000	0.0000	0.0000
0.9968	0.0031	0.0000	0.0000
0.0000	0.0000	0.0000	1.0000
