0.0097	0.0002	0.0002	0.9899
0.2775	0.0037	0.0000	0.7188
0.9992	0.0004	0.0000	0.0004
0.2008	0.0000	0.0000	0.7992
0.0491	0.9507	0.0000	0.0002
0.0000	1.0000	0.0000	0.0000
0.6086	0.3054	0.0003	0.0857
0.9941	0.0048	0.0000	0.0011
1.0000	0.0000	0.0000	0.0000
0.0000	0.0000	0.0001	0.9999
1.0000	0.0000	0.0000	0.0000
0.0046	0.9954	0.0000	0.0000
1.0000	0.0000	0.0000	0.0000
0.9999	0.0000	0.0000	0.0001
0.1280	0.8715	0.0000	0.0005
0.9716	0.0209	0.0000	0.0074
1.0000	0.0000	0.0000	0.0000
0.0000	1.0000	0.0000	0.0000
0.9991	0.0000	0.0000	0.0008
0.9490	0.0069	0.0000	0.0441
1.0000	0.0000	0.0000	0.0000
0.9956	0.0000	0.0000	0.0044
0.9986	0.0000	0.0000	0.0014
0.0000	0.0000	0.0000	1.0000
0.0000	1.0000	0.0000	0.0000
0.0000	0.0000	0.0000	1.0000
0.0003	0.9997	0.0000	0.0000
0.9921	0.0002	0.0000	0.0077
0.9062	0.0839	0.0000	0.0099
0.4500	0.5493	0.0000	0.0007
0.9063	0.0000	0.0000	0.0937
0.9947	0.0001	0.0000	0.0052
0.8737	0.1236	0.0000	0.0027
1.0000	0.0000	0.0000	0.0000
0.9678	0.0174	0.0000	0.0148
0.9871	0.0128	0.0000	0.0001
0.0001	0.0000	0.0000	0.9999
0.0003	0.9997	0.0000	0.0000
1.0000	0.0000	0.0000	0.0000
0.9998	0.0001	0.0000	0.0001
0.8428	0.0573	0.0000	0.0999
0.9509	0.0009	0.0000	0.0482
0.9445	0.0555	0.0000	0.0000
0.9891	0.0106	0.0000	0.0003
0.3316	0.0357	0.0011	0.6316
1.0000	0.0000	0.0000	0.0000
0.8929	0.0752	0.0000	0.0319
0.9999	0.0000	0.0000	0.0000
1.0000	0.0000	0.0000	0.0000
0.0006	0.0000	0.0000	0.9994
0.0000	0.0000	0.0000	1.0000
0.0012	0.0008	0.0535	0.9444
1.0000	0.0000	0.0000	0.0000
0.1302	0.0011	0.0000	0.8687
0.0451	0.9549	0.0000	0.0000
0.9943	0.0053	0.0000	0.0004
0.5119	0.4876	0.0000	0.0006
1.0000	0.0000	0.0000	0.0000
0.3588	0.0093	0.0001	0.6318
0.0000	1.0000	0.0000	0.0000
1.0000	0.0000	0.0000	0.0000
0.0163	0.0000	0.0000	0.9837
0.9787	0.0032	0.0000	0.0181
0.7980	0.1538	0.0000	0.0481
1.0000	0.0000	0.0000	0.0000
1.0000	0.0000	0.0000	0.0000
0.9857	0.0042	0.0000	0.0101
0.0001	0.0000	0.0000	0.9999
